-80.16438008255682,-7.883489861066678,34.934798404632375,22.27060615502836,90.30842935109968,-7.40519762504907,-66.21942519870956,93.03446481936334,-43.065341699071816,-96.76510450076063,-21.66262458641424,-98.9987886647475,-2.059849572065289,-72.83546452290463,-32.13457966348115,-37.57569383528687,31.317690868304624,62.60509767000147,-3.7318231345665964,35.15829471024006,57.72294212872177,90.15785957870938,87.04445816789135,3.0162207464573783,-81.49249600920317,85.83251171256663,-5.574382240332,49.473209523609626,-16.840687283796683,-60.23220171189312,-57.65105678635092,49.67728920005072,30.19320713816944,-18.696714245398624,-42.0154117609784,-11.365117928743857,-47.97004867773828,-5.784093953481701,48.418833259732764,92.98141734728844,54.964034840086384,50.62630626234744,-36.86257847165264,-21.399356388256322,-65.54633178060973,-56.30400951022174,3.493081740580564,-87.93717749837342,-74.01833267668891,48.16772833642122,-1
95.82098760303091,-89.60678037376395,22.80623968973012,94.19681157537411,87.12387126573142,96.07569381174858,-0.03376949273359742,-3.3276294096542074,83.37516951612301,46.705442380288275,83.11679673459105,-21.67895456094749,45.05156956683274,65.00238327798598,-15.38961539559422,4.128371665893212,47.735900335208186,-63.44077266490624,-49.93370479829624,36.57412357107012,72.17541110852227,-90.66077376703232,83.92083974143102,51.20342086578776,-49.142341019830525,56.93590350080771,14.981855971217158,98.03799419712325,1.6333032726607826,79.89406780265756,63.0599717936403,19.727741096112965,83.5112433176107,-21.102719070728625,18.335766812857784,-82.65200593994209,-39.116851468787075,10.029778864181552,30.477654411281407,-75.0672560622589,-48.42896520734277,-36.93228629767533,-78.96039908168362,61.787748071688895,80.005567747561,46.40902204395337,98.5292885149401,20.5799177394872,-40.25843154275537,-68.02152469791527,-1
-29.03362889136747,-62.7366446962933,67.04345212175377,-64.24474248990256,72.77402952624908,71.89945019309596,14.866099657471835,68.681458374529,72.03288744075567,41.22225663938502,75.48489823266434,94.69495040871766,-34.398025019502725,33.72614955890606,77.0132470298982,38.9484310812154,-95.36800907081707,-3.861250281677002,36.93349955850954,52.45769429881898,-64.43486260114071,-97.56400604347353,22.79035628670178,76.24845368201125,-67.89791187191281,-7.607409336459199,-36.60885132801486,43.84189274708791,72.25851675692329,30.038382462242225,91.0450966513094,-18.123730388539272,-23.17089870648246,-98.98363738939054,70.78093589492681,-34.065383991874114,83.97977057913548,-11.574182155581909,-71.8297895512839,57.80515912341767,-62.743161591382936,-28.13165723812115,-63.3658561460678,1.8265822447212514,-62.678493132840444,29.846760077451762,6.4300938387149955,81.22069636296956,13.37658350591191,3.9937481192820172,-1
94.69779383547939,-51.31147664691787,67.0491095476005,42.02217838124261,74.34927543851146,23.715583173101223,59.98078545517734,-58.16491655343583,-13.510651437089692,86.13656062503321,-71.4884140971379,-77.96904685092447,-30.188579391510203,74.11548463689599,-15.553379002999534,94.4600276598978,-66.82919685430271,-38.94690216222712,-55.2195818542232,7.120662531239688,26.93224207372073,8.538907226863216,-28.48252145052568,-29.49481232034485,54.78979096999015,18.054884749372718,11.015447546553503,22.364175040006387,76.57457395618115,3.568322455385527,12.236798544251485,-26.952819370934634,-23.217669075030315,70.35229262722103,-25.076733562339996,-16.94366801982609,-91.47904275377097,1.8588203476049188,66.72138486509408,64.27980618497665,-78.66696625129146,-38.464328928102496,-12.335829569559735,-96.78879528084825,70.64492976202573,-95.20709441674582,-51.43446940527261,31.781220112240305,-36.96651879101107,21.684793368092414,-1
48.09522639070383,57.80812084040943,32.35303094547916,-72.32582763727235,-33.3591535748282,87.22520417636014,6.60657698781533,20.702358162825945,-59.23775450795501,53.06875113918338,-20.375555592518424,87.5393158082112,-51.49650483011386,-75.402924086974,28.670855305888807,78.17822342679005,21.03058459236233,-80.7128131925287,0.6021523804837301,-53.59822355346395,2.4602263223550125,50.471104456302584,65.0370536651364,-42.39893488607622,50.98964564159337,99.71295038956987,-15.539831949890399,38.574360954152155,1.41584882239232,56.50172416252195,3.3099229322568675,-19.015195236001986,-58.57941970269835,-9.934512142588403,7.2066943141304165,-72.66893513567916,-22.25230387422195,62.16519855710868,88.40714073409103,3.118427122192884,-47.72130476241458,-85.53286120820633,-38.03308684634719,-59.63388667663525,54.859280678911006,-68.49846089078724,63.88110461922801,-51.013859335549384,-42.882155522614696,25.742555727194883,-1
54.19343599091221,-90.96972711754161,65.58241242981288,18.57040097844431,26.33795744531251,-8.743977945274167,84.87467611532992,44.23487836702682,-87.89768773177057,-64.63415928843186,-67.67537381922256,40.65224448675704,-92.5826212171921,-92.24563220919258,1.7417289141168197,90.47971594983443,-49.933924009833916,10.98377712819017,23.032848839762508,51.765018235558955,9.716820731799956,11.497347807623655,53.92315673525073,86.72655655169586,-73.62089504154712,25.222619150377824,19.72789678462445,64.5567307613315,15.414446529198258,31.34736153749813,-34.37112092860394,-46.938366180147504,-75.54600290583433,79.43207554308614,-89.83342335851142,39.64617073308534,99.89127937870148,-88.22387771681393,9.951032408089361,43.75647615750421,26.58163916301916,87.83966114399487,-85.82308312481214,-60.90293610869448,32.98833037501049,-28.837804956785604,57.17577122350582,-76.51319257337899,-37.57363567810761,-40.168671652013344,-1
47.98082415338607,86.79748370252344,-86.32965702988676,-80.35822219022728,31.57270112099394,-97.7382626639799,-55.71458642796547,-29.932553386373456,-64.0007304868262,-88.77840899396254,19.30735748386701,61.870201666763705,-36.07042555100897,35.25452645840369,-42.58779225961924,-76.07399328787136,-24.01583424312308,60.05025451791414,-94.35764429398567,-8.20428164085449,-47.711312722781926,85.70031225036638,-64.69844577366388,-36.88666353810994,44.69498893161952,8.138122645834798,-89.25058592912025,-42.646572927483525,96.85825823370533,-42.990747759825275,51.8126263569261,-91.22462094373793,-74.66214850395714,35.73210454570733,31.057980819445277,68.08948932244786,-81.42786834338239,-9.351198457441612,-89.2792730764588,-7.309440879662901,-84.36734786803142,6.546599010778991,-2.4341686263476845,-45.64273056850201,19.524923261042247,-96.9558080927921,67.3216422623382,93.69361918834832,-81.67009741508464,-78.09312389446985,1
-95.27228279073272,84.00763282181052,29.43191222539147,46.19234163222322,-5.920729431205544,82.81733474088037,90.58767808525235,-36.947672792814366,32.44937470615125,88.92204319875395,-43.169752036043654,81.52154668308734,16.1944098512851,44.66703600482995,-69.15853881288533,-60.811642844475486,-31.542042729752467,27.076792565952346,-93.72740473052015,16.78424996197512,-80.58026223278752,73.93816587874883,21.955607602494894,-45.70649799141411,-43.6518468109043,82.3563533963025,78.56118715919067,13.785088588602108,76.06987080996964,-15.673143618064515,43.36295754690681,-76.40339261020348,-70.60723580111794,43.39289466238117,-72.39789523638368,-89.07325307429481,-59.230252946824024,94.78273588547628,-41.530630095788744,-31.370216082219287,63.37254867026269,93.4771045316721,-53.55333564643796,-11.202557278688914,78.67833009446193,-50.99056750923634,-30.185590386091008,51.41155400742815,10.626404331362068,-62.07401040083542,1
-67.66108934520263,-21.70405393319686,61.78546144355829,-13.599082238169217,53.825780324355975,-16.407970186570054,-60.435862147577346,51.59401049213233,-67.87976414568331,40.62530893463352,21.308521874182702,94.38686369908348,66.38012761812121,-75.72894777623627,-24.365008063801554,-15.947250646314785,57.70967333936764,-99.27121626437902,-70.78867960264661,27.039533398411166,52.26939953396902,-42.86482160898939,-96.0842794749414,73.23509979217633,-18.550569698571366,-39.49333252657905,-70.33404268226755,51.628001846015536,9.56167797510031,-13.01487157579541,94.97448525950344,-77.64500014730919,-1.113106899783773,-22.906509235947397,-81.38406585964684,59.403414604828214,29.730556732627605,78.1490739242085,-79.18331627368794,95.34378605485878,90.49562615865437,88.62516123519956,-96.71087087561934,-61.52992762321738,-65.5292071397709,-10.630364336155779,72.61328796563436,-68.92269539891663,37.48725676137843,75.69869404807869,1
27.823987563100076,-46.34255991444547,-98.4480703325151,-11.213270059377493,11.65774928748337,-76.64919279767224,87.13795643044179,-94.96790202275156,-57.05406355425697,-89.10495179499569,-66.62507306826762,62.21046521059634,53.14654818706575,7.137048125474422,61.95781081668562,57.963306996930385,1.8146519229515832,10.279801616152426,-24.769824407013004,68.88450989582765,69.36838344126087,39.22410788811729,45.49018818260234,86.67376619564538,-57.281427077540755,47.73146408477447,-76.4810665017134,27.150514299511514,-92.18437863026425,-51.04417967192947,-30.62885415709988,-75.33071645961269,82.81159116209255,-68.30479728462937,-75.13789321942778,71.00341188682123,57.981282444842066,-0.47186083907115517,21.287538647353003,-3.3618840958067295,-84.15387175333477,13.822209679870426,-76.25415497347778,29.35046873798683,-21.63593422319184,96.60878015400002,-85.2289146356662,-53.782931009202684,-42.212753461255325,-1.5819565282851187,-1
93.57200696900608,-73.8237722892848,3.1093988150284275,-97.5624897976515,13.760069776751592,-94.67094176722652,-63.36048095609226,-51.075584357676426,73.22343066448812,-45.02210365994792,76.48775499172928,56.592650202155085,85.27513966324855,-2.632263888339864,86.94675474037078,-10.555869629439329,-69.35641532955599,-81.26353840205378,96.44890983246862,-88.81913876546513,18.67519113500225,-98.6527437610125,-70.49801869941281,42.266561321068565,9.266917016749957,-31.113961902597808,-36.42109718112931,46.19275760971007,-45.462620267385475,-64.43022507230899,-1.4108419470773867,8.868587530286476,-46.466707193636104,-93.04823007807799,65.59905032364415,-8.046201770687162,-42.802090899341394,-1.5569269889509627,74.44684599820414,54.79043803345215,61.45277536181595,37.488318798420636,-35.838899789322625,7.980030908771624,70.1952120291985,44.409387905691034,-57.444823390802526,-39.71253635477403,-90.8867209098307,27.432037551950202,1
19.808917430076306,89.73081618059814,-61.134729225245145,73.83657279610208,-33.11710972907753,9.130841522869758,32.618023329601385,-6.496604243854961,-81.7790241249474,-31.170284190531476,-98.41325158040549,-28.723521032430625,71.71992398222355,-93.04129325940413,43.768778463353755,40.97260396279407,68.05234231781728,43.90777752618928,79.55638730539314,-69.95405152208549,-0.5469878449954706,34.689811543436235,83.98802078332531,-16.580879785288175,34.872916368603,-4.010936812949467,92.7115228314245,16.4158693514713,-27.29273722138184,-98.5876851062298,-48.429062393620455,0.9409855685212847,-49.14213664006044,1.4240187249753262,-8.13358349858386,54.307249794420784,55.760122763637895,-36.8651758437216,10.014171393446517,86.6109915536386,-41.639175006586825,62.64925686023943,35.442187956532706,6.82838845700995,-59.07338207989186,-3.945625067096998,-69.31058628451667,-27.974167304553774,-20.436262497928027,-68.66732769340216,1
16.673753019431928,-36.619172455875045,82.29080069096787,-41.23959423689851,-87.31008782467929,-15.448415833179325,0.4393827627127962,52.71292440524127,63.77551022734238,-88.46613043443065,62.20987719379855,-22.18758158178258,-36.47982817770132,-64.07178191933988,-17.96986669476493,-92.612442785509,-54.07394048309493,-45.31759015531351,-98.23113749258651,-7.91858009075537,62.36754240402183,-27.611937268650195,-41.63596190061769,-20.008626533766247,-92.14983367470226,-0.46293321451000224,27.697043067067327,37.66105983709468,-39.88781860868254,-65.33957821730039,-2.340759886467069,-26.45954974910478,-68.49793689667129,91.42602429596755,-87.88664943608177,96.47111165643133,-77.7598431701536,-31.199338328951384,45.79560641688013,70.78192797140139,2.1619203997229164,-39.45947584647777,71.58987580968832,-26.73145294432986,19.805173288552268,82.0017803170779,50.49183039992121,94.9371047718235,-41.693605433276915,-6.946917434362248,1
-23.809630995305,-22.701255427217262,-38.666273937376715,37.67063990804567,22.367010919836176,41.12745887364795,-11.825136759308364,75.57203574325783,51.07288741565418,28.659451996007448,71.63151895911014,-47.88790116842216,29.867085551624598,-92.51771042888939,71.27016640829643,2.4132195531175,-4.367754799821228,16.63409621205787,67.56845777256075,-55.38217173363553,-21.252742185744893,-8.0475048071998,-39.57626405236516,-46.17993877852919,42.908247245946654,-12.231994135737082,95.96661438338143,17.452092197969975,26.352514185108376,-36.43989174890281,-57.260356713231374,-95.31207851446844,34.09364898359368,-72.3952047297721,78.54300513409675,-63.154889095808684,-49.22439622453096,-33.561989076710105,-4.6787304836002335,55.45850836099925,-73.73845835792582,29.269251996723654,97.27625774509073,37.40038721428277,-4.3172294216371085,31.78890928657242,-61.81004705709447,-20.5057044167051,42.96743004742979,-10.887521674564127,1
35.30267715544932,-18.857115163810462,-38.570009962009564,50.6899420484211,27.125611167139027,-32.25024087211156,7.007457931308906,7.836917500235003,-26.405508929188187,-97.32746971521806,94.4664774257138,89.41620960382005,-26.820538404283198,66.98071610353077,9.62511275109263,-46.72148037469659,59.03484771221389,19.495211830924177,-39.27115689750869,0.8624285282341333,74.00770157395752,45.18621850259018,-31.23252808442814,29.180053389798815,-92.07426426304077,4.121277393480668,-74.25316512979208,17.50266173853015,-77.75668431812869,92.42641690670146,-74.23889982561174,33.31559422307387,5.913113175628993,31.287224213593078,66.87599294275032,10.800732664187422,35.900460011672806,-12.005021110373846,-58.734948791088804,-64.61908086866805,-37.94337843105162,70.29016210891447,65.77471539457343,59.43233387760651,86.68486406906555,-8.151867758734554,-74.08209881685659,80.69520791799525,28.76799014204977,79.46533604676259,-1
23.917590979565915,32.29324106473038,-24.951773500617037,21.19003460154221,-6.895998937170106,-10.945994363687703,-22.785934178427652,-57.761688221886985,-60.779869520676776,-98.57059234615346,25.078126025086206,32.48468299064251,22.593088927309907,53.06931615686082,94.76445465824776,53.1739766647089,-60.589731056054276,25.986286161795164,-66.8495536013024,58.808197967393056,-9.109057727776971,-90.57020814854435,-26.92795067761263,-0.5830801457158827,73.8927747775067,-54.48298624143308,-27.46679304449009,-4.520742487572377,91.64844659330126,11.456007763346989,-78.21864036427752,-79.00546545824403,-6.728258339753452,-67.91606861933543,15.961894622407115,-82.33260714346136,81.04138733961085,-29.199019988784954,44.58346677641464,38.444190654502506,-37.91469893584263,-56.552396110931454,-8.093345402836732,-98.44799103076332,-55.16594254327822,37.440371474861394,12.569543972136657,5.1721909837953035,-39.60896385744053,37.210185942219766,-1
49.99209407983557,91.94914429239384,-25.007090185094142,32.42546977084976,22.19035388725547,-2.8680248786840963,-99.98650047068512,46.316542371767014,-39.70004482979894,33.73013548703122,23.612767127050958,12.632289109936835,-32.065374037547585,-28.63525750861986,-32.490078339710564,-9.076166978163073,69.16815533612169,9.323235805159257,68.43320018947367,86.92298420890887,32.9969456432508,21.14141067938928,-32.08641876473297,8.40373300476702,27.60636238431779,39.445519944435716,-81.27281273829534,-1.4960688151193011,-95.60056460412632,7.428344725174114,50.174212057273934,45.92557158003501,-67.94470572779247,84.18913826914925,88.57636769450323,-47.347228699132685,94.40803369824599,-64.05339358843139,-56.613307558293016,26.400877974669456,-28.524992139907155,15.91739650363823,31.576140784215937,7.072319300533451,-45.04170135732395,72.68124603525013,-59.93176540459415,79.59789750872599,86.31115269886678,-63.79764391531238,1
-85.56031820416483,-7.857565730344902,71.83643988222167,8.602502002869116,-89.19208153041953,19.928240789497664,84.52924827658356,-47.7234993141471,68.23488691357943,-66.79055425597484,-64.77011180630421,15.642701904623095,14.086103685692137,-62.12572751863343,-1.6336023897677308,97.50223647224385,3.347614650744447,-20.436495306747887,-4.4063078769773085,80.23613533652559,-31.25482988802699,69.65562764917922,86.32584137811853,-65.5797341198288,-90.90923508542794,98.2456076547335,23.835152033040785,40.83233246970801,-35.996255269523274,-26.14776468320494,-38.675610551147635,-48.22958882261958,42.886056363407675,39.3315679329348,45.20809643418414,-96.95798972146727,17.745614067885967,-75.4635729102483,85.1169357390338,-60.11562432715181,4.838391987409679,-91.8543264208468,41.57867727283599,52.079311595401634,-74.39921771691814,-52.33626423642899,-91.1880454205815,9.320697549467184,-46.0071849232893,-84.69327558291697,1
80.57899903839746,-90.78616606490648,-77.73713570448997,45.74184969507053,-63.37530804309645,-94.85357540348505,34.405004423979705,-37.49227339993424,-37.96272455338685,-1.5767390275921684,-14.389428088558518,-5.885081071119586,7.51539612729475,16.69611370732565,-43.475589314370545,-67.41995305996184,-14.08541283858338,37.4429578140587,73.90895328308602,-33.067947164184545,-0.7691467639146907,-34.16560877451134,25.3204306486345,-0.47722046315590205,-57.05053541597158,69.76147657863697,79.03917145061493,40.17737776830484,-18.156928366426257,-44.437865225874184,-47.889500174595035,91.59311514445824,25.17461628235091,20.98715107331796,60.24328463450698,87.334565958828,47.46417279103724,-60.101688511466065,16.805492520472896,-79.9837834157382,40.14777074034143,67.96384337504662,-45.72724103423309,-55.353236893851786,-52.65916063986798,-82.1766085887478,30.845141087043004,-20.51692703315797,81.55307125099577,-33.92226391123421,1
90.15454154626761,-88.73334444015204,-17.620504327577763,-2.2972720008493894,-37.19705795103303,66.4295574687425,29.964412393564913,-55.80609951129287,44.40921463632702,26.75903960592649,82.44092667777792,74.80062507212975,-46.4267092542364,-19.148078961016395,18.08263171561802,-87.84145873288291,-48.64375507192911,43.74145918787903,-77.1900486366733,70.89546051336615,-37.054279252891284,-80.65020575323601,-63.23174663661288,-91.60972497887539,-26.300900514566308,61.695409288723624,-38.23391443990478,-84.60647923369156,-97.71346840629478,29.111154499401977,-24.50021565995823,-28.275485258331145,30.108062627681505,7.743098448119554,-30.189513003011626,3.858821464048418,-9.029600425918716,36.06977184941712,-73.20538767230258,-1.3503572508043504,-77.31209281521089,97.54519886631084,-46.14021000860642,74.02135030372298,48.583641503462275,-80.36420208834213,-94.04413727836764,-95.74006441143229,-38.03819353677162,-54.100541747831784,1
-40.93970448563344,-44.51465303980417,-30.684402424844166,-74.5761416285903,-56.85530190687811,28.54945689187514,34.341043336800226,18.641481764977357,77.86324864981077,-44.515366946875766,17.33284060881634,65.25022700022066,61.73923487700051,90.58176315482632,-79.30567928226557,96.15054697166659,81.97337990957166,4.640697256733745,58.81717686517527,6.196319761950946,33.57912968470217,-51.999826880967895,-27.085115671749563,90.9210532382952,40.73354502769337,-60.629460100153665,14.027146441791956,89.95541499445775,-1.4998054367087406,-30.231570154664354,88.93074087579026,-14.193604604802829,-30.996374503008226,32.774067236031186,96.32561123972908,-54.219446892539395,5.622757823558899,-47.2800770379549,-31.806350451168953,-65.00344322856458,-43.60078071138982,19.36015659779902,-24.90206350127204,15.804955745982795,29.01409481908712,36.895257877689374,98.9223902764866,-29.481528627928682,-51.52476999836853,16.71800102425766,1
-31.366529365468352,-62.18446924433023,-43.68922745436086,30.21022339558934,76.78450839225249,23.82208753632078,-75.49808226401294,-79.57547496963608,82.34099975397638,-32.97154690788422,-65.08562578830805,-89.36703476123873,-0.8141355877186527,-0.13224890762995756,3.5496611109587803,3.591788866673866,0.9621898914702172,41.76248248530172,16.21683880316634,-63.46318167796423,2.485072906535862,54.59431573055426,57.714934858183824,-16.23188369451509,-29.891674316882202,16.131052552789257,69.67101077485634,-13.747165682309841,95.03605025425591,45.81473524487208,-23.697775342209695,25.754529244965354,19.969280299533594,20.63583483268279,-54.36011572410075,11.258214147366587,-64.1779041188079,35.60217840213008,-52.12726222158168,-88.23024112384105,41.86547152745831,34.391207617638116,35.202582463987,-60.576703672406595,-6.3659139480913325,55.72712287983936,2.705598756528289,39.20363852715349,25.09997453289121,96.75357098045802,-1
3.2600696602390684,-4.603321476469247,81.60697526714432,20.720384044247524,-26.24995709887594,23.14676669642904,-28.36635834384768,97.84736555454177,-9.645928534370924,30.844677869478005,-45.277090024383426,-89.90462108856443,-58.03475778543938,97.81720636966008,-6.97901769570619,-36.62735326502982,92.23219062795741,88.66913542954603,64.94073792849326,82.4881974936826,20.082009814971144,-85.9035257524539,7.425027918817051,-47.89456197574615,82.14761169820801,-73.6102252990834,64.03008097260323,7.8863976902922275,-54.18686467961529,1.6082772031763142,-70.86968837280985,-18.86181839614804,-59.19349619481933,-7.978981035521031,32.40033487710846,39.591037632750755,0.7917020699681956,17.952486233747763,20.60464559809401,24.99742393935375,-20.146278825259813,-80.84259550042539,-33.43531592845427,-70.09320018786036,-36.94312949518639,-17.482378116691294,62.72074214304985,-38.456654196089836,20.399197239834123,-92.47254385943802,1
-58.636421373320744,-74.4300526013066,98.9507376123943,-68.85004804021114,23.45876529161741,63.752820510266986,22.17080261639049,-53.44191436935974,-13.09932359427519,-83.76604591053186,76.66646870495737,24.424913571634917,-42.82527943699619,-88.43012623490625,42.275376648306064,-95.96578532890574,-22.007991386193467,40.53021022716689,66.62988872301034,8.892908649418956,31.943492211982175,-20.5347302727793,86.95065604760543,63.602679556236524,56.378301758469576,-50.85528261183205,-82.36106512035735,50.39857940938214,-50.44123404861558,17.747332946298528,91.15210922260962,56.367622626471814,-98.41043990390006,62.713588549318956,97.01224916500522,3.3650366931814943,87.38343902042752,27.94419112969821,-19.33226146963527,-38.36966733801037,-54.628576584131494,24.584100638563072,17.14288499412355,-2.0330364485242853,-46.45982238674091,26.945558592937175,81.95100950300926,-30.15911398907538,95.85378951655989,-53.327075801088974,1
68.17431588518451,-89.05100354808097,35.61207535753505,-37.11799472524093,-95.58125057904503,-15.410877988664012,-4.665900768078274,37.39232037732981,-74.26577181987098,50.5408288957928,-93.54613822303708,-61.08319343323796,-80.17403592338985,-77.04322067596839,35.34529280892269,33.385608261522265,85.16289641301248,-84.08216669688835,84.96721200018925,8.59366533309263,91.40774023033225,4.008669283018818,-85.52917419070754,50.82329574012775,-11.603710364091441,-98.30334192850174,29.562831138967994,44.571753410302335,16.372119228940434,93.30677902494503,72.4430940801987,-78.82070552697135,64.48769733990929,53.112049472267586,89.40588099637037,-71.79116647450654,85.64863747528184,25.448191315949643,-81.57716830241634,-71.01249584243212,-68.31485706759865,86.99112771314262,14.60681399231025,-73.58037387416441,-68.72383236043265,16.072798061616993,63.61013612094135,-18.075179944836577,-15.083299802858008,82.42553182169056,-1
-95.0826167082397,-19.494728901971598,-22.074796528397925,54.02233044605708,18.802540181616806,2.638710938992375,-42.05488868110261,50.14811216233818,-4.982024232881855,-78.37726848811832,-51.25774483807015,78.30225090625109,26.425920654839558,4.137644205306984,-28.39373745905914,43.72558068399056,-94.56419285465287,22.821761779686426,14.585482246179993,-3.239728965326165,-42.04569603317994,-53.34907740349295,-91.42595882549091,16.770489734443657,-34.730774718709114,-1.3684217405015744,72.33313445447334,71.91596482100437,12.007669872210357,38.46829717037238,-96.05893049434519,-73.9689047863058,22.759526432549706,-23.22510893116265,-12.739276380651972,6.8845504546305705,-31.467575305735366,48.03495659693655,-29.661330071744672,56.39200099426526,-65.8678137692893,-30.251989556431,49.602225688173434,24.372456119764223,-91.01974557496433,58.76878998494118,36.37207147011972,-88.86461700867945,-32.2774349662903,64.80016574075464,1
23.834547073167343,67.44382859173973,-80.24940626366232,36.73450434790135,92.47435086067634,-33.500125464072326,-73.56415484793295,3.1945192541970044,51.613356634407154,89.47960726591617,-43.094836584246956,46.81529438517066,91.66570724352147,98.12692337583974,59.69092938630442,-6.5621256386512385,67.47691103680137,21.698708318954104,34.25156519087679,-10.869092906204841,-16.288639198693417,-89.15437991109458,-96.43693495626849,66.88589424942916,-37.660408405868885,-62.273141870321844,-51.190094937421435,-63.39809549544817,63.76405757177491,-36.96668807307206,46.135808107216945,41.692559208439576,-67.72036793891309,18.912153167726046,75.76491004449187,-17.733560231517643,60.95780510650491,99.40097902784976,66.08186119255052,-94.12171089556433,-57.29047382808346,75.9196083615955,-41.13565315200276,26.67289541277782,49.11165778700385,22.389179411393087,-67.75518638281983,-86.88603766878846,40.43909880223546,-98.9839193180663,1
16.24764428452245,-18.90566473391631,-4.421867810850074,41.50769792293474,32.66356873489619,7.276257155487272,-61.052628799409135,75.91549480686541,81.30151386058341,-72.73965531483806,14.903452074850946,-82.38418542811388,22.645164633560697,-68.08126142040913,-88.74308115594633,61.29309856870054,34.5148260494411,-39.1214479996886,-50.73426857606671,-16.761784368999514,33.673759426030216,-29.454248983761545,-13.214105765742005,-56.943919221587194,45.33510266588854,-29.75434041338616,11.450115717260132,-75.63253504645516,-10.219052948087935,83.6093116140982,35.79759210939247,-24.43931590227342,-32.96780185521877,4.770198266977687,67.12910299930127,54.31191438531789,26.260071433029935,61.80072776826444,-37.361488387267514,15.673708685182874,-47.787407001287605,-84.88299852637209,81.1851902683521,-23.883795579709655,-4.281661310590692,-16.177105774298354,-86.99090567788201,57.39130597120072,-51.40214315229632,15.51833655379599,1
-45.1856821315618,-69.93787550320624,-31.51343832352464,-84.67941832835797,-87.58430319359279,-14.966425402645967,-96.26176234759996,-2.8949946379298126,-71.41138081513417,39.565845698260205,59.58975034063178,51.37630360420056,38.28389491318444,-74.93432644925453,-80.08400230937609,-61.59164605922034,46.218220122555266,-66.63278552139337,77.4366159684954,-23.32993152088075,-70.42275378379742,15.57934834990617,96.19971578584227,62.032354370220986,32.98003098824461,-29.296068842285166,95.31361947295684,92.10667524377968,14.742766906864048,64.61678994985388,-54.560479865205245,85.82872898969529,74.2947143993263,38.622389725129494,-10.733003745904,-67.28521402576773,19.662770090164287,14.27783214459437,-98.02680893844496,86.61885375122228,-60.231962210663404,-1.3173459508524843,-76.47288590219867,-45.7564527972627,-16.657845924145093,5.5457776523931415,2.8960097378020464,49.83387706451418,96.3625349640202,35.42141000148459,-1
-97.57584507122135,-39.13848163582714,47.35004418264549,-61.35280170302657,50.21293662648634,-30.181253663507704,-21.890803392013368,-37.75732563926311,-9.059986571764526,-42.555526551016975,55.54998328849868,11.806399421753142,1.6228940312698228,-28.00328571527237,42.009069049241475,99.10229492295045,28.25124877486317,-13.534439610115115,-84.21937020015497,-83.94108101545984,-65.38164614017589,-24.93056572608441,-16.102496330214507,-72.60833717248082,-95.25899337009054,71.28535820357007,-6.062655385392077,-19.573634060167848,-90.972294787652,-94.91975435713671,78.28466975773352,37.49988536250609,80.70361593401003,-23.7197803139523,-32.01731575482928,-41.915315519916454,-64.283587111294,-13.074224136007516,-20.984049337849882,82.31225885579596,-66.66180882723995,37.04664577768051,10.930418612090762,93.65132687919481,40.97129156985139,-66.335675759124,19.53520688309787,-69.62497015457473,-2.434843003231208,74.64492807918074,-1
12.296917591904744,-81.2959752804181,13.112865113590871,-37.011938863750096,77.18047553651274,-95.41882668056323,46.31960970761318,77.73831323201327,-6.559377228831394,-36.70045051111337,-69.78294606848354,-64.08833653868753,-45.188288336400674,-28.080449986884773,43.021572610053624,32.52825823835025,37.532935576775714,25.6790722641842,-47.446576936046505,-71.97213737593805,-19.58377013380496,-74.04573587005281,17.867738186246612,71.68964665798032,37.1496755060665,-97.05727335958383,95.20593682476994,-68.13252332772078,91.4503393373582,-82.89856005395053,31.5708236954234,-82.81138201731542,-88.92472597588228,-92.37413900036975,-53.55920389392168,39.86222830248204,-64.05715684915197,-3.852733377550763,-20.545297754357648,25.90232798963052,66.74591155937614,28.23246649329033,92.08762276211016,-87.80954077715191,-44.631330077900834,80.88461922561359,-24.948813139940924,-83.73407504154864,-65.89735990510366,50.594063874783416,-1
64.13923215335586,15.41066834270886,30.537807868185155,-55.17356406798426,37.03571563604396,-36.750311636945156,-28.948602087942902,-44.791301803924654,89.32916962314656,74.70307061184732,1.5506135856345509,54.47279492104602,29.223864416569285,26.23241696850431,40.76472797723349,5.658868550301378,93.38979467940223,-3.854436419072414,-98.50615363892261,-74.13746560152603,41.96506009854977,-39.29104463366669,49.625820070942495,7.462382939216212,63.143331488567725,-71.47268573255644,-17.278563345424033,54.730551201554306,26.253194907462714,-73.18029101942815,-87.41719678353515,75.62946341201933,56.00672811893105,-95.1198880145101,0.12626725248046,34.54673747198922,93.8521691447049,-91.49592489249974,67.38244032344682,64.58101928349458,-0.30174125133797247,-83.21685390686646,37.863775269306075,89.87297942416848,-86.69219850022564,28.95068170987213,37.90197031523897,-78.43749410290408,-77.90291352452839,97.71111987174393,1
-73.68646297454804,16.428960562948404,45.80268425859373,-21.94217983213325,-32.591662302371006,65.37576405192539,92.65566341437435,79.33552983707813,-50.79649642528516,-48.481630121258476,-23.819230165999812,-42.142241518241796,92.76872754538485,-17.419490362698056,-49.155842038372285,94.45815138130146,21.263514620045214,-84.43888369585312,9.357134634071755,92.88084509723211,25.648946524738037,-8.547552178960728,99.21405144514117,-52.106030902352394,-42.036050995349925,51.66968677024431,97.65996584409811,-99.70473158868714,-26.103540886703144,-14.054513368441874,65.8377862625959,-49.67128850960301,-46.56483368497915,-28.500446887663486,-58.40516450406697,-58.36966844488427,81.77982276202638,91.70125547346734,92.23071313777237,-43.9548354307008,-28.283466156296285,99.40504002018838,-13.508399615617378,-58.234807184676704,86.74532308016401,88.58971646374505,63.96933561826569,-32.8217243029641,-11.648059997437343,4.7434605499736335,-1
-17.795784946890848,89.78324363774303,94.01147200761389,-19.70979847752561,-59.02255426164491,58.672002447335984,-48.8191914340689,51.75118568702945,-22.552948727038327,38.975541277177825,15.081447803128455,-48.088296616970695,-99.94597552865443,55.527041407372394,-93.36599361793073,69.38492830662594,89.83082502748806,54.3056576334798,8.844618476517581,66.23125973722259,-79.5626181621,48.75994538035508,30.91213168004225,-84.76103659685022,-80.53742381149745,42.2968519177451,8.917650810154782,1.5203632269432177,-25.313721172444303,-37.630476277597126,-53.333078582386094,-29.675906329481364,-77.84452273920112,-17.39526991161449,9.895278301460237,-7.950917432715386,-40.44820867093093,43.07412263458872,-10.596024442442584,-35.151621958086636,-1.0108208750533123,-58.505344503509306,-28.891717447521728,-96.07551173546271,59.54420815485696,-41.79949140812471,-38.01986494935081,-53.89298219165277,-79.7953468565064,-80.52666373380582,1
-30.53133474823146,-51.730059232500025,-85.46353688203703,-36.11558025715911,59.44131434120649,40.61440438142918,70.77038162664292,21.514249241097303,10.304242942999082,-11.452710820733827,-15.498964011973257,-1.4327647815172355,93.59023330957282,-75.09513356265462,56.67076451384398,-90.66847777111977,41.29898738204636,-52.53686797979225,-52.48161690030049,5.128981998876213,9.060679204502023,78.25544258807932,67.66704010851907,29.09415030747516,70.56209523931372,13.138270063845852,91.44679016059285,47.435564650813404,-67.76147667607542,33.5721297224739,-28.119562888357706,4.256726781058191,-92.9245766788408,39.577306757905916,34.30692380309185,51.141444073464896,19.701970136776012,25.448208523449225,-87.44395406521883,53.65628723706902,-42.12453359589878,-21.35061378093097,-6.658713100032344,87.67218370527107,-34.33629842038877,-38.798561370388065,91.80993255461246,-22.257172477062696,29.291150973998867,95.24495950764023,-1
85.27652134601735,64.11528786676993,-13.471503879192824,88.24432701905812,75.8537252172936,-10.984771601408937,25.634229190509444,-40.17614415900847,88.85061369649426,77.38310118871803,-53.59948323985784,-56.8752487341575,69.9535845567602,-83.64716454355408,24.41854095164591,-51.278328583302525,-6.777559563653199,66.92688437271426,67.05563185793787,-53.581295501655866,79.39584513062141,-62.60197128358356,-33.327048464795354,-6.136654924972788,-53.52883218890414,9.84646949240286,-17.0973686395469,58.43573409472046,62.223721924077125,-45.996612823519676,24.854848401939236,-31.715035216185967,-47.62570305306477,31.816753698818047,33.03416950316401,-8.02890638110587,52.25722720132879,30.20846939235207,-23.751609080980998,-4.755018269929394,-77.06192576481232,77.18389790044705,-25.857908017293212,-68.61951943886035,-78.85105260425583,34.64570393586362,56.89378767014455,-67.65216344472809,36.711006343713194,-68.04522749967845,1
-3.195885498119182,25.356763410368927,-24.60135292667303,-12.232652383173814,-72.68221232471521,29.062326507177602,8.99645616995808,31.920099570854973,27.22760832274227,-99.97905784037128,82.96796896853954,-61.63319920823736,70.88067966370528,-87.36162077353711,7.355094088498632,52.564646603365674,-66.06954365021627,-6.224278435578086,63.60015550635194,89.05988819688795,-15.378477016635344,36.03872502016486,77.53892583568071,-13.738921577372793,35.34382222235632,9.910515261377185,-11.625387388582965,-57.66219095241383,67.0110035399677,-45.417385843892944,16.99384181025681,-72.92941090115889,48.30569183121517,-98.63812163334731,48.17507546045107,26.895107019912786,-89.1857618480111,-76.27344271544715,-55.12226406091021,47.42750884862534,52.186961620363036,15.731358563169522,-15.764305862777306,52.31924620309775,-65.91050852770266,4.022035111786806,48.45526668791996,-6.994809986883311,89.35577817106866,2.828134542124431,1
-66.59161841981003,36.84181503769733,-70.54523830033466,16.38744279880666,6.230746179850527,-5.40250779870523,-1.363136601142486,-8.016145887357638,70.9367143870017,0.450211482277723,9.051924228880011,19.945545318205276,53.413854692136056,-74.4078808728259,-10.26441325428604,15.40220038538618,54.543237953669006,41.06837438864835,47.11192099629724,44.26283739569686,-59.21218674878786,97.53278494832432,12.903794086101982,-33.52390210019074,19.85909230362408,-28.44775914861708,-80.27639460251017,-21.69546101624708,-92.35975926355762,-44.25657996134422,-59.4478636957285,23.774975692124684,37.84982167108842,-76.75818073089843,-58.78525794611,95.83926462941764,79.03544690203327,-26.950492273535943,-82.25030547200024,64.18479849024712,40.62621144647525,-98.9666130750753,-1.2788490483991382,35.387319745483325,-48.84411664964821,-56.359192499006184,-34.73931306070652,-27.092024483029988,25.373889829584456,-35.340315423728825,-1
-45.81146033672692,62.23252077582643,7.989645444276874,50.21790608847718,-28.310110573287275,-47.282163825329924,-77.97361233291016,23.122858360839544,6.9140416730943315,-53.17589706828405,56.081242615038605,88.93495908102335,-45.39556294582465,80.0951596184361,6.080774559034751,-90.02309147672894,-2.9783682010606327,82.82027863433379,-80.58603550599663,-50.91582562861847,-54.2902309281754,-5.221604507870097,-88.34802479798714,-15.30669482105749,-23.347279677178406,16.742662190983907,36.39675868317721,84.74940821001334,29.663799232234226,8.646897606060634,-6.792645091950504,31.407459714436243,48.36152647788876,55.298416666490596,-48.903385812024446,44.23456369603693,35.54277129726157,-16.431749315720978,-71.29204790490753,90.2323890255525,16.113303090995885,-82.97678309766178,17.158689063525472,0.5886864790202395,-92.02363411599134,94.46635408279468,96.1261984148949,-24.41731066939144,-63.35943402446886,-67.50139988549688,1
26.705942152178935,-34.7659491743493,-5.134885889941799,-10.12682567496988,34.948345487617644,-19.737434451249825,90.55590515341109,71.24899878917665,-6.348610518374699,-63.39599196066699,13.347251006200821,-76.43838710255093,3.336210311643754,-2.649444348392322,-94.87108355971345,-38.39445902529375,80.15890918385557,-68.8229893755126,7.939302027889724,-42.41985128502714,-30.33569089063704,68.78500657377757,-75.78925626926419,-5.813082263932529,40.165386792816435,9.573044776698453,88.83817153159603,-43.95146877767768,-55.543743695073935,-60.24928645945502,-92.83845432899955,-48.164330075442294,0.18944831522054528,99.28831914607898,-21.171714521014678,-29.273634077398953,90.20940861446115,-36.35543633629605,17.48069348005245,78.64540411090633,-96.62026021565717,-69.36426557708184,54.57778216734803,37.942025958233444,74.35644764577069,33.276194477184816,3.6982682621270726,-32.62756378858727,26.101359741613024,72.54904045257922,-1
-50.00861072047576,99.16047355598371,-62.57099370755477,-58.3027586514421,-64.39409407892727,-74.45137449819674,-3.788360760926196,-22.829958159192913,49.78889095944902,9.24092070702018,-91.60232998097881,-91.6379099206246,-21.661374019660144,-23.12467235499902,-10.895719543634527,-97.8391317958944,-87.04362111277686,-87.26463879194117,-22.581781002259376,94.96731147637789,-85.13658380704427,-33.65538454959314,-35.26865050845147,98.30003922084356,69.70052523417388,19.745222170389027,67.2500936035778,14.291936948548354,-13.13873303078688,-22.201055930797395,60.101302868021406,-7.005261651358467,96.20751437715765,-42.768177720958136,-21.136942098622896,74.85785823114134,49.63185256109148,-8.785528764095801,-76.18641410008334,24.603282654957454,12.7409230991763,81.04715267294407,-13.91026442685046,8.395229922430289,-10.4223816331708,16.174023276487716,-99.63185757776183,-36.09126843446309,82.05147656788253,76.14725337942812,1
92.52968293558502,92.41169978827031,-89.29106982146502,-97.5167821661153,89.8264305833329,83.96820479773527,23.778446227695,-46.779183389186855,-38.54341088664566,17.92335397028957,-25.781289615047214,-17.360635968996732,60.709515520386844,-21.165730911355027,-95.86533022501405,-23.10537496890103,2.8155246493196415,-93.11599870512211,72.47190484515326,-54.77341251332366,24.372626397274104,76.07246333663375,48.99718466944981,86.90471183231335,37.830617789596545,-6.961183829506297,34.794428330079285,3.7453331687647022,-51.68629094139985,-5.075128004806743,-75.21723220674767,85.96041366549093,-0.02087293241473276,42.789719957436745,67.74938204262898,49.023274195533276,-44.20330880775853,45.8867025923295,99.91282305563197,9.583878635025258,-51.415653519880664,-47.75976383064493,-59.178145139601625,93.82410074292068,43.76697097176654,50.0281688175329,7.943144675349728,-99.81725141474318,-52.54144841112493,-61.74527135496064,1
-11.249956139085768,-93.502680661967,-11.216660390692041,38.51547587938114,3.6716532603867194,41.805238140000114,35.10783243265908,-64.26967364916698,-25.38765826459499,-91.27069927126288,34.38644823256874,-10.919256903668511,22.70116978076841,87.48468480295634,50.9227313315848,41.06949883848765,82.49939602023048,-45.09314766619836,62.79672083319025,-51.01279441701727,-80.1199028291476,-60.87095543958281,-41.69583556807383,-94.3558399988819,62.233725220592845,-89.34512655171301,39.19783483659509,99.70610257604733,23.598457292548588,-36.15407135759734,15.009821459181907,-71.38609230138455,-14.806262537253517,5.751320974850245,33.61407630872705,-74.47069322392912,-91.069359458415,98.64076671220693,87.15013106547264,24.343122175389183,-56.94894278980953,18.603959171916756,-55.30319259326948,35.46584143354306,-19.517528328757223,97.1021026057295,77.24882858012535,30.32469319664878,-60.97808652528312,39.76951223373328,-1
28.465105181045487,39.61410928068031,-6.825738260726325,-87.35513214987327,-3.3797815812179834,-47.04745739345271,39.70551259388253,31.491716377935376,-69.70504635663472,-85.62216686682594,61.14799031883649,-81.4581206189886,-42.938167696745346,74.26666552352074,40.621028126318976,44.38789076908415,37.21219836158656,-82.09714194590585,-46.977626422554806,-86.1511008672903,73.07995399950246,-63.57162368459384,41.38728377900597,-31.153018015878686,-41.97451743512723,-47.19632680132464,-23.45378100779729,-50.86310758641319,-9.491044449845944,-8.37874640553116,45.606204007344814,89.46606546918588,-24.39536789605509,-73.7859429541976,-36.79817006846198,33.64771396927077,54.81329125505391,58.72356323084546,-49.66200371855758,-72.38535000320887,-20.825047427465563,-63.63172336913736,-45.0918487728857,73.1462018909429,77.27639935348952,-22.60647240117315,16.17664510537054,6.347425371801236,79.61555976633272,70.8619998816466,-1
72.8716499679274,28.84260319792358,5.8206535320876895,-78.23852195398689,37.95509119921388,-97.81052523372622,-39.91125863116247,-23.56535761234926,-58.72350707567158,-16.873114609526255,-63.746427489512136,26.931442300825765,50.5550147185578,16.370280332396064,-36.78943316881564,45.424728520134494,-48.94414407138319,58.81463335669153,-23.6490513542783,16.184853586830044,-31.791938645609434,-46.37158888492059,-21.722703453972287,1.3723834592383355,-72.24977530638861,-52.56212635779751,-44.688181555753935,1.691283342817428,5.101027799626777,10.255367465705504,-4.214924341154358,-92.30179511129573,-94.46832607643427,39.31263580843037,-68.66775020040498,-20.45463439827266,24.427292295688275,16.749335167625418,-17.57647570235619,23.577494317578612,-65.31463739861674,12.679696080926647,88.18855686187143,71.02945752727132,-12.033916071978453,-23.2869706479335,40.01574962378274,-64.97020904853086,-35.86103071742342,-91.29859702597739,1
-50.488045944022716,25.781028984723008,-91.32066116878963,94.52554827928378,-28.105684742131686,69.00974257348614,86.37422224309987,-98.27625448021993,-66.94803707207453,-40.651307444987616,75.37745890087791,-55.05690654423165,64.01965115873162,92.28002700541086,-99.12486542740999,35.67123155395632,-66.99495725873714,-98.48577055292402,-86.87029877423629,46.29083276917842,33.44423203491746,-63.52311944959554,-19.79159986326215,-90.84883839280222,-2.537719342402596,39.946574501436004,-90.03687621473449,-1.857612619645252,68.84906057380792,45.82829754904088,-57.91555648573572,79.24420682534287,14.207102096501004,-65.89777218388122,50.88956281592547,-85.74374204053625,-61.1825234025271,96.27769167486463,-55.8733002810081,92.34077057962025,97.57630115824205,35.36112496821977,22.350730284966787,-80.06611494034719,59.806315134684894,8.413036863872335,-91.50258670646791,72.97056120986488,-73.83835631822143,51.81758289986425,-1
-17.92341539287405,-26.640335870746327,-47.759965745217414,-86.01119797227375,76.46952236795076,-84.16659990492758,-95.149412791349,99.28928346962752,-26.872433818448656,-74.4810212697439,-36.6499049136598,4.390043956665252,-11.085135352738249,-4.158866505267397,-17.2043750347856,-11.12153873851463,73.62251180613967,-71.98726423100041,93.36642163042077,65.20772197015768,-78.92865909127444,-11.198220372484997,46.099009161690276,4.477530439312332,47.28488809553406,43.85144466734772,66.11318919722643,-62.22424397995101,-26.2674020310034,47.013175088284385,95.87377817463113,-55.08267506500326,7.192293572289742,-22.17978257303936,-59.726705921213586,53.145461639127376,45.625859878462705,15.190582719038588,82.11415065447486,-23.022931178943423,76.70072038964662,77.9722211926877,-31.944558786545983,-46.1311203765866,10.928843613921828,-57.79189003702179,-88.69721623007796,-51.25634419902727,-97.73301961237418,-4.685034376351325,-1
18.470065718672444,34.72196639933901,17.955920155615686,68.69649856285716,74.98999829805604,-32.47430458442679,-54.25897256997452,-69.55951049430816,31.702930411673947,87.01382728516865,33.65903700559693,-8.16428732055914,-33.14021872513182,-77.10748576576512,-92.13752971076694,-56.08732073474179,-37.32045286161056,-69.42345143488735,-80.87534287515017,-63.75478672524035,-49.66773217794667,-69.70500479886206,-25.769290922283886,-84.77194111329926,3.103053752362243,95.72099811890322,45.97305199490913,-38.89061623178009,23.864378910866947,-35.44313985458717,20.92312803595044,23.35546161084892,-59.64622104573518,74.89592924274669,83.64314115498618,-63.30306733355007,51.49258083421927,74.62220922725467,-77.4832541941618,40.334097653362335,12.977033956871196,74.06237535284029,-31.072415763749902,-78.67342949501133,28.798573609218096,3.700605214332356,-76.52035618929504,-97.61086367699279,-23.07150697963651,27.15183214967496,1
79.9149146549137,38.355527828396475,15.922179845656785,55.84102294777668,96.52199828094888,11.882952023707375,89.00714701672354,74.12316820062051,99.04425067122617,-2.3378227755988235,93.6743419640514,32.65152497123819,69.25866126635208,-47.46360018478142,2.466187548852062,-34.88244714494894,36.42900673625192,-74.31149065799075,22.654436253205375,55.13869466455324,-57.51463586699577,-13.431496016711648,-47.50783728929551,-50.98341347108364,-63.51875945252527,-93.97256615032148,-7.419367442538814,31.211614760079556,22.096220106115297,63.757152645626036,42.736571770334876,-11.422008715469616,-6.6974658715775774,54.27755305395553,-80.783372677788,-43.2353779506059,-59.99886497288032,-89.373183469426,33.643744881560735,-73.05007687702059,70.63302195888193,-93.49092388552327,-72.67361865816635,92.18166140749128,-38.901099826986666,70.93190481586669,-89.9028103932971,-4.7280356570127395,-42.98342635381438,22.232368703016547,1
-49.90642024150021,-80.84916026732847,89.53033061621781,-5.618178017082485,-43.74430998537784,30.829118448254434,86.33801288680007,-25.728514695435607,-49.67245123425392,-43.931632123554444,37.923407153297376,98.22183449142804,42.59750648926084,-73.13012754065109,-26.035544079862063,-88.99137830369321,-71.03767545787719,54.73196684347528,-68.79091718418213,-7.363372389097279,49.38695752117792,73.47748396365171,70.96508714692399,88.95137558207745,-38.94712452449487,-43.473553289535815,-27.912644126620933,-80.17438274641432,3.103639231374359,-51.32337977541348,98.96395833566774,74.73031249683805,-56.84559546107258,27.01689274454364,-93.65191947295244,-26.3829675590235,3.1560367993188123,-27.025848478401343,-87.38012948870157,-29.148113673747062,76.32638788966895,91.21341703951887,-78.08345330120434,56.72601777043326,88.99183942852667,-26.474629817599364,70.62834958474994,-99.87783051547552,56.91744448939738,-31.955016040218396,-1
37.62694121730843,47.35891374203939,-74.51584332812018,29.623584604166922,96.78564034032357,8.379103353396559,-80.93483039918885,55.995432564831106,86.1412819328892,-44.40814447650532,56.750313858369964,-17.856440447984312,0.11956219339768381,89.84953154754817,5.874917657682047,-62.170459341517656,42.466730074749364,-1.2510039106722814,-45.00398864451982,92.04056365182191,-64.34431410896218,-45.14947596461336,11.739034764011166,-84.36576717036215,60.25107441938741,-0.8528710903368477,92.23254988114982,-61.26517129951914,11.021216656015184,88.64873419980407,-74.40683437040903,68.77715529424165,13.507186954422608,-41.17982431000065,-27.365214409031708,89.46212289434891,6.829501362153948,2.4001436506141403,22.69989457596293,-81.79624161429255,76.94149115206199,80.17649854798904,62.4611181084623,-49.2537786640433,80.6778405386653,71.56044408698205,-17.73224336416179,60.707779721545876,-73.09296564006651,5.83592308084657,-1
8.158750997108882,-73.48518450310353,92.17111535695594,91.7108015899056,-40.40508953067115,-75.88673011566658,62.07257450948998,22.809688154306528,-22.865024613186733,43.46502795293341,-97.60047050636362,52.14897079827341,24.179143135989307,22.012570044795353,66.95768091608619,17.04404071592549,12.661334986410395,-51.81925786582613,-56.40652245473348,-18.65370481034188,-64.85499703112197,-49.5253024011359,14.633991922592784,2.1351399006163803,60.30035708949444,-93.98851212616341,-42.31583314471299,-15.576431066186956,-7.302142622164595,41.242400837156936,-47.7191230868097,27.418174543581685,-94.64504711263557,-5.325801182614768,65.46864645648657,69.63903672633208,-92.1457239904301,24.615444301211497,18.54394975578981,41.19522826399671,79.482687661428,-48.72996138077246,96.98830206026926,93.13785158056493,19.791635863368384,1.2911131420664503,-69.04660313035527,-79.49777267512505,-94.74170579628105,-36.36413273530768,1
61.08600860919583,14.170605108862546,-10.633153896014264,98.93802599290501,42.37945006133711,22.76078512396016,-33.588374745711164,-65.42490093696608,67.67348638188992,-66.2370070800122,93.59230417659097,-24.66892470429474,-67.71420909161719,87.58017163727385,-28.107745235612796,-57.09514759200989,-89.20145260268329,19.208383930816893,-49.72741209591216,18.303455888444972,6.915207662655604,-57.35915753948042,14.610618587239358,91.39265253722661,19.522501487674432,33.65462898027792,55.69970466988488,-94.85819013082147,-50.50144204872671,54.122030591092425,-17.193088162398155,42.31764921592915,16.518157258206486,42.580727251187454,24.2393958246645,-28.59764139990068,69.25429489815821,-43.04943250264213,71.3603584402756,-39.49660566823297,-55.662314464378056,91.1418999977642,40.2453499915913,30.664742925774505,29.505528261731058,25.298079735729175,55.00313488638207,2.8313277133952255,-12.504931823634905,-89.33566128532391,-1
-86.12773982496691,-65.9074976836716,21.263389474906404,-19.67096455759163,-24.988211177378744,71.09566803206272,63.49764543819535,78.72281997408683,-99.29829906571132,-17.202121392358976,-3.5792733347074943,74.489687688678,-53.902256059908815,-17.359708495293972,-77.69584288055913,75.13908251979092,-47.71348637455115,-27.39109492575065,69.77745290255334,-34.54583546526324,48.46624339654596,-60.31293176405488,17.25124895701957,-11.648027046401623,83.09991908152736,-77.80197268984877,43.783913004180846,-18.587224698650544,-57.726426838555426,23.67583902065411,50.5312343359474,-46.925341323637745,-53.54587867694287,72.13584342669841,-28.189592891868713,-46.62382931210993,-72.7486707040736,-14.137002661580738,4.043859143527115,25.251750037679628,99.97641747384452,-78.0611371766205,8.860895608069526,-66.26206837857742,11.273437239494612,13.158500119707426,24.162839598014685,77.90078092156435,-16.36007872520888,94.28108501570489,-1
-59.54121016835927,56.15709667309528,74.97639348842884,-92.18907631748878,68.081019688906,79.77483212528114,-46.74207708203719,84.10567928937348,22.731093987736628,-67.70905206994948,-64.27777972567142,-57.12894035052807,-73.86002419891273,-11.788695950668625,-3.7118783049783417,21.455742450131936,51.0191145513769,94.65708865189742,6.021097712006892,90.0646734804991,95.64700424072632,34.983608690204306,59.85164714962724,-90.52316179033764,-28.36462123952272,63.646853698589325,-9.437637673725703,79.30570125126923,-71.38036867175441,31.775815706094363,91.96277709007637,21.07345423053637,33.9526546247408,34.69571786871052,-16.909809499650066,-26.318103052493896,-4.126505207901715,-72.96201820023782,-33.16195347822553,-75.06720672781886,76.54658927772817,59.91959964612306,-27.39024660889197,-54.845401432821795,-55.33298704676841,48.7464596843605,-48.462619134151176,-94.38573267617285,-88.01066471473035,39.54651656862583,-1
33.03944413924003,31.164153465478563,51.310532011563254,84.53899679087345,-5.625082645741799,-33.749750601600795,45.96566257904598,15.978648475099845,26.36890132849517,-62.599658841241855,-2.015848507763991,-97.48275696923727,61.81556167101573,-36.21987584904036,-99.68937425510711,-13.815579252599548,-22.497870594069,-92.58397427583549,-45.27838812174612,91.20308488682781,-29.823438446434622,87.02903876566404,98.8160838839097,28.418134495125514,63.308051239164826,-62.985972568635475,10.43021019919965,25.296147062214303,-13.325260008561273,-7.175973559351888,-57.657504576338184,35.22454905739693,-38.67005215875763,27.53219101482655,22.424185177388424,67.86433907985301,25.40378880489807,-43.1010253851003,-52.78277544647012,88.1238984937913,-10.341457290930151,-63.08290721020282,76.94508786322325,-98.49868935984728,79.84351378427084,95.50231594228066,-53.86705997891601,84.93389371274031,-93.18844305011484,-62.59994373259807,-1
6.258803670186381,66.35706003703186,67.97191453480838,-7.3348121766613446,-13.842906294246532,49.87975886538274,9.662824265131704,46.83576318100296,42.19124455354677,32.07320502268419,81.43974213260913,-47.70138685914065,-57.36727654696392,-44.223292405760795,65.76976073022084,84.74310557757786,-48.12743548539953,-44.08996994443961,-58.43050257915079,-88.85923934414102,18.536056772930493,51.573849068715475,78.71321901730909,94.65393735650932,-87.74734776464481,-2.099577825264859,-87.83409301518282,-14.730102378651225,8.144626031112693,86.25687191015834,-54.86964623759334,76.0842227729292,97.95899808709811,-65.5137133500123,-69.88466760429048,-41.51879727096255,99.95935763664207,48.814386800881806,18.513912668566988,-6.626001105578425,-5.760690397285259,27.012507649927727,24.68349065917117,62.02066646037437,79.71782024172148,92.95778211326834,-46.0201641934161,59.51401673241213,-30.816302319964592,17.804744466066367,-1
-96.37519179085405,-95.60269559213528,43.37683511945548,87.88672457923747,-63.8726898104935,-60.24950456628435,47.39142633393976,-92.04928535319188,-78.28522152230204,-62.64143057652565,23.30039639972074,7.33815862907889,40.39100569865056,-93.32118254983021,90.11009594411391,18.505129419467963,-44.483603256293215,41.1199199315607,-6.016713080563662,89.93478191460099,-52.98480466644524,-73.57915102274089,33.01368578789723,-82.49368250188338,-91.69254588845894,71.89092037956334,-93.41468103369914,-12.212631769206197,21.43985714840366,41.875219691428214,10.867361182695532,-59.57452726297912,-90.93315573547649,59.06324780644189,-6.2358113783339775,-23.146371381413886,6.477569790205237,31.08782506104629,-53.68809548463429,-33.12846478917089,-16.37384836766465,-14.450406442752524,88.3748858732011,92.38517895119449,83.83295291759552,-36.025601834894786,24.83592544407327,58.310272734773775,-21.71646998929748,13.536385046407176,1
-66.84509196734484,85.97409645877582,30.073112099089144,-59.241232940015664,-6.314011900949865,-20.670838828973757,29.439434458822802,80.93263394638586,51.64556551031808,-46.55960174924374,-30.79514584732719,-44.781759989455395,-59.64707588117979,-17.1605410483497,94.99645037996953,-91.0351233338873,-66.65824242153855,-14.250135644311229,8.139966099787983,-29.483296985758443,71.54282682128422,89.01696292232074,77.38949855224044,85.29606242077503,-24.623646783057865,3.5236148920258614,-79.31057821969809,-5.513376222393134,-82.56061465588289,-43.3840191288916,79.42539627682856,-20.163619104205083,-63.6577846899191,74.53424996790807,-26.303368118373086,71.3164292182048,-0.5356006352734539,36.13124475931758,29.9406685001822,23.610564703658213,44.938492737276135,80.31191945163513,34.86247522790708,-10.650907062997803,74.46315566165799,-21.32945796277386,-79.46895164528985,59.91749874179865,61.63811309155477,69.69303996482839,1
29.106871282104464,-67.48658626730429,62.08038817179667,8.758037985974411,74.07079986112996,-47.439824542372186,76.40035844293544,32.625180210999815,-8.763635768578439,50.03176070007012,-70.77772788370706,65.10440049602241,-37.50208337263654,4.76784484504816,-31.508778584752733,7.840931612021635,-60.31688876738714,-17.20359856550435,-93.3165697914881,-8.58920195284783,-45.41527641240191,90.45517651568883,-3.302408277609743,-34.82548862482568,-1.9418619495609875,95.60493872669517,43.86847789731448,45.679213816716924,27.58065592379613,-16.844736791436944,82.7593872262504,14.053218320074379,92.33958571988123,-88.64298495417826,-38.89349753430824,57.71512487463701,-98.38208622960603,22.606300928400742,-45.36719138166494,85.96190208349049,87.63217679158873,51.07037887496048,41.60952601575022,97.64542407608556,5.144775609595854,9.511932021367357,14.212954746808947,89.03613696724005,69.85220029074259,96.30850532341833,-1
69.99186610064106,89.12593554979941,-6.354719181473527,-95.55587209601232,58.507445222864675,36.710063411521446,-40.69254540279672,93.13443004999834,-35.64874994047051,13.82156892867907,-17.10138862230832,-86.58223438393861,15.945808173340367,-99.087216595491,45.6403581892522,92.11419166716712,91.17171132890999,76.70281103143267,76.280787306239,41.76319228193702,-57.11840823085297,-45.270869852153005,-85.83725395375659,32.24600385017578,58.632091165985344,3.8938029094217654,-42.32085553301952,60.14565416210172,85.14026428232529,16.637822483350035,-63.34949563772938,19.116147949450536,36.65779297894579,-49.52583156743968,29.675422470569004,-17.887911856487932,-97.14334968671051,-51.435510900146596,67.57878890365825,-40.4069177299754,20.431427286595664,-37.954978826715504,-53.02608046341728,-47.0156503659906,33.03348680123082,10.133833710012823,65.13437536110683,-76.79860050253906,85.87739172174332,-20.89930860455671,1
71.09211680220145,-33.024341972603,-49.98864829796936,-93.37330756135782,51.627692301857536,56.10773852790004,-84.06001533714887,3.2332732366518115,-12.9266134024286,-95.05721249371386,-55.37305402390624,-36.946119024341485,-23.043939594896145,-78.31081482102644,13.483260835393864,-20.075473145094392,-79.85543738252431,-59.33160655944862,-57.898907628092374,-73.4017816986712,-21.346153512583427,84.88590636162684,65.55911588396853,36.37715667016067,-5.997088984713301,-26.107237757545292,-70.37466396669132,33.963246751346446,-15.490977833690138,42.51497032926278,-56.17556482817705,92.25348080278408,91.22260948038584,39.04533306290011,-68.32492477964456,-34.02945494368261,-60.103533263362486,44.065562750201934,55.80951091185898,82.68863478837608,-58.80381121022222,8.154816753859691,-26.258343287518926,16.80831287375608,-63.23507112047175,70.58479033100025,-62.60729558472655,36.680743225821544,66.49057830527062,49.55821183363955,-1
-0.3488635473092785,-0.41028148354722305,-81.31362663150014,75.11527333354286,49.34997650306951,-5.151697645939009,23.90906802431158,24.00800734457684,-24.85656060321213,-63.420168981359716,62.47440274413211,-62.669086883410195,99.72577057085178,-48.54107734240329,-61.40178591994972,61.749510018892465,-74.19680937609354,57.71048271115404,-82.79210161370428,83.09639051989936,-77.56917862518841,75.67288442440102,-44.68973287068807,-14.962272250596115,83.57415131241731,-70.57827006851144,62.782137837026056,23.419603211366777,-18.781591786440544,-40.50859170899956,-76.91818107393189,62.63384203392647,39.07404890525618,14.923289199219965,83.21419730547407,-74.86791343037953,11.746672939499874,23.385502089884298,-54.74647000920978,52.34476103934341,-33.14862629299688,77.0683919791999,90.7943781994037,73.18021801014373,-6.86350498260299,-69.47334921217836,-54.472063381410194,30.622370371389593,-30.86391737310032,-82.5377917244274,-1
20.214833360046597,95.17417255670733,-9.73279345214226,-4.803389027890589,-51.431139399910464,24.24797856187378,-33.06300977937644,89.48086318714908,57.04632116846173,16.84670994183604,76.92842480896178,-84.76602904238,-32.067903680804406,29.060682223549037,26.830384906080866,57.476468232540526,56.14390492380062,20.428223953972548,88.80305282009121,23.306769792670437,2.8967514963188563,-12.435840206867141,-6.733504458378675,-24.309009383174214,54.61756833760299,-57.67557772395975,13.989677983713761,-81.78501227607845,50.41499037796444,12.392768258385757,38.55136598066872,-68.23806576745383,-12.963134876885832,-96.34825477271019,-90.15936758121393,28.22560908076747,-13.280013219445365,-97.73279483880684,-78.99847358954277,76.81795165736963,-98.97021638306967,-75.43514880439662,-38.40452104512628,88.09785485770024,-32.715730811266354,19.87910757708488,35.7722408667704,92.79862266489263,-98.55674241855019,-52.381877634311124,1
-18.97946109448671,-26.56607486099547,93.46383444611823,85.43675377586953,-52.909970874611375,4.687741772002681,-88.00518267062122,67.99848896505361,22.570120697547026,90.7906326232551,-40.156584805016514,90.61578111672506,-24.56814449460542,-31.143538261110734,26.041654043646417,-63.21255421908394,-55.95005841328125,78.20246999632181,56.58285119591383,-95.75408100596181,83.4778210105867,-45.827327098653384,67.05219450986098,-51.77119022505765,0.9146726603811857,63.6590582213947,56.67609431158354,-57.46629905711467,62.55496517008808,93.40729581013144,-43.20214884711486,47.9338711793969,-58.72866018319556,-7.50971070274737,23.852425724479474,29.402090028885937,-30.983838439451276,91.11120905102771,66.89157821982096,90.58138684634213,-23.665447429501,-8.469164328213424,25.683411400164175,93.03993034170875,-53.70407461275104,14.54148062231286,59.457183028844554,60.61502092321646,-98.69691095283034,55.066955061977325,1
-99.68697896170542,47.630150968337944,-77.47857019213764,-46.0727669566648,0.4475947376456162,63.250542306083105,-84.3941775989713,15.919291749268112,-59.857349621080026,65.6576785048999,-10.199188078498267,46.51236492575839,-72.97042961146556,31.764934690537018,-69.55505801013948,54.85305495950939,23.32592035355472,17.911087866475242,49.67113934098501,2.2467741484784085,56.267716084525546,37.88209791536613,-1.3316602010858816,86.44450035188024,68.56926971176992,-84.46397144848083,-17.304470458507097,-42.69140930527073,45.09151155918019,36.46595123458431,-77.1239198330494,-86.52622134785588,-61.43856076726135,76.14874946514837,-42.102955552343204,5.807807936318255,-6.62103875877817,-47.15327892877561,95.85674280605147,28.959177813545494,-58.09277154939536,-55.79904987424822,-50.90501112015009,54.43256987748711,-5.208951142504176,-1.5997836033984498,-16.63152063777582,-47.84529453678053,53.76468830608613,65.78087041709705,1
28.576382011741543,54.0875605584674,21.105854978254428,-37.48505458442835,-90.50115506353555,-43.12113361743239,3.2810275747058313,21.520247326751218,76.63047735590953,-35.854832334526336,53.84542865599096,59.07736482710294,-36.65510083771031,52.204177139726625,-36.7195158994452,66.40509338550001,-57.52126117800933,-68.97050374996425,-1.7410891341556862,71.42674469603708,-95.76916981635489,-53.914797853218175,66.25735694305149,-5.895107688291205,-68.78400265125688,-46.63395200328644,9.104429548755249,-20.957292485555556,48.256327480346386,-75.8735752385812,43.34600317191067,-72.62602747518328,23.00776807828646,-37.071274274711044,87.28015470225921,30.699339599997103,73.68784775955118,-17.45810366749035,15.409704578736822,19.079304466351203,66.05731087130866,23.77406533238235,68.74205291169307,11.72784974074601,-39.66876538909159,-9.007689892936725,11.862296424774215,-37.9304490732111,8.24416890828941,-18.74005477217571,1
12.68167289677082,-80.86197678839977,-79.68557127106774,-89.96623130026227,-10.035344856409552,61.75630922793886,52.90994719380035,-2.1547826258729685,-11.298655338924334,-20.791726406774075,-19.680378058426683,39.0999134853198,-33.49573936274804,-33.80355442211041,67.13760121127657,-85.31996120633951,-75.82494771358111,53.74135298312595,-95.84726615830354,62.61448957610088,51.043624373592394,91.1254618820872,49.067811229050506,17.22776338663681,-15.333044145246248,61.098702765544175,22.21313688583939,29.15453628383426,31.357307589279912,-49.91943595446722,82.8433280754077,62.06461778068305,-31.32862417533491,53.48037255840546,-6.932485038424986,-39.651961068737805,51.73110130259738,-32.71332539215814,-77.80732386315661,-16.695125054961608,79.47286064689166,-73.09731099407387,-25.42722444763956,-81.47093714795382,35.11688829420828,26.80423864371963,89.90723949675933,57.50828633935336,78.48089826799355,-87.6317828422873,-1
76.65472028524476,1.3860232154388825,65.66459372836852,99.39738017817234,-33.985839910169105,-79.83370422754493,-96.28488084697567,73.70082339137264,-58.87037886015287,-45.99432204261888,56.886809468644174,-1.4425255368736742,-30.83116064837658,70.71969491301877,99.95044619148311,-66.2151178368013,17.553332887132456,-81.411927765975,-59.368821706020825,81.34297566179794,58.583149182833324,-71.17674390017372,-0.6907295332868841,-67.36419224169666,-51.720011339937244,-85.95131583836584,79.89627207115709,84.16155673730327,-16.331788316075844,59.811197921404556,-49.40074629254052,-58.05882236709019,0.5473955084408999,-45.84625421292805,-14.709162585077792,-31.37317373207547,16.21305357136977,2.9563287308611734,85.00481217973456,-67.50363633013956,76.2622617678204,-85.25961068173649,-83.53966109039253,-3.8027855965712547,24.826234364757212,92.8204539017485,-97.12195149252211,-26.99112466996307,-43.95678316610287,-5.116167830200254,1
5.47992442453527,-67.56332551842452,-77.28909123130123,-51.30872844560048,-24.859845115583283,-47.26727738604743,-27.756676226403272,-67.23021064470848,-77.72335364264777,-97.95171580188668,-25.360630258617917,-55.501303295195,-82.179192403718,66.77207206710469,-45.85434726935196,-49.80298004985704,-53.800866107457466,80.22153344631263,64.72241360277775,-7.918588893457539,22.149888327817607,20.722726006962986,82.67085587899001,27.06933911617307,39.26098359102471,47.863669638782085,-24.784395682455497,-76.567257679974,-35.687954846409724,-33.74939358535423,41.26665173897334,80.24215449605666,44.728401212926485,-54.64683339699272,85.28939853364108,-23.058368698059866,-84.8716682063189,-69.19924406049049,-72.54657487073447,18.316710347656667,-79.04822399537134,-12.97326503536462,-20.979693161641876,56.03612046847252,-58.00725596065117,-27.246622152512785,-87.14944281294493,-99.27012828436386,-55.82446423002973,33.7628556321734,-1
16.67835895322409,-46.07399824656344,-56.001774620613865,-49.89078821377435,0.4129164003135344,-66.17248133550524,-65.63791821428806,75.83952704794379,-17.603758770294036,-59.46883759844211,-40.50187232789282,-41.67387562963505,83.85568991240962,28.137605607405334,-1.6492987719865368,-86.51527337783207,-48.718906016212806,60.76559233325392,-75.98932352235965,44.46998480138683,75.92469558497962,-33.30262955401993,-6.794127091915385,42.19512429296998,-51.136554322414355,23.924991177770167,-60.64874456982721,24.41289437894922,87.17741660391553,79.18560157305475,-7.891648228788696,26.99841382327996,49.16641620555333,6.7229213080627375,56.69203923617138,75.55240461324843,-19.679426347239342,21.021880974735538,79.20536871014056,13.770619005397648,-28.488190919445174,-5.126374934045046,-28.0160845582935,-19.446075599704088,10.91902717774235,-17.708910149566876,-70.90533120178975,31.742486704362875,22.25973306066058,-91.60883423032777,1
-23.676700178173007,94.57887787753899,45.97480252852816,-51.79405353281486,80.29551629400328,-21.336637776258954,9.06083447960144,-8.351563567346005,-6.759459126009105,7.696949586863795,-3.358513818829678,79.08313854723517,99.70492898987428,-27.99401229245761,-59.32450815916721,33.19362285550852,-47.84729905834162,-23.691116813618734,9.577863542844,-19.24218930187081,-31.615405125198137,-20.779311517976893,52.39763971716559,-36.67520926901202,25.952514921624,94.54819879295937,-55.042297210192004,-17.565002441869424,-65.29663271630552,63.9002346509381,-83.66080056375642,12.655285957124732,-3.701251976299176,76.72788068358298,67.79556953861726,48.566123036488165,-44.9465314534516,-46.71380209068461,14.719239532051347,-25.183708795698934,82.04541328396186,62.73900997778304,49.65539947319343,2.761938183183105,10.788320982966866,-1.9970875102105197,-55.710002153751084,13.431900584922232,-90.3080659253065,-83.26209103060809,1
-43.593085485738705,-10.896437101367766,-73.90887268972122,-53.712673907315065,84.06671233445348,30.3331991375114,-56.245805481132535,-99.5559355979609,0.8397396925116567,68.24119967163537,-76.70417002838562,74.44445384105958,35.8536884934816,-13.583054182444258,86.24472444182197,20.47815597649732,70.41287319199071,-71.27858119905952,24.784636762133985,-34.461639833663085,-80.01807327697918,6.041847133651345,-48.17520039169268,57.72849212176189,-17.059601077559037,42.18045328672645,-91.58874851983528,51.47003003475007,-11.87924899379766,-60.849248789780816,50.50898420282627,-12.919584834036414,73.54266565807592,41.75607279738611,-41.448466533602456,42.141204974492155,68.05371569283065,-97.02639434681026,21.308315694162133,59.171249151908256,-78.15330961220106,-86.75814256393663,-5.997287478678359,-71.08497931648093,78.85709110831607,55.006342151611875,3.8269124544538755,56.27184546890166,-56.36482187673397,-39.59832459294792,1
91.35996309685723,2.9142232535600954,-66.87598811796573,-84.30151510661872,94.68052178567123,-22.53105367284502,-35.28323735276946,-48.09533540457311,11.574551997827328,-87.46269851968056,-9.322530512459764,-97.60210428745368,-9.480463204481794,12.856255973913292,-3.954804483095103,-66.65536129086556,94.86701307024538,8.77530675041747,84.757297764767,-43.2082175822067,-43.444494574017426,73.09103281481921,87.666229766226,-26.909481357529017,8.427162078641985,85.23800857565365,-37.40689791735645,36.12624256484986,73.68325513880146,-61.642330816075976,-27.82474296478965,1.6833226872697793,-91.02950729471773,79.02522985274351,3.6678777034950656,-41.47960655932004,97.25220031204714,-72.15490352708338,-69.75449245127574,56.01581963819427,91.0906195540716,41.41034690563188,10.084489833419767,-2.1302923474716238,72.04549088221484,-87.31772537590854,60.2702100645634,27.16873206746743,-37.49383480428703,74.2008376785447,-1
-54.26464407927825,-23.77062359305289,10.206270536031397,-53.01874777375228,37.95092819554981,23.221241340575972,-72.64414899098108,-7.606828909916146,28.669033061307232,91.183281118813,54.62889026253498,-32.52905950062943,79.09124118758203,71.31237853692306,49.39195416385277,78.89683107834367,50.323096615753514,-81.56215809198798,-68.54799428991461,-7.746892896460537,-83.12272170680532,-89.26471337742537,92.17334078707665,-7.235270004797229,25.23001114517494,11.852472047672393,95.25717390143231,91.59256573264767,25.424203729231976,61.031275461838106,2.1388394811012716,58.505380735252345,34.95928394868423,-80.95991978801007,55.09822477336485,10.606549258885252,-55.0940573392616,89.6912093264319,28.918287734896495,-69.86783676752701,8.446211067121155,-89.02545143075554,-39.34267588634959,-48.11657966897871,30.39505720133215,-43.139241052081175,-84.11061518387348,80.07350105750325,-1.6193717129688139,-93.3491282663105,-1
-45.673363745126075,91.5670608897006,-61.44913562259209,54.36364242052815,-86.56700147888898,-57.54267824696346,-34.53791291093604,60.652002980841814,-2.436129430808947,-0.2576304631234194,81.29284273442545,-55.25639157195626,-32.370094211541485,-1.6487860182899965,-22.64648378410901,-8.65702788597595,20.626056653681076,-94.63508455103262,-40.357978949818076,76.93108590661302,-86.29174839254578,-87.11974467089519,11.039865858064914,-76.41694079747967,-48.53196182825565,-36.405079686987186,-97.54498871324198,-84.63211902111911,11.232689354062103,84.73485411967948,18.91396238248278,-87.09795012925572,77.24612540796926,-27.870572338785536,-25.1463077698036,-94.39219917621105,60.03675950181838,86.28833048106299,-29.12721507075338,80.33130733117983,-83.44655686684546,27.042835650720093,86.15820944841707,38.96458169683953,24.534085639833236,15.461242320394746,28.096390323668942,-61.599802374706684,-99.62429815250059,-44.51511502977124,-1
73.28463670794002,71.88691656671017,-25.526740354279468,12.945720079798946,11.062311457411496,35.66676594183812,-94.6008016489596,-64.35145038192927,62.76163769130051,-11.278529259195878,-10.135629713431541,-33.81620689732843,58.66627767711171,-0.6241363374993654,-79.14265947541183,-33.75536441970452,15.324997529189972,70.59777741260206,-44.531185545439115,-62.95497711792903,35.63103302844107,39.29354103757518,-9.39541835445641,10.97850305506553,-39.56121706796001,40.96710350282561,-91.3807879846324,15.530554703042611,-18.38610041151611,-3.5655128977369372,-71.81423076091338,74.30395273681393,81.33504094530082,47.972916229534434,55.43891573936207,-40.975407430751744,-48.3442702475666,-39.89005945946995,16.60874052244317,58.440152882449524,-17.235536163435626,98.24712110240557,-75.56024843822283,-85.43314111099293,-63.919171970660194,98.69879370521522,-89.91890644316054,77.88160720080353,-62.47248811788337,-20.877477360060354,1
91.13029964595069,-77.27079226065612,-59.03969501216662,35.910372457037,-53.133641606798406,-28.295564239430803,53.01247954229984,-69.55380864921315,-11.236916423589946,-98.2203186636019,33.64789857037988,-47.64844855070764,-40.225593964288066,37.50693742088063,-44.36814756610712,-9.003844723835726,-52.82086665074377,92.41755127879065,-37.402463837649606,62.81213138659311,-70.000329000684,59.646259980818,-84.6801644565331,93.61725630603738,-56.01627215568654,89.20383830903967,-5.268029854923924,-64.35681581453312,-29.056278924963564,88.4180696572609,-30.752482109357885,23.94265323796681,-79.8560098549707,83.60421279176694,-18.82610076319476,4.58255698264702,-21.260913585760676,-22.37243117622964,-13.604158797516689,20.930937681032248,-57.75049553855616,-22.221480912401276,63.34794106009514,-81.98896949514571,85.15061277624531,39.86939579115386,60.51166208898101,-75.08595525869654,85.32207185224217,46.88813223222067,-1
50.23560956168362,88.80825565618548,31.94630645215142,46.47358002946311,-24.610017766722095,12.050944903366783,82.14174661509719,-99.54938913287769,67.40143775167633,63.207250139251954,79.01465500070853,-77.12215143736636,58.44404414057615,9.784403358258075,-50.634023958257224,95.56106486649921,-66.31256551383456,-99.52267120103613,-2.8165451633838785,45.05245009581259,15.949989613860822,-85.80320528123131,-60.43018747700542,49.955212247683164,-7.916545955162448,-7.999762551036653,-38.5830258771078,1.628661154301355,81.6630216377217,24.21841519296521,13.552710096974167,-1.718847257537945,89.84757996433609,90.51637334377051,-12.482058756933043,75.32973397403191,-36.47636193715691,24.747016316666333,-58.00717036209615,-9.260082700494436,-35.036994633001584,-70.70369635727647,-80.92030533880356,-60.63830778007484,-31.08511858662544,-2.7957401460407567,2.7985770553572706,94.52146581141568,-57.99722559687432,92.79208212640236,-1
-39.34497048648089,65.51624349614042,-1.3111441434522817,24.127390424151912,-64.95449739659401,-66.44014656736832,-73.07446944251762,25.09469068332129,51.55949294645205,78.15850080810023,-56.9633915626425,62.400328755493575,-52.23176488390684,-80.67620311510655,32.886532379597014,91.85988585768476,61.074652227007846,-39.218146990444765,-74.25602443767983,-1.5380704266567733,-27.018737657139113,21.232028033929566,-79.06548023777644,96.67921351982761,-29.85201700135316,70.64363101966359,55.338053761525344,79.61716795399016,-39.05120273807978,-54.06578715069692,-45.020155224004824,31.414634779818215,-67.58544526175494,-3.4476028132134076,-8.029948136426967,-40.77694258335634,70.43329640929105,-99.50581961967357,31.736165864334282,-90.18327647993473,53.111987868288054,10.386473479725836,23.36286305450288,-60.227935512207154,36.434135500994046,-31.200018767962078,30.74954065933784,-78.55906018094473,-91.020754583648,78.2845611176457,1
26.742319953105806,-46.28857187587179,-6.565173329510699,25.27310839525157,46.49002317346125,70.40562796545481,89.48599963616525,22.06039483577142,-48.93407511831207,23.681553360406554,37.84140089824197,12.58909953395208,55.57747251219217,-56.125506921621614,57.38170033127162,-95.65842872862827,-81.04368217732087,3.001167174267067,-11.683448743709548,-6.790291281870964,-96.26177348686382,43.427536682127936,-65.14202864858257,48.132368995355904,-46.680083992758334,-58.565227783891416,-65.56011181377349,12.838290931370409,-64.09063361328762,-37.24455104316653,-50.211680825768966,98.42034902537307,-71.23942796779734,-81.71470510672393,58.394695210544796,38.74329828183153,30.61653335945462,93.00481895863462,-82.99033365148986,41.155355485735754,-74.88468886371697,-93.21631877156508,-90.75902618362088,56.43661135916102,-42.26767210587041,-11.923756329674177,73.08046700492596,-79.43849461380353,-90.11584190770714,-11.361024051140632,-1
-83.87691896607964,-46.9753477108521,-68.9197742521969,52.483924329144685,94.53375800671523,-24.286629962172682,69.59554344777129,-10.105397959265815,-36.232385033333394,-25.167313330274283,-63.475075771734126,15.657325557138407,-60.64575590747645,93.38314626812155,-68.32125940310678,60.353856418707466,-31.074778294285395,17.82144932755527,-40.36081051580651,53.531911923651194,-8.403928963012675,-72.83105285260785,-50.27795728087365,80.54268196930755,84.16481385712683,7.639711596459506,59.37680244691336,-67.99581444813049,66.65055796782457,95.18607448726422,39.069910244581365,-67.55657128631086,19.801490671151427,45.20929460625126,2.707948212336305,-11.997262012624816,66.94236772832659,-23.001183856439923,-29.589226403553965,-75.78396378913118,14.055239854836714,57.02457587939506,24.55730129661329,-72.94530327711652,70.28833827469427,70.10850763649523,11.000429746115387,10.072057111084916,95.0646393914964,77.63472813181889,-1
-24.00418420692108,-26.287506194457237,-86.08364329128419,-75.52703424679514,-95.98658091860666,17.872210399214936,14.464915090720282,-87.16828769297267,-19.526731396119644,-53.97480145796625,23.46069926059846,-3.0748731826566456,56.00285421639265,-91.18393517228355,9.8014216552005,80.94854699527357,99.4832102545439,-53.1720417634679,-24.05412613875137,90.61782840102603,-26.900718218048354,-48.12714067813148,26.77620191292587,-11.641780597577835,-90.66460163004501,-38.15240844322814,49.46786144304781,-42.46978067294731,65.05130312311269,-15.373677174412137,59.47665995378557,-24.612161576903475,-85.1263886708042,-38.202157837520836,-85.15631106193501,87.06552420990965,28.95105966075394,97.58751903830589,-57.16095641047356,-55.99664442894141,-30.17601382762878,-79.06632620886127,-26.19776115756946,-1.2003846183211238,0.13379530499500447,19.449413598640092,-35.060275182557305,-42.14562012545275,81.80133671032203,-19.732716731207404,-1
-16.836286396317803,32.6295658799645,48.06095815119636,-49.74816730657459,-98.05482497376113,35.995214032213966,71.84456078035944,-1.5206469416402513,-6.742822199604433,-36.4257799295314,-53.77008154021332,-86.27420146746371,-22.71857517409819,64.10074607446936,16.340170688161066,-63.489311745490774,99.22044714335209,-64.09640649456807,13.501225680510288,67.42232698594711,94.25820699775295,-93.03652694669515,-1.786455107491335,40.90035225156748,35.17054717622773,-59.11013300055561,-18.27734026301657,34.79838765903506,45.632639978111854,4.451591480419623,9.238034751794615,18.493587808935615,-92.40646029061696,33.40211080342715,-76.38261958428976,-1.50227842258181,12.928386890064743,-4.628261414985445,-26.842338493672287,25.63617209903397,6.927501382354137,-52.90375225372785,63.9485133437785,-91.92091408122698,-42.11601169550825,65.60731221682141,60.622693724734575,-96.80764334559741,57.56443820282746,-32.27315278793597,-1
-37.44440215792919,55.08190291849894,-84.46682764432929,-56.54424424657272,70.80308304118827,-40.57227608640657,0.776605099157095,30.506381243371266,14.638619318929841,-96.14131259631927,17.98414358897695,19.08001643903758,19.82628274759854,40.93376696835392,-80.05005719150745,5.772353550548274,-7.796428713106877,-7.8271997809113145,-2.224043637039415,-0.7308077278184868,70.43687989886666,60.949560950764635,23.41550360878921,74.44126710187848,-92.9523212710504,60.98627632693666,2.885237116454718,48.30934580706122,-29.3512902221853,-39.12914006630848,-94.73943477380172,86.2819507823352,-68.24634124965831,-63.852503625757784,74.59304866189933,3.5640994739705434,11.798045773275234,61.99368421362442,-69.7689518228829,-47.350119077437334,22.488771758077547,-94.79046902694452,90.75107799566564,-55.447763586400626,-66.78164870721932,-25.852556946409848,-80.05300197411705,-44.66162942279137,-27.798466382607117,39.014450992137995,-1
-63.71233046087461,-8.011609741207451,18.82092765508503,22.65727876662595,-7.10477085653234,-54.07748869605706,-50.92160801319861,-76.91344406513723,-40.391460875185125,-23.986289637512897,-91.08713282251901,95.98109864009771,-57.3542692337323,-72.07474612860867,-3.2209403179233504,83.86380059050003,14.346077574873831,-85.91619680650713,8.054880091160001,35.161043694083276,4.49621268878812,0.5300274818367257,-53.11678288769062,77.8984886897534,-51.65481549793245,-12.181542980870418,56.260350995763645,70.89560362310976,14.188182469214226,-63.31460909909299,-25.281682843795863,-37.174005133778735,-13.965406930173557,-52.40129573949839,33.72801108382427,-90.45478269094613,67.44958460386493,65.63664140681084,-75.69458243094427,93.08376732805118,-93.85517221782071,-72.27647846213026,-20.999985612542332,-45.96750482674552,-20.92851043479493,91.48398168503522,64.74794136380174,34.663403234328825,-41.89246503967199,1.0727164786715946,1
4.061540180758655,-48.50415670150614,-40.69968579521219,-95.53101324674176,81.28302652808785,51.879018359393314,-81.55630486422909,85.53162650647897,95.39546415160288,-55.90527152664224,-48.63003357815012,-34.99438033866784,-57.75241788854473,2.046198016193742,-22.058587408493295,-1.211596119291002,-67.74217721991383,86.13986407688728,39.336852384019295,-74.16573327127666,-12.159364477622987,41.03231281744894,-10.049990917945124,-26.748723271887954,55.53039861070002,46.13004407955651,23.740070916080484,56.297954193387596,-86.38106273216046,25.3064222909764,-23.074657635086822,-2.9669747204200405,-39.52297108854674,4.187033921630217,-9.406490220821624,29.869512884168643,41.18553648865543,4.082794415964926,57.778067777200704,8.272542120725902,-87.12844439242436,-48.00278986526134,-6.982007983047538,99.0296167861948,57.41044721410461,-64.38413569699438,76.97503411826483,-84.29676192958144,-90.51512872437596,98.93823806125602,-1
-4.982025426646388,40.22822627671539,-95.78386791429261,-34.504722657075376,-68.26896600738121,-57.03029809594642,77.76536944757015,-12.742811037935681,-69.63720228656678,-31.350156423596815,16.723834879651122,-95.9160899939401,14.256330644774053,63.65825567581635,96.56976742709338,-59.076585639961365,8.409095054994168,-61.64285535087002,38.05178842150258,24.832267465510284,-12.894765837275472,4.557009614240087,-3.890829235507425,-80.90211623165385,-7.982391715567957,-66.07588243348626,39.64805683693862,15.299984609745579,-77.54530186134114,29.23761346495766,-58.59377358974787,37.91759072275619,-58.684033199029685,91.151582009675,-11.977023335644304,84.6245782971188,-58.51190327173534,4.472123966301609,-5.4017676982540905,-69.53826793102375,78.14938361032253,-65.73999455210597,18.432096672309655,-43.15217285947779,87.13289710505953,-85.19655482084003,14.074009767048494,64.72206506334024,68.28310494832743,69.81586398739228,-1
-12.051902698418289,27.031397772787003,-83.35645945198591,34.50227385948119,28.198823225231166,-34.6411629784409,41.69246957987261,-32.8254275060424,-76.82315385467163,48.355707362200235,59.072783160825225,74.25816156376445,49.45969644312598,11.098572392364929,-64.48074492617211,-69.97622371520433,79.22945034328063,5.378571314376927,-43.447487817033384,-88.86065496395368,22.675390726097916,-90.30291648131241,-38.54546206325866,-85.75618618724543,-37.42966950706646,64.96003615004088,-59.78066043292329,-47.46003173227338,56.75525436250953,-45.62100545818755,8.202330258783832,17.6810896627142,14.83586622821042,17.499779072837754,-30.998973314939036,92.13759293999644,17.88605536850862,-88.62257758774084,-66.7862101772927,-25.07633953799086,43.648192367276295,-4.6141532800665175,51.64271802322355,-89.17913723185605,-18.977011989515972,91.07812873478244,-5.873499050715864,-94.48489418530725,-42.180692653728435,-54.00660679403615,1
40.77141832686624,20.644427131592735,-94.2284173327751,-0.6245216626408876,63.313441947847565,-74.47816344710165,-34.840056205901604,47.49558931349637,-99.99665274841306,77.84387508558473,78.15034062009747,16.508012438462714,65.53527099232889,14.602287046832771,-32.87716331234316,-82.43914262779657,-91.27193459735943,-85.67688905975024,-62.87447343726367,57.339891939318534,82.92184816141594,62.9195618399479,62.42797864528225,-77.35788853919124,57.99584009616811,-42.10217640706644,15.65867118146869,-33.57213717164895,-95.40521172051083,-97.37880309409431,-12.494259578757962,-28.017847351601375,-72.00537755517529,33.59377332994703,-80.36708784410467,-10.37106887634917,94.56972279729857,-19.352978623296636,23.84491997945058,45.21548275145989,-26.68094709976488,87.65858356759605,95.38426580001152,-40.41730555770331,96.15088374325015,-32.49974864735907,-81.25348069426946,-40.2139572875631,18.668558307790022,-16.163437069784806,1
-67.90747714575471,-40.309867770447894,68.33835361940075,-83.53070085084273,55.69536582324736,97.18831324441624,-97.55416419528822,-78.833960324538,99.47133559394663,-93.62819271884639,54.76137191006009,-82.0210105967769,-18.76415771976974,39.21053059768056,-11.827393924774938,76.7231976689963,59.71484648517074,-33.577789699919535,-76.89527943114906,20.965917214639006,73.14099932943762,-51.78323011007193,-60.66158254664784,52.587668310978074,95.25172512566564,25.83668531079462,-40.52867880268707,-79.00254567230722,21.756967965045632,-22.003202289625335,46.481387140577624,65.63711612027353,-24.70851816453829,-73.55217482369602,-83.07463232912289,-89.21453472198495,-85.12542654526756,48.74183150973849,-60.3233758502983,-77.53957062089569,-15.87731887826871,98.25516033538187,-21.844593724721122,-6.938816587774426,-62.53935199551495,-54.232326737939516,-84.31093384676089,-42.42708121716356,-37.88822240137713,20.159447122227064,-1
-67.39293261368181,27.409510700725505,85.24282107971374,28.24299804700493,68.72196582748836,57.475720718019915,5.420203829342697,-30.89264846086401,-73.6558582269112,-62.32081080058445,1.153327544174772,71.768929481376,-4.409135045598148,76.93951400857304,63.67190027046266,-73.38992043273855,-46.45405204145747,-25.00039580217023,16.94216145625387,57.81099990056521,-25.17354896177227,37.6836910399291,10.044342294757087,-90.69362552468856,27.547500398901903,78.09904556124644,6.447982747386078,20.471729518370978,-76.06321475971647,9.326477159507206,85.11757392876734,15.066167000275144,24.712560849736192,-18.21853939267406,59.07737460347329,79.20464104181508,-19.831096672492293,27.33504165628915,-9.824197068295163,42.38734004677633,-16.585310547452693,77.86026547811113,-36.24441338952069,17.323402148084128,-59.07610616022447,12.033611176267001,25.691616196102515,-33.83296913640075,54.40261962242866,85.48640664477469,1
-80.60686580691505,68.84191715524642,-91.97212236691796,-11.34853172813311,73.26828717007808,-15.104887785858551,50.46592387745085,48.973259897716275,-42.99917072184869,52.95104445545405,82.39883026900984,70.17841520415035,-68.39269949503681,-99.72606577610372,88.90733756372921,-45.82297954729144,-54.363011395155695,17.71525714464346,-96.61133785620424,49.63961806083174,42.04132566349105,-51.94881797929589,81.90266653189224,39.35705258826192,-26.55519128403978,-6.857212437485273,-35.15040090048218,-70.37325141449438,89.95976714171812,81.28886284286747,-26.70872935594197,-96.02409284143587,75.54515393768011,-14.084475261903265,55.87392390362467,55.202775371013615,-23.531860457078622,5.638317354216625,-55.62715015281392,-69.84515805587236,-6.056326313468048,-49.93955990418526,-95.51745083625616,67.73455691027061,-78.45883429999452,2.9527422844908244,99.32998582411295,-10.433830291694534,5.543318017567913,-50.957956731872315,1
92.69984817751765,87.19883580035554,44.431115863325545,-87.3969218614379,49.56647218697759,-37.904353376544364,33.277337913451476,62.59648537943758,-74.88278627464825,24.437586938620996,5.116692561132567,-88.03651497242203,-44.99353772625538,93.82965131184937,35.023176661266234,37.51148349590429,55.074426981342384,-67.15920437218983,12.763120994941616,69.8734710536119,10.483563866640424,-97.04876388836672,-52.53385080057144,-36.348143470499394,38.18688659679319,-85.49733807650489,-83.83818436943207,-28.318388066108383,61.48893009830539,47.31218808121437,38.008603082433154,16.895916445855377,-61.80243918782185,26.802193658689433,93.69288007258595,29.698339625477672,4.370324213396799,-87.23184038572667,30.095654013865214,87.61219282652382,-4.682549212139648,-56.064825238823126,56.15435205171707,-80.89478616826902,-25.942186648655536,31.55268268346353,62.35599063278795,-30.267617097089897,1.4126445205752418,34.27420911032604,-1
19.89222793174332,26.535406968271985,15.69465020037714,1.9755309520813142,-52.64554771921932,-61.85671919175215,-65.95843223236622,25.81452657235414,-70.07510394860066,10.464346663336784,-4.902977096461214,-87.36632273390777,90.12769923719338,-66.18719650064719,-51.84401916925934,-79.24975526840407,43.33738667650431,21.410490454794243,31.172461902148655,54.70124733800003,22.86344112676784,-21.096208798140268,-40.773675057162095,54.84137862768742,-18.67597983299865,-64.48743934440704,-9.69366437188603,64.09920313522102,99.19791420728751,11.09627532996862,63.2355614971886,18.466994244888156,-1.2126583528204264,29.01630109815264,-97.32976946851284,15.253376824216431,-25.864887074376355,-79.33171784249573,61.98728872430928,39.9263506327768,27.93769905050307,54.88291389213984,-31.02328918882226,-51.94839262371005,-16.747512551112266,-58.918971042901426,66.69450399074651,-78.33175216894388,-6.428179194255364,97.68924081441148,1
46.83025180832925,-13.405390032058733,91.32011355346151,-92.65436221881689,-59.99788211132733,69.422644698184,-28.639653973339676,68.92157340864989,10.863592684724722,-82.92334694145433,53.90171725433382,77.38045909837328,-95.55777409601527,-28.76860587275172,-33.160675611670754,80.11733849653268,19.514629396543356,15.618305726476976,-49.9993492398765,60.032641747474855,-0.16105467339890822,-59.58842046310633,-69.88858247934246,70.44661009115362,2.19972997594202,11.944157603990433,-9.848575242767382,-55.58966862147437,53.9084707088507,76.18364388021305,59.16478909302029,61.66082100498659,40.22715404634167,58.484851014077066,-56.520403301086034,-80.35928711685445,9.296637534053616,83.88755567626035,-71.79700819897504,-17.100076462888296,23.495070435857926,98.59086801966427,33.72305185280848,-19.33468210243923,-10.334458913565896,9.517526833187162,38.6661185692825,-97.03687499286401,91.55005204329595,30.88936137495341,-1
7.740359590542852,29.620425452214278,-85.13382552928397,13.720842713986883,-51.257660743762834,-88.71712546798173,-17.635129493211224,21.82954763685055,76.82901730586354,-26.760750089271596,20.660237525461667,83.79902822243582,-97.28670421539725,67.1740817916035,43.15636343392805,-79.14867617858113,43.766960400334256,92.67059179252959,-7.596604460712044,-14.622876381827595,-60.98337488130727,3.802473528543743,63.43911458132001,94.11560891950745,31.494149280630808,81.57981983137367,-76.19389057342639,-87.77064930057372,17.47224605690178,-96.67349034370334,56.32321281145269,60.69059798552328,-48.29334955624562,88.47488645128018,52.66262362242861,4.41486106401328,70.20210469516297,63.6291139572829,-85.62190537647291,-53.31084882418538,-97.53683181093884,62.6456832138507,89.60630357498084,-31.64149967775316,24.708116329041758,19.310641404952975,52.47301987942697,24.52469624753671,-20.55028785138859,79.34251195357683,1
-91.58136207272763,-66.22814212659293,-26.34744202561737,92.93711128936835,-91.57445260940096,-79.9294572187242,-68.22849280297768,15.958692139581117,1.7601506413013794,-66.2586043851005,9.22194292578095,39.767192584914454,-34.133446352601894,-20.524290072141653,73.1638811504177,-85.90164016763762,-79.77593269638288,-97.28354467712276,-75.87396613210927,45.92165689396194,-69.12250161262926,-10.619618141654058,69.7202126881406,53.4169392243935,-38.31113115997087,54.90676468684259,-17.434583799753995,-36.743410573025706,-76.25581487585653,41.36681891643218,-83.918658839571,50.21274750243862,-95.22875616447983,-4.748600927679107,-26.063525549748263,78.84525924169921,36.08549488601963,82.22672259526058,-22.88847682867761,-22.059020478298578,-84.95435918473792,51.757286641774954,-16.328488122476287,12.613393257460757,83.55413028301271,33.32760148100374,-80.04640567138952,-55.98966231862861,94.68834622086626,-51.452908876833405,1
20.759090589877545,88.4370908979277,76.47930695327275,-66.00074065039976,-17.3453645242262,83.20510387038959,9.183738075006204,47.16395380928523,-38.42972923724608,-23.958812313520397,94.71510333505037,43.80735683425095,33.041036498110685,13.183984349348535,-44.75112790490046,74.61749074124131,-33.64542302376459,66.53159814570836,-70.15937919320652,78.9122634347971,-50.304671723268314,13.752074880417965,57.504544681393895,-51.06761048375053,79.58744744242179,-31.188645713961833,-26.3380703942034,-61.312591989309986,-21.16319725044748,40.29460441288859,48.6815709402955,-34.65452419774759,26.551069537816034,-6.82687249884988,56.93827991905121,-65.62738775952263,95.78182762912306,77.10420583201793,-87.46267431587076,83.43725748276503,-43.88079802552745,67.99771661818806,-44.059402529916845,-84.48542409785378,4.8412833377927456,-16.009075154535253,56.29495516609947,43.6188599785188,-50.54484242721253,-61.7621940252064,-1
81.90969460242766,-5.441330939683397,54.67062269668591,43.17390871664699,44.99645184191934,82.24702593911917,93.63159004232824,54.74717691617025,-8.251780554061668,-56.44643277232826,-3.309927765212066,0.3239098531938396,-38.73541296756222,-25.71237599911204,49.777963109139336,13.514318795619772,-69.34512245478109,-86.75795202307555,-2.0882618852430284,-18.590018080428948,37.675775731244954,-69.90145992213425,-72.56030097064156,60.32287344015651,-95.22637162108919,44.68465976176549,71.80223090554944,-89.40150281904884,90.88355844469186,-91.08564800802344,-94.95498578601587,-30.953845670463267,10.526036287271154,2.663621434390791,-25.41736474230052,31.317990907094867,-19.880317923964697,-17.40018365112516,-5.628886269694576,89.428147172627,29.724692984721827,-55.613625367757095,-96.37629786596777,89.5155979742529,84.64137995201392,-53.60333894413252,-78.5184179899236,-37.63403293069993,-47.1089829868695,-83.64078444684819,1
88.10079057588052,-42.16434922871137,-39.1113102019252,53.5481619705418,-61.99814103374954,57.56885271940325,-65.34150270810098,-85.4773137263192,-3.5443945287869383,26.79399122820341,32.40965091083265,38.42183976440572,-78.39049946223027,23.086257666898007,32.160775166399986,-43.77902691183153,-22.428537252587134,94.63176194583698,69.33553902371088,-52.46362262152204,40.15785029207754,26.484642423852492,49.217154327770544,-26.81170512294642,59.15016337774139,-8.537740045663682,9.730831967191577,-43.94172531487133,-45.369274174317596,76.75901099863566,-1.2670797749064775,18.427918883050694,48.15652065422012,81.07620432188534,-80.78865796278167,48.594918253685535,-99.3252465759489,-57.4752183531793,-23.80133926455524,22.308516397607377,70.93576547653711,-86.21400572188082,-41.9046230683086,-60.81428263436135,19.188339861775617,75.73693407720415,31.77877596075473,40.294027319759834,18.23163244196124,-19.940087581121333,-1
-81.72170273364472,32.67252219129858,-12.710320235377438,3.967073431026961,71.46627402653189,89.51747995534149,98.99689613663966,-32.05345893099418,21.745517760107575,69.96874638070244,-31.871330422891347,-16.042247317800502,-14.31402225623215,32.64213377560944,-52.413443098354115,-85.33294109580585,-67.41717141740972,11.16182558641647,-82.47715086769304,-28.490004562709487,39.87677639370264,49.674898882111535,-42.243750114205135,-19.312687354141616,-2.7411199334807463,-84.53190150058285,-42.5805320685271,70.79027495055877,-37.75264456019607,-51.86054622180427,-55.10957693127521,44.699691747094164,-80.40188028966189,95.74108829583389,-41.074633335725366,-93.68472201453497,91.06516131916754,3.663812048424944,-81.15268520485061,59.65241164811448,-76.7313368779053,-4.153624461628013,-76.97843390794557,-29.713096117095517,90.55080081961759,-74.36487285320081,71.34604735081473,-27.458835727460993,45.090073228496436,-93.9966548920352,1
-2.071184793593474,-85.82565986902529,25.655891813042714,-15.493329023004648,-44.824024056597914,14.434375457531303,-26.606530291102757,-6.86636469676985,-79.05085821220368,73.90537880341472,-14.851487570137365,-33.59700999231019,-57.5765721816139,-42.1651932029349,-64.3171756936475,15.642792850012114,14.34075752272716,95.55967024368897,29.538437485475527,-66.12564652171811,0.9536577889738993,26.116627262891498,96.52921485821798,1.6276729670770038,-22.508703265692205,-79.10758316334994,36.56452622332017,-67.95993905523974,17.282750733960683,-26.11999360678145,2.03313001453958,35.453316221223105,-22.66105346249259,-47.74494086336585,29.929419775505437,-13.570857701127764,97.9384601653334,57.823705167740826,-18.356416081534263,46.66208564076041,53.825160828988885,-18.109563166038043,63.02005494243744,67.36803146115727,93.20264444571237,85.01859648669875,69.03824919268823,-16.325472303890095,-79.36468555397526,47.85973126403729,-1
85.90582884956518,-39.68262602528969,-92.4887860519621,76.45621900907662,48.75253485057806,78.8983089749583,55.94815435750377,-56.04937622784274,-70.32104844847623,92.60359936152125,61.04614786937444,-16.12042603568385,82.27151149839963,58.5195261083268,88.25338562563164,-39.29766007449717,-10.753814711911659,-56.7628271694329,-28.54528601315789,61.711962911240164,58.29230243739153,-9.735128941976342,-21.55794880291269,48.632262626546094,37.07219386438757,5.1586641780877756,-12.492238199416931,-77.65844133826172,-18.274273637109133,34.213730289736304,53.53969594007816,82.0466871879585,-96.16419705757828,-91.70260553181429,-6.591584064767005,-63.72011176164128,-52.78905857636853,-61.633699114466076,34.179556558271855,-93.8464239770773,71.80303688713153,-76.38662168750972,68.79014900103667,98.51321169081308,99.40078162260068,36.74435368282178,-98.82770378053627,41.17315976649107,23.37336384781979,94.9415796933734,-1
-55.13628822929475,27.489075743580415,-48.29874957043761,-75.36162239143395,47.497417233229925,-58.09411967549691,-39.283234012925014,-90.67367144452318,-16.50891083141876,-78.16925134552551,65.17592057154258,-80.8880112498825,-50.75564031907112,20.27141787059054,-19.176891402343912,-87.40897122780116,-47.198453255154234,-57.06545059272272,10.938924468713168,-4.4065135621283105,11.11029193226581,3.030881634641787,0.8077988173473898,-13.506050548986636,-23.734915360580302,-75.98699550293972,-31.726553128911505,-15.730581368068954,-92.99080598072005,-19.711734366532667,-17.59354285659829,3.162147612155536,81.41574647407884,70.32610385670404,16.70693793845564,-12.33340317646379,6.651013848548914,65.55551164019528,57.94844863012017,44.32528593887048,-69.8808946799452,-65.56224707682227,-58.18349603592563,-87.772799815047,11.79094509834593,10.562479116451556,7.616089082322546,99.38522915636517,-68.17558661693295,-79.36481354662727,-1
-1.4270831105106794,-38.752150954319916,36.55138494670399,40.50961611075539,-68.02626895257644,-50.980998539021584,-20.293501618312405,40.26594609773778,-72.87009514798442,-79.93789062160855,-46.8402005597592,-41.07155419112378,98.03947608978504,57.092595325274715,-23.751336804952402,-61.09342313739299,-29.694443579655555,26.650609336923623,-78.1130675725234,27.582825176635396,-66.15640127530153,56.88382638964987,21.026689257694088,-93.13695717292877,8.39006777089375,70.55552217378025,80.47755814638165,97.65185329246688,78.87687493615684,-2.2331069997808726,62.305384253047976,77.0127424799849,-77.06118283999778,74.74429590654802,-66.88458976362692,-9.086495630571662,-48.67828289890783,-22.046146385157158,-0.30779888429890434,4.982929295001327,-57.95862024624678,51.59990570712006,-51.77589331270613,37.33807011203467,-89.58251067579472,15.500824564474385,92.12256510956004,67.72473120562853,56.78787578357438,88.18551783536648,1
-51.69263165966365,-28.091371095999307,-17.627306922709664,46.7853447264973,-13.497405050690631,17.70839715308145,-30.068931892633202,88.82887695372332,-86.9845584890405,39.40183542386734,1.0581747130635932,38.42095456221969,1.0985006815855627,82.14971247307409,-78.75151937077113,-32.08134498828876,21.42450890273993,-65.16240753955262,-60.475713519563065,32.209117133705945,21.692999214618553,75.12247312807224,39.445326226134455,95.71763998287918,-39.12324330813712,85.04420606549172,-83.86197222955055,-3.900357905136161,68.33436306778373,29.398243350290528,94.54508926806264,47.376756677681584,98.3763991662814,-29.258885449615775,-3.056051733042821,58.98803800856419,32.128678357699584,9.711518298418838,34.85346736980975,60.12759086350755,-77.68615833684484,-5.225873299230315,10.3325631822198,47.996248865279966,-23.80903281956499,-38.431097418590014,10.649227600231328,-13.121847380673103,15.610500338981723,-65.2213842911363,1
-64.56929535547488,-80.01362458911807,43.853701189722955,94.58696250074047,-30.04087384111442,-94.35075875798475,-2.571105074969779,30.529754844864186,-74.72875686349468,38.993089170902124,-85.40640096335581,61.0766402723967,-65.860038909774,80.11497391522622,53.36137031421191,-77.89747905770179,34.7439485170909,8.97859889754777,-92.11690152704716,-54.98104425316392,85.32613103396196,-7.192499601920744,-0.6287015860221743,19.326751902689068,-53.70627099156149,87.78854152463944,-65.04920211033848,-47.962006546275134,99.52373730726981,13.517349676534579,13.60313029302857,-23.909710703513383,59.888850695216206,-33.421445466992466,55.50377601230261,-26.574165955662266,-20.999818265656884,-30.229339349185082,16.489781797921736,81.64758181369422,-55.6143836366908,68.94269625751977,-0.5127476438534302,-41.04575618728277,66.01299632222663,-9.43477393339127,63.68646474290151,-22.801563405891272,26.171086953077236,40.455132242864664,1
-47.95268040295413,60.51214963032558,-13.152660677720846,84.94791303989271,-45.671773851165185,-71.52510688147673,18.119558780953753,-72.70570587496985,70.9454612190302,-79.05630576626706,-48.38316373768335,-26.10153025104829,18.162534822106792,-23.78925471101931,-53.5675560259989,57.14740427267384,89.84977676584487,53.71853405125876,-82.81419193829257,-76.49056295309103,12.90973271793625,90.87124461388532,1.013034621408309,32.161984065846354,18.78024153714773,22.445002229294346,-32.965946988733606,31.628766545944387,28.88451966586493,-8.161905398399824,-47.07900461615815,-40.729717343384195,96.83044228246504,88.65573036688778,-22.105200019825517,46.505002373435275,-6.255294287536955,59.41047100705899,35.099504072027,37.33044348994076,73.83703282620556,-81.76592729989984,93.55480669410977,-3.672779851644421,89.3134945374754,-75.70657480285612,-72.6344078026886,-92.2851162133429,-8.05341334135683,-82.99994939327246,-1
-77.90517737372107,-33.19089031600808,-33.051293640127554,-59.34208891280876,-29.63641691597178,-53.84692290336568,66.86414240847779,-41.0147707155818,51.80064745403783,-37.43979525404979,41.09010511905535,53.85773795067169,-20.586911287748322,64.83114370957267,-8.182452069009145,-2.3868541002330943,-63.777098307597036,24.14356313944404,-46.15917431229657,-25.51771920031149,16.016990085272027,-20.534292582654885,2.534657209291197,-39.011268682383246,-59.33504606990348,8.290229117851794,-47.78132542874338,45.92573497497011,-83.46705287161689,95.66473435486682,-31.2310369898819,-0.1658415663327446,55.19483829264763,15.49952252449387,-31.92448013979481,-4.902275920544042,-35.31803885826355,-95.2382904376442,-53.46155842584373,88.84643592787558,60.96871584012493,-73.99933316743082,85.5621919714306,13.137280778459285,20.148342440709868,-55.19992922694388,-44.3407962486883,-3.5122970838652066,-76.37936345912945,7.16336622117349,-1
-27.146027790384906,78.1664296579267,74.23740927006355,37.17449104628804,-70.76906354515728,16.98749973564739,32.98971329092771,-46.942296928941275,-11.176921109534632,-78.69453324745524,-23.655135443998688,85.08307208491647,19.65831173642323,-4.697094745437624,40.30405573828861,-74.28995375143082,-87.9961605151467,-50.21163157695434,-20.287446958738457,-72.18089906910097,-75.62857314978338,-84.50999931198294,-58.43925958333027,-98.14735731746336,10.401906398828586,-93.03593303537419,49.16999707547234,35.96332598525353,-50.69133647959458,-97.19433031385205,86.58442869224285,51.73551735088938,-0.703027330323593,-71.22629790421489,-86.19404189669359,-58.53427191526392,-9.671265043969086,-89.18837094642578,63.93825726944834,-87.51470922453555,89.78468036923547,20.60333204924865,-48.94139167978055,-50.274948221976956,77.74570917252649,61.03676438531099,-31.973323435485085,30.915544331796497,32.497062024909695,17.06880934024055,1
-31.51040423305733,-76.74526394142387,-38.321081606970786,-15.365432094649023,49.991020220815614,-60.65189551352801,60.95187971810893,-85.11847970196031,65.36112929877496,-3.4689616373092917,94.93535802390585,-40.72543227693857,42.87402601320173,-60.6409906485851,-34.69405373926607,22.230221796443246,69.68619930596404,97.42874464109582,40.34522342401331,83.62236270436762,-18.679829548470522,-54.936809654328215,-23.712168024305598,5.8769550956563705,-81.79362933768708,-24.20679091969744,92.3487731838051,19.0568566908984,84.77055273565813,31.557317812569124,-9.447187449734557,-89.23868331255437,-26.843973816194037,-3.6146595837738715,-11.649672505346558,20.732745396523924,26.61452441664676,64.78350330915589,43.36294668332519,-45.273810836935226,82.85936846631,45.52654267087675,-2.4976625413762292,59.14471665403909,11.153690355182249,82.14646894219041,-84.24443251797473,-76.54767986554825,52.24939712872987,95.41923868627131,-1
-1.6810906517126227,32.69806902574203,-24.632887796766866,-82.50996869944927,-45.15847898795104,-55.18951759352999,-65.88568935876155,43.500607552778945,67.24937259999601,-56.8945378191215,-33.00182730685863,12.300833557981463,44.66015376110906,53.76328848512816,34.97884953139118,-85.18429354955674,-75.65990720851914,-65.1462447450775,91.65440012349401,28.549361217106394,62.675812562855185,77.6319234492228,3.380646235499853,78.84398777364731,77.45424763394894,-22.82578213645354,-0.1219708217271176,42.600575003521044,12.176423944234926,-46.50993851591281,83.39969307513167,-98.2457660816902,15.340888207678518,-88.07532239812889,-62.045550092991085,-84.41581502596787,-3.3036731282781773,-68.54143297765809,43.737425891579335,61.30840919589252,42.98283773220169,89.24239328964913,-72.50790949286774,98.46733288031473,-33.58899296962923,-63.08562508543076,98.65674859531813,-77.15828503185872,8.482285209639514,-38.083006410983856,1
33.80446746582166,-76.05064229989362,1.9748112612805642,-83.09347694128553,-57.97646275352828,-87.29890614366695,-58.09085247963219,19.124335566154244,-51.7941482487281,-29.9964781404193,73.97492935169109,39.900987434259406,38.13480426245849,42.312359147802795,-54.16996023310294,-46.27116412979322,-17.778337928732157,86.29740429042073,47.4055216172396,-57.13938827911929,-34.29027385749943,-95.45719181491097,15.113642042588822,51.29680402998636,68.00650089821588,16.376175826463182,-97.82565674149919,21.680965458823948,-14.257990401332933,4.302434960661444,39.879411222242084,-50.86865878471165,74.9561051117289,29.668373667253775,93.34816155568558,-56.21640305029809,-51.21279597125466,62.883696178864426,57.45407391037702,-64.56031041170891,-70.33652934037582,76.37792968734249,-31.356012676907724,36.701252560824145,80.81988549685582,45.720258358688625,97.97351203200918,-24.55583275671829,50.69419042860497,53.65398942303372,1
-75.95855417588476,10.83625108975977,-63.805387204399544,47.14808997868985,11.44971032370907,-62.59096726601436,90.20250286507266,30.192864414079082,75.52464071317021,81.50279567260583,-72.73471270012416,-63.239250710429395,-25.2642688471052,72.36387392511011,-75.79809246531575,74.80627268799381,63.912140962350264,-37.33714319189689,-58.25270454318181,74.19624388144476,67.61574997536306,-0.3788341025067439,88.10828323417772,-51.45846625628947,25.50013243433608,58.66387024187628,10.496318686757647,33.728851101467,41.523860455287206,-41.31846761160354,-13.453737812926448,-6.381205717055408,98.93635440169021,19.114116626673123,-33.73440616484129,-39.77594226171235,3.454368096226375,-69.04725094224366,71.36763767925459,67.62299607470129,73.96553833702427,-61.3392035284664,27.30394563766687,-78.03358188396913,63.216259973067224,95.41633880673129,-55.14679143864218,16.061287027302583,-69.29957500983666,-97.81025923862063,-1
87.66096368969653,84.44466363097203,42.824305480461135,-57.41480990347976,-25.857287270857853,8.002797251856236,-21.690160476837946,-36.786442007176,71.97993940667732,52.35045320720343,-75.5206092917143,-51.09479141026541,-20.018835131966426,-58.32986637627713,61.30643182265334,-33.372812534556346,-85.17138600968441,-55.63277982518442,65.66000864154222,-21.680190285449612,-21.32613497154037,50.29151002782794,15.305086204256483,-57.78884712111121,15.830333698359041,52.77104073166811,-50.84674695954226,-27.267237578513686,56.7233273913977,99.75127304787765,3.2827805350124493,-46.04985031335011,-39.55680285700567,-76.77050317079761,-90.83546009570452,-67.08573153786512,86.40676939819974,-35.40989128109304,-29.918460157787337,49.1830569261428,-80.32939265337562,-6.929821657970223,-1.7078716448175442,32.780239223658015,-9.95574427235988,28.608696451983946,87.90152896349761,64.72328864371303,90.93417958661107,58.38387461907507,1
-29.31572413945638,-51.969680795597164,-17.186276111911496,-99.94950910188759,49.60072979377381,-61.529505453528756,-46.682518038813626,-48.859773974355946,-89.11823443682496,89.20124485252336,-81.54387048161998,-63.53994668217542,37.585269149024214,24.513676211055895,45.88442772870957,74.38697931077726,-82.39094077317463,19.17926833568633,81.65774056085596,69.0869227723816,43.397245313928465,96.93959968173763,-41.86184359482614,83.22874105996874,-98.56261388070666,32.02384361034146,-55.855901235118345,48.06216511224923,64.15570872172233,-96.7774603099111,24.888149262389874,-45.887589803138475,38.08739498507748,-58.119627548639244,66.16208494856062,-42.83091742523679,95.08695673178781,-81.1764888778725,-74.76650140761032,75.27287087457208,-54.60107941800243,44.226578521626266,83.51077874583771,25.93274974522531,95.53367023922311,10.283189642407109,50.263240011917276,-67.25967975783114,42.057885477608664,56.22683557071022,-1
27.333936433441465,87.7438603955726,74.02109166882087,-27.435993905733696,18.137229276450412,-36.95820149605573,25.64444645819728,-15.882250429526579,-7.138196638401155,68.94183334305396,-54.52385528481231,-59.76066398001632,23.216268664571047,-26.98805665460094,75.62600281012385,98.32578157073212,-78.67606979956446,52.66490246670395,-72.81599127107962,83.77913076016995,53.169362836164055,-64.16436019617811,-80.31475107961354,51.56585201812862,-38.23655062639462,57.652638980204244,-91.64556852245857,-52.60264072576828,40.87447404797351,-28.22404312703597,17.724800698165865,77.01032611460633,-9.065894962899378,-38.36516836496986,-80.53808589332749,-49.27087676107262,-63.53531452677039,-73.79342683171086,7.958689794072015,-29.96660360953176,5.639967178108336,-56.141034176114644,90.04904058280721,22.068277080194633,92.67709781163694,-43.75883031156349,-33.75838246546259,-42.18807755642404,2.0152141004467836,-85.92383987325962,1
4.4486520109608705,-73.11331452609,95.65389719979763,57.12035848460451,-68.6655731304964,-48.511600975513566,96.8434029129547,4.385857725060461,-82.26983190117548,79.74986741101156,35.994497455611025,72.055796141895,71.74292940396455,-32.291296337263304,3.4253084626480614,93.82520332079011,-89.62233296102704,25.157527160758406,-20.453551984162786,-61.251431623417375,-12.40979818834927,93.21777535509966,-72.00124174649514,90.32612036363412,17.419647478282968,-21.078501080790275,-32.81179941886923,-63.47951696911422,-77.75972911514273,-6.002555546236167,-98.44549675579263,-83.01705589674111,3.1237346983020444,44.44986539016975,62.73889200606715,-37.761493253025755,96.05371141282143,-25.670235990852447,-2.3817925751737192,84.23272074579575,-57.036001640894526,18.882020560559567,-68.15689482270074,-20.533705847792987,-65.59294859978459,-98.98643507190634,-19.503623103995295,-32.32476079813269,-90.01567114745347,91.88698864821157,1
58.961909749985864,-29.858042401583134,-91.20567167570903,-14.390441611585075,61.98900183058055,-97.29113521511958,-76.4419408949175,72.15896905498212,-68.75517326305365,9.699268941227274,32.12193795905645,4.318300061678698,-81.99258351636996,13.412595354812765,54.06743306716146,-98.71277241234708,18.880749698871085,-92.98668229557865,48.135059482651855,-51.77836640129592,49.04910639223081,67.96534257903932,-24.57293049776186,-20.801111176832137,81.07381814461596,-71.88478732096577,59.95116227986475,75.13069486703964,-84.68916690667135,73.60484490481966,-46.67704194429063,76.5696972500927,-98.82387276185773,-66.16951138850513,-17.256580203782505,-43.4875880670347,-24.10300815366979,41.7036229770151,-9.485463248931495,77.00534247179976,-36.28347666156626,-1.128016749538574,-50.435601214190996,46.25159820369623,-38.51441617705946,-80.62907736235456,-92.79519990987626,-40.78604365443026,-56.400412763040485,96.08226418962158,-1
-95.51482216758897,-29.94552586613449,-92.5649423900708,89.99218017537831,81.84478590992683,94.75269000254335,-55.77828745031353,-4.6348587130329975,67.48179397568407,45.540664462277135,56.23981944999025,19.155399000347188,54.01298392835079,32.077687771841994,-18.228211039227247,-93.60945043054653,51.175033073881224,-76.8177236546456,27.892216486785145,-3.4959215100914207,25.73480190900179,-40.93635891851592,-39.91590920885526,-19.494247522708292,-2.8292397191113707,-65.18242574145188,-15.137584090784188,2.72770525120805,-49.61730917219602,85.82942020323688,-9.789718459793264,-91.61754979536462,44.22450128821879,-9.336884136582071,-1.7921225501407179,26.495961108798838,47.509025945808645,-87.9951045977857,-92.7486396130736,-7.070538213618931,79.39811559020902,43.057394389453094,-63.22969208012037,-20.00868398096256,-76.50201151188142,10.973297864401204,-37.50240439542865,56.7445409705866,77.9549695586316,76.94038990689018,-1
-18.20941111714602,-44.261136814294844,-4.424584575453878,-95.67213501096725,56.33624159192394,-74.6114936822114,-48.60168724843816,46.59175607703929,21.007224131039678,54.894252508498596,-64.52156871127772,9.907716201106993,17.779968153204123,43.60268604392033,5.517662070730239,53.00567648632523,64.0304904886481,-96.7633496982413,4.148228740158984,55.6062111634383,-15.406999556622438,68.82100679309633,88.77250240925562,83.646585902878,49.19672244789416,-90.91144144527432,-47.06212946307009,-97.29629888850569,-58.31045634907175,-10.915488904265189,-58.03860218263404,-2.8346291642364037,-63.834170583670556,51.75616141022107,-28.02236968996145,-80.29472068765247,-84.59100546603626,-8.909375824396363,-88.24139686575896,-78.73589859870327,-49.57141267540695,-70.99222113282903,-42.896311545534395,65.08693110224957,-19.498575101003325,97.57167709735913,-80.20370514211112,-11.796684042722077,-42.04476655131746,97.8460358780442,1
-23.15865740283995,-39.04781744053485,-77.55769215054542,6.082137595080667,98.71299987066305,56.16946896374748,15.634193094775583,82.12190992858103,-42.65461541329649,67.92990400562954,46.35466621531705,37.375435306594085,42.69804724724716,94.79246821966984,-25.197515225338492,-39.66875340207954,47.33057121649907,-29.56506046395917,-35.651109394993824,39.62926122421112,2.6587345534895093,-85.9614791034119,-68.54731763866744,49.90696358706168,30.46081103469868,62.34791942636454,73.64379571250538,-85.14728140013776,31.478484286758118,5.755394452483216,-15.053115928211184,8.679403852435158,-52.47996272688755,-37.07943859375358,13.430842488162284,33.299627581554745,79.52524942609554,37.665646910864325,77.83882725648732,27.533656647334865,77.1270432249186,-98.39019745787225,-40.16151689826513,74.69062793197247,-30.139169648570004,-59.89716317929508,-9.002240352614763,92.36388309498886,-72.09881943348799,9.154612224613686,-1
-67.84802079033835,-49.067246822007625,-34.18082393704809,-15.754053262900797,24.49037489806905,-34.18774300709005,66.3987615757975,-68.02059386164869,13.289469882374732,15.517780014619476,-66.85172169335105,-31.592516198390626,-98.68940120128826,8.186383831655704,97.79471254093602,-44.625916594906826,88.93545757751437,84.75920493868989,-39.77979970365868,94.07616395681623,-98.83662144942897,69.86684499309308,40.64232295482876,63.82640899760935,-72.33012284358884,66.57132462516907,-71.55577832362572,80.77968940154133,-65.71047748953441,-83.39862854607063,-67.35122950162508,27.274062156128906,-75.5687636889867,57.155260845391894,13.488346784270448,-99.62539113839193,-13.436865863997753,74.99891716919947,11.613685254881062,60.03098895938177,40.419815894523424,-3.824922686464703,98.041656085798,-46.58256847006324,66.69242156144267,93.38018837264076,-83.74139975709292,-20.914208653742634,58.488054805857274,22.635337996745463,-1
61.6240759128834,40.173139448776,-1.5766685828276792,-98.3027975833114,40.374670890862234,25.507297989075212,-83.55126454975871,43.65749763238196,34.133469197437904,75.3957968207699,-16.305007769990624,-59.14715307537517,56.050470703434286,72.34150191953134,-64.63674368910034,58.92971868336059,7.939559125556599,-88.27960082139712,-41.37531757437747,4.7787286954813055,72.83967108883442,33.377770248273464,-13.007992580462854,1.2333590100289058,-2.8588918442895306,15.011427507123386,19.3837596884252,-91.34525551740475,36.73602237335726,-54.97730599814141,-87.29338239083218,-19.998804050771568,-33.19064657082191,27.612893496388224,29.020878394336478,-29.350210352699094,76.9859189811132,84.00544429278645,-78.35930213414062,56.609892943780835,-98.35765081253464,96.17293219046442,-4.651611881880797,7.827318192850925,81.02049956268087,-68.10555630446649,33.14503793788259,-27.186918217663774,-41.474584915467474,31.418238246809523,1
56.364772668987115,-12.340278393366816,52.79940986390861,-31.007583048153563,-57.76790600744952,51.37937542177639,26.130536319370805,-0.22471750398256063,67.044685620915,-54.37519494653269,17.271992674322092,0.5807495823989086,-45.56334258058832,-53.94762687566737,22.28978977316305,29.455578993474063,-73.35318644720228,-82.02203836533724,-62.75233993707903,35.19132593692146,17.155136333165117,37.82006763561219,87.21898032078053,-64.43231099839949,-60.8602867965451,-18.311820017795057,26.873718565634206,97.54090863027389,86.97719268756788,-18.00073845138496,-59.46176630477302,-5.509292900155998,-49.76477175356357,-71.5452113334747,-19.65854122335533,-37.88744207998338,-53.585921938366596,-77.4750855923736,-66.60722792891005,96.84632240524346,-36.98179187858239,-59.171481174684445,76.63968875506282,67.74506992962006,-5.500049410285385,-2.2547010960643803,2.3237204132007037,66.83716520637404,-24.401423006376575,4.744109228551238,-1
52.20158469907841,-23.38612605469865,-61.531368704995714,57.641022214326256,32.82875144827344,36.46968529690395,-96.23795136752106,-33.86933878800545,59.51275732594999,-95.29172245074685,10.48305560439995,-56.955294898384956,-40.574753647152704,-93.22266946690414,-52.898270838267166,33.58458860663478,-26.07627011367913,7.937180914508744,-86.48707949807621,-66.65048061826293,48.29487920940849,1.8721953321007732,7.223292085257313,6.971391685299565,87.37058037858216,-11.202841099774275,2.9503390591739276,-34.97735531377366,30.6058260669777,-31.51207223350221,-89.5153160068773,73.0056039987698,69.43987849925105,-20.063863338577946,50.263766674321744,59.55632030442527,-34.52084427904029,-38.559747151093845,59.075726363438775,56.66318505029341,2.9775541166608974,54.0009878253224,56.31948731972901,-29.584696448927673,-60.33387515713557,-24.40032927492129,-47.6564772110359,29.968043339808446,-2.6225205023172578,-22.72652907065836,-1
-67.66571275260762,70.91373280652817,-35.26744379283994,41.39939272608365,-41.8675757303473,-66.14809515919085,59.178086646626866,-17.28998689092404,3.2905826775354967,17.07427355392666,48.178760667246706,-11.268028157996653,63.96346815220667,-23.112232051076376,-31.882771391206518,65.57725822869116,-70.22428175319354,80.7658027659821,96.33294074880021,18.893191139383276,-17.830028970788533,50.03914865441257,63.50281852479537,-82.4810336018493,-29.825277099773274,-51.6004134136814,-14.986969219731023,46.120893225849784,-32.87509816975745,-97.8018337828263,5.709975937736317,-10.195311591387863,8.563878534991986,-49.26207020702486,85.60101332929705,62.98343120991129,-29.175495644004585,36.343065089891894,-11.899820319489024,59.726027659699184,5.012382763758524,-52.40634494644312,12.609499128374523,48.213046250041714,-73.62117555365808,33.24494270761639,-10.912410185268229,22.278867507225698,-1.3198468259854081,-18.24846704939877,1
-81.58660278350492,-48.5762992002611,-42.356483408826605,78.40511380599469,9.537144605828814,-75.47000869501115,-14.17248180894417,90.11529057977108,-62.288179559934534,-67.82092878916887,85.546332509195,13.352777970137012,97.98981688596123,-91.36634092150882,84.7355483962599,-97.89795891279422,-26.670599998939835,-53.10780547879026,33.871936253414106,-42.79317767282582,-25.86614378059153,63.989504040925596,92.66071884593549,50.12712445029342,48.56381796665005,-7.871991291513595,68.6710033271199,94.75882517322975,61.92784444459579,-56.70701887302929,-55.475855842657616,-41.89004056813659,4.186902936763531,-23.73944731316699,66.0424852574898,20.03086832663837,-64.69872041348836,75.08428481820852,-70.06768892903975,26.38821031229439,41.506280226078616,77.61369182727069,-77.33512581707794,88.74078291579403,31.062332890993503,-67.22003705869808,84.31093483932872,-48.258268456236664,58.91599686565192,56.194433334067014,1
34.574333719615964,-74.61278846516473,-65.69740047039556,37.33197479665887,-81.65118982400455,-98.6819674340574,62.99611704191622,-70.8345631608384,-12.68410010265167,-93.99977896437264,94.98676490675501,-85.4895634454891,-37.72181419844356,-93.7711463978074,42.59184740809843,51.80578108330545,39.700827537951795,7.511210369786596,-53.47319622559166,-14.640955055729648,-69.89561623890717,-25.513544764848746,26.05872254033366,16.017251026403073,50.11751634985083,-96.59440816576928,-43.20943755103244,-69.64234244842694,-95.01189007048798,-98.22563586889541,16.017297985880504,-68.11991559403839,95.69568539436949,94.04976269501259,35.10372721558562,46.63094619895878,-67.46674848946132,-71.43948291559887,-22.480585436050433,98.84216239891481,22.32836580961701,-61.683625072004865,-77.86458438222789,-55.50411640237405,-3.5462177825756243,-31.468577516733816,12.167590007529867,-98.5095122892167,-81.89588373452446,8.774219313806356,-1
-20.477524289425887,74.03933809844844,96.26565822768856,-93.84941189805673,-19.872591162394414,-66.60272941150154,49.11680218255802,87.96745625149617,-20.19986427856604,30.31216057971534,55.5213535292541,-36.763465337324504,42.94311967213386,29.291269933177233,-68.19497088493532,-78.0758922763604,92.70776574953106,8.348985965446005,36.71432211538013,8.645329643884338,-88.23272533052551,-97.96880192261128,-93.37185816485601,53.52520431029424,-53.448617457217296,75.85388883340354,-42.68560457709085,-5.898899738186557,-75.21785727172636,52.04087270415246,-31.637959626840612,-12.331075431398801,-99.9446463650945,53.81011494235929,91.53064763798724,27.544224994047212,-98.10333816948913,-58.293863529949434,26.097092708853495,-73.88061616426837,27.58683718805524,10.640414048569255,-80.98458611445214,-56.9603442328597,-81.18561771898487,-38.142172987355515,-83.03387023004443,75.85029451166349,-70.03803598045621,-73.95967419169946,1
16.017766933890925,94.62894228538173,55.797701179921745,-87.59094791563409,9.38180385304561,-94.79347003527887,-22.601038038284372,50.44240539426235,42.594737928624426,80.4759824921118,-29.55674952651472,-55.73415007527402,-8.81449486330996,-65.74487943904867,-71.54828622538993,73.18359592525044,43.595239237154885,-16.73187240766923,-69.69456667013847,-97.4232247733836,69.05894907253733,-42.360409603195734,-74.50706365675185,-66.9640812395065,-30.237129427774036,78.0716373441756,-71.7261616592171,-84.08348577037677,0.9070291608884702,-82.14733264078002,11.755938047199237,99.10017754083839,-99.53889750521184,55.217477254540285,57.3857491485478,-12.034779904027971,99.74656753558651,2.158503061844357,-49.05844639009687,66.83324714203931,11.874956254339835,-78.32734055643465,86.93999964475708,-63.42539471227584,-30.659938381480913,-73.0524385308011,-71.66041412399844,-52.26425893325624,-61.865601435652785,47.07257026914911,1
-30.955371439661576,-93.75728793225049,43.9327851193423,-43.51913423082714,29.635911653074686,63.97787670783643,42.50511737531275,41.28190279361311,96.60819408340575,10.178572080961516,-30.462028982121453,-71.05556098324095,-82.53510099165206,19.529459308201808,-27.14951765347928,-28.12903810785201,-69.05706823715818,65.84212417236057,70.16646355591965,-72.12986370013634,-80.20388393761041,71.92601716625862,18.566470789868745,-51.795970009381385,-69.16517375219135,-5.855479345087062,-33.89099687892332,-1.3533393231289779,72.38419209817818,-86.27641968369252,-29.30967799523809,24.889108533383535,43.74990954436379,97.96548983521731,-57.65614257693077,-71.78448856314725,98.80372324187869,-47.06098639456202,-53.59619475796815,11.487228533305554,-89.860840827838,-7.287559153528761,52.77690243234298,13.68429031499059,26.66925757002676,-60.29297100313262,27.916555635896273,-21.48330239412033,86.44586766897814,-59.32264337978228,-1
-63.63646943253225,52.58977570231224,0.7931559650786966,41.913543279612185,-32.42857417261,37.3843815314963,-16.577931706878203,1.9146381652082454,-69.38052107075166,-25.28990221097513,48.21920071036757,-59.445184244765194,98.08243509207992,64.71557209383803,81.16565611702319,-55.15986668455031,-86.7169861229945,-33.65214338427403,85.52145771561564,-31.861515325601403,54.65023462460917,-36.616324454389385,39.92150542647505,95.16389125438786,27.309462968226114,-60.320826779255455,-7.615253976780025,89.39676030850248,-7.476230076535188,0.4190112077417041,33.96022724253464,-95.41804883093263,-22.86360580240398,70.8944782644142,-36.18137688352385,18.875752424498813,10.924934520136787,-76.74399326829271,-38.25075605540522,15.681460343804133,-86.10071966335688,-88.84027945337098,77.32150910425432,-91.95513897650672,-5.077770839903877,-4.903659844296456,-96.26816682893964,73.93660603785347,-71.14926771319408,-83.88118132174222,1
-32.55868488684959,-17.43212044821871,-57.70593599005069,66.21068817946764,-85.25116697176787,-57.04199225214914,-31.705773508994255,12.892805543033475,-40.0273100520766,-82.39259433116459,95.75681313987883,-14.794429260614635,6.2241801195366975,-9.779736059522065,-47.2185734058812,-70.79842801016412,29.587281333095262,-1.4928791263857164,36.15334503523158,-42.92925272299626,37.94788333502831,13.992618275128393,-16.512848673247206,64.11509824752196,-11.887760717194197,-55.01465718768648,90.76037729631113,-90.44775353270626,-76.47473430802556,54.09095255930569,84.51585171577187,46.29069439736435,50.7966701738178,65.56666276309795,81.96387241762841,-21.464736469607715,60.345574517342556,-53.27662998359926,86.55369294698181,-57.918184645528534,14.747805961411146,-21.94465501902461,72.86599108270201,-64.36859800513838,68.94385686991987,34.140519323002906,-54.48802757718643,24.075807023971052,-25.831973535222204,66.27678755718736,-1
-29.874613758163846,-13.576752639614128,-31.53854303449606,24.518179588504665,-20.99766599726061,15.719293935909278,69.74511409923895,-77.93542479510569,2.5422122952303567,-41.974825036426736,-0.33360653156924513,59.58444320728361,32.14907912724419,95.20092570647543,-5.882869689895472,-65.48847320618367,80.90382745085023,32.4400916871449,-70.5396468565215,96.36325275237616,-14.25300637123999,-96.15757673509447,54.23463495418625,33.989361634342316,-80.48866698259059,-28.628314816772587,-32.6426923237175,-24.74306326172966,-66.81964510939179,-57.7918168005374,-63.310972346376374,-41.029706269270385,-13.134290915973736,-49.80799106842333,-78.62297361301442,14.468550204352425,79.72926628798592,87.95467890335996,-33.19055465334148,-7.080981442987749,-10.729191196913092,28.693495075768425,36.450758845313516,-60.26043166804862,-57.04254374451598,-95.2994923238446,46.999046267294176,-13.402561557829245,-62.40638307890887,38.41246512709196,-1
-2.1094479444873997,52.080013457496534,-89.37587516019978,-57.806142057660125,26.604243907603703,89.77193003556042,-61.29654891876051,27.997845007148285,35.05463959072492,7.688356399362135,-29.15209846640225,-14.612800323258398,-64.18206148940507,95.42460976059041,93.14498050453636,-70.94695783754389,-15.066747389143089,80.33408419386265,1.756319182988065,-88.74277413493775,-0.9583615959469967,4.346128382435467,62.194591491555656,-29.25981259626562,-8.989781266402346,-38.01347127321088,89.61409533952548,-59.909172400307774,59.03813450625927,-59.412435125943944,-4.0844191088392705,2.0190252981607415,96.55497554685297,-34.48870238981921,-16.68520267533154,68.47687724660315,54.738320676634544,42.097389329778,34.850592728470616,-10.311293177604668,13.6950255582843,43.35422686464395,29.9657618063045,-40.857020520872325,-54.324106932210704,51.148861148964244,21.98562428874014,34.771132994106466,79.94721841139557,-25.778430775031836,-1
-7.180968109299229,18.59694955109879,62.79679491466172,-28.033593581488276,75.4023917885707,-35.50424925608968,56.14523313886991,84.21878210313966,-39.86426084327772,90.71974387306508,34.40382865171006,-32.62412663832825,39.464468976696935,-31.47116504855849,-35.52730059145286,69.16951914010025,-48.57607111125157,-17.770731080779882,46.999903954095316,63.353780309599586,-14.03944245284518,23.381555138221202,84.8745708797253,-79.66919081369137,-0.45712438190570026,-62.633262907562596,14.145512671545092,71.0696811271749,-46.637401977247485,28.40528552968945,87.23466026235243,-3.6865388398034042,-34.102242969088636,-80.42384617436926,25.119957268981352,24.50087008290805,-71.0532859604397,97.76796465447896,42.44481425866303,5.0340948500678735,-37.825267967317686,-93.03877372009882,-88.22050567985018,76.47952399583,14.154405139680776,76.17969676322227,-20.797412920357218,-97.64918893701771,-85.41692911467351,85.68450256790109,1
32.03947534354626,-19.006282524762312,91.12427595627122,-89.87972257563905,-23.556146475421798,-12.017911217557128,31.994200911735533,21.569160623370905,94.11385563152737,-79.81122202804144,-65.69862885806629,75.35065435382677,-6.8524298095266545,96.1433342416772,-30.50180352004726,-79.29164827347998,22.52371454930153,-5.312275406881255,86.321164764191,-9.316399600720658,-75.32026960198587,74.10010004506194,-99.82200259734408,-50.43981330856839,83.58308900549576,25.571286614828637,90.13859179694612,18.001244948003233,-76.78441244668429,-55.07876739203714,-19.850498328782166,-14.30112023377032,33.98461445091286,92.2048528055108,-61.184515990424515,22.448865040389904,-20.074842295022236,97.95223361059843,22.93258672453406,45.43430795065467,-61.65236794454911,-67.89893412780965,-52.657247831551615,-50.5490173019026,-98.17525125209619,83.55258882683736,79.9969456047954,-53.9869126837482,-62.736849370471795,94.77169004951048,1
51.027451134723805,-44.980223688175116,-38.04708336296259,84.00016694993099,-79.71837075249384,47.82090724174145,-68.39028347968039,18.268126663336034,86.519599356475,-54.371135085560574,47.390571191029494,-0.16215429215510824,-54.63514587056832,9.507822763934186,50.51584227457474,-95.79348698700902,-32.03528318661894,47.106967893886065,-45.166377809015025,4.100212867467107,90.53601607601124,-83.45082324921094,-0.9416392340304327,80.97946303585996,-21.452669034967116,9.046703577681043,-73.10405289142328,61.43583798781796,-27.910795050807337,7.753922722417499,66.1381451748943,-81.27343435884649,43.56899896185453,-74.12324898458233,-22.728397462388173,-81.19747496702514,11.54790164301869,-31.628437027023566,-89.97578338411547,90.4768832442021,13.519746827874044,-48.42506085957903,56.1241664418319,-44.49235230208674,70.0412272007535,-83.41790137218892,-53.17922081775399,45.73336347788532,-16.284617576649183,6.493816587184014,-1
48.718783235311946,-39.708762717866406,48.16187294654884,3.147220882873981,-40.47771505571478,-36.73014244739357,31.639759761864468,87.30308985280072,3.90743521134074,-51.56788713599432,96.69357350593052,31.357856010854505,-99.31072696771824,35.60214093755846,34.17783395241693,-96.87003737847486,-47.21652730860131,70.76793017747121,-12.024115506300475,50.557128168057346,-43.110558526852174,60.866688789388405,21.897161906464007,-9.897105512390098,81.24978835274399,38.08936335618887,44.34509876992877,-66.41836838899528,-79.60295673530436,14.611630055933375,98.92157246878574,62.258841092938894,70.4996653690082,91.23529165185477,-38.57395841263165,62.000133230007606,-18.771262944421977,91.98417928702997,84.40954862602078,-92.19209878918355,12.357152685048291,75.65435121880856,-7.674659915455308,-18.14574146243642,-90.16374075070455,37.046444925467114,-1.7445245702072896,-43.41587510279052,-51.97394695116273,10.839321252199952,-1
67.8199397599223,81.96472816641207,-25.147106429853167,-34.56435239613643,0.48044394143664704,47.781182294814016,-64.06854087947153,-98.4215547983898,35.209430118534954,72.97599532062068,-95.16734779848083,-59.30665926809296,63.07103850224644,84.34290042561156,83.30863700462808,32.36242589974461,47.07266742597929,64.83709655223274,-70.15121216047974,-28.993364659338397,0.171466317826102,18.18042790953993,1.6468289646500267,20.874038731578892,-88.21012027220125,-8.994532225418837,47.390225589540194,-80.86194200172558,78.47249745598256,-32.17526818421797,86.21130185277565,-31.13970535448962,-65.18411435915948,-49.47463497970004,3.1933986298719503,69.93641169461509,-51.682309242862814,-58.184838974209875,-94.796942038618,89.14814560975509,1.1468536325408394,72.01697583859874,-96.22186547217115,77.53955902192632,87.85339449744518,49.72184497857265,69.59028433923231,9.424158914514663,-76.08409628066042,3.075385567115447,1
-59.355381782782544,-20.541741410818858,-58.58303502245792,-98.40916374429187,-41.96927300800508,76.0916466735408,78.25196598449881,34.182121596261,-30.904561057594734,-80.92426029876293,69.82561175707366,-35.149721887241995,77.42628005977477,35.124826487636454,-15.180144816541215,43.90138026750125,-97.29883142162889,-37.26195743658125,12.763268168074731,-11.895043496822467,91.22313434171846,-81.06518408171851,39.4588670368334,27.957805917276218,-72.30861254801499,57.81914261012625,-77.20269963377044,-96.7484623039268,72.63482849282084,72.3563574997508,0.12636514360151807,68.16944537686106,-49.791471556354885,-38.73364703964328,-8.751346788742126,61.08773735687015,-10.853000502272891,-7.194874318801055,34.97628562258356,-10.123251486604971,-98.5207170173048,-63.003352209548154,-37.41464492374516,14.252286646950878,13.731569802991856,64.28987107870975,63.10239020729483,85.35122004084153,69.16044268498888,10.706178040035866,1
-12.774694172936663,-83.15739776458034,-84.65452561435882,-18.361383636516408,22.92932649658077,78.21216745050924,-88.08668492485356,-13.529081926584823,34.405479137029204,-38.4642868519937,98.6511513491611,34.34438619751111,-70.20076561728399,71.43126309845763,10.3247410640666,-51.934271262402575,-89.36812278296708,55.97335310024977,-88.77592999140384,76.52569549716924,-70.16298646882456,-49.83689899853441,-75.98368802268357,13.392423443630236,-72.71487769299813,-78.43714479715246,-49.24866139221744,67.3966842288917,-93.20221421465283,14.636540453058515,25.53872933461841,0.06843935364713616,-81.87263986025192,18.95816851743561,-40.336723804108196,-32.662104956873435,49.58750836566392,-3.397978120337598,6.9301459998070385,28.150616972356772,24.285196003127623,98.127820743694,15.043278825553145,-64.67873685268415,12.59777939466204,-82.01405803546133,-22.27666162079906,-75.00299193867386,91.2534934976938,46.111930415014456,-1
52.17026618615634,-65.84794330992287,79.8678818036806,66.19123551130264,-83.87774230675649,95.75054314390178,77.48096043054323,20.84587922990397,48.31250778170261,-37.62426720239487,59.43870939590616,15.578567756633532,94.15501946667976,42.879420141515595,63.58534726747419,70.9516462185884,-3.3357524091611594,-71.73885822041711,30.407015221694337,-98.66960030981808,-90.00157834659149,39.544219514487935,10.99666649819764,98.82401448589832,-85.8836052490571,-45.01739685503809,23.37309456984616,-56.803905489900266,89.45026856019439,-23.277434306114614,98.24200162264029,62.979675450754456,-64.6415920142565,-13.48909075011693,-44.22050853717514,69.81660503660189,37.0717341563643,-6.464365711088462,2.7964222853028957,91.45713134780195,-35.54784174558429,-81.08642868779476,46.99338788932175,55.74098005572412,93.93122904859953,8.827579990557581,87.48595072999805,-76.24518226492111,38.49055654395036,18.416427974713258,-1
-66.74332624878411,53.946283659376036,11.413186536783428,7.55415555892192,-36.68984010447522,70.97380495665519,34.68718029983705,95.57377695883349,-28.26707713008183,-66.80722161326835,40.08533672881097,-90.40396667636254,-4.983522278187607,-69.08481052424733,26.643058702327323,-84.41187873714048,-79.68979584431636,70.76477759086822,69.21688821822411,80.5236093463767,21.302530926508908,98.50307280684095,17.251758975208247,40.41878787884869,-51.629740223699926,-26.394464084286227,-68.8922010672603,-71.15352900898297,-27.778909645758603,78.18242078724762,-50.87623734893319,-6.503396396283506,-92.04828077491118,-25.698085882887113,33.00993280206853,-99.22204174390122,-17.38573983727163,84.56399750673876,-98.7572563126367,-14.458914563626621,-55.81077312133191,-76.18024170334314,-19.529688918297722,30.81697846233908,48.353651485933824,-9.593339559331326,-91.81777263860744,-22.020169683878493,38.13109697089172,-46.84784266299293,-1
-5.742566520367092,42.22436340305717,-31.23550174824952,79.6545328985107,-59.619569320012154,62.74771212576732,90.51913438931231,-96.50444232387905,-84.0596765927572,-71.9764658674913,-56.21746206402971,-36.584961800809054,-89.34130031752309,-26.697880725522666,46.66436446113272,-61.88653572656324,-48.54419675557813,-52.94517917306278,-88.28980984494372,7.787180865663785,-69.04644408871057,60.88673824802029,18.803931051788567,80.15256945848523,71.04678207194087,-61.26976444489303,-38.81280242759608,-30.378042210746514,50.010586045380364,-8.38322440197561,40.69142428419252,31.489081481795154,45.424718613078596,16.965786639619765,-41.1615677328125,-35.838008558314755,-75.13047991352188,-43.48670138637314,29.22048368609049,31.073671978643574,77.4724868473443,24.314970966563806,9.00010303210324,25.170153375012433,-32.812377160544926,-3.146194168009714,44.68789327618049,12.347245093837074,-53.725669334921534,44.857586329665025,-1
32.34373652879131,56.30462590661344,-84.37806224976876,-88.63218778403608,10.473964321825392,11.851602607868642,-48.01718758288982,-88.65448327422956,44.65259857755416,38.0585575677413,-51.55273337750577,2.9738686861847157,89.02729713750082,-55.457042113952284,69.22267738243289,-55.412772249854925,-68.26409308676725,-78.52742267072819,-12.793385158544154,-45.701936326603885,18.990022923951884,-2.2005138421227173,46.21166658285492,19.49150847628458,46.64528190051249,97.20338173028594,-84.60614250937357,36.394169459973256,73.13566401863983,-46.37127305780542,-16.326200997864177,-63.66235545999932,-87.82688868811411,-60.58557590477738,-37.65028698253392,3.1702252788504097,99.40369220209567,13.083515666011621,-52.42361520159338,99.96813501106939,-9.789361171370786,72.37894714869287,7.338025906670964,-88.94299544045958,-36.691047152314106,34.778866877483864,-97.65904378667076,-30.561415381067206,27.199420711091022,59.761847584922435,1
-19.403964246967703,-49.359767326004665,23.376814393278963,-31.676787506533046,-6.748789151300997,-91.1412947193164,90.82841421718098,59.88947824059494,76.97881495037154,49.88609985508708,95.43443283937992,-58.32343837084555,15.864345171601883,-54.76939952222053,-31.74820553526871,-86.68793338848239,15.379257231562633,-41.031834695574744,93.7404193216581,98.08041060140869,74.47210491950008,-28.46237556396207,-45.91455004340379,35.833099391146334,-63.84122165808046,88.41241207581311,18.990614007839724,-51.97773724648387,30.767492743435298,-21.370340134918237,-48.13668013957819,46.81262307347595,22.56781414210242,-29.505305436108614,59.902414741924275,6.167705782301724,-92.27730336256408,-80.7193351643795,64.91043806768343,-95.1370123344113,10.95820458854162,-86.23717293055306,-41.605080435813456,91.1270755394853,-69.96819032508552,67.22324197604212,75.57878657940543,-74.90569936219195,19.6487286309531,30.47568537557629,1
-63.67720644867947,-84.08237052559151,87.8961775429751,31.755535697540893,-39.58424014530064,-18.147543460046435,-50.51493298145316,-71.50785074791997,-60.191344070167,-37.23389879109686,55.4233829642877,89.93577298820387,-18.268943108917185,-29.081713567427656,37.842193983843,-12.029937839905557,32.740289291613976,91.07729470839828,29.36106496129196,67.37771499518269,-27.84308892667508,59.65962745964438,79.44099976540261,-43.2045373524609,18.841243717132713,-52.145115320935574,55.22451905079251,69.67569712122258,-75.07355276751157,91.90648128772642,25.387754497264737,47.716918424390144,15.937384025581451,29.801681102416552,78.01280481524464,57.17444621619498,-90.33458606559064,32.84948493705963,-85.9766850965139,-38.48031969819519,40.54122719147014,-8.881870230255132,-79.45371955494174,81.68634107467759,3.802850769003058,-74.96891012790545,28.704221371761463,-4.239596457482946,37.08449652921678,-36.50031503265685,-1
47.374748988836416,-84.29802630927803,-82.59328698168915,79.17338783157359,30.399028132714477,53.96323188753868,91.3117278161561,48.822418142279304,-70.54631516695761,-54.172158913304116,-53.15683137938534,-22.984309377715803,-54.776262019251206,16.864633353991593,-60.64954846694588,48.69628638019606,22.42813890962367,32.752458803961616,95.14493449639107,23.951349594538357,13.09188546450875,54.74266561544786,-72.09138017049888,19.301977108537585,-41.79927493120144,49.273479823739706,59.0773278607015,-1.2970792570605454,-13.620268188271226,3.547722534918151,64.0299042864338,-60.88347875339333,-3.2420962819573305,-15.218214008464855,-74.08205400527166,42.952134305013004,81.92424150162435,-67.21052513435595,-5.2777760483063645,-77.18163014082664,-70.71976479904178,90.27252006404998,-44.973274421914724,12.894209793376703,25.30603351801126,-22.498733332506845,-53.77614040860157,79.6723505862744,80.57877359967455,-24.150816786938293,-1
-64.29106758913328,-2.822878762077366,38.90839480745481,-59.109734753493996,-91.95191567787614,32.80432134399584,8.749128962682718,45.13671077944542,-55.886867888274836,1.6330543708689191,49.57244904972134,73.87508831422451,-43.8864483217652,-69.8152002690874,46.4817096130798,-32.570166231754655,-49.1465770830277,-70.3366640249685,-93.13565586630872,62.70351482268063,-61.22584921738352,-85.81993077215908,-60.15810770044363,93.65424477130111,-41.85962633941165,50.011776849095014,-65.94338047402799,-96.3832122527974,89.52850152735971,96.95163003945893,45.86048585657741,-78.48457365424484,72.39786267350479,91.8196366092389,12.726135072999355,6.208012388384063,35.362451726132576,-93.89439570399762,-20.586821977576307,83.81281879952377,67.98717046846323,-98.52518666733346,24.748870515975185,-31.931556948873393,40.272633336876396,-82.4446613712619,-61.82205539440224,79.66782463198126,-14.757789000457251,-6.073929060358154,1
81.07639528385272,-35.80059087182043,22.03571524732837,-36.442918282627225,41.275841980608334,-14.659019838974459,20.046953955980968,31.477787112714623,54.03825942250813,-80.62976842336738,-87.0672599555031,51.306492900412195,-36.00112398523816,-70.54559000340271,62.70160696624836,5.943974986963511,11.136750272767031,-11.98329503848987,41.452228893120605,2.642084828651761,89.68943433240804,-4.851043902528502,-78.14270478650111,-12.081207789479677,-14.834975788133548,33.46769830149114,-99.50498814766134,-16.091069298342234,-79.12038746660197,1.5278791286048659,95.73702044803775,32.17280670181589,-29.808606394692006,93.26184987049226,-4.738648128308398,-19.369477730818318,-96.0182725901937,-42.176319845789955,-34.54221011949399,-81.68733161076524,79.13738023953411,-34.920009745290656,36.956284786298056,-89.6910834051174,-28.807937821956415,-39.96093612691389,71.92195249610612,-89.67222418247644,-56.655551867323474,-59.691053749617204,1
5.930115671201293,87.6362345049445,-65.8879243986963,-57.17675131741289,41.718661524400574,-28.652746221578425,54.35607045699257,-38.49149428945038,-60.8620026460776,-74.28404216197842,-29.538958389147325,3.4490385282036584,-35.05508937428023,19.504082879340686,41.971867214576605,-46.79444733530149,17.730931555567466,44.88740398048347,-28.030992052748942,-9.584310799510604,83.1937792167615,53.378637243370605,-4.715700816072669,96.24161293709389,39.876796094400135,-43.38026197309488,85.12514383434271,-67.67542838801413,-69.0321972549153,-58.133665978403634,-33.79075322607963,69.41297320539385,-55.57187647186412,-72.44515732761934,-76.14490144022881,-53.025779578666786,93.44525154748032,21.337523862870484,-76.03105783739858,-17.90320198011723,-82.49862935650769,-51.86102919767222,-50.8751048551425,-55.78845123936305,36.65715763450169,26.65089671013176,71.91966927850052,-43.238088110836514,46.38667762889139,96.22075774047337,-1
25.17198314284728,38.58178220495353,-2.4803123900878177,24.439529256026617,6.043809564198739,-38.947514196517055,37.46754030978977,-84.22413670327116,-86.51099036454788,37.483638078904136,-81.57706807981427,0.33530731309082284,53.62845638367614,5.240868368796853,1.2242695875499692,-64.67143790559247,-21.06587282805718,-45.44926982583091,-27.965275685811747,-59.66305797602467,45.36501528327116,22.632857571213066,46.56645512096799,-60.421763080785,-42.46871846785649,4.626179717810743,-80.63835400202979,81.32077489766661,14.792764997734892,-5.278756424461889,-0.049390473724585604,63.092910981068115,-90.63029933964219,-40.438947029382575,-99.12575000627453,68.56137789338788,-90.4513063422486,68.72583401202087,95.23025145946747,-39.61979287742123,48.9741659081358,-9.83572835294531,-28.72379675565749,11.362853750608153,96.0875218941269,50.27180517649967,-62.20060169581421,-99.35281394439804,50.260064918414486,66.53454046185277,1
-86.47748728155702,-74.18697503418741,-29.711665305863306,20.352888422093855,-2.0688284256603424,17.228286648473556,-24.226664171170455,55.669481523545016,62.49822752185912,-48.762976942836225,-26.058912088073868,9.492253952879935,-2.3671569103008068,51.55738302860229,-86.6851811818539,23.89244521748168,42.39846731153355,20.595645701443033,-37.71605157657405,-80.32139703889607,8.335440100794457,-37.254323877722626,-54.41271901531843,-75.65963648861913,53.30911543618615,-90.92707641835139,-83.39205481868285,84.51262848213821,56.99106283224074,95.55940253429964,80.2437089250613,66.39533066959723,-61.34892702467205,-17.617533846887284,48.785434812761736,57.56409971610191,4.824924724653741,44.70223972903395,-3.7017561337530367,-35.55160490035094,-54.143579669847995,-53.67782616819821,-1.5956252595084237,-80.11391121566916,-52.92743787104377,86.0045676499266,-53.60106131593725,-58.10274273499027,-89.69724069610857,-6.195681949535569,1
59.75664715473309,-21.16190108001841,60.45776327273751,51.50539882656889,-6.710582048221767,-63.60087572917814,-42.99935358250202,-27.185905827013528,21.907630627589853,-59.487986413111486,21.994918503208893,-58.94091419006256,28.100411976181988,50.44969140317377,-62.971594850861834,28.777516053793107,-2.049825542003788,50.74309220059786,-12.099291129094695,-73.20555420415198,12.11735526758369,-69.4544659421344,45.474140737138924,8.79009508126218,66.16784301750724,97.58527997852778,-2.926247162987437,53.79807867950112,46.06972597240079,-61.69972522926557,58.393485314677235,-8.008573672583765,78.95115965325073,28.38971330413773,-13.009564156094783,-26.432847507687057,24.580252833254562,76.19791597965173,33.42456100994252,37.126814985565346,47.545653238844864,-19.764026095119007,31.330818140931115,-7.204353842211077,30.549564293441875,1.4340517139500548,-60.58547169682604,-47.410362221488356,50.10852303429107,-43.996217613684216,1
23.643612663252213,35.374455165515286,28.355080888202252,19.10052011456156,-6.287724773317493,-4.703473165057062,-60.35241488459413,79.73744545548135,19.54801565158239,-12.255496559044985,93.41739399136472,54.0607913893744,-72.93212982059507,14.57712698571116,67.58189488709817,-31.09217865958938,17.660859197231332,-1.5993377299457165,1.035904264185362,-79.820556553815,92.38304210784489,-60.18112129254034,80.77332802412627,91.13806057652121,14.65401764971017,-51.47845724166251,66.73166792682349,-49.165196839408296,58.949926963262186,21.206841220965615,-85.98149030227884,-94.32237739097495,38.9834492552381,-9.560529351566146,-59.50077708978447,-83.07274831318037,-66.63257820148726,2.6296778062465904,56.49499233366208,-45.918501174729954,52.35496547797828,41.36108852823702,-67.89071642391262,90.31041588410707,-64.46626533476775,-95.15119502231511,30.887353121039325,46.76496492935527,-42.41037109013768,10.632221845022244,1
38.93929417088535,8.403059695945217,22.928563786977207,-21.30388988227476,-93.18042766664935,-28.90839990350507,94.35179518424323,80.51609898326879,81.23654310010338,88.39383714317538,0.525536897046905,53.92913387432705,28.688144311260658,-11.692673631932877,-36.002939080563,-3.8474839008082427,56.93868382710235,-12.90283452073308,72.44414204868292,51.82087279221764,96.04108144261883,-20.10933483724378,46.55574650531835,-20.680426636209617,62.059674851160054,71.45745429902078,98.15716857200539,64.71219452135378,6.338042547658645,47.830083715852766,16.095117034840214,-80.09713231750038,-13.361245188140074,75.67232436873854,3.213517591776281,38.25436711492429,-83.97527774691883,46.3412267103549,-98.49603831413852,-88.99918103853331,-49.28298517238818,6.307083778435654,-84.29519202801163,-35.87466892357844,19.180609450025415,-40.29840334476693,13.05830389712375,-27.687368111708977,25.53912542413144,80.2733927003689,1
-2.364464937837198,-0.9364706132182476,53.21599982364424,78.1515934017983,-55.446824716610024,-42.63548480795769,-14.767068417636352,-58.21671663154464,-74.72889639712804,39.17235156045854,46.08602981020772,97.11655325581802,95.15799321713757,-52.87027923738663,-95.71825296097461,96.17801562576312,71.39800508963924,16.14673489151714,-96.43116991122615,-32.52984830039571,86.32763032532293,-30.670856045708163,-58.76099176574907,68.66817570865715,33.28974410618318,0.7850237766722046,-4.1774793911624215,51.978466307212955,10.350786812964301,65.6174662964493,-5.720131064557975,-41.0980945025893,88.66820734480902,75.42750889673678,-17.880500269894767,-56.96523043763988,-57.78879961436054,-1.4906838706868513,28.56487539684983,31.06337252642811,94.41604238348316,41.961404201288076,82.52891959465728,-52.57529270959391,47.71192206884115,82.3855753891448,59.07152815311133,-6.981722031592952,-47.80305355901604,46.81116929061869,-1
85.21191196365311,83.46978030134977,43.09683595487789,-82.47152423405197,78.51675527792406,65.4467345608285,99.04096677966913,-0.6925019834785928,-93.66317889169058,-96.60637767851262,85.96667234568955,-35.806385415869585,42.645868644371035,66.81924948755105,-26.655680067030403,33.45689731560901,69.37872861806719,-9.503451210941648,23.33667532054963,-68.65333422647106,-18.911818590105128,68.82187374781597,-62.756425967337215,-24.60501519344325,-30.275473054185497,69.10369424868745,-95.06959740419335,-4.217826674174319,-68.2423909874762,-37.316126920207516,5.162250370691183,98.98325655644774,-37.15557867910357,-86.30887718843229,-41.92513725662972,-73.51719399373333,80.54095705365211,12.586053770243907,-44.36268484290202,49.53241060850476,78.5196539210466,38.11193497696206,44.111772340777065,-27.269168078124693,-24.375526551674696,-79.3567069160811,-66.40597254352203,60.174413485201484,93.12740215465155,98.17105881437857,-1
67.77961728918683,97.23535945673896,51.50196456370119,-89.31666561309788,11.730602386001891,76.18465981764768,80.93212260498899,-76.7036051387881,50.482391043077484,-72.4351806455464,67.4648925928544,83.38803945101316,83.70460730117367,36.51972587795515,57.10704017283621,2.6722223847353206,-57.667756168635464,-1.2871425918544759,55.74964860721849,-86.05866318153801,47.79428448939754,2.4501864765619814,52.75549759355175,92.78310050696157,-35.269681948508904,-41.763776048438906,-91.08648300821586,-84.89402777610957,-65.7664225766555,-47.93735909298322,-19.219440624897956,-71.76979352524702,18.99806279077447,3.525406119101902,-30.07561947197634,-92.73733477308961,16.575852505038284,-92.95880331243784,56.797104568087434,58.317403771467355,0.8643838532306489,-60.87452602613168,92.40723804717015,-44.738291377686345,10.499594201228504,-81.96708830720638,30.108309269409915,46.315015387032844,-66.39188554210993,77.84537153863232,-1
60.30742237659791,-10.083329415947546,1.5788419062555192,26.770580176708478,-96.67675465456789,-24.57498002874958,-55.20868965249313,-29.307800465165997,-76.73285551824412,47.10769922998958,-25.064577361077696,44.385749340736766,-16.794549479344994,6.5580950966348155,89.45894176930662,-39.49850661340128,-96.73485407156888,51.44049954605535,18.80558128523711,48.01196312494332,64.1205852701583,-55.54424666703972,39.78553777425401,-2.4398167448943298,-10.473640237177591,71.35260308090778,-90.81502039006908,-97.76331786273289,8.203978308521087,24.98132403057039,63.711983127181014,47.980080411027245,-26.186922397239655,56.737004897667475,-23.518097957273667,-25.89239308131536,28.82681147615648,28.351750950037484,-61.36784041440264,-13.95537940466096,-18.472950492350776,-90.32788296243376,6.78620960792928,-62.01174873126853,-89.8915481391826,-38.62644058943949,-82.80813076852723,92.47511467037248,62.18667475530191,-95.44599870462534,1
-28.901397911728523,13.177721020351797,95.88410273551992,45.402490939944784,-84.93753530857404,-40.849660547294,37.762264305751216,49.323626326725105,54.00088265048652,43.921169922132606,-53.34582805115957,-29.918809178567926,54.18125539380739,67.61070867354488,53.050773658232885,16.686916662200375,67.01846805496021,60.355920011345916,-72.95089061433461,-13.067894614394888,68.64133024449029,10.388262833542882,-15.451404990061832,-41.48320291415863,47.700659377065364,-18.601153639262378,38.97437997837582,-9.151911845341772,1.9682882854870911,-75.05927514191313,-84.44425636512038,59.864604573345474,-15.735204892927385,-63.20397351283735,63.819776483155835,70.8765155677325,-23.295988305209534,58.05357408090401,77.08360550106056,-36.33583499656334,-50.51280424829603,-35.89714726775864,71.0085681254765,8.368468348404676,50.082641944260416,3.7656376311683886,60.77421205356461,-66.62189415012367,4.231707922977208,44.65466934631749,1
25.911539378347314,33.60389050251197,-44.52483733333972,-34.54852526006715,15.966846734072632,-55.03750366023079,63.321018812320744,-82.89578144140243,87.19447503034704,-58.19648103255606,-35.97791476878032,-89.64822939379742,-44.67012134688086,24.246149283150785,-95.12290675269517,-21.62101774571839,81.50482637523842,11.21890168624158,18.576890109323642,-15.181583317421527,-11.418870006665415,-19.29255686542311,-4.154237528237957,-11.884074590731643,2.5650070407359493,-67.5953824324621,11.457628543988392,-13.612231781423901,-96.41559540276549,-2.3792553806326,-51.79320425017695,54.88291800469142,-78.15905957876095,-72.79618741685844,-24.292113137671365,83.686786801121,-58.437946209842664,14.750861159247037,97.36361153176304,51.54014679171013,-83.14548516670565,-23.092824799856743,-55.75273883007146,-87.24992808727347,-10.680853531040114,58.842989575274146,-6.909707002582934,68.90598564766293,-25.712612477388433,24.075945503571617,-1
-84.11868307139409,73.37104260541321,52.57109557927433,12.652944104124103,-57.98500864198439,38.69617527147568,12.069440584840322,7.104702151074633,-4.873848887474026,-22.364787883037593,42.16699800954851,-31.391045467202815,64.48249506231085,10.312907539213583,-32.039471919279165,41.42455942876626,77.93874893464817,99.95084447738418,76.49273041752068,-98.61398101066297,6.2223977245775615,62.92530612793172,-82.72276995734893,28.417190119877233,30.159655264522172,74.67101455887806,45.19453097565372,53.266074146949336,64.23184943567165,-18.578015133110256,99.25371567429062,66.97651397330014,-11.183951211627033,-80.97936639150814,58.634547256525735,75.71235043040275,66.1516275684966,16.62935573014383,-62.18389289683759,-48.82633210036664,16.311450787841935,-97.23342970670102,85.15407624404756,-51.79420869304945,45.83929469232021,-13.789340792399017,-0.382459530486571,43.643534589338,-42.98304104672395,-73.27872052051237,-1
66.27470287714198,72.55415549184511,-79.09848747145517,56.04131444023818,64.22842537973591,-72.30708078606483,39.555419196197704,18.701428051739995,-66.02918266971515,69.82685941478812,83.98404366920815,6.1790865619177,94.95215470574578,-56.711729521213016,27.10301692563155,-83.5627973081875,-32.24850852186822,91.77259770813322,-38.399979446917555,-2.132662632171531,-39.47011156290119,44.14420809248668,56.00570682800165,-48.43532954081684,20.687854037615907,-27.60615389884005,-9.506271206466081,73.02886626416952,-97.12204322824103,-88.19932548788884,-93.60951133008942,25.32234742218722,-95.96312954516102,-34.32344445330703,90.69615240106637,-45.025273105501505,-55.055106909207716,-48.50502287696601,-78.21116006114559,5.071676863439606,-57.46148601319136,10.852408658533164,66.93298496168293,21.031242405672174,8.704720343028711,43.3413021332988,90.40205809027907,-16.97083129727757,69.15699152421249,-32.76379692852571,1
74.77801551250306,36.05013766607482,-55.49579116451071,-1.7017395480954889,-57.1012251221235,-89.08937702409841,-38.645992852522504,-66.91644263945625,-10.818452948377441,54.34978839063896,-73.78790025853282,-63.58527930023112,81.80345008593366,7.386848208714312,72.30988607620753,-96.11312127506844,7.093622967010063,87.93703157092708,-78.43202225929018,63.96053794665028,36.8731938777876,18.805316766898343,-79.94907986548787,-93.61539854485297,-73.96990340425268,-16.26728497408672,41.40716535426327,-92.96677028383773,-97.68067260168284,74.92808712706221,-33.28568060563035,-80.61563081035268,-82.0919258467548,95.82084017132635,83.18549610140008,-66.86334433087072,81.57071213334251,-45.713640817481085,17.280665248134426,58.66327744368115,31.85844944805524,-74.13517862559675,-87.26689670781963,-13.754442415426269,72.98157080740205,54.88310984105735,11.293483651527069,20.210735193695186,-52.930996389138826,46.113789530771726,1
-59.69432439873743,3.3472089880128806,-96.14017355460305,-36.48837207606306,-45.84094073051732,-92.08985413274895,42.19890634784676,92.97320232020903,-63.113619627728255,-59.29833425949755,92.54693372016484,-48.044444195056066,49.74103957774244,13.351693895909023,74.02232415166284,55.338097411560796,52.34368529898666,19.52812993473283,79.95556241464058,19.747830191687868,19.344612619726746,10.810040950169949,87.2811261936819,9.309029193569373,-33.674209514889824,-92.26560456681176,50.49155342691856,12.273886049701758,-86.60173164506307,14.349870911599893,-98.05102677490709,77.29767073555618,-97.30957029986686,85.37053807800606,-10.270589490255986,61.27691646479872,-65.91402499303251,-34.4183769834689,-22.343783683446034,18.73445028260872,98.52701581740519,68.82015579647157,-71.27435794605744,-38.112022657237674,50.48484460970994,-85.36454780084584,6.549719721331499,-25.55779574066497,3.894044882733567,1.1065769050585317,-1
-12.364277350331093,11.768174190933294,75.27042260543831,8.021487784358186,71.30824413775892,-38.220479540919186,-27.902978358346402,36.615463585255725,-40.61971055495517,-61.48831496071252,-86.22052789788259,9.778438481124923,-61.16253762625314,19.092365803015213,-71.13255463264198,87.91197962440316,-79.58435351190904,39.60609125907271,-17.17113298907998,-50.455780440875664,-67.7522557452763,55.63115858674132,-27.306701175470323,-8.080838590338416,-59.77106119101705,-54.847690615141566,-26.43966078729656,76.86029205850699,56.32193051635383,64.78983129477407,-4.009622048388621,-91.43645417442427,-85.1102339815532,-34.08196489750392,-37.02065594354376,-49.976093530246835,-13.46296878310116,43.17055164124838,-78.85889498394816,-58.584873060852956,1.7814359576884868,82.62515862264902,84.85331426400356,98.03250531747145,40.48169901288861,78.83739378619643,-52.61729451745927,77.52426266846146,-28.63810128596927,98.21975141040963,-1
73.78099689574364,-13.931365262185508,-95.00581991317377,-95.67164107835286,-79.16585466759234,86.77850315552021,48.60188177538299,-83.66358674808131,-11.0873028688913,2.0077640053705466,72.25596201363379,83.69544654106744,84.44096738013172,81.32798367891544,93.54389480385058,-69.0561643831155,-58.45663345669936,1.4302379866176835,68.75013057974675,-88.77484004596883,17.469110865886933,-5.97230205997225,-50.52269552702331,-47.04539739274984,30.140105739818864,79.33042955001599,50.060596204711715,13.929566653739656,-86.98096594518995,-5.31619999291901,-32.552494094539,91.30908186496777,95.19057066126348,63.1085889601016,53.96711506292408,-94.72470543825293,94.72180290772613,-83.64271056529309,88.2545518662292,4.911818755698505,5.059724344783774,84.37322256188756,-14.370042539656055,-29.806587065534075,-2.0994942912816157,-11.92918276592647,65.84212528761364,-46.19907974338526,-76.13557342261852,-52.39491026303351,-1
-46.81430987357624,65.60865715485045,-71.36049922395158,-90.67170981483778,78.02812824032421,59.76891745943496,35.42761611575921,34.460127735505495,87.26363126401694,50.80402525717648,-10.93949075819421,22.17675181998331,-41.88645494993033,-71.38031687807865,-64.49823475081942,14.646596239263545,-99.5080083950876,37.74932924420875,19.75415370643816,10.237240743970005,96.36487337721104,18.14479448666937,-54.83514807980556,-14.1458344959905,16.340710403451425,-29.96582274158628,-86.90743241092538,57.19091272547928,35.870672201159465,-20.973232771232205,-13.060363508703603,-98.77556963798604,-10.661620786114455,-87.08952048137056,-17.145132140577516,-57.914158320254636,-36.890616346525704,2.9457515936408356,-69.19035847296942,8.89650023290109,25.561946820902804,25.857755491576853,-16.028746088187916,8.416803195747804,65.99377706783136,-73.14869996843984,4.299131000224563,82.16304472002722,77.9150695491933,-92.82725563102552,1
-39.342821830143414,-91.6239212322449,24.911727183478888,81.22751751344686,17.3759583593518,-91.03465716930029,-93.00374438866939,67.66869417911022,-7.583666453675335,40.69732829275759,-12.489271542624095,-2.7842696821769977,-67.99394481144407,47.217875106561934,-61.086437432797425,-18.93853699717522,87.64105216632424,5.12754299558884,-44.79142240571443,-62.84181061175074,79.9390076777961,-65.45795147907516,-67.53940481805516,55.36181468121103,15.894338294866401,87.06579723133541,57.97177609756574,3.9550983606751515,15.141600675687599,38.21107539579134,83.50409404902337,-99.99475160804387,-41.534430984907836,-67.08018125930661,-34.15572206305832,49.969930154582414,-72.48554533468817,84.10028714521059,-37.65040130255952,91.0358897299362,37.11810569501134,38.44254186610107,-55.4842679516434,44.723204108548344,-50.86570274511335,67.1375144895787,-17.593325760931222,79.67905694980203,-66.82738731144697,85.59784804308859,1
-30.012429285857195,45.11364951198965,43.900331009553184,-11.32086683331184,-6.6083402909178375,30.92418704006289,-72.3099706230242,92.86921607655907,50.6922211743167,-37.86547132511122,-10.377220880784364,-51.441274071526834,-33.47287489293794,-34.12057946255365,-21.745055387791652,-51.25744058742689,80.4618794117084,44.413394309094514,-58.02075340564985,41.97359154922955,-34.430903835480706,34.70540497844115,-16.223084601398455,85.06258247081598,35.68602455947982,16.810010730566404,18.421669910785482,48.38411332841616,35.758136146200656,87.40564635574725,3.2637334252804067,71.20187893432882,93.7909328755118,56.36279488191468,-39.77089709163397,53.435807073711715,-45.93595699555502,-79.51666298278448,-84.60087532192118,15.629240340497688,-94.28563498627649,-86.18266032058574,41.38235943977219,87.50332551451726,-42.652536505985616,17.685434800467405,-61.3502594163672,7.7410809518271435,76.18071651156961,-17.84435368750175,1
66.56607535765423,-27.25489577286315,37.83144634490165,-45.55623983204487,-81.06912392127217,-5.016202557771948,91.89871936560115,52.6539671201908,91.65943392479818,-49.08301304548075,24.696488069564566,82.99665191961446,-69.51792031001212,73.5032694198122,-71.91863226896092,33.88208667795075,-46.160953821591,25.803044043526285,-76.03996187559653,-73.57961122539811,-82.75603517128374,67.7268809003993,61.2305188421015,88.97365700468646,-40.47288066377703,-55.29202510079847,-15.0038855274435,-32.48394816509939,-45.10426442028184,44.90424586564953,43.40451157017495,66.086367112343,-35.59056303397222,33.071531708062196,91.63000841385661,40.010835893081605,-96.65556865618632,58.55090165768053,19.33860781891643,13.445982607345883,-90.6851023524651,56.21236456151075,-8.224000409306825,13.843043637804158,-74.11128104487999,-50.97570494032264,-29.525111517005513,85.02417111404085,-0.4203518932456092,-59.895906085894325,1
56.10510304877238,-63.23742210363701,73.95371360278517,49.36962425922363,-15.116168166471681,24.947040424592544,-82.66468535378932,-23.694196452363087,-34.55683735865958,-94.39030767614867,63.08162000654778,44.7760584772528,43.77508750729618,6.203925853087384,88.52676627999185,-63.069422324488755,44.612156601779674,-24.55230424214932,76.03324164461668,-99.362232101837,-95.90654690128859,53.36722548418217,61.636958327818434,-65.58007977920799,-63.41544060792907,1.8735349010161428,-62.15781467585661,81.62693368842099,55.96400765733611,-64.79014484287377,-27.49705110662876,-79.58318204004328,-2.808171412837197,-95.17700164628332,52.431849897864566,73.81872165651512,-38.65425766581054,-64.30959772511568,-23.335538800188658,-52.67070769932438,55.104812673912704,-79.50099859687793,-82.38144404637552,-60.54883517834144,-99.93633659754866,52.99061712306644,-32.60385137570694,-11.09367494485798,-49.5575440295694,95.59449783465249,1
93.63868558294433,73.36429713769783,-7.501145197512372,-9.537165047304484,-38.97757206431815,-84.98753723447089,-81.45093452425456,2.1112197562709127,-63.850913388522756,-75.64218344833806,-84.58435810292141,52.93098235475318,26.23851112190485,54.77175794678723,46.81019977421718,80.53285687725324,72.15687819739688,-5.3260860693018515,-78.22609066089181,-35.09242460762022,85.73848409675037,-54.66447006897817,75.82615879521748,-64.43111533671285,-97.7613694660614,-48.25057041321341,41.38498455313936,13.47377770396551,2.7937827476561665,-62.35231074055277,55.34708477855622,14.598221747549658,57.2111485029682,-24.1699398330248,-90.43909919375024,-83.90346602464969,24.64107492986267,5.925052312421826,-81.67637445975726,-73.61220113313631,-29.123014972355094,44.17782886621933,86.93430867934029,-48.374052062811934,-23.073464061533315,79.11557068997993,-90.18046302442842,19.539567720105595,-62.49055945955182,5.759830198796138,-1
3.7401988761190097,94.60906990283223,65.5358814407081,32.44950950429606,78.01663390935161,88.8774795452646,-93.83826518037878,64.17583693114526,21.377215038343067,86.23658550821608,92.59876636533929,24.537698669341523,-54.952904311926744,-88.58042179774026,-21.337608593495744,67.22173761786877,22.300120331716784,-44.15055690115794,-1.8025697608143219,48.6972416851614,10.342079978959347,73.77837908623627,56.367813540511804,84.8954342708403,0.994508659499175,-46.08121911612015,36.510386191747585,64.8669331315171,-56.78836220026761,66.65313897080381,-2.0238804020491443,-7.437365605898265,-17.770901008461976,-70.03378388536828,95.49867105801357,37.007907645381835,-25.477182967319095,-74.12597790657145,-67.44174271366785,-19.479362114485156,-55.19525480694212,48.66679385616851,57.82487248831055,-78.80895697026537,27.72826566556705,-63.00779611823848,-38.658901426085635,-93.97468411543247,82.15482709584035,10.483635386325176,-1
-67.55331884350413,-43.466527891768195,22.678085612720977,54.03190461723051,67.98816342938275,57.25976321546045,-85.01358282907606,-39.98983278323851,-84.50159285302195,-27.246025154570304,71.3711476223288,82.6667599213946,77.42763913413228,-8.85820605699304,-22.988399696888777,19.721127325472082,-53.1138142573037,-87.73058810073906,-94.36267421507172,64.2353854876452,-56.93769705697047,61.47335567677459,26.4502000495785,-97.31089636640735,-57.16371798050246,30.7807953734019,-22.149056567114457,75.79776917108376,-27.486948362680124,49.70379145523063,-76.88899787136303,62.617833085772986,-87.39127607204229,34.52819340070269,19.22250357325268,-9.01614561079252,27.63351260543938,-40.743433732043435,68.81342118729279,30.001406388305924,56.188523254349946,-59.11590316083806,-51.61800841665782,-52.12624819229945,-36.275528678463175,-24.503763056402633,-4.697866043266814,80.14789871202655,-26.737185263919443,-45.660824442291045,1
20.116639397427207,79.0212451460184,83.77057117662085,-22.868262044783478,88.3285475474789,26.479452882427395,-19.97540146590657,18.923570618209908,-2.39272342916162,32.245679888684066,58.49886973969447,4.332827547383374,-94.30467839509006,-72.20209444172644,-57.69840242462012,-86.23598786988214,-70.53507783221144,-70.98457223892197,22.394252637010197,50.61363174456909,71.04088762610564,58.23393728734544,79.56470432431865,84.19662891066153,66.36880184802553,1.6091420269085859,-30.03817081828879,-82.10232591515256,-83.51689515571898,-68.84280591281704,-9.526872382223232,18.140145838785486,42.101965887956226,38.778276502213885,85.78997701674652,41.071087165376866,-8.155300291939142,-78.30703001499357,-27.338484823620178,11.071668524196483,-86.02885522744845,-54.21133607349922,-65.36780076521431,26.74136902515845,-1.0216714795600268,59.441466660282856,-35.9031338369999,-74.49707798068039,79.66493819095265,62.63530873544863,1
-89.6021296044585,2.775166955646725,36.55590003882608,-38.85250519707526,-28.61701970569696,-6.553523538043706,-37.0364487930481,71.91899131411589,-50.91424819600097,-37.8272834288365,76.92914567948768,-98.8086760682342,76.02244649959059,24.595871782561403,72.739681394737,64.63276038209244,-33.17369151198915,-0.35793694377753127,52.01676968343733,-24.459955620806966,69.20950213978315,32.559884069896185,19.70905858162459,-65.38931684631113,-55.60131155793617,-18.85577965734157,79.13840433600865,-2.8543013944134685,38.08313097575237,45.42855774804775,68.58765707882338,-90.45550290970846,-99.96545341428049,-62.64818510374499,-3.010381163412589,-33.14211630860528,-11.710511028010842,71.79712143986981,-70.60818519884495,-91.87463536792377,70.14927713400633,-51.91651854453055,-83.26845160571472,50.69432295503998,96.51620221150745,95.33156716639783,1.6146775327804903,29.302644573393366,80.3869654681435,69.71347148021115,-1
-52.472491201520064,-5.168410824184065,80.27998824584662,-48.484243500400126,-50.28845859665192,85.68414218878527,-54.62073200875545,2.317552453356143,-38.345750126289936,-40.41424038375687,-37.4331848742947,95.14080732369919,-15.996776171544596,-12.609537734288367,-51.71767982047071,64.44805570573152,10.667797480530837,-54.948844804135376,13.117057245587048,90.20737115100067,41.27557000175432,-80.18971457286408,23.174827729622677,-59.62599684440737,91.4742069619765,-11.339975097018495,-16.91406377792717,28.92318381229154,91.72487557647878,-49.2108842379273,-81.52830908338427,-91.36776670058005,25.01310154215311,-53.748262486686606,62.1248505137587,91.0900700825176,13.567179559534438,-35.32857117952332,-33.764358867380224,1.7083326714852518,-52.454626658217784,57.483187718379185,45.43379249180518,8.034182603815609,-9.564313907244994,32.56600095017194,80.20827156777469,-16.567611525068145,-34.57904515360892,-10.381825774997665,1
-21.63782107656567,-92.79252450016251,-78.8834574191144,94.19842970476282,28.377515429695848,63.57208080161013,81.7527266079239,-27.046393636408837,-20.098184452612827,-76.11637867980232,-33.918397227518795,-18.939461530948677,-3.959821201499736,-34.060066365783584,65.92948352086253,-96.77896366983214,-15.189069528838289,-64.8006121106139,97.86465726937038,-20.818146928306632,-30.95573699799246,-38.58589646615478,9.039772131717598,61.49743928822588,-2.72557028510451,-58.418236798479086,36.05640593531825,-70.22479084425517,-17.37065182985711,22.308149020046102,-75.1075814313403,3.2979984178996347,16.136310652563097,11.319491317739477,91.29413627294821,-41.96524751273672,-52.88762198081651,12.95609021608503,-85.73192821799273,-4.386537079990063,-40.29005175510139,-10.391269116064208,83.7822114023349,91.89794843796733,-32.2152750756467,-28.61166837840277,94.07813579460912,-20.147258068193352,75.56727281603844,-10.159829131063148,-1
-59.06397818854321,-22.589997613022604,33.26106462565846,-47.56568965167691,39.06113552045929,2.812649294299277,-72.10397203326968,-14.35245189292256,-63.63290560349011,57.39351282447748,10.835746445354474,65.40860361450217,69.252775627642,-75.90412616396213,70.09223533521038,-58.42552159822048,13.089918029088366,-85.82301574551425,-85.78867093514093,93.4357567353733,56.51948821124438,16.658243790851856,44.99785958645734,61.71293373950397,-12.172875337742497,66.14600744368832,-34.12405930576783,-80.33781136599873,32.1574512532537,66.07204398337237,-74.20652126817254,-59.56593295423951,93.29146939025995,-72.78742535289766,-32.370861267140015,24.794846808402426,1.2453780480186936,-52.31771420148268,-82.05938834215183,55.957330369487806,-84.7586264293545,-55.28282322099707,68.27472393540427,-83.36363216911332,14.19676049209724,69.48535587938181,33.640452351980116,-87.00831643469124,31.309944661651315,3.2512292826123286,-1
56.63228618473943,29.06912465012158,-62.66321481713666,-59.40611716716333,96.7040615445469,-57.15043021158532,-0.06314893670375454,42.46497878525136,49.08591185837429,48.059194724268394,23.28992455371528,67.59477995706837,28.07271219217347,-42.105598570105606,11.282865949410152,-1.0854912652051212,-96.94537208173908,1.0826611315803518,-4.944881699376083,2.1686869187103923,-92.33099022664769,-45.79046354042673,-8.22534471342047,18.407819171109068,17.621513278696227,-12.124748966786186,-21.51502295900019,-84.56051658691639,-90.34288455804747,-32.11363589341293,-14.900864768014486,-22.22963429012586,-55.443701496298715,3.8976921264085433,-19.785943110824647,-66.33879896261519,-12.378663142956128,26.84434635714912,-33.59996573731516,-58.93056616413228,70.2921491671932,-30.615166977023705,-15.867217962678495,-80.84894015647029,-60.85402129718123,-82.18259007766429,33.98945684468106,-13.061427440939212,12.604706628366785,-97.37119944162002,1
-54.24036690167551,53.319188942410335,-36.07637489838575,16.60129660091026,30.413163937055543,83.09572057394294,-3.4785838815322165,70.18471508085713,80.58064733055744,-36.67433478611335,40.08260326276039,-31.406818658257436,66.80042020526778,-5.122692735037447,63.29789018050042,6.96830063261946,38.32300082579536,-61.12603032365678,-66.61364187005532,58.45287617370806,85.05775087556287,35.09829238384441,-14.216982583872522,-84.8826025001527,59.02226167971912,-51.56969075424988,48.794750992054844,31.686075457649963,-29.260814100467016,-89.27282255188692,86.9535657325606,-52.474169196412234,-67.85933688010141,-7.388728664225468,-62.33201041817391,70.99232689242078,70.10328728959271,13.806886374354363,56.757967389480314,-99.95303515722098,-22.092066426806895,-9.093162989275314,79.52423142772315,-88.83916248535463,15.990784150075044,-80.04754502256543,-49.2100091212222,-5.539813332731299,37.24092781998624,-76.88362488259246,-1
63.60295318449863,9.281414842426415,-1.3929756919590375,28.069469259547418,39.06162161870614,84.17231303630874,53.19832793838768,43.71246259696525,-74.4533436146092,-94.11898456390946,-30.08248770165703,-64.69313034799046,15.473732025588944,-43.08121811829273,-69.41428005573087,-83.73144647325444,13.9337739282023,-82.68587128787979,36.54120137055418,60.41663183199634,-59.6578919684035,87.29568143077793,-3.9405853947660887,-88.7254812213276,48.137564761122945,-63.90793390112635,-10.581317578617401,-74.13249563250619,-58.03408032884416,93.02541584827617,61.032931901038125,-51.49597520406965,64.72967178150009,60.43905531943366,-75.70823600183553,-41.375073050096155,0.5314307392779938,-90.11644199551425,61.373561182381195,-19.788221335111487,37.61240491444528,4.420693500591028,5.900289586257685,-25.708391936583013,-51.830090039702824,-28.124397149186734,-58.52905520435596,88.7072138152902,-21.853866100271915,16.58317383432542,-1
-82.93006638427123,-57.69865014364639,17.483032758533355,44.38479398578667,62.22552081279474,20.030529614722937,15.119869373471161,46.5047494575044,53.41533150717555,-87.36834322446578,42.55708615757305,-21.267248037130912,34.56317940181722,80.12196487994277,-22.12286857955594,-13.886352163074989,-31.531663883469037,-7.581101056385634,73.61731861601083,55.313956195452306,21.40335043420805,69.37472510286597,-58.07676807564388,49.323534420996964,26.93125021159544,87.68793684861933,33.097798902774684,65.25615148468378,75.78225538495673,-87.44716807007117,-54.04776186416416,95.32759025623793,81.96996290472083,-35.17443462926771,38.51402834539101,47.160485374839226,95.06760422960642,-32.27942312902006,9.075325453256397,94.85395896585916,63.24018749168326,-58.80648671659166,20.954244793398672,63.65336692311482,98.0129953020562,-80.74025099165752,65.96699794678415,27.092187754947943,10.617519916395509,34.01998459364387,-1
34.503691215407684,-1.796047466217999,-16.347183819484854,-3.4365011299177866,78.22062883354056,13.290349940207435,58.23773375527992,24.70633064882226,15.896371385760915,-16.41500760200985,-40.018757147969495,18.061310068458795,69.59030251673889,59.14230042657363,75.31752851092048,-8.70682261356663,-0.542257276795894,23.297829383240185,8.997119532521154,-30.460179401178934,-71.13501147762027,-59.800132087507095,-64.92846601688547,-0.7568509401822041,58.18162194669526,-5.261604537967202,-70.61257006408576,-8.436015937014304,72.8394388334512,-35.31201843281009,-59.293297279475276,-29.098246813450075,-90.53952628218296,11.336460042498445,-81.90417973799025,-23.449407713625405,-43.13059813322815,-99.00536635276463,-72.40235058637772,64.12213958075671,-50.28699332689832,67.02770080184933,5.740330805251716,-44.93671471581779,-82.42314087671426,96.10951495314069,-76.53092336738999,89.98583012711396,56.49374944522961,-75.93263692097658,1
49.7926301720797,-30.105176093474896,43.127847213391874,99.29777323536408,-23.855823752904953,37.8774099125138,-1.8913382856726457,18.917662429094435,-99.62732293252729,14.432174045150205,-7.749395016996118,-60.160953254433295,-77.24474934689806,-0.9026976007082936,-1.3298256234004668,71.3864831085211,34.99920944868114,32.13309504638789,11.621062207531523,-51.16450543210125,80.40435515748655,36.96177456462044,-46.3105219718902,-44.533391238203144,16.60501084207158,37.35248118885815,-74.96026180237689,29.631188922508898,-52.888855297981266,47.90878889779776,-89.18585297691301,-67.13940215871051,-11.205639134197583,47.468293727109454,68.30000871716882,-48.6413846421832,-40.740693738853984,-28.759093211264485,-12.890845114876726,30.951653986387015,-40.761259711225016,52.410535446826486,-6.902212924027623,48.494271785841505,-87.23844447118157,42.16069643151954,-95.228515291464,8.709634411666386,56.6939076929487,-31.82050974132831,1
-16.214910099090417,19.082960324021684,93.2818592246858,13.106375384811514,-18.880757912838718,-86.60208149747402,-32.91707439538183,-33.82261198792689,64.52743062082928,30.956873425512754,85.37827171537126,-22.793569483725122,-41.81273773516032,-57.11475915994604,52.29904786164147,-3.893980874236263,-98.16218033413358,89.57790500484634,-68.74849567872107,63.390879454061775,24.16210996569741,76.65560582391885,88.23505572701487,20.31302156737314,13.442993941793887,10.418895540910711,46.67309076961587,-86.41550432263148,-73.87159816096258,27.03523372854373,11.41706221911744,-46.54960208967469,81.43965472459195,-39.40101043831725,-96.22514455648172,3.651647298908017,77.58363863047131,20.814494442791798,96.02123418294588,-86.6538140019437,-56.44984723211266,-35.13323254850688,53.42139368482407,-43.653722717779296,92.43641723931034,-6.3903580422039425,62.53557891532711,-58.090433409086394,51.63529030704689,-36.23123682700171,-1
-62.517611180483556,33.81070306338958,-79.48308793379584,60.286076441728994,28.081223383934827,-6.5409522743100155,93.2750695988799,10.982869085590963,98.596789781621,-71.99758876929951,-91.15865436708386,-77.12890456391959,-0.727084165990675,77.03017770454485,30.23628660851324,-16.96529497012864,-23.723716027937897,31.915308359790828,-62.27773428263765,-45.50959694425689,-65.64945242829697,-53.069297993230236,54.88984038172228,-93.19605490286153,12.666084336994103,53.88875564101161,94.91766929378485,85.99604870980224,-34.1773955195458,26.042237802530607,-22.488321116713394,-47.4659234904957,91.83477977751846,24.715906287151853,-50.07224220027442,-88.48294041654736,-27.355437444071413,36.971879501641325,-70.30752870465528,-67.13495360955575,14.623973110558893,-11.096850544714073,-2.1693278499180764,-64.93548087035579,-20.907382084099012,31.90682192444754,56.2269602003436,43.397095649214776,-20.329945293494276,-34.15530142648862,-1
15.439977346910155,-3.9730120723253606,21.737752105863592,58.990186564935414,34.90075575324752,91.50279286432331,-53.406015936893404,85.52406629148771,-98.87655020091177,46.25732749891782,69.28787394212247,-14.095297187187256,51.65108871947868,70.09901934247094,40.64096062246813,-36.65342067381645,-11.434627783418875,-68.10282978279294,-51.693662020431084,88.07284910947575,-26.41939444378106,24.741177807524537,25.12211717923485,26.692080360639665,0.5434592959304752,37.165401376711,37.892065151814535,91.01921035532112,-95.69710142568533,16.825915295748857,5.24301668715124,63.56025899064127,58.39642022177128,-38.18767555890956,-35.07640568524151,-17.047661496731465,65.48253208979534,-99.89649251836366,-48.136999996103945,-15.408198747865057,-21.12778154073611,-5.019998126592469,-65.27806139775107,-72.56471639152878,-52.743838096606545,-88.65302250490058,44.77024687026449,-75.17588263918988,-89.08537802065891,68.42582199222679,-1
41.479400006585536,92.29993584742945,-21.733432706761462,47.95899853157175,-16.6346992150296,14.665157870138046,36.454169359519625,38.32935911172805,83.96055014379976,22.024984599621305,40.12189646671226,-94.6427168239747,-60.94291841341555,89.3934996153593,-7.448814597082759,35.237954485051574,-59.016677562828576,0.303751848831439,25.941835815888652,-16.21910662091794,-44.86027163391179,1.7797925009316486,35.85016224206015,-1.4877688797416084,-62.571795429026224,9.550672242252631,-79.08917272961939,-34.56603806402647,48.61652734670224,-97.58278185876532,32.892236653711166,-92.25549753321565,16.727573947523794,68.30047359353577,23.91308294947325,-47.58343563018164,91.38402340765771,-92.59648884730498,-62.018495768355095,81.1936661847659,-79.21041748335804,41.89359031461984,-35.80990012844852,68.21831878332364,-55.820758109779156,87.39786528299766,-92.99218783283582,99.624452625179,25.65151775376222,82.01503285875674,1
-59.11032550714539,-10.21765548144198,94.40979295514288,24.74439385583669,66.04870559408147,57.13641635520622,41.885380658988566,43.69277241373982,-62.80260008085526,-37.87387917868379,24.87381143207243,20.167348929900754,-56.91110806702808,-4.58694566566038,71.1125932780244,-75.37152128603563,24.762262949949417,-74.95306858025023,21.502365511431123,83.64786408456445,96.04546629179862,51.0415711687956,89.03733230374638,-55.805735569918546,-46.156661648505334,88.03369363654818,48.491917277899034,-3.981946157455468,58.78228883325713,18.634994035850056,2.7096958907800257,22.064642512476524,98.26709344534152,64.86405131680883,68.74667832526006,56.88919662583368,-39.36077488491112,-37.00303291265739,-26.637038174733178,52.8592234995366,-24.866793074513623,-26.29312776901567,-66.0710245614537,-92.98303151469854,6.4886961153104465,77.74346560459998,9.6088803800005,6.819258341416145,35.54372995722474,-9.245566466311516,-1
-82.98872290215178,27.586097915933095,-81.48478658958025,-8.926453299287289,95.71755116995641,80.2070500636955,74.47370555037031,-0.6951850869662906,-53.94909382326703,-23.117718270223733,26.186469534520512,-59.578727591680945,38.670042830064716,6.488972225003067,-96.8830523153328,35.846064054165,30.525339530594067,41.24423951226726,70.76369644571406,-48.02544536149718,-87.45610347980188,0.9684064150216471,18.714983724419753,-87.15779670240529,92.46052183454665,-89.24667180252521,-40.168731937417746,-87.26246419778786,-1.5922837344135132,-82.94147250496577,85.91278890158148,-91.20435210156164,78.94302933582091,95.69281375979247,-54.30018222258597,22.01247289128368,30.627885970859808,90.86656238661891,65.08498267573299,55.11851573583863,-81.18900083325231,56.750739985110584,94.65022271125679,-71.64573974528645,94.45447381575127,12.769385272005664,-65.96534783506145,-7.71852187604496,67.8606335713497,-62.29615496801193,-1
19.645058812747763,-10.645568232078631,-90.1416001952391,28.728274575745246,21.940366430308785,12.447064342895729,-11.963845129928586,23.87044945847991,-58.977867849525836,-22.15928126006594,72.44608007026468,-74.51194929837763,98.75557845613437,-94.13948939293111,-18.942814379865453,77.91695627339232,79.72817054487177,-90.10502903255322,-9.146611016119394,76.88336560699386,76.85357885761016,-82.02264015993475,-36.380521986330926,-71.89660651759122,-14.912713741325192,-5.795298133239115,-2.5797421050976794,88.66937040513346,4.5595258307305215,-32.13766163829381,17.817998900798088,-92.25291809260241,78.61182251369684,51.53399582679083,-91.9504488634652,70.25184416003313,18.949012552503007,-38.507084250446866,83.25460713907557,-3.5807644644895618,50.62486800953738,-58.07226462783361,45.96682229394409,91.3716668803595,-76.87905326053348,31.036408341380536,98.4207115927845,-78.26298496215179,-53.18046213879881,-79.91209087050271,1
-51.7597084800917,-82.70849857596954,-56.878187383561915,-5.329164133439775,-60.858037132786414,-51.543767976408205,62.82607289216142,76.02644754378193,-35.32138891583267,88.09891687970281,47.79979899552734,-86.82131222607299,11.700534879331244,47.91346048588497,-40.33145382231997,-37.60235834812895,50.35674592888685,81.00985466196377,54.999484687016576,42.31889593888158,-83.68233130063328,91.54693497934468,-80.33321152957924,-29.228425674104102,-43.943425991110715,67.63195765778602,88.94994765232946,55.5275117937621,99.40372194642171,-96.3079222963855,-23.365017186242838,-21.48937406277915,88.79982490272215,98.383079533548,28.21844467589841,-94.24261432698653,5.2291264214210855,34.542603288410845,-78.12217095056667,-2.547137215922632,33.00359515859432,24.285975641448857,16.891647150709005,-18.397304598389354,-6.8003122991884055,-23.89323704611273,34.61251520532272,-48.432074676825934,-54.90443775365799,39.01884606969284,-1
-96.68243421442877,13.083187950507607,-72.01620455460119,-78.2889284454703,-85.59466685393274,-47.9815130930209,88.26807024663421,-57.485368365354496,82.99661903655249,62.07729217313346,-52.10640051838795,-19.18444868440075,43.51771276501256,57.70428058547279,68.77673772063093,-81.35826143823778,-39.677939971369526,77.27946222754721,88.59761889460785,79.15369938275495,60.975258820674014,24.813395218677158,-31.923071131528346,89.60907394204858,15.879060209510001,-24.91679110954695,7.541683831380169,16.42153876537884,-67.59158282982361,59.28021675484857,-34.386580995921065,86.00630953395236,43.90586975293235,99.70021713236969,-29.574548628638794,-65.33088135638786,-7.9848392421678795,-82.77200461994943,84.79134220463979,-17.22853470740276,15.739288379342511,-48.41358506341778,5.048154606408303,92.94189258742568,85.65051234696116,14.014138802970592,-47.625579864942644,-68.19680491369942,-33.94902224553911,-79.72299479193362,1
11.016989860457244,-1.6524113962021119,-32.60704243063404,40.82447084648692,32.05455655243426,-92.92983579186117,87.23904592504383,-18.480093963595735,75.79042461642246,-16.450376136371318,-6.1726049624164006,31.459720660857926,20.06644711829817,-48.999830014554234,-47.93382721485322,64.19851045827437,67.86774683855077,45.80917287492946,-57.522132639231096,-69.80343343662892,-55.09564548853536,48.16849857781315,-23.58134034962636,-62.52261892890927,64.13416933175807,-80.91020580601986,75.05966519048869,-84.6463084812388,26.05753290514174,87.39434604891795,71.60573509172178,84.34556615415988,-85.5074385117689,-18.086701542387345,-13.68418174627304,16.3391931241421,78.16224055988727,74.04204271323198,-75.72139997904641,86.27640844143338,80.07421317063478,-8.681993835110902,48.93893210768039,90.03740516331595,-72.20460973167566,36.02832012015884,49.03984989030465,-86.51780742636265,-93.15418968331272,37.26413268691428,-1
-22.40264801062611,42.82382818498317,-26.666564425073375,25.65864569631053,3.055924822417083,93.07659527176483,-18.16060636141026,-26.929071396971736,-23.14205069054279,32.89766193291197,-67.51260998780344,-80.97890819678666,18.559541249350502,70.49346635319881,90.45027719450579,-81.8318033607122,44.552866359531464,-29.852222577100292,62.805349863549594,93.6267763956672,-7.570488302464383,4.382319649174235,52.36843541693759,-51.464292892654214,-66.79822972060762,-16.151781255337312,46.6355312630009,37.778177625024284,31.598518520494707,79.90553716366531,-42.12912039685648,95.79740636016447,-53.278300948132596,93.00530913514032,-79.11162621610536,-31.495882063901618,-55.656148126571516,35.63968018530471,0.0887300478875801,-53.52959672640616,-61.075669379459384,8.370404442112715,-22.037852134125984,26.672325679245247,95.7916683150878,-22.526803021220758,-93.44773098926058,32.18969133534654,-98.16537341763873,5.359020209375103,-1
31.406099646821474,54.574787276370614,58.13190520912218,60.9093384285066,-8.826325679613106,74.35170595986753,-66.80000127826602,-1.4259934304421336,37.770177024000986,-76.36963616185662,-57.364090701790715,-90.83893974063675,-28.19175069315969,-55.67975598338766,8.091557048353138,11.509296621709055,-63.43555322849481,62.27823203396929,-14.87929963188175,38.178797370055804,76.43503725248968,82.35203235465019,3.3136990715551207,76.02680811743426,-60.94195645121454,-69.15239762040403,-66.95800152415657,-59.387502853906526,6.8162973172814105,42.385258234159664,70.9620318680445,55.65436782010633,80.94948796747542,-99.1053302774671,-30.276842170871717,-38.624940542164346,75.07187229305512,35.1967343812405,-36.36009283355857,-98.85149272629907,21.02897114489349,59.418171171247536,-88.74799635455676,88.37897916228579,-75.33623966560752,16.764942287815018,21.184569575313517,28.30403884562037,52.723548352347706,34.591145134014795,-1
-83.4402664149747,-19.928674632033875,-36.98880613626911,11.101470465409122,70.94491882368712,67.04994080324673,74.95035663074498,-25.172661252384472,-38.71022078144188,52.737201951291354,75.56441419651725,-56.886068506968826,-29.149959021101807,-98.19801923390969,-25.826689115727916,-70.73675356751869,18.320103732035847,88.46616496112009,34.67611728981589,6.048356722501012,47.2067234731779,-44.92444528041732,30.249127644261364,99.73208237458891,-47.94221128384386,15.277403021455129,11.537175684648432,28.129723375113286,91.39556177399385,-78.21922517953364,76.91088909190495,35.292652767977955,-42.179444528251864,-66.41132691984488,-66.80617710257886,19.369681130208676,55.59575682169188,-13.141697640087784,29.863463437179718,19.195263699142046,98.93045333931141,-29.692721514074137,90.70589182331986,-57.761160180425165,-42.31313258008043,-24.664697807489972,-27.3940343358734,-15.22700540922493,-42.96525205403656,1.5031150796310158,-1
29.03455808188997,-10.834890034596768,-63.13373020236175,90.2998878454705,-23.126064853130757,24.62296803255491,-17.15419687882877,-43.64267591586422,39.62435593863566,7.7658789129854995,14.442700785744407,10.048390606022735,17.17173143500159,-37.511715394059905,-68.93479647532625,44.95778612658506,91.12954987984011,48.01222651228093,-8.408155772582532,-32.45074500528344,-84.04795328243391,46.45856689390382,25.151010920539846,79.16066281922659,-9.13278773635426,-39.46462545612044,92.32050441950449,-70.76829746052783,64.87378696153141,64.46255012069696,-17.354780556023968,53.36958809154223,85.35753260593197,45.78102500797635,-0.8884879698169499,71.02304037734334,33.33734327311356,-80.63767352481662,86.62741218149881,-58.73674115208627,68.04506889162667,56.3258497069763,64.1024567907991,59.58125996731974,69.38152387994518,0.8054188263511435,63.12647643733129,-86.32042485349207,84.54859321433287,11.150420294010857,-1
-13.236516084694088,-68.5528669811533,88.12731016124863,89.81941778568526,-51.91037491838411,-85.28923870170175,-42.81254221791968,-48.78425212224191,-53.56540293833842,-27.237720202194524,-50.22766546548232,43.71993785371353,-18.41074051976352,-36.734835956244495,-86.24361591064329,93.0722763143788,20.7909062811447,37.052710786301816,64.65544917657141,24.95924085275874,89.0349728064474,-66.03891103383035,76.2574763157873,-10.897536264994542,12.468954001509132,4.356465429437321,73.72051984219891,22.16317152877491,-90.23385969748223,34.15953065638851,44.78160327755933,-14.772698563172952,-93.76905935886917,-53.46611700485846,39.726082045413165,9.463661734062697,42.062754999663554,-69.25638822763196,-78.53192172401641,29.551158886886498,40.21596314403479,10.772357609572197,37.56540033166263,66.84093043240264,-12.73259550877988,16.535536489975456,-47.7108368849881,91.21577343945742,80.4051961831967,33.41969795722329,1
-20.136816838138373,81.37331546796719,22.74243637084561,65.37864676511799,-98.26375815473827,31.779341082269127,61.90203688137552,77.41934991717912,-66.62403141426756,-27.50308690201848,38.07018439637554,-36.301685796660976,-38.69306853056631,85.12132492509716,-21.40900112072346,52.9125951688514,62.7678043742894,9.43793488931746,-75.39634455291804,-46.83669624651237,-57.31685319421731,63.57408260023425,-69.86901983932543,45.64101273763137,-75.57446504159597,53.40860720543529,28.850863297575756,-97.31898745777099,-45.101588745534606,55.32130523680152,72.03669032806374,-79.37683572691424,-42.81146525838124,-65.86123346472874,-8.10500258048721,-39.69556267742078,-81.77934591629969,-69.57716873311139,-75.80192852196444,-94.43921918504412,-29.110542777210767,15.800530066703743,-0.6080618256888499,43.77967672203121,29.014804496728317,-77.87669484715518,-77.41451675607547,74.91175196128,33.06909168429797,91.76172565807528,-1
60.345616613958356,-26.531896944544002,-71.54275627781283,-70.13030993610532,-75.05524598954841,97.69525455893552,-12.314677580301776,-55.21357111145255,-8.075179262195164,10.65146784865685,-21.866485154119005,-86.47971965410139,-5.506384409021919,-68.42786787052255,11.54646441903428,82.29841866690575,11.2216170275683,11.403075403333276,31.31070468845263,-48.66181446615301,47.87126717868168,-33.36524596881037,-16.087253961359878,-9.364651078195777,-6.596921046583134,-13.535977536509861,-67.59824609952719,45.97654584125371,67.8096110638995,-92.95868159231313,89.85403674135489,33.49640680832445,-42.807916064311826,-81.16863431549666,-81.08490236082812,8.742790541515078,75.28313166054048,-12.189210791173792,69.70864030119986,70.97193394744434,-37.20905894237876,-24.22598742402087,-20.80366537747554,-16.206330730168304,40.562615510308206,-57.39463982409691,98.59440583495703,2.792820914512987,-90.03470841174581,-24.49227394248257,-1
21.369391108027827,-72.9923726638905,-66.51541045074976,-70.41777273089424,64.00835823973782,-43.060140980099135,91.04030782362395,-46.06569967209489,-54.03843187105186,-71.67654860541927,54.23428277323546,-1.2613651345948966,-10.0471117749305,-57.53445000223263,14.794070982138408,74.05996696001492,-91.34019011191074,-78.7806782447033,88.34307021219877,-73.73371879644935,-93.0708940139082,-31.463499654860442,-97.55072511142484,74.69678873614791,-70.07053038843569,32.62320060968537,25.269140886643356,34.28825247297061,40.95518513305208,-68.51315122195007,-96.7839427665548,-16.150729280050797,78.78539578640473,17.435049651698307,-77.62701410215887,-35.16609321906172,86.26091121868961,88.44019620765306,10.530960132739622,-36.800350893035215,52.60935940870945,-87.7315910513387,3.308518006395488,18.468890074099036,96.32974005766383,99.63783556708935,71.11809322258975,-73.40342930553048,24.23907996788155,-88.9884111006348,-1
-44.32630366746868,81.9110856874405,83.05037680615169,-91.13354983954372,-99.58369753001594,51.22980238770077,98.21588849885686,63.951368262539745,57.32533292871986,-70.37040422266725,-35.65032824689669,-94.10938947647773,94.59917734775192,64.00474259137107,-19.33190707143784,7.67261949153513,-59.21902880879977,17.89715181978353,-35.70831875391853,60.29807037186433,29.52316736527564,-18.307677417527103,-89.60712481938948,-94.70784343558361,16.430468138052532,81.42892518817965,89.80076480246024,-48.559158260611525,-89.61758611771225,5.694821205606274,46.371865430154145,81.18995546884724,-66.72346957165894,62.580271649304876,94.72721363760706,48.934251477120085,91.33243569379309,58.12819435285007,10.771291501116636,67.53354902969943,-31.630541164542166,-56.598381653428916,52.315389585136984,17.856849522930716,74.53367579158851,-56.447205316009466,49.66398807474894,-19.09890957848168,-48.571891924285836,12.435755806849613,1
91.52632925451758,31.898011624916847,72.14571187761695,-74.1852669386341,87.03820609151401,-82.45294024939373,-79.58079765800055,66.25271994848273,24.078149473791214,73.27393505281518,-48.07506846906884,80.04426243976766,34.896184605330575,25.29993790313243,33.69046244111769,-3.8724523519329352,-4.127692802676535,-15.552170279191941,24.747021912006375,-33.63019201277618,-81.89682537620853,-17.454454746001176,-24.82229738884614,39.824779066459115,-32.62611697983854,-43.86687170237471,59.2558254175533,-38.01658975245872,59.92579057082665,91.49771042314072,-88.97306220545309,-26.25359603773512,-59.27893843035075,95.99938353051968,53.91289943427418,79.37974278674,-85.18120171780114,56.538458722944,14.10536297572105,-78.22630640056354,-69.15877114350837,24.300066847287383,-30.19709823678525,-53.57530999963265,-33.94070330651195,-31.114361246864263,-83.43830533880575,81.55836461423544,90.80468382494033,36.241356501521125,1
96.79552959196565,56.136414937572454,-46.58781195212796,-83.28355559992886,-78.04442098852161,29.622081775258295,87.40587888166556,34.81595794454145,19.407479518896125,-26.30929885455977,-35.4888865982319,-50.30259413790657,16.462569952418036,80.76066736973311,-59.18489321649094,86.85335024412598,-78.3938976935778,64.93124842881875,-3.626646501406256,-74.46703585080188,4.395898132800326,7.485758603718608,45.58838783740748,23.50131296747813,-30.56945492909044,-1.9110464944000114,-69.26299377808314,16.721235380772853,-6.898458511677092,-69.21607483702488,99.68913460269405,97.99212283745905,-29.80694962650763,67.31849045151867,11.130023719780027,85.94755915796333,84.44787868649007,90.89622273361101,48.8187247556919,-56.23380327105352,-40.67094728404255,-63.028997100610674,-15.43624449226651,60.480770310500986,-78.71351094452659,7.149301802014293,96.5113087563613,89.14539422092687,76.40764166181702,69.49874289769048,1
63.39478145436735,37.606103790396276,46.1085262993158,81.30612642389787,-57.70809812262265,-25.798322587041838,21.87841861726561,78.52898795942173,84.60953656786518,2.9189225270346952,21.778309369700736,45.51104708417765,66.92500817377422,52.501323462226,87.55732763714596,-23.71653707457064,-24.660902014586043,-23.704357154210797,44.245114734335175,-38.432976008601294,6.161670105712872,9.568697540625166,42.95205149123575,-4.810482545586964,-15.017310778365214,94.93522235900596,65.93267648589475,3.1809209065234683,-94.3415866892584,65.27358470585932,74.88323322652423,-48.09984830459013,-43.217779571819314,-98.70326984713739,-63.36971413741237,-37.439011460451525,59.82443574435263,12.245481047405704,-38.218605025426754,42.42224453747977,18.306605242512262,-70.19023188622995,62.54278150189046,-29.552900754862875,-81.2158355908112,-7.275762486008745,-1.6256967851095538,33.146842839335164,-18.102638306199466,4.1610113745753665,-1
-57.84137968999428,69.23877323087467,-46.033309341781134,-31.419471289823676,80.067992774859,3.2122344372723717,78.6012127683806,-65.34636072480207,-24.13056865474215,72.58378492224608,-92.29255699495482,46.51457257858806,-85.66540228607748,54.32529689773051,20.935198392839766,-5.126414666767289,-25.453555450029313,-93.55277738060626,-99.96741279203492,27.368330482968275,-28.31217535644872,79.60198009227264,0.4856236267701206,67.19917754589952,6.402820617749043,50.669187286767,6.817597189710909,-59.349257704902556,60.72031892107751,-61.816051669890456,67.16350386131177,93.52383601630603,8.126750469600566,-13.409422251214906,-29.423683786260256,-14.136669383328027,30.103569381897586,-53.53481315144486,43.905242596288446,88.23349570846514,12.424342389988752,88.85196669996964,54.876092934383706,42.534214871563364,-24.58802781688169,69.75169473040287,-70.73028499242227,-92.2591846143028,-20.408015804496586,-30.386431407618673,-1
-22.88048149733332,84.65990165398588,85.5684533212389,-20.942307786078047,-52.01641622909503,-0.2517440873390342,-32.455253402896076,-84.78832470011639,-13.893278753207966,16.89067642134134,-97.59072301328062,-71.42172935992085,47.21780018501383,91.31436799193037,24.925592808788167,89.03272531193966,74.06565817185012,67.39583891218507,-61.12461183882794,95.70628452232569,-94.04526890968256,81.16882772793815,-36.788996909906224,-72.09476965973003,-69.71334421465605,70.18329273791974,32.51365540060499,27.088746614776113,61.045245918573045,-11.044372779647176,-59.00357569928305,61.35176984969485,-89.99446213050923,-7.130619974704416,4.473965966548505,-52.78622086978639,15.456144485188034,82.11602472573821,97.00922094943965,76.63778372959206,-46.80505905163213,34.78694889290219,51.87292724950663,80.74712278531084,-47.749706252045286,-53.13265082355012,-89.15070108544492,-26.672950197685424,-35.629519630529984,80.74165224605105,-1
65.19564254161637,78.04413411091119,34.67831582316617,22.24173056310849,-66.99253389598331,15.934087039507915,91.84285452685202,16.12627023380891,87.11072770542586,-74.33338658351025,17.214873867508146,60.02330924857222,19.527162403860657,45.32998003775356,-67.04883992754901,9.892037581433357,-21.81802929651839,0.5917621889252302,13.64472468914633,-77.49936290929946,-22.892484843428846,55.576821427757324,-68.4753045835282,32.75074887385617,37.53458362477696,63.14650011535218,9.934932018845103,-15.86965918704233,-5.964727336898392,13.219671093698878,41.870946805336274,-42.113404516694274,88.60371305299515,-90.6907760700169,44.68918523230499,36.52716469269896,40.37985631341013,15.035950327795902,-2.3446284913510453,38.51833877960422,-4.903092074235715,55.76056512287164,27.041027375113003,3.0160432532983776,-24.461513426494392,51.5361236686135,-28.53992342979781,85.73555911885961,87.14766134781411,53.16804308517172,1
-44.523763403773465,13.653723253753668,-52.90571659782457,10.541914033339594,-86.29940737957382,76.0344361281513,-11.983287421523997,-85.38258187165866,-74.04384654011515,89.42603204233964,-31.906828269895016,6.903561749650962,27.904489095833654,91.14658878303374,-70.01402981215148,20.77181372631057,25.639194245368557,-33.821661801281394,2.7595351513514146,66.67237286829956,87.34512034893322,-1.3716977051936254,58.793761813798284,-24.78581850150556,-93.24014506911604,66.24217339067633,-36.54239026499604,-3.7031109498775265,-77.59226704410788,5.036299429106947,-46.56292422214003,-76.92624732973312,57.52379718289728,-15.503335601375909,-22.8634762820364,48.55455888817886,85.06977403473485,54.35936676339131,54.97363808018713,21.403499222636384,-28.598235408171576,78.01062447950318,-98.17763860737512,53.584560255158664,-99.7210429946132,-69.66303461957412,-39.08900644399138,25.87815620272424,-73.65828184404765,86.32964545063888,1
1.2532118990405507,-81.08873104512236,20.294220176241467,49.22297144064726,99.42272680254786,-18.817131374515753,9.808436164452374,-94.83177218559536,27.323317769512556,42.72792535544022,98.2013629973429,-70.8012898261135,-56.16926155992037,9.660269559206085,37.20348958789452,38.52919432006223,-15.632048358030005,52.346054945060985,12.121718195225867,25.4365861243586,-35.40955183372314,-11.224953951870418,-27.958303109177677,-13.184301266398734,75.45866903574378,31.307683573791508,78.84964323279661,46.56526644655099,79.50062812566793,-19.098144440326053,28.17828520972583,16.24103779757729,98.29226607967419,75.79674156419352,-42.000921148801226,29.42954000593184,93.89423505364965,45.57454574915238,-13.527473376381366,66.83244740305997,37.96105402252056,5.236902105975204,-48.37660651398939,-43.53248219149097,63.66664775998615,38.08432483179163,22.309961428805835,-12.636802938439857,-45.89221632796156,39.34773640739667,-1
-73.39804021853425,85.15770989891368,-37.60569151351585,77.01075060599314,16.71603724673774,-69.85290330384335,37.92065724059245,55.9519770823386,77.06819016949359,2.4750386979076353,8.355788716582708,40.40655848364028,71.11687908380313,37.81631725258029,65.97092750352442,-18.049626866638377,-50.35037213926359,63.694984794347846,-3.377034629383104,31.841183323260083,41.68499453721438,-25.304479360986747,-10.211693640554714,-84.17069424624819,-45.44766357949441,-27.90949540246106,-65.63245128362763,-5.401334545431325,80.29919543600357,46.50410543995565,55.72842134206141,39.71078848445521,96.53160198562776,-22.908935920752555,-91.08274763470914,55.91897894375822,-15.28084365425218,36.50826709158443,33.32281909001159,-73.40786860928654,-41.287616888936185,-41.01210400081641,-36.747379010252466,-50.56671821579308,16.089578436639712,19.80152557313994,-16.785870626971274,-78.50444509530374,88.99461579891971,-48.8404664045891,1
-47.54719114003498,90.45201567246474,-10.374260106968094,71.12491323517543,-25.678980139828738,99.59652674149476,45.65394682669523,-10.694851467552624,-20.35366735655964,63.057575412281835,58.412815366406136,52.59454846249082,-75.17471000918303,-40.167719985858064,6.883783086253786,59.99528872750389,-73.27211118999912,-54.58035161919628,47.403742283605624,-16.177703860722815,92.00283551309735,-39.65340189177242,15.252243063181695,-25.34013150451655,-29.199315505208773,-3.351331373701342,-16.525439740113043,-27.421033624793864,-89.87813594127816,55.205260417742096,3.4625961789973587,-91.4910019069477,21.883494622628547,-64.9219418790984,91.98005767234355,-45.29114768349905,88.1326803990074,33.13399988385544,-62.6597532631298,93.5115404232184,22.013023884479324,-46.228429117635784,92.22094956599236,-30.17305003876936,-50.25257488886694,90.11640893215164,-26.033495944575023,-20.930396025387978,-77.62898674887136,-19.979822804075937,-1
-35.13412452969639,77.31791923378927,9.114869349089048,-66.65335043893134,93.48528641660278,52.14570941111606,89.36747722749544,-11.399346970231036,67.0871293522334,-99.79755405261488,46.60649505249111,-79.86509245581928,6.8497542555737425,-15.519009364788232,-35.06514531648139,60.740496268139935,-74.8288789713073,-2.0152166881019014,-15.791451416075901,40.252959874440876,10.188060292129038,-33.01931743454536,2.6389483121949837,-99.4689097117232,-80.7017649943536,20.191697597850705,-23.415383989895048,97.64514085152035,80.22830428602299,-10.243522438319275,-87.23479580934064,31.54414790314587,-6.258128810017723,-27.36826283360709,-3.0459443436251945,-39.72667475085081,-15.48280845082543,8.887683551969005,77.80642223396904,96.58476706478939,-9.220459569459294,-89.61322176397783,-66.40340771314568,25.536656705772543,24.41346091571694,-27.00296084179658,83.65496914030638,83.64153537108331,27.90489053076692,-17.370761686050813,-1
-10.588891238714922,8.35206398820307,-10.06402982296855,-19.000592224610457,31.701289438479222,-22.297934287977725,-21.866763064363127,-78.28899737606764,57.69724889248704,60.97081897896345,28.08062764967346,55.21594384885523,19.334431207878794,33.70123341322221,-18.165907571829536,-38.276725286062515,-43.83136987606522,-86.75777960443799,-88.19727957515202,39.30607159383413,-74.91271066400769,-30.865413626586374,-43.27875214344785,-90.12231373741213,57.67612187831352,-99.46797596029032,-99.11008572531192,83.3872084545986,6.67979909010721,13.662250917543247,-54.045257388044085,-91.86989097014322,82.7787174973839,61.776112025180026,-46.021651517530636,-58.802617813386185,-82.79801966481313,2.970548175800076,59.597587860809796,11.614509227848487,0.565966609462734,-41.808402779276776,-71.55164723123424,12.755869502910457,-33.06940042561975,30.543437416295404,53.102870470844266,63.14696078708266,86.2061377115331,-88.58079588411746,1
-43.16314085765425,27.27454114191812,-32.95043285993377,-0.3184914573590305,-29.27639415950094,75.2624099165765,-55.27995452258692,82.955100808026,23.867726218534173,-50.41528481159156,23.444485901943708,11.419699352665134,-47.51748902607786,97.04026484485715,15.326928536499366,-55.788431845037856,54.29408859785468,67.53305099269633,3.997971707375811,-91.46989010517781,35.387863959080335,86.08086371837311,67.09890121408367,-38.5734203895117,-63.09940563828134,-82.37787750707912,-76.7155400269403,-74.35326054427534,-78.95360350300587,-61.34743454911553,-8.624144978041599,52.21343022005013,53.588008293265176,36.66931313435177,-31.913639195847338,-90.94382760905665,-74.66555865262903,91.34949629628775,69.31926712225368,1.6552771848286483,84.80692564062306,-85.26188014085754,47.10249535677491,84.3514822948234,-80.81386165626729,92.09136733266331,22.11434796048637,76.0929603814827,-12.486084681300753,38.19237374030112,-1
30.24659540829842,37.21823078869738,-83.76244258991377,67.56514398472018,31.903990933990997,-99.14497506790181,-54.44823725609569,-77.83488674169605,-44.07779778317684,-30.679353641667888,7.864867253022339,80.85308503595198,-70.91434834102458,-44.13069253111068,45.72790718230817,80.25660667304734,18.124651738611817,4.007263970737029,-90.13898300341168,-68.40551751048793,-39.449496547670336,-20.555167060516965,88.75998675654512,-32.28631014619543,-48.64381928873141,0.6688942367034656,-83.75001611547805,-3.26308950581398,9.317186725150364,-45.17302526088132,-79.00504018428718,-0.07259482443345178,60.6657418067131,-71.2651772957829,32.05506507120239,41.4102056859123,-17.999306128616183,61.824294188005894,57.297609366947995,2.198389696359854,44.119317404868184,48.37227900059523,77.02776987592233,4.949215239681678,-39.0466037064003,86.87499635061963,-25.442667552763325,-30.21004216279553,66.89634904436275,-51.46445417552214,-1
-82.97930277604293,91.18375999240885,-6.60170921963703,43.45983033750687,17.180847125508777,-52.20669328228071,78.57442795042186,-37.82748285347564,74.45347672063093,51.70723590806051,-96.69038692223188,-89.16032283558428,-46.72680934856952,-49.27634807213139,-32.96720351861693,49.826034151026676,-78.80505812829877,-72.65820580329773,-3.28465431554028,81.12541302988473,-32.52512998187174,91.5410003294179,74.162372887455,-39.010834288197785,81.147823840722,-92.99890416659868,90.73755124948204,-33.95337517677403,86.76890840560498,-28.40060145606074,-35.95049566508007,-9.25857313758938,-90.6806696191402,-34.42017362601642,59.347626606956766,-98.85091813541516,11.200495024447932,-63.77023746110444,-14.219373713479783,-62.489858878343995,-14.663513352629963,52.940030423944876,-89.01634819972963,-82.86895789309163,-96.07411390634304,-74.00784135969798,-10.80132175680977,9.410176200078737,26.866872471460738,-42.47215173439691,1
93.42532305183408,6.807222640931315,18.993671468294053,-66.03593082085308,90.84777266365873,-33.208728731110824,-16.937152034441453,76.24775676547915,-82.81216174317234,-18.79429155059644,96.55983186418348,-46.16053739655002,71.87177106695717,-37.62245082494813,-2.0598499071649883,-44.04576784773568,32.03456054905007,44.48328201145998,35.44476734342973,-92.52947804745813,-10.695580014263314,55.17321837291712,-96.40125797272654,79.31339609914701,-85.79193519300368,-76.00650889561655,78.19884851588554,-23.03041574982676,30.568869608761077,-21.740552138028278,26.619977525692164,-9.772276886633662,9.553699166429254,21.41680997894852,16.69162043341406,-27.46024981483839,29.187310484665318,38.487146914982304,36.1453133048843,-53.530464099868084,-0.6321787261244936,74.88491106051384,0.22760498752936087,59.77589018695258,-21.163569724626655,-43.68510107368368,-90.45777279520992,59.18027241498143,77.73543310806053,45.59693574554612,-1
80.00462467960224,91.03503209562649,69.71753140617562,25.489121963388442,-23.78384587153886,37.3776623672004,-7.81873764622658,45.581460664129736,29.139215913644364,72.05315382535929,61.06525175672161,48.84991594544343,-65.9850065118872,40.204530018983576,-56.339693022099425,-8.562515538116756,-21.514705921311418,-66.36145829311025,-36.542892758836686,28.524876128799207,71.06694575926647,17.8310983066893,-97.67468165536555,-63.21813883618981,-55.88252461551344,-62.605549218879084,-54.610662884577145,-68.64673856016844,75.98366514824579,29.78379596010413,-13.999830673603483,-45.88782762011054,22.957151931367804,56.55838197377753,99.63869943360149,39.27754091644627,14.991446246878382,62.63827684343036,13.475972683678577,-13.986646173090918,21.93725857530096,70.82578671375347,-51.744254012014544,-36.43990710940233,-73.94775446363852,-25.061890457452392,-50.242229884781665,-58.30806298607409,-78.94252322253618,-79.19395377133114,1
97.3325186534293,-27.086714496027113,20.84790206642846,6.406937366678008,18.986968699474602,90.60083104194408,68.46552145206596,-79.1692286804975,15.528366665197566,0.2357460012831325,91.78825210940335,-31.709672455979174,-62.92769100745266,35.68926475141018,2.7977156482342735,-6.732949805561518,-21.434700944890622,43.902336078368535,-83.19997081993691,-0.7317500384536544,60.17008773478949,0.8408108296755756,-82.1642621529065,-78.03568496869262,-18.464575317242677,8.513251326483669,95.58499706281066,34.7087458618702,63.858893398045154,32.782806078533156,34.07962272095995,54.14939009021387,-70.67084176578464,54.59639510891466,11.466189788611004,-9.400538741831198,-75.6527540966279,-63.16596274970796,-17.452377086519633,-73.19728009689456,80.16382001564187,68.1235311927415,26.898572780683665,33.32673053905313,79.96975034113731,80.21885513024765,-56.92316011723548,22.188877502104077,-17.538445256172253,-11.337741383463467,-1
39.56655710103399,31.488865435492954,29.202058189339795,-50.63765096919277,24.968459519557484,-53.280045851755034,-39.99603723163783,-90.27392721708647,50.513458926719125,-96.8015956836847,-46.67107641182091,43.73032234476986,-89.31466875104029,-85.57501870051311,-14.332229747770924,76.52683388207993,28.891966318896607,78.48331404836978,32.73239323510063,-85.53375326715249,30.057288214298097,-72.60347360039799,32.69367900229753,77.6186059677909,-76.83178464956748,-4.25018551492235,-11.63024133568426,44.659861848424725,44.928206195648954,-71.76425173896588,-71.09356789989165,32.02594561581728,82.7932450801857,-53.29757157595751,16.86692077664938,-24.68665068937257,52.35105634246986,-31.627119769033783,-42.89799930904976,32.1442174527443,20.300350690076783,-86.7604100938151,-74.16141381249064,-57.4689410977685,68.88921268547833,94.62246198134397,-2.444232855267032,71.82184783501157,-9.891243194874974,-20.65614680083503,1
33.277082715641285,-91.23062950067401,-56.9338944942537,-8.444129746872036,-20.144923196884562,46.764377413926525,14.24487767235263,75.07143714569571,86.85399296675402,-40.38408901678623,35.14819681944891,-81.39358916367891,-50.077885151427346,-27.515052022198773,-69.94679494880745,41.44369385429633,28.832726536273753,-34.41106797315989,42.500672812077084,89.47667300053786,-7.630039692762153,48.80249339463933,22.76786848402321,80.54588319026138,10.08069073579172,74.85348553004786,-99.10829107944821,15.516079930621117,34.026498114700644,37.947284125860705,-18.80694389160287,5.102066796146715,-65.56525425512143,-91.29489577472344,8.40595688210945,12.461542082328478,58.092821933524334,14.935268239212846,37.08067210493297,50.57432953730245,22.584218460486994,-85.77448953563504,-50.628299860958805,-59.33874857585213,25.729902315108745,-19.23727169991409,5.969245891792596,-43.29785688041936,-68.84777352396416,-88.7507965057784,-1
19.859857401277736,3.332851968774861,49.71179713413534,-66.88936404506123,-56.436696142958496,61.235336014765096,-40.664268533060444,-96.3164023769594,99.68225224715624,2.550948550488968,-48.23465375674098,-17.000248407759557,86.21192716453774,-0.38177760263964444,79.84417474510758,12.006011278552435,71.17878013430223,11.533838541660216,-98.57960189278427,-66.81665433109814,-62.674074744093765,-0.297385940554733,62.82450626645954,34.079585152661366,17.68568289237342,41.58810847744678,17.945505556818304,59.22807955599433,89.4592877432552,48.29593620879706,90.95445310051898,25.98005224573059,-83.08644085495217,34.712132121041634,94.66507572730026,82.90364326487065,-91.99486431970377,22.79936174288582,-80.18797880472404,-85.85215166645952,-85.23264893384565,-27.21826238181559,-91.80664102211398,18.02737064730509,-26.258375961787323,-67.39066547536893,62.35941995386975,85.32620070967354,17.92860589203083,-84.31193055290318,1
59.33627943827446,37.45660088262554,-96.56540186752609,-19.51630114860359,-63.16229489532572,-47.58581469957035,-38.762404984627906,32.73583387130557,-65.17875914645228,-17.487188997646257,21.669501682087784,87.98250021061997,-36.12387739426768,-13.370489123729953,47.02480253593842,13.604373120968646,-30.18498323738943,-43.730944091616884,-66.46363075767152,-75.25449452585613,81.00724965102134,-21.278130664384577,73.29438931889715,68.48989482773521,98.54100805212485,-2.687792043500423,-9.859991410328647,-63.5583642168261,55.42194981915759,46.25352538414543,-87.93211183709431,20.415916626399195,20.486790929825887,-30.090990167268686,14.93747737478948,23.628886419504497,22.227905820833,28.36094656753488,37.132442038436665,87.97249781444083,-59.998785279724,28.006737458778616,-12.561717563336217,-88.94114823361568,-25.84067846910834,5.935034465559468,-95.25939375985968,-18.738124798443522,-78.20561310436494,-99.90227550167836,1
9.291708345624869,28.710424597483495,-63.30714920623031,52.194712906330636,-38.33977922635832,11.745308557982952,-40.46056704627743,49.42855798923114,-8.11421938341013,54.739355307462574,-83.26282730641094,-48.80475018209296,12.834944039653507,46.17903353094272,62.28306823920201,26.364420725725665,-76.35336238601151,1.7422609748015958,44.50081148548145,-37.244168286365166,27.381125554926044,-25.304788412451316,98.41120586670161,38.86988559618746,-37.5888025294759,90.20420826645858,-87.54660949140269,-23.550145944933874,15.275794234082767,89.62862983986795,32.002524959955394,-76.4823496963331,21.509781038521197,-85.73579644527314,-95.08539086923118,-9.418454844019024,93.8699661726836,59.67943826797887,-82.17670599871121,55.051422680701876,-1.9618604595859779,80.16682150881869,11.046464278635938,9.709995289646002,-17.8306239247634,-71.5645086047735,86.45635815407474,0.9856156268360792,78.10891359990424,-25.182531184115305,-1
-85.7622703079542,-3.165393567318503,99.50274913237917,-91.896094912066,-13.614975730815488,-88.86672143913435,-5.8805766127983645,-56.62777344079968,-45.23818103886974,-11.676499151206272,50.54291115246673,-44.298186878730974,27.3423046482213,61.1002611285418,-80.12960026648784,-73.50695954036496,-64.56495974755904,69.4774335652904,-62.815314978789935,-89.751753409339,79.4201229186238,-39.446795614814675,54.03762784304524,-53.24669929152479,-47.75045088143823,31.960321966925193,-35.68865095344769,23.398853550368614,93.44384327755887,-92.12338393882592,-0.20278212243627536,13.046924805152855,12.83346313089892,88.3193246230588,3.1612869474698613,-65.62477377494204,-98.0075417056442,99.3199161078104,-71.1435347221276,64.0756781184202,1.9484377791972491,-68.55425041452878,-52.376660543549946,2.144185766015454,-52.063941547471494,67.4118643960698,35.79941763839361,-20.556707839150206,32.906574826344695,-76.63128919324663,1
-68.73660585822783,-77.09342633473035,-96.87053641158681,23.668063455988246,-77.35706467802092,37.65003301446848,75.79294414438851,-40.986967956699296,-42.013037456126476,78.95517119806044,62.24967511466926,54.86222064751601,35.01512702336018,-5.9038335877350505,71.93108110130595,-59.90223290787446,32.570871260456556,-19.52410388372587,23.075830169947082,-37.37055830525824,10.04463378338356,-61.47760983287629,49.755646706436465,18.139905238674842,10.339762438717884,-39.261548644033816,92.67514153942383,-83.58166928919273,21.02842003837182,-82.22364826197854,-24.81771724864271,28.50139968428428,-58.0483877547227,-12.806925533004716,-96.90030268825736,-66.01455042200146,74.21070948060665,-22.829473472942908,66.2023390239313,-71.81114322468747,59.29044203123041,28.3895744814877,-26.010947936327653,-32.05649011375802,-92.42332696802916,22.80364762874055,-51.116655275704794,40.11272747819123,32.54515489884727,29.946038167088403,-1
-99.86932184774008,-44.594910226075136,-0.5509039620873466,-77.8796497034846,40.54931489781529,27.262163107851308,-91.85856527749576,2.580330578722652,73.85061359737699,-29.648486552754093,94.87381412820571,-33.35033398781617,-14.828027248045686,70.29888991874725,27.91647392218934,-26.245741489267218,86.93299915755023,-65.23732578153256,50.34820904914503,96.00904435484179,-57.48788730570305,-27.749996547077586,73.5265874017112,56.407282547118314,57.923037458557644,-80.66896250933127,-38.861164867706165,70.1810006498718,-10.025258136962492,47.45810401406055,33.58388066519316,38.65680881653816,43.4242209651909,34.23269488993995,70.8240027145981,57.91397236573846,14.241836005125208,-82.82887028148053,59.54414863256625,25.408271339950673,-18.956929458580674,78.8304922766018,67.92633738257646,47.934883886014205,-29.467936567642866,-90.08726801665435,-4.679023880956848,-11.04141931936536,-11.171662864942505,-37.25567797381994,-1
20.38468620302632,-61.91730079501796,-17.79148691581389,-22.187858076269478,17.47723815176147,-76.1874510274906,-76.98114721974751,67.49333788446819,83.82946464176598,-76.51679106698887,-8.61373580970772,-70.86621935295372,36.6294190610931,-78.42860377541807,0.2645455439623561,-38.56586758375773,-95.04079117353952,-31.773359541635273,-76.4584324995397,82.75513532806391,-32.70540560139128,-26.87878600937985,61.79810148977168,85.73179459919058,2.1345481475902233,-12.970035717014113,-79.93304385633304,53.98197836124643,15.25852968653038,44.81354163779159,-83.49042138072657,99.9079952493453,57.211062554207416,-64.20323425075213,60.28356695872469,20.391784443644795,-66.09952413656114,5.484696716979116,-6.378267696124524,10.570910349991664,-55.680972859308994,75.16568058540679,-32.48131185908454,83.62483155574469,-34.4093821346586,24.80568066575188,-1.4800907099316873,43.45693697758034,95.69785985314402,80.10540035275056,1
-37.234638355116886,-6.428107473168026,-13.85667567839792,91.28015588668333,-36.81694350887281,-96.74698517651134,-18.682185824818177,-0.030907642892373133,42.31705702293519,57.72563859830822,-43.23144374702219,31.741548818249214,78.88755959817487,-62.86050751509693,74.30295509062839,-57.43972546264573,-5.463677692160189,5.751185809285957,48.47714158500145,-32.50082378706658,-45.065318140958425,-39.313343139543576,58.622245496914644,3.0141679668861343,41.997438585383776,-2.429532002731989,62.72758141960634,92.89791639952523,53.25342956426843,-47.707218346273514,41.50836853206016,-42.65147365229893,-9.835830555617363,37.77478379283892,-33.63423276970423,-14.43314025564871,-33.44293171553876,-83.07122197922318,55.95982737432547,40.42734199788691,-17.806810221023113,46.14670185398461,50.03472706221834,-49.25289072612149,47.15759509669485,-66.16118658982549,5.144176693425663,-34.21717623722553,-84.98676294492952,-14.206469597456973,1
36.022377089394524,32.14547862183031,-99.17970991396659,-9.880574179280032,-82.74536845329088,57.0540131820149,6.445686151386013,-43.175637445004256,51.259763532562175,-77.09867924797848,-76.9923491436468,-11.03951440626632,58.87572383301088,-33.50001260638946,-21.54697834583021,-72.31952069305099,-16.73566818601296,38.10123125478961,50.916480803625404,-26.094624432070958,-95.16977834025515,-57.08129098610741,85.16113874027315,-98.16780551058042,23.80475022162119,-78.97004368007912,-92.22389154209773,74.20656708498342,15.818817043272574,-97.31123914921565,0.7879400093678157,-1.4259841451111015,28.62134657484725,83.19254610985078,-10.568640736340981,-77.63655801218923,-74.22123114516621,79.87690330955945,60.47058744983528,-75.71783310080053,59.36149540510476,13.612917470791658,-6.844528962376799,-94.90719087172934,82.35200841434383,27.352444140594883,9.099407091000785,37.972472915782134,83.76930687567804,-25.249641427782677,1
-91.31749342903616,-71.11270316898448,9.640754558430316,-1.7910356455245449,8.7631013685332,66.28835596676964,72.92054008473863,-59.44020387698436,78.16650329342855,3.0137035463128257,-59.55279632954409,3.770560334288618,11.40704765080207,57.81766894760432,-51.2098892768547,51.79822017802951,86.15307020887747,-80.17015067480442,41.50423496177774,64.2623817874265,0.44222028706850836,-83.36513903274218,-14.522988511728087,-58.71175127919563,40.76377562325348,33.87672308384376,51.7461350455377,68.88188625110777,-31.57606524946172,-63.26585643522582,95.12239198486392,-61.76790930051068,21.244313221363043,-97.21016487645937,2.2195055244821162,60.27238362946633,63.26096008777384,48.59522643435744,13.01123596950275,-74.62337124798104,4.43710698448993,18.6878832107666,-20.691893696215956,-83.45279341553425,23.802495979280565,36.58296534230786,-59.19286217454911,43.545531833910616,83.13696609825627,-83.74430910656801,-1
63.83777188535805,17.13086708575983,62.44790772174943,-68.89198169990254,13.772159472235515,-95.33226343387058,-80.91200807493315,5.544160273890597,32.262188559715156,-96.07898051885064,-99.8743614214731,-37.721324994038305,96.3022421088323,-14.56735069091502,62.32249663273822,-99.08701535944712,57.3398823118996,-61.12701995228396,-74.12938458609639,71.3727934815484,32.72498041715829,24.262405864679977,-1.9644903908200746,61.945900402326345,47.136633273148334,-43.26710172336761,61.58533230207962,21.33141350743199,32.65663240616564,-66.54869688726701,-28.772343167539432,-1.3235668775329685,-71.99616073716402,-39.60527776295799,8.72084837106513,29.860966246419252,-99.58347114529052,66.31864648556854,67.31885006481184,1.9382120456340033,12.829516832989626,15.2876765986326,-28.987352788868364,-96.46155851633571,-59.28307637857384,93.0473402444261,-44.17792661473685,36.22411153697453,19.807860526751526,50.05440394157827,1
53.43765778622537,-5.619497887095392,19.87584445222035,-29.199011363751467,92.0214078337124,-85.88840894691516,-39.53889272390665,45.531645474458884,71.30471241593625,96.50090470468953,68.72812325585568,-2.1969405583450765,-99.48842952646895,-63.89027579699784,-29.03608165979162,-45.265390484430256,-83.01575745884983,24.244538481598028,12.213108677101616,-1.8996762953394892,81.75465676522151,-49.897079529624236,44.68778379773411,72.48783039640924,12.664855274001425,-40.768061197820685,-55.10976187358856,1.9305202402314876,-88.13793857470867,-28.828044138672595,5.954623757541611,60.66204764934136,-56.99609401151016,5.825280834853274,38.072102704631476,-95.99671141757736,1.897004258722717,82.3763910317015,-35.68727594204455,43.79913862696981,-7.806501298149087,-79.7434920933777,-79.1773625192933,-16.74179923621446,-93.78334358673139,-76.16764623845809,-82.39286391346661,31.926495345565087,55.201078171034,-3.5085960453902914,1
-62.012772708487816,47.36336636594004,-80.46673637477542,46.64391391628203,-94.50133367448599,58.2251180420017,-65.79899666924354,-50.73895511520878,85.28627298702517,-3.33922599672664,25.47246083366892,4.870389306853355,10.21494158087863,-23.790888717669986,4.463947479326123,-6.5564436102635,84.35068710388327,32.54508704192904,-51.57754157118253,39.445739343761005,-21.67207785410605,-75.35153445809681,96.39742054659422,-14.436131654482281,-99.07646021359635,-80.57297484030492,95.32801148620905,-33.34729067529065,42.646152260790046,81.11615379398125,-62.54564585479243,-26.64487044058366,-1.9457816544342705,-5.150853477752634,30.213513553224914,30.113684504584484,-10.129453652270797,86.41043680140362,35.04724611808615,75.4678024718659,-35.98838612769113,62.311727884608956,-37.59227874976923,-49.83892990770868,-24.046691838184003,-3.082842298189675,-7.2618880741305105,56.79175038158138,17.584028141279973,-40.11014847412064,-1
24.72975565805322,-66.04830035857283,94.78711482088548,99.58186435805726,26.083205683823692,-54.74753614645365,-14.488211280552463,-84.27813529473774,-80.67698629206762,-14.313941520291124,1.2819151350604159,46.075715369296404,1.5866861291446384,-64.99832964080375,1.2540988552654113,-58.95193720563685,95.84257793551049,-57.05197009462219,-47.470139492097815,97.11743222274396,37.65346927224428,40.284413788528326,-21.758107560533972,-72.31661007503885,91.58438108808889,58.85288421134703,96.6435405447842,7.3362756633797375,-19.53226486231388,-72.491747001446,13.980837400253293,15.570068980203104,53.480896866440474,-5.837784223901352,-22.744403907399473,97.56682313234168,-73.04969509013794,39.86611903142156,18.69756656599577,-87.33130228247121,-97.87301562413802,-31.62231722623541,-87.79096638018645,5.536834714479923,15.365047672058438,-17.098677524845513,-65.90282643010323,-6.353518717377526,-71.54670713897751,54.194739172226775,1
14.857515018042193,83.80765540573424,-54.64608932984669,49.92423111272859,93.3299993364225,67.08117577661247,61.516080280891,24.036526303762187,30.37601433461441,18.887140189280217,-44.988935276860964,-21.245950682423214,-4.173405124607555,-33.4176733523025,51.80242899118147,50.40448581653766,90.40759317391516,-19.152284119661346,-11.564068621562697,23.91882976540876,77.1301142763289,-77.2264312464471,78.54154387841868,-83.86793703519966,-80.30297201934022,3.0572961525094513,26.747833130528036,40.18061651809529,81.64943826930573,-42.36480938366818,-17.108606014924362,-9.057556492768853,-52.99841177916183,72.63034266808666,72.76661621438413,84.47812287550263,47.740923309107444,58.269140860149406,-43.114266825843316,-53.98281767653115,50.26431746809959,-41.80038060732174,45.4348808067987,68.4676944623344,-38.243843058736914,-54.463128656228776,-4.069386146978985,-97.20987563110018,29.82954043391473,-24.05856216773242,1
79.60610978999739,45.43256194802768,-71.78804010154059,84.92019808434253,-71.87672862354322,94.24836657607023,-77.36884344925613,-21.905305229402103,-59.050543208608076,99.56068435883574,18.999552651483214,26.22948188355967,-76.78811140271289,-13.421998912944602,72.06169135041506,0.32363325568651646,35.43793658419219,83.4916649994125,3.5364993940493576,-75.2461903938887,-79.41339316657736,-45.14285379953231,10.556648259418026,55.948701614377256,-64.2296001027128,54.743141934685326,61.75715712740427,68.89244967608263,71.49059347454971,-9.218002831141774,-62.72947947735137,16.118175777584938,41.28346291012389,-50.37925609516083,-59.17215176694866,17.01447303244737,97.14114525667839,-57.44609207918179,-1.4208924296614072,91.09661232403207,-7.071489126533351,84.495740539238,-50.052405501565225,89.73529146203091,-99.85711543599689,63.507118995987696,85.53549113519196,54.388648933300686,-72.5512164878333,-86.74021083598613,1
-79.01396431636502,30.545624755444834,-39.993903880900675,-65.6729965169254,-94.78334266305563,-20.064821911625927,99.9394419318138,74.5588342390005,69.44043599539705,-26.294266605257107,85.5622014087173,76.92061123981938,-75.614040132187,-34.36470136986141,-98.60785738738164,-72.93890388126772,-48.13943678582944,5.259281937108113,44.869675572532685,-93.8938539942632,46.896209338044514,1.6127340754741368,5.399506408045269,54.051037679927106,74.60665244515943,-85.5819568599332,61.26526148897733,72.37626169666277,17.453933901674816,-36.999864661390625,-39.18177753385177,51.68117106250793,-65.39566293742323,97.44325444769501,67.30790363290501,61.7660006966357,88.43596145680212,9.525441531062299,98.86163092562578,-19.887361602456537,-59.544386110968375,71.71129047620369,72.42361427426184,15.474151407243937,-46.03732504795255,49.71059011761588,39.38710840638896,65.63302616765725,-27.008619759194346,43.4017959820649,1
-99.60157295618595,-37.326461108544365,33.015487999685604,-89.56855382933415,-2.5709274438382295,3.8621282793744456,-91.40732143847283,-42.0568161631365,-76.17471186096745,62.29878749572134,-96.14527650515785,-73.64931408177284,-56.84942005533728,48.17900312292036,-8.685986394758302,7.791435186091135,-86.79340383695518,-93.96426299503486,53.26854229206785,-0.366706051640449,-59.93028997418375,-1.139061440292494,80.02209198113499,83.02805858723411,73.0430145761751,-25.331235260645514,41.166472189888935,-88.69079055995908,-43.94059971484905,29.312705182547035,-91.37932382721054,-48.80962899931562,-12.154308464586691,-63.334508596994986,58.99925582225336,68.68127967739946,-78.36817813763022,-43.37551196387801,-22.50558241000094,20.04751418341364,0.9027446005701449,-83.24516139678082,67.90851217820591,14.739812296600974,16.292504474134944,-78.27729509836905,-33.500040401760046,98.31206540336677,3.639503817250713,-48.836001705347144,-1
-21.08478488047072,30.98142462957182,-62.3650707894164,21.698217312723372,-13.005724833659869,32.760857382157184,-9.202760421968634,-73.4937208561542,-26.415522943924216,91.46916975560825,-1.814835435457823,13.444018404458077,-80.6211736633253,71.02347529734911,-6.267527026463583,-63.50158529874328,24.30914937295836,-7.584017484226962,26.379268033725083,-18.678130297029895,52.6105730025881,-9.406505442464635,-49.39435976178073,-41.89659532104961,20.18495373802476,3.7642263217147303,-69.92563730333754,-23.092800031485112,32.60773995257077,44.7680478258207,-93.5028166485972,-40.74470940718125,-63.62546728230942,-2.299779901726694,80.11488368650427,24.70498682269455,35.267445583785985,-45.227890316073086,-9.197609130533223,86.20650859931379,-14.168533486389848,39.88310728911492,18.378327658666805,-83.37493638455622,86.97469721522077,64.84921728748463,-44.81661539001844,58.9635763396455,39.079410730969215,-31.09508853715461,1
-19.35844877334955,14.858707941714712,4.857196674950231,-36.9868249478172,-64.0842478778934,-20.429064844152563,-36.46247945057968,-75.43106780757604,-7.379347103804761,51.61525045625143,87.28689911852913,-71.86555538817152,63.87808899540457,71.87812867731762,-52.53946962189886,-56.453545338229524,74.15493252818109,80.34191093500326,-43.84871054962194,84.44662196776204,-76.94530745142978,10.07334747765529,-39.98186147436067,-25.673966024465344,19.45340985367487,53.6963582176036,51.47288861005529,-59.1076218178481,-38.19446568573737,58.544245041634724,94.60457808899639,57.861883180726636,11.683014431026479,-37.369153970726664,-52.84865267847587,-47.06887203695877,84.29036770497339,13.244698269830195,-21.31997615752455,48.566188479607916,-17.339751676468666,3.129691357361793,53.7962178285735,-10.64198688047,-47.77672137754727,38.37193424476939,98.9890780565421,-62.48932950189212,18.851136542582196,-30.582887315141605,-1
-21.501288718663034,96.28428498440505,34.83987498857212,91.16234863487489,-82.42859728373088,-45.61183943739966,1.4354321537152828,-63.228944719339395,-89.51122503721109,16.64746077244041,-56.05724922138491,74.80819529719093,80.20568953703267,45.040104158444905,-25.36580463517133,-97.72088207140797,-70.04211909380032,85.4080490625663,14.435372797431924,11.756140113163752,1.0559922991520239,-32.09940995826615,-47.79844711248376,25.497227201023804,-41.30868067951874,-94.82276459752781,69.47975965491426,98.29367861820032,79.07906264801204,53.999177427000376,47.840865129524786,31.710937379819313,-20.529007398763483,-67.96410091577877,-36.80123859345099,11.767797146497657,-24.112393116153612,70.59981597839749,22.58920856270528,6.897012350409312,-59.107138247286215,61.9260088414413,-53.72932473486125,-43.160304419000695,-13.979547602309083,-79.88265585280745,-69.41792639579319,-29.830796520519527,-23.998577699789763,0.9745578327823949,1
-20.601567558505167,12.86021293396604,31.478607898932637,-59.061665075641926,90.79304666505485,74.51369225037075,-63.55444192444229,28.64502114505899,-59.63985423911746,-46.74100324498367,85.5593142877025,88.71894822560876,-72.614554237693,-78.25506679341692,-5.840079505524315,80.20733945827055,-53.224095420505655,88.6116469232091,-25.55976701609093,-74.50612545666712,52.92129027118463,-63.076972295923554,28.434041662239963,95.55850842927043,-42.64430606892582,-70.01610663869667,31.799968550342783,39.186640684723585,-97.47395139764055,-63.486178044913565,-29.702558110488127,37.18225127944592,48.94144965734387,-33.89139284775628,-76.60400593857173,0.7699842202977294,-85.59886154269492,-17.72082263294851,-33.398107986670226,19.639750520626336,-48.60515055569301,23.369982748102473,-79.72783258790814,-13.829153933018262,25.810560227499323,-51.13802086836006,-21.519899636937126,-80.20858727675635,-28.755152585360676,-87.50509256671748,-1
-72.53999345688595,-42.763825840418534,20.52658425712697,-18.605561017781696,-39.42101142764258,5.051822749318319,36.654182172162706,-26.906931009821335,-52.08791199876464,-18.59677584240211,46.24230980131102,-52.545093529096,-1.2394294548282687,-18.738367867238907,-5.571742568283966,-65.94915768759381,-77.07163714816934,79.10359731903941,-75.12953194579282,62.393923542721296,-12.311059078847535,51.149044464320895,76.97573924961486,-31.665231227465867,-94.6280750517334,60.49827676256797,-57.80848222729189,-12.549538704119655,68.94140033157689,-56.05332634118905,-80.9072484024307,79.88549717498557,-15.896396847645505,20.542646205014023,59.22823730732651,58.37851559549006,4.2145037109265076,75.529943935137,8.182273211483832,-63.32005361148809,-62.95774337598217,97.73097560286828,16.653005108362095,1.104292404408497,-36.675977356580994,90.73821444562299,-53.186680544892994,31.72243697434382,52.4931611803832,23.564577708963412,1
-97.56910506203673,37.446868692136576,14.41996339432501,-89.05207281801262,-23.153892392130217,-70.40129511391822,9.073450533876454,48.48937176354224,77.71479695205835,83.9444778843953,39.30092400939188,66.21220059909396,-93.39343810152366,-37.80703802530567,-88.34464421417034,69.15020507745604,15.413718925557546,83.87249538428534,24.380068741415656,-92.0654542603426,-98.00332245504988,-22.607419900971436,33.567908217193576,-7.849392150178119,94.52429733422375,82.64656426081137,-22.21615487364177,-81.69392727256648,-22.148539413405516,9.591250142913353,-90.67417349185564,-15.102678188608266,-23.840753617401504,-62.553120080847194,4.49212805535204,43.26919772136216,32.79481020395275,-60.107504554943404,1.7449039028560236,92.27450327801887,84.3275007120987,-86.36631291282255,17.314453099651715,-42.40440601082407,-8.07433577712311,21.627882720952172,36.51002213380971,-15.751091678125832,-46.34797356078262,-66.49658555681783,1
21.939485030523187,-11.280059736362574,-49.89111514573597,-12.746573039116043,75.49298993435559,39.6785569998425,96.24767020132688,-50.029326548982134,-54.138193375937995,-34.16980705023758,-15.877301661380685,-94.14369097545207,33.9205920533135,92.33825164449746,-49.44806426345947,-87.50776863291448,-28.93926254420333,-38.96764871324845,-58.26650951266237,-80.07655744525377,65.66079930157031,-92.57855642600472,2.9732843564783167,59.10780697462366,-0.7738444836359264,-62.79708683062839,88.31019481659911,70.8155782539113,-70.05735010747287,-85.2652019566444,51.722511687744884,-39.22262826984087,-28.8450390079432,75.47289603764938,89.98571680535008,-49.69918526862615,-24.111481248857956,43.353761796291394,-19.735672831122272,-61.408308334947506,7.465248911330534,78.58448977571888,-53.79086294047302,-76.60592810184725,-78.68635731316488,-76.00237041663,47.864237349567446,-42.989744449935664,-20.136443204453116,56.170575230324346,-1
-82.3014995896161,-12.45663501329173,-10.475225466895012,-71.99215374712958,-54.15875776746179,87.77819989306144,63.324304858547265,-57.98516098264373,58.096355732672805,-57.8399900735473,-4.56902953643052,77.1700361355332,67.07936899957383,-55.53422829786481,-30.913714780494445,-86.3224044027542,-93.20578814901666,89.18395032309348,17.782038793461695,32.88265112924424,23.496023637893785,-11.238259747098269,-93.85862895601474,-42.56096995568104,85.40339699653484,-30.54150247214271,-56.15941159923374,-64.60193506645459,-17.74384827264379,11.381590948887492,20.951576561587288,-12.331561925249247,-66.47828463849225,-82.31358095425264,-42.82880307374002,97.92890514795712,-18.81765497680381,75.4265979668312,-22.31998658242904,-96.62586395262616,64.45675918794112,-22.41348434251185,38.24174936833208,-99.56605779174299,-18.812561416645224,99.04957824018615,13.793680351657201,-97.06419764865343,13.258539792293035,91.17051611461903,-1
-78.68034937324563,92.07335492442604,75.73951676521517,78.48523550720788,-71.78421569612512,-61.61563838183692,-53.53566696265675,49.75092369523725,-29.240467326410283,23.851829387291204,-22.823035651301197,-88.08828768761109,-76.20782927078207,84.59395296866543,-71.75115915950596,-54.92291862489249,35.36286223142679,16.18256375807971,-38.9056689750493,-76.7843237461015,-72.82636326541076,8.881778558484825,-26.55783356762487,-75.75658374190525,-71.36717828236858,13.63941784343767,95.18466407694731,20.307912589638022,86.29924134969252,-26.28082239357188,79.79537848167433,-72.5123581538121,12.82575516659368,18.911328082585328,-35.51370580568283,-65.98981500081211,57.77843148663274,32.804957516856916,16.0443514281519,89.0832083142262,-97.1619043666174,-7.478432702681559,-54.08331960537382,-25.665142588309564,-86.14583517552414,6.577646160607429,-77.80293127688404,15.419147380133808,-58.69229792696784,-53.74831177118673,1
46.7228761122804,-77.35130967203602,-12.400450420889172,81.01680755219073,-41.52397745694725,-97.23047289872362,-61.93096963929634,75.25439974901212,23.71272448740885,48.553725984590926,82.250044258598,60.718297489947645,-69.49425938831872,-7.244883673576851,-47.71315633912152,-24.553847068331834,39.88341815887824,58.05730115436032,18.089484307766313,95.52483612377628,72.0736001762584,8.829216715620092,27.91877932030002,-75.43779825398411,78.86466630397481,-36.72450278396773,-11.026678188063556,-4.759191196700826,18.30207191461639,45.14044639656785,25.969920988672527,-26.618109760254455,59.91783594030605,-75.59267834784697,1.254134850581167,48.39549692876042,-2.917523808230939,54.19936975661898,-93.6437132307768,-8.64599822400774,98.92503320288034,-95.62823953023629,-59.200604443671324,47.18184509545293,31.061930712121523,2.5227125306616784,21.140138032012118,46.420599231219256,87.88235227492655,-39.36483583938553,-1
78.05275677818327,83.01969089800599,-35.630672959735946,37.42450407196114,-54.071064401970645,38.51752793432638,-75.51293923030285,-73.05102726926847,-94.06785128714378,54.47121721490859,65.18533798686269,28.60236079384285,29.45428045186958,81.47890703312703,-62.6772862144046,-25.550088875885706,97.7133188251517,-63.073393468368444,-28.981392538739016,-43.48429890402603,5.086105967296106,-29.48001810358889,-8.432974842436508,34.76803780686021,-15.902559637864371,5.533521512652811,0.700058068040363,45.29643551859456,60.252383664683805,-80.58234674859217,58.54434311438695,1.3798075077665146,-73.53665874772875,77.72565932116947,53.19053371234773,45.70565791717195,-35.43493822442963,-22.044783306723332,35.23623564776088,-67.57843365283505,68.47830948738672,51.779076957148305,14.969099743587819,-31.680509902808623,13.538123363129245,-8.277575939661787,15.233192829815607,-84.8530412422998,97.11798893861442,-63.7072949023461,1
26.31204401850411,-6.039135710263693,-25.639401745092854,-25.069381669347806,-41.949755961818646,-21.57732190849633,55.21998593799648,-48.679955307352806,-40.91987779230555,88.65050093170893,-42.87193006727439,94.78005706908883,86.5007106743112,60.24267522388601,-33.9309981968061,67.30700945212033,-54.43848266444131,-10.454835702003649,97.25314747417698,-45.8443632862656,-86.26799516831953,21.65006014713768,-12.059551631203917,19.45244603131158,-46.366136242479385,54.553490958171494,14.976306480579595,-26.353453699928565,38.488479546920644,12.7457623837836,0.9977207039211891,86.84875458670777,46.35405570305707,-48.15183177278206,-26.314099721782114,-51.20733236542945,-24.415617519316513,63.63375119382047,-79.99913682557364,-65.41645296566028,-5.565178176512049,-35.25987429629404,49.143790558841175,-0.8738239953961795,19.427453829575427,-2.629658816112638,-10.787219849688995,-98.76830285773246,45.20757899074809,31.542071914521074,-1
-59.67453599045109,-66.63028435888447,-64.59171178801873,-21.350707041592457,96.94832142733478,-75.0790860761104,-95.35753850990712,-93.83344544311791,4.319035509045619,-79.97541072856896,-88.98619718680484,-94.56892862181141,-59.19591274444067,15.181547192396437,16.265520215012884,15.806384398252277,-69.20158445055718,34.045094789348354,18.61354443442964,97.70742680743888,-67.26934776468315,-94.25691661785956,13.572239981334874,-15.563528101298843,-34.18102449321354,93.27403386492011,-45.930240764629836,-13.806750335723322,-14.918786719132939,25.103540786744347,16.380047444259134,-34.838864584752,42.962844232524304,-48.451425322697794,13.895463879036868,-82.09914899056716,53.755801451617174,36.617827758438864,-10.67036399150129,86.50310703347967,86.87221961264098,17.946623711250126,-86.20795998697557,5.8085822548211326,50.878119730920844,98.19803754628558,-85.67167848275457,76.55405487678954,-83.61160157907565,-47.401328200577275,-1
-72.92918354446289,-83.3241892462481,-92.44315563755075,-81.41766773405934,-30.392211315692208,46.49278258680701,-31.397646743248615,-66.86522040847518,31.54048291144383,-80.45215293874517,3.6377487160688133,40.98281366630792,-77.76101866154433,-31.175143011903913,-28.64299092040517,64.9797241346659,-27.50138005003548,-36.218694192470366,50.877623379422175,-32.25267852904747,42.11692697553286,-15.651251451349708,63.98487689526365,-9.04049846476893,12.530822509008075,-59.618777887442185,58.305421789877556,-74.23744856193505,10.374289166414115,-20.12881097247488,-15.991693684816497,-39.80236714767314,-84.39531499383592,-51.181151298648395,15.614662953471935,-70.3676687825576,-87.82317418287036,4.755500398390282,99.30848261968589,-56.1894040552892,-22.136004403972564,67.19414824174129,-53.57441983396216,94.41154430598348,5.6368945096870675,-57.51508063826898,50.8748828753381,19.77474269971799,-25.927148472267916,-25.277479471375884,-1
2.222727697900112,12.048292756610508,68.33504185429774,94.58514208177994,16.778742745318937,-77.59436893733358,29.312550737454018,90.66081527918482,-69.97440947761085,81.79628850133739,19.67659438641398,33.89846723326485,-76.42709768268034,-96.01292902189174,-18.114095315528786,-98.14945930469372,63.91920495625877,44.73958665175047,-3.083295909477897,38.980877436477925,-8.96656088806968,6.449287647704097,-18.548683075260925,-77.09768495756973,35.325495973591984,18.802755243618606,-37.52324563295482,-5.009093546494682,-72.67982508687005,43.442477968832435,-72.92958854751699,-81.45557749287104,-25.020030432134945,72.37613177314967,-73.83742371671862,79.30732900885681,36.84912088029134,-45.23468840946463,98.21213517867994,-39.230968795334654,-95.54290137027657,-33.70627443316235,-56.648816263053384,36.132888548799116,-96.24556309612127,66.74670646175747,-9.795003626365741,-56.389956809279695,-47.50274772039431,-37.27219415647034,1
1.4119293477436514,9.680187348382347,28.84828016519637,85.30910828712547,-42.67688831005447,-59.29305641591451,-85.95368706778443,-28.169361739311768,78.37017588377338,-31.82069298341841,22.369261719694023,-10.88556660859625,-9.777542926924411,87.14570895335589,43.323902526742756,-24.807325101963258,5.030385798028391,77.69865685957015,-30.300483541619755,92.70269492310138,5.9383009638181505,68.622720184955,93.74482555721437,86.24784830512041,22.952698837546023,-72.018907660769,59.87412799452983,68.40897271817485,58.403503989412656,-24.886829894049626,-44.09657273177705,-47.84001710968497,-1.9441522788339967,39.38538271459808,-68.26198753947014,-47.74839547122083,29.855421452899293,65.15505218573566,86.61251623336136,34.990372034207724,61.618313189993614,58.92318339771896,6.895691999032465,-41.70471608792883,-48.55587161661275,96.66388621952248,-33.324851069009114,-0.46212742270235196,-67.4180346967927,-90.49369882428573,-1
-15.634364292233727,-11.452814458708332,-98.33903177533405,79.55481365101019,30.491629697590724,-37.58539634091551,-0.9100714641404437,-64.36933375077416,-67.63427932567676,24.916980911058587,-78.77025030214853,58.01255145048384,66.54500509814031,-69.1454806517429,5.538849931058891,12.338029139352116,11.091269798532096,58.23095445894373,-69.47576030659796,-15.459213960762625,65.07177039935385,63.99281179177018,-95.70446757856811,76.47640143619827,-71.96329572578897,86.74747108640443,-59.144619566870205,33.91248408984174,-7.8004448921663965,62.0529663055425,-10.101271026336462,40.130651650156636,70.39521939567021,-22.645173468399648,18.858737699138743,-22.997058640680848,-52.54214733570039,-71.89914167814844,-96.87605649890489,26.91440916693118,39.18224326805421,3.1492574635237958,85.79776015754618,-24.18398099228031,99.05018883935696,72.47475913669905,-52.748047602614534,-25.502809792385577,11.385045951421517,39.37804487700356,-1
-40.34550915317545,63.97362950540099,-77.95341825575346,84.64787674563755,-47.99532537100622,16.637491114112038,-69.97554695603918,77.50777699457194,-90.4933460339675,-2.5551886482677304,84.89190671184227,7.519156586180202,-92.34419063478963,-34.63317411458479,47.98123322753759,-43.08184278453619,-89.0184404893426,-94.32405404073008,90.00404614681966,33.12456414565045,-11.36969023350936,13.422100197444479,-88.01290053408655,84.5711379911169,-84.44212924750263,42.59795682691268,-4.693794035848313,23.348162614168075,-46.65270740305307,-80.14425518098072,75.81332057046063,-1.9557046888372724,-34.61798488848942,-57.235528024242456,82.38047989948501,-97.16077885719739,65.33880467096759,35.992145075573404,-27.265395095052213,-61.80315617003149,-75.66386640236915,71.85561065351905,69.99336910477825,-79.31932218629427,-82.68670112395739,-76.24178997607575,46.912124824521015,-78.36091951399857,-86.24935051233314,2.4080205114192808,1
-45.60908812036026,-51.07674518954679,-94.2397258861333,-51.93885009681218,-30.052081831203296,79.28645770182513,26.209389799236305,-53.97920902457229,30.88612227601925,-48.766402773224705,-22.659897631007908,85.72108814738058,-5.145700214440424,-87.44913390589363,70.64150443204949,-83.40633296017779,-19.2334383043099,88.66449103163808,-85.6701397577696,40.009801687827405,19.512793530430386,3.523842828027199,-43.57851300600175,58.36994719666424,0.2220779909787467,68.82128751977834,36.805093944921936,37.6236011088057,-99.51201223234385,-37.337381729398665,-11.699627179139526,-13.555563485145413,75.60133137669285,31.820421504706616,-3.1988724545828973,-0.2743589143021268,48.60029392318299,84.4927580543351,-89.15718959401102,40.59973448894223,-14.956524916731496,-34.37029619399152,63.73065073243899,-7.868640775285371,8.903676694274125,18.69878573766499,-78.10185371167026,35.03394637626661,-88.34747124197318,-23.278926742673335,-1
60.69654865937693,64.12831207089576,16.301661924814454,56.79215741220358,-83.33013461582959,-15.979393718850716,-85.5974683081395,39.69347328232527,-37.92183491152077,-0.07772621075075392,58.51712485440953,-45.541244218440326,-31.21415999922128,54.57491833151826,-27.085757897213725,-42.39577281730753,3.8148655523316393,-86.06778793893493,-55.0235678696499,-54.09053288531571,53.72318845771699,49.389290398845674,-68.66776535908186,-41.95693917445935,23.355205146744808,-99.03220470476913,89.20400550230511,94.97265748540414,-58.953020727845384,78.446377392469,63.42859509482,55.02674039778958,-70.5893224774173,-79.1753153065681,-98.36420125119416,-59.85184551335829,-19.173304336591187,30.467722698853663,48.74345252926861,-30.7851873573985,46.2535040827743,-83.33471061786415,-56.73966106005592,-81.82346196588956,54.23305991070572,73.0130769041192,-59.68245884270216,28.519098063681838,88.60347680292685,66.77138638426422,-1
-24.934018416079624,61.49558713038178,58.58045566592716,86.32149902953222,80.91820317063366,22.230898045260105,-52.250997932416745,98.50001835226792,-54.983423284827836,-57.00879627787208,95.62195726999167,-69.9927258351101,-18.582914754544404,26.44627415182424,3.242377984393883,-33.105716940753865,-62.75545053807829,23.110566361481304,48.019540434281794,-51.04522185154272,-92.19300647512996,-36.74196818352562,50.369324889318705,71.82413701626763,29.80312858286416,57.686256697144415,50.87463714104399,20.669214726013863,41.655369241934665,-24.817116102486253,-12.90232784799774,-74.20268270872133,63.157108354375055,-69.89856238974835,9.901570698488541,82.186966794586,88.03357418275786,6.829086668717892,55.10910331861527,20.771084448968267,66.23931877349457,-8.133429379663724,7.666617384357181,-82.02985120006718,-7.479903978838735,81.36518536191159,-84.81243292076243,-27.33587849425693,-20.352083573698906,99.71473081341708,-1
21.199393454205094,95.98288655647607,-43.67987795294972,79.05896283126776,50.233302159124776,-68.12137830763245,-33.894353062598114,-14.403528054950044,97.26599586653114,-16.564117952656687,7.431534539260241,-20.001949760754314,-4.755229788287423,-29.650259224617187,-14.803697788407405,-79.20872396235006,63.151841741934476,-1.844045483765683,-29.167989766663283,35.234799843619555,-66.15079294711583,58.892665481330795,49.35098576274049,53.39147913471356,-34.0513763156944,67.1027580106356,-96.4199457126889,7.04413031290612,40.244511964399436,-0.558877696138822,68.07539907235,27.02989763668991,-1.6938406643338055,-47.429912211351,-71.19397294913819,54.165560164554705,-8.826365322262035,10.05723724094247,51.843206082160236,-17.077362402796496,-2.2577057526918907,-39.37040558221796,-46.61717107078014,-49.56774444603926,27.217333186465865,-25.04299305245266,90.23627598613876,-43.38319485211555,-73.6199218623122,77.30918961661061,-1
41.53618694818314,-90.60711551846654,71.90554104949797,-4.166130520911636,-30.61733592582054,59.507452116375305,18.001480660703905,-78.9489309507918,93.36324048390458,2.821508220349614,6.161474988856909,-34.599895559162476,92.35116574631027,0.5883901665620925,24.284644494647594,9.692692347499474,-96.35338707170271,91.41887591001239,-57.50517811337998,-68.40323793260316,96.18135618511349,56.6429321439104,-23.643506785752464,-85.34024425020333,-74.14795928136344,-26.747987084912282,-90.92253498638672,72.09053200115983,-30.068306146450468,40.86575685361075,-51.166766136265764,97.13484379576431,87.29757282037707,88.85323662123142,49.118403373815454,-86.0914407268842,42.98010732821004,-4.37722072228064,5.8109998608104405,-41.37843067168079,-91.89996622973314,-33.71758408497318,0.9650410825703801,-43.63883000836892,-52.5061311975709,8.171666948122976,-52.9494154515237,-5.399081820107369,-7.366118148347354,-61.22064644443688,-1
-20.737474900355892,89.74098364783615,56.04538332357893,90.28110314203167,-38.985672504130186,-94.07198546965543,-30.265045698480037,-92.47380316962479,-8.682242743630297,46.06832744954812,-55.2862763730962,-41.38555268504223,63.47980980357707,64.840089207738,96.98860417018406,-87.4097478799825,20.73193574121406,14.72590998763657,87.49162511011914,-56.79710006289393,-58.747191433919085,7.959765846941195,49.12385467582453,-15.108430506630313,-96.83767905042644,-85.58514666875385,-49.298789487485806,70.69944400284871,33.87994676225924,2.998796297387088,6.9540456110116935,-44.532768779931665,-48.21535551492251,-22.88372530440334,53.90221411376416,-16.673961208529903,-30.66449004678276,28.085693329346327,-62.82357013895452,-59.677837555846146,0.3795268984810036,-30.04413009752949,56.006900887987086,95.85203173001423,38.00379405930789,-63.98582918147673,12.743305374137435,82.20904905818287,85.47850474930377,-79.71414284476113,1
64.79953037599566,10.961351654789596,-93.16091001576223,-87.40471197066786,-98.78587543723754,-98.32090158317166,-56.00599917826907,86.79152962535287,-91.83960757369604,-43.88855166763268,-54.18509182334199,67.38773109546585,54.37927265995802,31.81374296046343,-37.754420576237656,-87.01032133686687,3.1279433846258513,-47.352969344100245,-24.831771787901985,-6.772668978496469,96.47062737681296,70.77200256198338,-45.548564682896256,-82.99439192804789,-18.82450113962328,23.86138186712688,80.43983439308678,14.541315903427147,3.238963700395175,28.265954638039062,98.14156385038157,50.07075571178663,43.18832194107026,-7.828342437844299,-43.696182922946925,75.49500420998089,85.32677198804811,98.38692257528038,-79.02972760047051,45.955353118367924,19.82003200815845,84.44453960298623,-2.5594673635315246,-49.964603677376765,6.033220672871579,30.794562520003865,-71.73652969367572,94.08502300086926,42.17499889175906,-76.88066308228562,1
6.187535682418769,-85.52854845173468,18.305759471074595,-43.608334571470905,52.53448479531082,44.763104781575265,-15.627548914052511,67.34010285473778,-60.094526740356,78.30129991301641,56.92407831925016,50.899946498980654,-95.41748437236404,-33.602863936809996,35.042284563238724,-47.38414983406975,77.73397805134289,2.519051944850716,7.984081055946504,26.880335466024533,-59.81762794667587,-18.21520513959443,48.51726065710045,7.933162417729662,65.80695173200647,-82.40428738823739,85.63464742439419,-33.13106395226903,-15.120244410436186,29.700951881476186,-86.8476985817666,21.75618441355502,29.65331350942685,67.1156896514646,-14.413970869922395,-15.491403318894399,-45.01927695254042,21.407118443983748,-98.60980563547092,-31.210397238608437,-4.41112322577068,-2.4767811958889467,-89.87434117867032,-60.919875283596085,17.262911955913523,-15.009033103449298,25.578962778654642,15.339662580961487,28.38682494660256,34.41743449020498,-1
-96.90867669422651,43.45237517315127,-46.65931387255715,-68.82792648258459,21.115735406152297,-80.98124003945412,88.65343776746454,-33.176146070312356,75.16536949144589,21.008656123074815,68.42568771848147,3.003165862093965,-44.553013567650645,7.76535184589369,11.345172687576792,11.974451146514681,52.317851954827375,-84.59274115277302,19.673915406561846,98.64300299970728,37.084796257403866,72.70914869104718,90.03138806104647,-63.78066597846996,-24.33175372934842,29.038620364383576,24.835013580254923,-11.665598468818999,22.974115260768045,-33.04246367774432,2.9117415666682973,52.52602131779173,-92.37369227079884,38.32025043875947,-78.5203313085519,-92.48809811936891,-23.077270830050182,-96.74765263686172,-85.58271404904912,-9.416347683821826,-3.352205256771896,-98.49283153080934,19.140208471759095,-56.05017198630726,-49.01853812256158,39.80058988715916,28.22492015462788,-78.62395249442059,-75.50756826114547,67.02217957580575,-1
-2.825648162734879,-86.66803403533878,14.077219915245351,10.891045573327858,15.394330955359024,-75.46449415948146,30.6891096541558,-50.52512978312858,70.63681441615617,40.41851738393228,46.007259104984115,82.49146660168336,25.465072316308664,-26.59033974052103,0.5097178576319834,5.280855757903225,-90.36997692343802,-31.207668693048987,82.80748091801462,-45.55072303274048,10.043743238719685,-79.83728754482848,42.48121329323209,-10.152979872811613,35.17074690844467,13.839898303540338,6.360043615844376,-61.80671772952344,14.045743976131405,34.3922702278781,-52.07805394755138,-83.15200590811003,34.957185967795,52.55740424638117,-85.84895088444313,17.289176935082224,43.12332946600074,8.22931297981701,-4.992383043740915,90.13126648570235,92.6039315389445,-64.53209150494777,37.24074338109071,-34.60193889794046,-74.80655056403506,46.47136862280726,-28.04568222819374,73.93577389571303,81.00128111065678,-89.89563008931698,1
-78.91972452070755,-90.49644855857792,-70.82215070334254,-4.710852741234277,0.001471863176448096,4.2795375805357025,-29.01916073051342,-22.265066867945478,-1.2093053499002053,-96.48701078401145,71.33085522430434,-44.44573976678714,-60.87744525562029,-69.75988743597432,-80.1093527791463,-93.60426648294097,74.85574741284583,73.17524216256678,-83.47245652799128,-90.43195470937546,12.005099336229904,85.15248945816239,38.3848951021528,-79.53204866538184,-87.5322694648283,-15.549297473294104,-78.72968186409676,39.52259001744824,-49.77869640481916,74.20456700043155,-49.13693327642608,-60.766358575971836,-93.58360542840862,77.37634745722693,84.89557695307059,-77.5308526257082,-84.86734518430232,-7.310952061190903,3.0198529745873515,88.8043457315257,-82.58886450528425,-93.31833714500843,92.23238784322652,7.275462611734639,86.0816777631974,3.4394195789528226,-15.871921649579107,-0.6212860746371405,22.66919945878432,-87.70749040608285,1
59.51182012743763,70.30743437958512,-39.47554298362226,57.359341812915204,-25.454659033181144,73.47785439597743,33.15988199513228,38.961814287659536,67.34686681198266,-33.924333857148355,-46.098946940071485,-48.14328585011547,30.6140507921873,-89.05674523178834,-46.005415905549164,-86.76478033701689,62.84064641557572,-20.317448091034976,-24.27917207213261,6.177148795381072,18.34549829999277,-57.36972304993036,-1.2353489791800882,-66.69032999404217,5.43194956232918,-59.70364986751437,-17.519761043610032,49.21568876836821,15.707317718741294,78.76636979645343,56.01091776949286,0.2864407571833425,78.16063762947877,43.3086421144981,70.85100763220282,-88.59971816202817,68.93461238687868,-39.403326525196405,10.33189277265187,8.613841619073796,92.62680416542284,33.77025397849329,0.2536988547314536,10.29834772086187,-36.90295120277754,97.86453596959771,17.788499363320213,-52.756551054483644,-95.40534378288366,2.9587415906984234,1
17.746304426263976,19.85550356471836,-54.74608304831297,70.10132087563906,59.26037928465624,5.7686748437518816,-85.44429949119909,-93.84416972246339,75.92880172929554,-77.63995802858967,15.372904700842653,-6.491383565710748,44.22499100021179,-22.277467270074737,1.5956235949559812,-53.63721641343835,-58.65828450636186,86.35700815205612,2.582878003299953,18.63114646918669,90.52478347607163,-76.21230789495735,-81.00539713951416,98.78960876832284,-43.48055571091469,-74.60331144066801,0.4238011935114798,63.12944972812687,43.152615374131614,-1.5012000630265874,-47.161692570527755,86.76345439100598,39.48269317841846,27.937029367845795,-30.971957388519883,36.847540350023394,-38.529442529529504,91.86753420136742,33.799453329253396,-67.57326963602284,80.98114074646327,-81.3421397831494,55.775739207933185,-88.77081936721054,-76.6428863480185,-41.292442257702966,-60.095884109082334,-17.28468802126109,89.23250254485836,43.233083338930726,-1
-56.79236349808008,9.016682571978023,99.34675405887629,94.72152976013973,-38.549003774237775,-36.279113730701454,-7.774330136107736,-64.47220132453835,34.19891560167102,-98.22534200251533,-30.070861515977825,24.615243699776926,2.678795661223205,-43.79256688778117,32.21502255618452,44.33314395383249,92.75602266632191,23.58082173944041,51.33659272746738,99.99519484884337,86.30490017255721,86.0713221374046,-56.7454990840921,51.06004417537977,5.954340913332288,-28.440870384905864,-19.065785680640545,77.74467042955564,27.330210327185256,22.131852362499245,49.491797907050085,-69.50303717926442,32.372589224982136,-16.390586114685718,72.23594858865073,-18.770558223477863,26.435246640677605,-15.31676093311907,88.82839037722462,-45.642846172561406,3.8664054088673367,-6.927286353416733,-59.76259888541791,66.81629311601526,-39.485099025181114,78.2638743914635,-35.014231543819534,34.7915906618035,-40.11031657640811,31.706436118617518,1
-22.3668587746009,-68.34338986012527,-94.34301434180405,47.71140812671132,54.2402058073267,-79.16438549839862,-30.951013768517328,-18.96831911999284,95.16877260708915,86.73571726936575,65.21845557215724,61.514313131872,-34.740128764840364,-8.561726239448575,-36.29190875073471,-41.9064113728914,86.09390479520371,27.60921233948909,-36.011745406866666,14.112785827228194,-32.12654436589253,1.9931530277292495,39.087158882948245,-3.789869013797073,-66.73930544619265,36.61182034789448,-51.78481640232737,23.79493710154709,52.88629544265217,-58.19240436744582,13.402891132830817,-95.36588718416998,64.08081911765464,-67.70347826759102,53.62521145090153,-69.34696376199143,42.62444946037613,-89.54471617168416,51.633390763735775,-44.46384406678845,89.69135144073059,56.40121149936047,18.947329321465546,73.82609293172192,4.853082305274455,-20.59917848293952,-31.779558544819636,-20.17003151737164,-81.87510078635398,-91.94429015493418,1
86.54210162655227,94.1809422899739,22.691485326251424,-17.93887728801697,-73.18337156039061,-4.5270233172384025,-98.51757470477371,86.54016333356606,62.012975943336386,74.25074480832598,86.77638798600097,-35.56846335598196,21.470295085571607,-72.50506932513929,84.55127020297698,27.73079094412556,74.92869143746364,-29.55460744781368,-3.042759747334628,-23.090023308808355,55.4741940999418,7.771999864769114,33.70919456746387,75.78357631140625,59.58249335926894,-63.176783242199555,-23.128140940717174,98.26262406879002,31.057543575860905,30.313487951722294,-4.2676549659122145,-29.68288035647649,65.62530008603594,-91.9502689463048,-84.67183592068929,2.333475541759995,4.741120909706794,-64.76578520712656,30.462262026829876,-66.73115591911358,-2.1646462879666473,-31.97179061482143,12.940062759757254,7.730667557549083,55.95233160058922,77.04998061471329,45.619957785845656,7.7307967596943,52.340099078938835,12.75689264245112,-1
-41.89909886571592,49.675049885636525,67.40155916062344,-33.94259750157795,39.42891008207704,-97.77248470556539,-79.6238344124728,-63.21737896147699,94.92450792038397,-26.63840090888266,-86.09871450670117,70.29276003320382,-14.615839202879215,92.7838695369901,80.55399685735108,-30.567429815551478,92.47354203570174,94.10666430722608,-80.21245645617165,68.20233821214134,-79.4129925616907,5.416088117061761,-88.61025027297673,-76.78604215056785,85.92481635996126,-7.482859665019319,-39.602884086173454,94.18190058346758,-69.63815641979095,48.69548741930251,-65.92984414089698,-73.03182080110736,-74.83022492517948,27.091450943812333,45.17520930020683,-88.78958701958737,-18.14372297747191,-92.62193217659905,59.592666204574186,26.445041463200297,-94.93277758399898,67.12939498810536,-32.21010755811997,82.83078809508785,-1.0715995158959544,11.933219728456208,-88.11279687239235,30.471278633212762,31.640195394296228,-34.882387813687686,1
-19.70764418219136,-41.94326453704793,-62.58863279472393,84.27348053990374,-8.23741435171317,-48.45245523699609,-3.0103120515546493,47.754918611965024,-24.05763288615597,-49.46544851701913,-60.09903282912879,36.090898030454696,39.676876986297685,-11.245401525922105,80.90042425807559,-5.606549040884218,-74.20352764751303,-36.94932179267993,-36.881178831633285,75.54220518543056,32.96923263815194,-20.38231191940328,43.15533754724356,-75.5828962502018,-12.195220055459629,-29.92783413431397,-78.26738583149336,-36.935802649268524,-2.9763819775774607,-1.2152255076137664,-45.787637702371484,-38.989569917396814,-51.95793649509844,-71.48131702682166,78.39811737215626,-58.45177132218397,-21.003823131182514,30.07772228223746,52.25581731425922,16.744557154854306,-89.78643836533307,86.98396035719742,-22.41447846491336,92.2857975217969,-64.55241189966965,56.99728452321884,64.03941139503678,-50.21861296610153,-71.72359975240832,-28.97906409076097,1
54.22456317037731,60.328517966273466,-66.52649385466972,88.25799007885539,30.7465000252287,-88.09415355036418,85.88644476392909,89.81611199890781,43.91973695127194,59.39784957686629,57.934476743520094,29.38623591979251,-84.46145301151773,-79.00330341953804,-91.14548710588974,-65.43662213726589,71.93464251035931,25.496996333929417,99.67540109081276,-54.578299213032345,22.702616949843474,69.91703681417718,80.51104514802253,46.05120269426021,-89.41414434918768,-18.707603079304832,-55.66673616127542,22.10683024468861,89.20876988342224,-14.157893638205238,-17.859711759855855,37.757584569319135,39.138264928217495,45.353232677709286,-4.43721592156416,89.31536495621805,-31.557971529672272,29.050896157946426,-84.52269992225291,80.67077700645282,-98.46789675591529,-85.00249243163627,43.952244427639755,-52.168709559313456,-20.467283057074354,23.934978386452627,89.16503820937999,-55.701345598109555,91.918279296831,-98.26693580548769,1
22.514693668963844,-0.7409748998720573,-49.46407445213019,31.16687752348105,79.06543598878221,41.55838547523538,50.2351187412105,68.36523363810886,-52.49433901818952,18.424143921283175,15.246527530775666,39.00708847424062,-80.12269604781483,30.37366908929542,7.771332849357464,51.23428079237573,-90.2506887478284,-2.4025889399248825,-17.751936498999598,-16.999431916074315,-11.117453816619133,-8.64095843797594,28.049053579296867,78.80568853265783,2.435640145648918,28.150771947184296,-66.93009662322606,49.636034939276385,15.877494686865674,-12.569195602782429,98.98603382405128,7.8817510257010355,17.358337376853726,-49.88503679579932,29.97557392807215,82.34340370174732,64.18429378932447,-38.15939898209362,-40.91384276630825,99.37745373731852,89.88589869713093,42.3736470180952,68.51609086050107,-86.16071113982247,-53.60424344651533,70.91228868755371,15.296533616511752,52.78802394456639,-37.83390760561682,-93.13326321190243,-1
92.59840077179894,18.699283164370286,44.76055532610465,71.2299145191883,-69.18784125389314,26.6085846951446,-59.74539229643654,46.66799509053655,-68.73040604988876,61.7827260998898,-19.28107213482548,79.17560635450434,74.09609041431816,63.14681118211948,-86.29688431866059,-59.63676125121622,36.48599024535207,61.83414777929869,-90.7656240818079,-73.56874282438118,48.8114923319705,35.620873588888514,-10.602583761867024,-77.30002983835276,7.660132672787952,-56.70013102147424,73.53270294833575,98.73346940044897,-68.85845285012262,81.51197189096487,1.302981158255406,-4.321841194797372,-86.19565576429574,86.82803195955492,-35.79500287007684,20.88888358887435,-20.9174968723828,-77.52472747711255,-94.10913986990235,29.542687489647165,7.851105886630876,37.910308758043186,-39.32199070590754,85.30623476128991,19.30548448964001,92.39855739930618,-1.9351153754962382,2.620119563607034,27.937500055003156,54.92027354397459,1
43.624615245298884,56.56972359733149,19.64755197037931,-11.937404849618872,66.01461964111544,18.765019794632536,6.971373932922532,-27.158170749211962,-97.08263514823447,-1.1737896776599541,71.67145602204167,77.50063050248494,-42.98412149897113,-50.54230340685217,71.01311210931641,61.95767536979824,39.107780895273066,86.0296937582672,-42.82713295465819,-23.62999405648074,27.882902681522665,-8.366021274661307,-56.871368247693944,-50.438097724652486,45.70520341927539,-16.574779356763642,29.862407754842025,-24.083790349229545,39.99850332579635,99.04862765546642,-20.562391173487995,-52.55702883297877,-28.99529062748283,77.57578679722624,12.45423707544488,-29.293838915731314,-47.88789545724575,16.14744164211841,-84.39553086879275,81.02948487824949,-32.71644756014531,48.43213861900131,33.52621410129112,81.5847298199968,-22.43726998901785,75.28170748913229,-59.13365397216195,-60.06766257498506,-80.1061333416701,10.397550220257926,-1
10.870810502280136,-83.48556839294457,-17.18643484643671,28.85763130555577,-75.51783866268661,-90.55427206690649,28.689104193548957,-61.01996766683027,62.05784605018877,-63.099164020973284,-68.5674117175145,69.81495462253551,28.103638461207083,63.135612282626255,-40.36935279885101,-12.226049615604268,-70.86464970322082,-31.65375708477771,83.35149502998732,-47.1376797719838,-31.59337478409212,-55.25247174550623,-78.44026879323906,-35.64193720943307,-40.3367029202722,-57.82265501931509,-98.92778229210901,-5.4879524421270105,77.27526072909373,84.32494276921426,74.33532099119736,-55.39257200413521,0.7121294847452617,-35.847762738075616,62.778763802713854,-45.74997810527424,-37.6507237022647,-50.418504713272114,-54.20911687373313,69.95317229863761,6.131873659090729,-47.836625459628635,-62.83991661654884,-38.826445476297124,-94.57542335355113,-85.75537853557584,-15.094043668373942,45.525059836173426,78.18946434275483,93.93775853528305,1
-2.466586275747119,28.315936248678838,86.00134396663324,4.638450721738565,23.058823817708046,97.81927549138453,93.56524696871605,72.67058779334977,-5.928852745409259,14.58143787367328,55.775069836362945,-1.4530651838526865,66.84973957410486,-74.51343781941186,77.4795752172929,79.39734450779042,17.407541668250786,-8.57838424645503,36.850791069225494,70.86846898986207,95.83020794769129,-44.65451835130967,-6.156951079105028,42.866470140166115,71.51722811497166,-64.34110251731772,36.15270344093858,11.114565981564994,-85.82803310548266,16.06243454536404,43.003512944709826,26.608136365783892,91.2713762710519,-60.56090681507518,-57.19808291145541,-90.3815042478758,51.86567497926862,-20.523876561203565,-73.4394723456262,-23.273884739836774,66.68204118961668,60.61758462448586,56.492090383456315,13.105721062792867,-17.725810379873707,85.83389891534168,-58.091062432182184,68.92242057696768,-98.71690175141852,10.827636742001133,-1
71.51246753225675,-65.0426569909684,14.83239992191659,51.02355786108345,-11.991706469159553,31.29966251577747,-94.07323615266134,-39.3122305339457,26.062736462827488,33.20553656927464,-87.24225661547223,58.497783004348264,63.90281303148518,77.39134117111459,25.323065376298715,51.131448149481486,42.50183822615975,-65.21992696706167,-8.670853793970167,82.53995937863772,-87.24359093509592,68.57850426106333,88.45798026274082,-41.66402073997968,33.56097293031905,57.31347267770738,92.26001206063577,27.43512676731747,6.160901619315908,36.88626138469823,-2.3248210570050247,-55.24811722084648,-12.34348108287125,-83.96730636641041,-1.9999297137205758,-84.22315911807115,45.642707005570486,72.2794703522336,38.339131979859985,43.40453584366443,35.1330525876856,98.52912908701157,96.19723809204464,-30.063720036029935,-99.87263279460498,-69.04497135586766,41.24510426705953,-2.311907193877815,-25.355331977063926,50.81501837877619,-1
-89.76995887592048,-89.98709458134113,52.100400883447975,-33.817622864325074,-91.03191263201744,25.754623850279785,-48.26926704192227,-8.326793792512888,57.97721038718231,-86.48667074428039,58.28209446944743,-0.6198059260362356,36.11424613997286,77.17387943170422,-39.75680048884269,55.749596825225524,-83.2554445754232,-33.89105991114228,-80.9746018196276,-14.17432298607531,-63.76355725264376,-47.421143405403996,-98.76514045916475,35.820604973013985,39.427223273824296,-37.40230059331084,-73.79695638603053,82.77599691436785,-44.445883846319,53.2859769061929,25.804873349875066,34.18763378071185,83.68273651996401,12.16584296888415,61.5088178524596,35.481623351884195,88.86730389005075,-75.17480890562152,75.4540760752727,59.50480063011378,38.833826917259614,-29.846762875580765,18.939001162595474,93.22305874052327,-42.45005414480379,61.66872286405135,-50.96857464844737,41.47599961554701,68.28169725627623,-19.934961811670732,1
-12.276916162081903,-92.49426849363938,-45.2256360589258,-98.09875951637888,87.53075711159565,-21.890470655108032,44.884337034608166,24.267861995574762,-57.95429630594524,-1.92391820209221,73.24435096752129,-45.05572431494027,71.4717211629571,74.85461997845906,14.73707935826458,-55.11723602965719,79.85486061031767,7.633669616567602,-95.9854776140936,54.756740897017664,-76.00775104976596,-29.21356744366173,-7.345439615764661,-15.313969871730151,34.895611177374775,95.34852704615139,25.781060066279366,-38.347935250995405,-90.5659225591337,-30.476750363375942,-5.566719588575026,-9.205858131433374,-34.23372060534311,54.91887893636081,40.17676767181047,36.43807835218132,-64.37163281679506,-96.24058600988315,-50.820199078681625,-73.06200993159426,-14.33815228933635,-47.88865958987507,94.01899732025018,-54.8927899095933,-6.7413193578687185,89.50674996803255,81.53338277146389,69.80559086192414,96.23533676728599,25.18116509861865,-1
-43.79910021825728,-88.9686818796429,-88.0947606256355,79.76221860548432,-94.58326903435845,24.46305047736827,-49.351342241764186,19.43866202267543,94.27891596987439,-35.20147240556277,-99.35422296954977,13.062029215697507,57.19539489009813,-4.925644400282607,-31.914515908426083,79.01880173249288,27.69748149302478,51.20695764676378,-73.60354849458331,-58.21572848544394,96.59826744040632,11.593668419037286,-39.11331561165219,59.50749446215545,-51.37875317703444,-83.01854053993821,-28.10932685040821,32.47584074709863,52.77395486275557,-24.483380989881425,-25.223202617988008,92.34160166079661,-8.324059501823982,89.23218498160881,-99.81704956596838,18.938980037027633,10.228658473823543,61.578750894557146,4.179536954629029,72.29025960865081,92.66100088328426,-1.5459817559985396,-6.0838297355094255,-92.90443538407234,90.49352158909298,-86.68609184215606,58.620846848334935,-78.02328713023144,85.62073145800244,91.81287934409522,-1
73.41446371602075,-40.42812032195775,95.8523731217285,-27.570243303952637,18.69523997086094,-28.000238112045423,-78.8339175842864,-54.72191930805326,-81.71437992002404,61.842841377144055,-3.5753045621775215,-68.7818953628089,-29.313217855370837,55.22064085320727,-49.581416688586486,-3.665781080614323,-29.011492735813093,80.89602503708358,-86.1672092705141,66.77377852815746,-48.53398409646965,-13.511320268321583,-42.076070193686796,12.63326944825316,43.99600397264899,-29.09665514342474,-38.00987812802723,37.47123483348963,-10.961783368309597,-90.41363092718913,61.28593442953033,1.877593447575208,-86.23304928836977,-29.88799396968011,26.787388536310644,22.70750431690047,-65.09703701517367,-21.064283268450225,49.12026235120348,71.6795648693581,-8.753409935266703,-28.04943325860718,69.7818974606106,42.682766074924075,1.0286678979334312,33.40765821497263,-83.52272823747842,-72.8941073247352,24.55369344986957,-37.49769933025946,1
-78.90526000867388,30.798844284049665,25.487801536430197,58.88824018427877,-10.621167988684775,54.97117361361802,20.72261996139069,-65.62933347725115,64.51241825528399,-69.45978236174699,97.58992295287979,94.05233678409112,45.96993195551684,-5.909740222657959,-84.95388995307518,-46.031413776961,54.78688530076866,-25.171517901269397,-7.846914065242984,-7.178472829093323,-37.30339237428548,-71.79820705081772,81.48872062274427,-71.62712594095721,23.93612533292955,77.13797061037599,64.66979772408101,-83.2794592140833,34.26936809272888,-44.64626213900185,-8.914319786570559,41.12616664859752,-8.71120085145212,26.823414849295716,36.737716668500525,23.141473697535247,-7.56299116671704,80.31913086324391,-46.78735565789432,48.70883321878625,58.05805336864802,-11.671928317358706,-31.15884057660851,57.05727120018366,80.7236899421309,-6.563143495995604,22.9323361244643,73.91719023041276,-66.90302716241891,-10.090019747769972,1
-40.25488528224539,9.322987932734208,-68.37347085612708,-66.91167199622446,28.471964743355613,30.794465142153285,30.368923691253798,98.02178275063653,-67.11334915986325,-95.17406668797126,-3.782830634329116,20.235089732815297,79.78729534651922,93.61138530206682,-75.16032672261383,-13.49375228893264,-6.471675267262114,-35.58811475454145,37.839179499396664,25.267570180597332,62.97473187502359,-61.362211685422594,40.64038629964358,79.68024360960993,42.30299252740474,7.170516513747785,22.90407387322466,54.48191810025628,-56.679288601634155,10.013479578349148,79.60412807890634,9.183930891749299,-94.24108786419785,-5.128212420961489,62.352209744475886,-0.7223354366275458,-9.290291986713981,-76.60597309936645,6.071377381321639,-77.90322528767334,-85.82641001139547,21.517804134725836,3.5118100237684615,-33.73589250752016,-18.190635106903244,69.74038439005366,65.17335336682316,2.2845786034153264,-78.42010620917532,-77.88975951475008,1
-3.0954029617957417,52.00698036063477,80.55520955290899,46.215176346909715,38.735407290384416,-23.143886308048963,-62.37106242942296,-99.40660808007323,-91.01899427454654,75.17781283768912,36.49404935099227,-98.78511311997723,-59.63479388390183,8.174759536201876,53.17691537063706,-20.976042421915835,6.301091227862358,78.90291086425336,86.07708808447504,-16.14064546067759,-65.39645130760543,-92.25219636076658,90.5094367488177,-36.5991853666793,8.696608291256098,-11.701535716684859,-31.90137287023518,15.502853505182742,-38.70252404601911,-38.90412779170567,87.15549572548463,-70.80657878673271,-64.50768459961007,59.60992692618103,91.46596735503209,24.544657277709092,-25.728122131825828,61.540802406474796,-35.17803182058104,37.25112199482393,23.7598877282241,68.01441014366921,16.10077898549946,23.86371849263473,51.90337247115849,-11.527989603250816,-56.65375229735066,65.4556574846981,-0.4842944863713967,93.80572578176987,1
-82.42670017103333,73.54463056101847,89.45686461795356,98.55740365271728,48.74123239667168,-33.55222682067678,-58.56556628310767,15.105659699080746,-14.777496460943823,95.39553427610784,-26.713835213796713,67.77281544787147,30.279317787834714,82.85977961908776,38.92861539476044,-22.446732215510437,72.27425243845724,84.59080820132493,14.291810747339412,49.5232302164726,-31.035970235713478,-30.659464286294025,59.5526857381258,-29.71956128418931,-37.68216791163867,88.03947629143974,-92.04146228410754,72.47401467794654,-53.5484551120299,-80.2027229579938,25.029802540302796,-27.424564622658565,80.08740329883872,72.49159553457687,84.21253568391097,-44.7139468104566,-28.384199977115074,88.55927752487554,-80.5098102426455,-37.03203408480831,-98.35021668196427,12.870699474151607,-56.03645510147237,62.07337735933396,-91.61245246901277,48.82039479169853,64.79003071122366,32.56723874106606,1.5744751358170106,45.52439055786664,1
-2.0751075899510454,48.06260616879027,-8.621089003514413,47.58478749577,1.088331343560938,-2.531493829364223,-93.86030264284508,-95.85575658620836,73.0493245881953,-49.630952830918716,-16.807534977460122,38.41880700573526,37.64680145729639,8.99813793518716,9.774896071939338,8.7569354412053,-41.46287622328615,-82.89323579178844,-98.88759232599378,-5.401472766020149,82.99303383277822,-61.2959879919577,-85.85946924695544,88.00711654645988,34.81659581344255,-13.70758277277433,-41.47532550302368,71.71499630751518,-73.96768759568326,35.92388799769799,69.76085909040688,24.804890343455696,4.140569966747563,40.40626069018501,-86.75465297064227,-69.19394813220265,32.63862641539589,-88.19357151674134,11.816444391437628,-55.005491327961266,80.68086456992134,-98.26632995186984,74.80877318456493,-96.83647064093486,17.796386804239077,-75.36020999460959,-32.314547946867236,72.05451400005992,-72.27970656502563,-99.4799375606992,-1
-39.21071975185524,54.24496305808074,-17.316684965218258,-38.94713967851282,48.35189537819278,56.093608030988236,-66.59731658021595,-97.07376409895532,-59.50106361789529,-49.645353188913674,46.74937496391033,32.395334592643934,54.69294005396,87.25268712666332,-64.88614691173669,-68.06639586114102,-41.3070763703171,-87.96894631758943,89.14477496421392,-24.606832653608407,86.13705812153884,91.61330835044816,45.3776876663176,-27.001198512612916,5.215261195272163,3.3020606509318213,-70.51747994084266,-4.176255831993501,-34.39918897494417,-80.10093711568318,65.46669266203509,70.1581757689298,-57.55077510076288,45.49180095085637,-79.55058485733383,-96.70678886891952,28.550257351391906,-31.042034335825193,64.71835052219325,10.80592522734176,-72.80815150863089,19.79430884010445,89.00762517739344,-74.62981363701803,-64.73088858770335,52.64419760907947,-49.57314043132486,21.30189507677143,14.0920793582995,-41.126214803474646,1
31.347332908258437,-8.077049653414718,-43.53472985361151,74.6318574765653,10.379027899829168,-58.88206775055129,-20.552483563416303,-74.19571618864097,-4.495684451496658,78.7568078593927,-24.953690319470454,-18.663933564867506,76.84143298040135,-66.09299845327087,-91.67385557862697,-7.096984597883974,-8.912790693906288,-44.7017763421613,-87.27490749174034,88.7598229041242,-63.55397159734202,25.252673151903608,-38.89175315705984,-87.69900728285089,40.92673419557687,65.15038913223822,-57.188807264922815,-18.307955798570717,86.69172183900287,91.96572972274433,14.430843729843048,-75.21161689966979,-14.02178688528224,-32.17519549629739,62.923844831078725,97.34922911851623,62.30684718933745,64.54060677312236,95.41757222405863,43.42112694106487,-41.58191387642163,45.591325642329764,92.80257056733208,-48.64325416127366,-6.010845562744024,10.365992800821317,-78.28891266361641,-59.65024693226848,-60.66664717331498,-67.89617095823573,1
-12.170036673250337,-34.61157994906101,91.30978174584129,38.84637576462745,56.365855028662395,-78.35591528651892,51.951475633613086,-31.49054709818199,8.748081739983931,-34.48901272795028,5.733160646388669,91.82590895710808,23.67674439743233,-89.7231844887319,-6.577311554141602,24.054988879474635,80.61570441178162,62.37758766008088,83.40158163808681,-36.65845495238054,-15.708768950706073,33.525141824206884,-88.55401281860891,70.76215462175676,30.091006016238055,-98.71627712475023,64.74456997020292,20.66160860870336,-39.287908278306546,-4.975763558714206,73.89524256462153,-82.33104595898173,97.07953422621807,56.93791249572544,-89.40930686886091,-11.060364199264086,-14.326749031859947,-47.70315839270334,-28.695657266037557,-65.7737524807914,9.237311526332263,-64.05909735370447,-91.71050808025115,78.68500090132943,-18.004945035750126,19.39103156576371,-75.91281369699168,-27.996830697356813,85.50305625429192,15.071707923052458,1
-55.28083229610947,68.9728170821017,59.699192720782605,48.16353158642306,-3.4579907521716393,52.34969938577706,-23.107802149242104,44.20916726021568,37.93798943049879,81.03428370442478,99.87988179852525,-59.08330589959399,-84.33418490596989,-75.18441689456614,-85.49233601194743,26.992053908944655,12.855394873303922,85.50678047939343,-85.16033564059744,67.61715508718916,10.866204384251034,-49.941273609630386,-26.70419891412604,-16.149483540560666,-14.662427732576162,78.55480677054553,70.4375786089758,-2.2451119866720575,91.30470159603482,-80.85043721987905,-69.96110168785685,-53.14713577955621,61.22491190517337,-63.502246050579394,83.3465598334761,-96.33282954183507,32.827066012545316,-21.059053540697576,-33.23398566885518,-75.37289983678252,-33.759709539786726,-36.20035173168048,4.82454222690491,-8.189626146975556,56.546051629660155,-14.463310647583441,-27.163685347281998,27.92965410761201,-83.68250945405134,66.90507690782482,1
-3.479752867695865,-1.6418734752663795,-23.028747501389304,-67.2588363723162,-22.357780071379608,25.87593392338094,99.848116044888,53.564552263087364,-52.51292814298208,19.774734275197943,94.3398243956731,-30.72497819017059,48.2402077167653,38.46205065299512,54.50256149924735,-46.12674387022175,-19.901017923871777,19.139671856670674,-95.47414979786693,91.66493980178771,-37.84497515120711,30.89814329243444,25.982786612760236,-14.534190576139721,56.89186243194902,-57.01717510763584,25.279373041801307,74.4479946060593,-92.96224918821136,-19.43531086635619,76.10111230671325,-14.23856927905922,7.396914972454027,97.79418113280866,58.4937018257819,-46.70420948434284,62.442089044675555,-13.026160750796905,-62.62926601992944,83.15248639300808,89.56093045625653,-2.006249625864868,-56.15627082318171,-74.12111732950262,87.21361571657178,-80.89115529561796,92.61845349156158,-23.613194173588354,-88.13041169872696,96.62238468273515,-1
23.722275643036866,-62.530641734642224,66.40814784375519,16.90120719666284,-55.24548618295868,-65.39204677226479,-5.332189209424627,0.12705918964890373,0.387804087832194,99.13924135416778,79.67335388048718,-0.5500316870080866,95.27222085988896,-87.41152320128911,-85.56669500540086,-40.09945830839794,19.6936204442584,53.621459676315425,79.34677320644928,-6.2531186475448095,-93.93340698338004,21.263019566563756,-75.85633984189543,1.8270021829885223,28.41624434821111,-18.73143964352164,97.10241412741155,20.40969460904232,-43.231495692753995,-21.51942561079214,20.765138458279225,82.47770348352148,-80.11206696557373,15.336775705191698,-96.12578647938321,84.99582518770029,-16.713668489797257,-34.195350697253474,-48.36796327220105,-90.40200278767784,-36.44872920932869,-12.733178976863215,9.744862709124263,31.60624653018317,18.225678019382755,-6.432864781338154,-18.935099863695413,2.6648598253011784,8.048999512210102,25.387684273445203,1
-35.4087054117508,-22.158276275312232,-52.86257713385811,86.2449518357796,-56.91785894757195,74.12471268226264,99.76326905104835,33.07625236419827,2.7426063853887257,63.49813022926557,48.156200106288594,25.6186009230061,63.053182298808,-82.7182926378832,9.408011388529204,-84.68271509910628,-26.649021762189747,-69.78261883463455,-2.5160875142357497,6.531946066049272,13.758794990077533,-87.25529636896081,-24.437921944114677,82.9425915284576,64.18182979770447,-99.85505747295052,-52.9915776987645,69.89664104331558,-87.09671620305733,39.398957756572315,-51.70083519684903,-57.309933857489234,84.1644793661232,-37.90876362925593,-65.2625256600997,97.64887800260311,-86.74295835595937,21.64863925139791,41.80667096973613,57.81844521395814,91.0821015745012,38.200660611091934,99.93640573086543,-31.64078749814159,44.801715528287815,-7.896015490792379,25.346443582726735,-0.10370241403867908,8.551426956282839,-47.976896508692725,-1
23.17001961044329,7.508028728069263,-13.078469226549316,66.76186177457234,13.714430628042834,-42.1465854327935,-41.48236755194363,66.32507115390766,-55.58947636507951,-81.88877757786037,-92.39457760453863,-46.94825919030847,-83.30393235167269,36.775272503388464,-96.77562347118709,49.20261319684951,-62.70505669905384,27.56719691421972,-11.65395899539206,-28.40712276423804,75.80843219233356,-15.32354331419063,-62.21815879683375,-61.875363659146764,-67.23901649964752,11.390184759842555,0.6898542372226757,29.519214592907474,-28.58138039426636,8.77501183189338,40.9805973697043,95.652087973714,-76.93628679886717,-73.07401433096878,88.168930040633,80.63201609560537,55.504773704438094,6.066596386804136,41.282483410479784,-14.46614343089179,52.5305612521413,63.96099248019709,-86.20930350475138,45.95978035073773,-34.73521384431706,-82.04005749762153,5.811641114563798,-56.374287934316094,-87.97047336139005,-74.67732133425777,1
-71.88940648432785,-10.662255651067028,76.02133344128094,-30.180602701183588,-83.76108183593513,-91.47734232583397,8.825845880836965,-21.409912764318918,76.08260403804826,3.3195742341294476,62.42539986123754,-83.69151625082958,-39.402114595916935,47.895190296846465,61.8082456453123,68.8321556827191,-70.42941684195638,-90.18455950945115,-76.70369536344282,38.39724558542585,43.61511528369374,21.77582567974386,-57.00476968939168,-27.94014871347295,-1.6755343196595618,-50.75120534197906,24.174512724374836,33.223891883400995,89.69895805766231,-10.233028255315801,87.37361371611107,7.190317622542366,-10.30856479351938,-35.64109209453106,-8.07995078374222,-86.09596982411497,-72.33765414243238,-67.98160513899859,54.83096938955529,-16.240009821632455,-85.46761162707315,58.574474064690975,21.876060512370856,64.66630422434068,-94.04906052074699,82.67641888885862,-75.01656433539945,-99.58714023244968,-37.79706411751582,56.90513460816149,1
-85.4473987271613,-57.806021876009915,-42.56954731247426,59.519869897957705,-40.69311412903751,-56.49376524112657,-56.30323455370163,-81.77354971614001,-96.6487948895977,-73.05917378162097,-91.11114693053895,20.63837326336224,24.707533651757146,87.73380249823879,-35.32510562310749,-97.46830052386264,-45.60724532708835,-6.0959012470977285,-91.73797080785224,81.23118641092196,45.49963398336544,55.5476356197114,-0.4913685822340881,-44.91718152831361,-12.53686244054147,-39.60803315024637,-27.74026368944125,-9.739850588848938,-80.62887740442157,-79.9707857415872,45.35457032067018,82.5493569744431,52.42325524030602,47.03336666519175,31.337179595125974,-27.967910576448872,8.281747807610571,78.45160269615249,44.22285117060201,-72.9220612360606,67.30741309906821,62.78597234662959,-37.669826271375186,76.63890030135235,-69.22737956200925,-24.004617274734954,-19.750214269524122,-1.9321124863095633,-86.37751295820111,8.901465420594263,1
64.36618931707184,-89.66286401777364,74.52733753823958,-68.85061362931116,65.35954795270919,-68.37010788609561,18.8022993944454,-85.64424186560022,21.151790136120823,-64.48603229389431,-60.71145751730642,-2.870720609791519,69.5415113976373,-10.383748682701693,50.17201478667502,69.36642300078185,-47.20885165358306,-42.180949500145346,70.88588360988206,-62.969088620691814,-82.16626402864044,20.062506013474277,-95.97221862498115,-78.10328753697517,-32.85624773636033,-46.882231505963176,67.33493061249823,-39.9882029916752,38.82266305905358,6.226689387437958,86.02644712217872,76.51013539186334,47.93264620637049,-64.73163942359785,-26.92164978462877,97.3823930955194,27.510844303350908,22.929964594353464,60.584043921887286,-81.17300073023105,58.912421006359864,94.22212909481195,37.626988661156844,-99.37398078509727,-1.7998963702619477,99.39692389447475,45.35774938192412,-13.799652156330836,-50.125334411375256,39.69745888121082,-1
-49.394731815949356,-21.452977155154485,-5.26177354185991,-10.411597743522776,46.44090892386993,-60.393414907554344,-78.09497101966541,17.813067659500263,48.521593800957106,-3.7707697170654058,-93.57218735931305,-81.7966027580409,-68.76617444906535,-32.08097221024033,-50.98925990436645,13.145565128001223,-64.687071207618,-93.08064890238481,-54.69324986035831,0.2076769841139452,66.13331069002481,-19.45409563293697,-86.25926249097158,71.88649385179383,80.14514241871441,40.433884270203436,71.32351294593684,-45.03152565329989,16.100923844582482,95.50817854869982,34.58422068267262,-66.38550473499384,6.978510669522436,12.1857492310357,-89.51872512523933,-0.371864779315942,79.39633500057221,25.649421070340722,-12.473605967552075,-2.346574173567788,13.940037539394567,-67.79068419607574,-78.88667887728904,-92.41765877845984,17.57804960444946,-59.84435999779494,-53.68651824526669,-0.9787292014286493,-34.85283196538309,46.522354269741925,-1
-27.629381358972267,-89.28468807851841,97.97349680757867,-27.92031897609708,-16.83318994639407,-20.893120787407327,-33.70365191982769,90.35010316452014,59.96258076694923,-44.07172419416967,-36.05167369631512,91.62352554765246,-43.896012905049055,22.032309552678456,-25.754790752607832,72.61845281960325,-36.72286170697976,38.50161605767889,-49.51834669748256,-90.52864732296445,-63.49780794727258,97.22465083512233,44.90082868900706,-12.909923060514373,-94.66348753094628,20.933303307748602,-19.26048820289779,12.345761118312666,81.0750099143533,-61.92900747128931,12.220906074394989,-64.4105983874572,64.13869224243439,-5.092454726311544,73.32543671717559,-31.80939078298863,-68.11757777467287,51.809761623997275,-4.301983181910501,29.361843835879483,-17.339168843052775,-9.604730302849546,93.91833895346241,47.27735485029723,-40.09170531382773,-86.06995104013856,-79.40064974000806,32.831845000119586,4.004811428233253,-13.177986423838007,1
-99.97306139910293,-35.96376651431228,64.1350766802141,-96.25394158791603,16.280954042731494,82.31787753454608,72.82833516696101,-94.88169855009936,-78.21859293519358,73.38190555029075,-86.02503796337358,58.02140388576666,-58.956690520586896,43.70296056982275,47.41614973650613,-33.32172081077944,-49.986384589783526,3.5441538521444613,-32.03242153913904,-10.748272840826871,68.6416053230246,-35.72860773062929,-59.08670019363485,1.997917756282348,66.05887050231445,62.403964023875574,-56.152678641627716,34.85104459661807,2.205175381218652,85.88638991880003,-60.01682147261713,16.277178000284522,75.32091277241511,-19.63830704290399,-66.61495231823918,-35.02222156919885,13.67117540165772,-93.36963009444557,-74.81650460990525,31.101391726190144,55.981795679024515,-49.29124343475044,-43.1876932147719,44.94316416689816,63.679319596469895,-32.47507625897781,-10.134802853080728,-66.53324472296703,-79.90177656921131,30.172538234801323,-1
11.574735132014638,75.31962376700375,67.30403888951577,76.54736779644892,55.88612156066864,-0.9240365428039041,-56.40456400960454,-2.8438783331917676,-70.83616402847963,93.16341476663405,76.95494939122688,77.87894947474035,11.917939654129526,24.0714565550101,35.875914759267914,67.11909145090132,-10.9573907995875,35.548284589935804,-97.30259911172242,-17.17534116929778,64.97296423585638,89.91042572513501,-67.37991874666238,6.0742470841178715,66.8975509690419,-83.78135677355854,39.93645769731711,97.36625542854074,-91.49732181327552,39.95747610142146,-65.30418825611055,-11.723869524328151,-64.59952004643104,83.3542805213981,-63.165331893631425,62.54409687794595,43.50748459971868,-20.555630876130394,38.9929686617362,31.204243287128975,-64.06896858673107,46.28903387391745,3.519800167666503,86.82699404990032,-81.69018361482993,30.727849756625716,-47.76026759075449,-94.71128531076131,-77.36988074503495,-83.64708525769808,1
45.00121525982374,8.4066690194404,-14.190401205576862,76.24254649310274,33.58030254697189,96.35889428092469,-0.707857815322896,15.875130199515894,66.19529717315973,-67.44465956125043,-19.94012104282143,20.12451883287207,86.44327725463376,26.12063158349207,-94.03788864329896,21.205597896991264,18.520944849240408,61.73828290516266,60.51839696673841,-74.43528996711689,-46.61414150126899,-91.05185716943024,-9.360583856393518,-62.8405577403752,91.72711973629504,-27.66909387224146,-33.10008113294688,-26.58496437608649,2.8242882391433994,56.87945609542592,-97.26764306991336,-96.38118705520287,-30.583225960903775,-43.84949054671734,11.321256302136192,-9.752516927457307,78.53193138416972,95.4816158555544,-90.00237954102815,-67.33256368004841,8.517059725300385,-26.42327498865494,56.84815268459832,-11.36047165287735,36.19151104878625,40.041887921892226,-98.69446076196351,-53.44579824292277,-28.668842756373465,-8.46962828271829,-1
98.36199026987268,1.9970158626994277,-20.40854454084615,-53.98184159199209,-63.89857603112057,-47.86169036937724,-3.8240328342600662,-59.469645742553645,86.52884926329679,76.50980784316366,40.35277834299845,81.05749239076752,26.509280803887478,-39.54370005694186,-42.43706179119757,-86.65658678839942,-50.417405673108526,13.702219598596741,56.29979849534905,-76.86823154035538,9.269987017772195,13.541140056249915,86.37525492635868,-91.14521673336797,46.63839099784613,0.5658846795138146,-78.89859838803612,-28.456881262516248,83.28896477076995,67.37131953694848,-87.04838559331787,-92.81402284586444,4.014373598236574,-77.3963375349157,-58.15682013918717,-8.921087576137722,-14.764669369873488,30.06664506240972,27.97539293363151,-19.446684036753936,-8.705240218947765,-20.106172547843727,-37.193208833845716,-40.55804522871141,50.584531663114035,-99.01892324776027,-29.631954404905557,-57.73647370918229,61.90269391907444,57.280176318034535,1
-85.45301044426631,-40.501466001466355,83.88592011168151,-8.962924393123345,-43.69618150671655,-58.94913147381167,-1.3285216883326996,-36.116403012449425,-97.59254349945678,-49.78525385364541,79.08720185639626,94.5011119582538,-49.7184404006,60.382490089068256,48.41674074307025,-46.914065603061125,-29.978029691502428,-11.529255666489433,-7.550067385455208,66.01575918283336,-38.00896504592686,-35.85051645290385,-62.48730589942364,-97.86726009598854,-46.85217747376515,-11.710761598728723,13.101486394707209,45.83906592611237,44.0809419651134,66.67004684828731,54.6576380822693,-36.05799359185251,16.33662872577149,28.298310524392036,20.0440550249574,-48.32514541667856,79.28512831806682,-27.726463389779028,88.4581818038194,-79.70891383888328,-33.81234854637046,93.19375937755723,-71.27318027753273,42.67194950200491,-8.715960306085208,-80.34600501828109,-14.044418538101567,-14.608585183677178,56.11517880301355,-22.692036440082646,1
-35.13324937692488,-92.7318503367515,93.96415704820805,-90.47752431450238,72.29562892692124,13.06279725797728,-12.195079862425644,-36.96350883115962,-75.97135462970752,40.87125881781918,-45.853996594958076,29.123509906893275,-41.16140023065897,55.39034276700852,69.06859914282626,56.57148063312954,98.80324520592393,72.17021586039795,38.7970036305166,-65.05178821141394,26.570964157266246,-46.428205066427374,38.08624911786086,5.429552049244208,45.34077954048067,54.92446097804921,91.48652524634673,39.855282135854026,-41.08516977867578,-1.4328078724816322,88.0645035707712,47.231473767578535,-90.2642582636703,-89.67693237378114,-97.96447623052633,-39.02718911696754,43.998814074260395,29.067233623772182,79.0577056985174,93.34243463583707,82.3787784448775,-6.877349632903389,-59.524427178233516,-85.59960156906033,81.69934506579685,-73.68662791098743,28.651188024638174,-94.93163172114158,-36.64018146213903,-58.646043068665655,-1
57.25563987680661,20.19143899949944,-14.331441113007898,12.362776067661741,-45.022981678520104,-29.274500981903472,3.8097435453778417,72.57681336810197,31.68140587577912,-4.200824231082123,-30.74301215267299,14.54456169893217,80.44456234071208,52.867113330321445,64.54639023906722,-5.1816182178868075,-74.72661344391418,-29.84219543809425,-35.373791925514794,-78.98199771120045,-85.02158708903718,-58.51300432495907,96.87327580140644,-67.3261467673604,47.927521840073496,-64.62524338260909,-34.0613810380961,-76.26331393757198,29.444862544427053,96.67911149988794,96.86844645075007,-73.07568343898181,-57.05117930398522,5.255854199438545,-54.638255295738006,-5.58124023319364,-19.31708222609636,-42.49918126385679,46.36567792636873,-0.5543025760564149,32.28220670736363,43.17350958642493,76.49528358309229,-65.98480838858387,-34.08790593424942,-90.53144758355558,8.024681256683337,-2.370204275018878,-92.92600424025335,-56.03367303956694,1
-0.5650471983145451,68.21923412322028,-65.14426429972787,69.3401446700802,76.12470319500446,-13.214462107498505,-81.38933938125392,28.24585517288216,-47.4895109057516,-43.57479680627377,24.608760428812573,28.746591825806064,23.59601055693163,-23.04067743507791,14.742330123204624,-3.922574505742176,83.87677397460413,-7.9659237464695565,-22.167838557977788,-94.910320274731,-1.6903138178739283,97.45818462765214,85.91602720805753,-22.475357870793374,-49.122081718300194,7.002815233271264,-82.03206636284838,26.506560825156527,-61.68061629481703,-34.18575228416351,-82.17267106643075,61.79668281900655,-76.7849472479031,37.94458766941281,-69.06809582073754,92.82336915285566,75.58083404770761,-16.79202036371315,88.27366748854794,-38.69540726501348,-34.67845572320212,94.94601537633997,32.65597868224742,64.04622891556986,32.29361690518792,-99.26344804466795,-91.28792838579851,80.88467371187258,-59.5139898865789,85.66312118849214,1
-50.30217203710685,88.15017184689222,41.00690445266656,10.358012715899136,-6.07021533367525,-27.91682941039973,55.21920276780966,-30.230894210769634,88.52615927566401,-3.105287204029338,-17.018192777686195,15.704163244929205,7.059473426752149,-35.0440262078306,-20.295917401461836,95.87044565168677,22.513227279814615,-48.56485289513295,-71.79539876514241,-42.73489340698264,-6.9913854785711465,13.76690198993164,83.59592572315808,-75.80358047332108,34.612304281349594,-31.394197322448832,85.5328179575061,-99.23738231829881,-96.98149459315697,-20.157193663153777,45.60802122563982,-99.470131305297,23.522009989411202,41.321968362766256,69.2775913049004,42.85021536163623,-1.337983970150276,49.627105577365626,38.67522277746477,-71.52938941689253,-17.647080883964293,-45.52512479706958,-53.46074988111658,89.43419991485263,50.08590798261136,90.08603757435941,24.90211949754513,82.56796804196603,34.05510777578195,17.39918752673894,1
-54.45005277935808,63.58083536648789,41.10053213262745,55.71543738665338,12.444649968842114,68.56027670581594,-75.26547250902833,86.26309581470665,-51.1717750867859,20.370506486516078,-94.5076442091495,39.82230677934035,-54.83941943558026,-32.89355897311974,63.03051906368117,95.46422993075436,-43.1548351182343,57.38193733247863,-32.643569265117264,-76.20585505662474,-20.899579705318743,60.15996903106728,67.29532953332443,-78.17248242633379,72.8208208074594,-10.409288945983604,15.61051448510365,36.24579935388209,44.24775705511985,79.3661294160679,29.575541634979857,29.552638555438534,-77.33530711508993,95.63406936015409,-86.94709149419064,39.99237461740009,-81.13494348230306,66.54289540895675,95.36872195746128,97.17725083925131,73.26405373866129,43.48552674760967,-42.51602315163443,1.4032734445003285,-72.32547028145262,-82.75286704558079,96.28683186567636,28.08223677939253,38.5363269367908,71.24012203789889,1
-36.87453124733,-31.53318350780185,-79.39616111155878,13.898367704001942,-30.63955604239925,-59.7729778646936,27.3492326394271,31.520228785029644,47.822651334199946,-42.90377222032271,59.59068653999398,31.34626050961225,79.52343338769549,21.411183166417686,97.36329942482692,73.92734535599357,-91.33729143599214,62.28715561345456,16.726936298119185,32.43116942742179,27.290647228159656,26.747468189065174,95.29476839360885,10.318220829338685,-44.787678541834254,11.797925261376434,-59.81917275091651,-34.14348497897559,59.15594578546049,81.83615933502247,13.947163320714168,21.905617629063002,-37.010870790522546,81.63214431798701,35.729614585488946,-54.868769423135255,-3.693138832570426,-85.22281346687734,-11.056097654768891,-5.038628552348115,44.76195926214942,-45.46161356043792,34.5740326799845,50.1749278264416,17.140240430089946,45.96853927725553,-15.952502536911297,-63.34251658538592,1.1303194142581248,86.2385331540504,-1
-80.5647012458463,75.54988097252499,-83.19965709587487,28.34740896280465,1.5640029381604563,19.701193648124928,90.87624539582322,-70.86305972267866,12.658573454206135,-86.45395140579464,-85.52173357126995,29.68910194775404,42.739206763104335,44.24313783959363,-1.8742784186970027,-90.81280676311147,-85.90883061722889,38.80313562388167,4.085363879902019,50.565495717642534,78.09370763986624,28.208581659742975,2.746337025500978,-65.63197948018056,-15.055247360888814,-72.38438275819871,-45.93056410706542,-80.77095539473959,-92.74904405567612,7.8178539284510435,23.067476369102707,40.62304971798011,-82.96041521560873,34.01607470490893,73.75549462879246,38.060498686596134,91.26324375337381,20.907518214253713,4.772086788087179,59.287181490334746,1.1442752464948995,74.98107016899101,97.04958403890163,-41.19676193051242,-87.73771732227624,93.04955601683301,-96.40189955642762,-49.535358943174245,30.76529577870093,75.79336676405967,1
-86.31185815147478,-75.07715845849576,51.66114270265865,80.20769954680463,-90.31535471654617,-46.13670097884541,-49.56920757997747,84.94003165279912,81.74617440326668,-14.408456905913553,-27.9499534654355,55.84032793613429,89.42920127312831,-53.78775305610597,71.74509886664,41.027143332788626,-16.115811515828796,35.52873185793024,-17.422388155995776,68.78395132978665,74.97113625129731,54.355703391249904,79.4232505372099,-78.8244653948732,-37.977044841009274,-2.724066398577648,52.87966111984758,29.71128760668347,-28.682696104891264,35.51031665440743,-0.9944041469533147,2.8120237373707653,95.70295049334104,5.326424624975473,-53.79150038080462,-21.400142589095765,62.697222970495375,-86.07153083643593,-52.3214513126312,-90.87736134348658,-71.08602171245082,62.58375888793043,16.372426160428404,29.482686847228706,-46.37480750376599,71.20305530428325,89.58544113670516,76.52155448017552,33.567288304343435,-15.675135542617909,1
-93.86949955883878,-42.74402757761182,-19.295446698554116,-23.299623776818578,6.535545318249973,71.17626189258809,-40.52534158509526,26.921623296234685,-44.54445450646729,-65.32361083541736,-95.86963000436599,-35.844397265969235,-85.73652235375184,55.65745046023736,-40.663358070366115,-71.27526471874066,-25.03643324134559,-61.80138567574591,73.66398973366839,18.57739749088087,76.15212594723968,-47.86730688356216,75.41382035862145,-57.322980144309675,-8.576499888881656,-52.658109367626274,-74.91344757554133,-96.59900516237407,96.05326175482304,40.91365796671241,-36.447783037561756,84.46734944736238,66.82245951647931,-80.0502993498419,-10.467073597959526,-44.11935137576535,68.85990967528818,-11.065358982012356,-23.269714754401775,91.63195356255727,97.2151693312646,-9.793294932782445,-57.175544554545674,97.67456376129189,55.544771044417786,80.85595258504966,64.5724088429966,-2.238567560308539,25.18119719548217,-18.99621354188497,-1
97.24214889592056,26.344483665316815,-92.98701019625626,71.24880833832407,-42.06079588024563,33.95516920747275,-33.39254718905198,27.834512687532495,-12.526045183085685,49.440912592154405,73.62903061557776,-28.565586517026148,29.87071214010146,18.54139216391235,46.84720473001599,-54.050920367154866,49.429477537849664,44.73304460311408,88.13695608080593,19.606458918913503,25.14269573573145,-80.46327092472463,96.87409918607548,48.991607183303955,-44.18041637148606,47.72509293808008,-93.03052982577968,-51.30619819151521,-2.818048850677556,-14.496219116837054,-84.93760576866825,88.65565795922157,84.0065114374911,-11.96699949493292,-50.56471721877105,-75.17470480458366,31.303434346382573,-54.84723863990099,-79.22095914048408,-14.965207913983747,-88.32583061530055,-73.71796242177484,37.26682786496099,-40.20442628427669,23.65181317612057,-85.04468204263421,-61.31674512268211,-13.230499117774698,-20.7687342154332,-50.884112564125104,-1
-73.08474657917844,-60.325492030459735,41.037795783470926,43.30543524428094,82.47061739782765,32.09389247375674,-60.465312356820974,21.578785796658593,-5.330404265356876,-75.0526937114083,62.75323146678525,35.05985233470315,69.80678239462227,64.85555644814454,83.49273006467598,-18.21325381712448,-88.87470998021988,28.133542987204635,-95.66692659750981,84.20138910870949,-26.944936032356253,-11.450505656934311,1.0041606939098955,-0.4649335769431957,-1.0549581295623796,6.33340879694066,-58.75619707792592,-43.80513052711261,-58.94830920279877,-29.334159558528427,46.73905536906341,-75.50671962328397,-3.0820430399534047,-47.964344886224076,-12.940476541401608,-19.95964219957429,45.67316381200308,-87.86815494561553,22.234369700278037,-34.32946678920352,79.8565450075298,70.61594182907362,-71.04020720330773,29.86618242238876,32.75822069365182,-86.74353040528757,30.075775965445672,-3.144326499332834,91.99918496656886,-51.957337049972054,1
-37.33041648297137,-12.393268660470639,26.084349633784626,-78.22791067066896,-46.787561935015034,-43.401632466950055,82.23514161902233,41.71235285719635,9.465215460673562,67.93560689214308,-26.301132471150396,48.16300838377953,-83.25274667635021,84.2145656009053,80.65891359389212,-43.45183776172021,-45.065398923024034,-84.42507210497882,86.5292943531534,59.75996562066365,96.34527468523589,-43.04252603347505,-89.83028881129778,-34.22238268629607,55.85793689719884,-90.77353188959623,74.09596091807376,-86.54755888547905,75.71038010809815,48.984823878615174,3.2335812205651138,-64.37516527728108,60.227870692023174,9.885465467912113,25.575217009358653,-51.016015374344526,82.34941575390181,78.0970092460959,27.048256399814562,20.849984100069747,-1.4193708275535926,-74.2065806966863,52.30976548395944,-16.476430975121588,77.26576057745697,-44.41502212169874,25.18542294132358,50.406169093300946,-84.5906986753717,-84.08327201230281,-1
63.55706597138902,0.6145200543218152,97.38274284364246,34.064013166156315,19.426697043485447,-22.066335978366865,-3.7121369288409625,83.255401445908,71.4425252155578,-40.90975677563979,-3.2914293387035656,15.8017447679712,46.659429756992296,-32.8884648906143,98.38908120073236,58.73040070092236,31.854544215377928,-18.759596105014126,-12.78415731234901,15.477799508821903,69.73089323734504,16.462748074053863,-57.51843148890219,-18.443489825029772,-94.54354463692569,-66.58890238722752,-96.95129786222097,50.912961741857345,59.9176259825193,53.75063492440472,-5.356183357507533,28.91029764634476,-87.7200904619074,-63.32371706401831,9.485548836372033,-96.97521176967503,83.10876361306134,52.65199265513613,-63.06685584486602,51.90382174455874,64.10345741946452,-10.301925172836349,82.70436371515171,-63.95892449158176,93.24591810676307,23.373254595495723,29.705022885329868,-57.19871776903065,53.267005725278466,-16.70809045192398,-1
-50.06639822816281,25.36658088301344,35.211201002650625,4.409683234251702,-91.38315676862715,-99.9779536396355,80.65371889889681,-11.474756011735437,52.447855792202205,-77.04912731945606,35.98952517170926,-82.61375125350874,-24.912215658353716,40.320743759387,-90.19406515637401,6.716006227093715,-32.300569082585696,81.14923326659783,-12.913707036597017,-89.88796046122114,58.715531577604395,11.80444800711868,96.05234508181812,-44.5475691977089,-18.10499152621074,-32.8052494308954,-62.951345030965044,65.56946465577843,-40.945498339129394,5.34020930783818,4.78041538754556,58.13585987490538,74.24899658194056,-49.20213461925809,-29.420115314724285,-78.36898534523755,45.23318725697152,-96.37981468949503,-40.55738674379155,9.401631621816733,-29.346672265939503,21.638037395865112,45.196378827685066,52.82739126664384,24.187896237562796,-13.437500458546992,-79.47176794484201,25.941291482665747,43.93092846772913,-90.30788021411679,-1
22.587916498905102,-82.91830343834694,34.1326632004199,48.993039692178655,-40.87712795783081,-91.20019388833789,-64.25825345929826,-60.650839809309495,-45.255459383517184,85.17373817735395,57.749833344707156,-82.79103053629693,-90.80067632867247,-29.3042869577872,95.94701988552521,15.749890310444798,-96.78988501558257,7.0993683671458,17.567322247444125,-74.42685676701872,-97.35359702252258,-16.02028881540045,1.130681746001045,85.16044192178941,-76.24220341359671,-69.70252794533175,35.82345168379348,-50.8343025915299,12.594406116465407,69.11750992970019,1.8375561391424213,-85.15645260403633,-62.13598262711131,-66.67133772968457,-81.24649917292517,-39.73824584140138,-45.13269290957955,42.54816082938078,-51.82589738621361,-10.130798798439784,-71.67694230828022,48.91932884597307,2.920342469242158,66.83288133075695,-55.18930067798913,78.1797348166019,-95.68927906889317,25.500450345506636,22.897326883931754,63.02465473093358,-1
-24.527364640669845,78.00378022975295,-16.45276109768747,2.1772016449328078,31.547415797494466,-56.50465203791666,-10.815809652924585,90.21677625302073,-93.50679615325951,-61.23241409962692,60.808368990334,-42.61751742366477,-19.669762929717876,34.36028587258974,15.123649628439395,89.65172718692799,-63.58597309990057,88.52681829256076,40.192109210304125,72.33526477155638,-70.32570508201646,-51.4849202058121,-27.68400123613857,15.137874239611662,22.841796183345522,52.73432287160321,-60.65388704989814,-34.88165595961536,-17.40301500656163,-39.75181629055995,-54.70586127747021,-24.755215958053455,-53.33539664671911,57.35716463875505,36.721197598603,-85.09822333667556,-91.17931444645484,-43.12419662892324,-65.61411337367775,-15.982037064015884,-73.62081502067392,-72.01777649877997,52.01151524361333,28.634530425672324,-21.788252698828757,48.30117156756694,51.062532584670265,-33.34386984274256,-36.65085976034705,77.34643412430347,1
-87.32500590544645,83.05798807585478,-80.75070177185673,-57.78882214662988,51.37334039156377,-21.658293837045477,95.53223696074608,-93.09004374366204,-7.679796021255811,24.00300014551202,80.01175955043246,-63.15300179375478,-35.94409003286026,-70.48690877674667,30.652023795485718,29.50045450423835,79.52584010042628,-50.54822463285098,-23.63249401924648,-9.062720784958486,-76.4285725931285,-65.10072711163828,4.85047328086938,55.81690294484284,-43.4658450408282,-46.74662597847694,-4.0255263378846,59.11185675781334,-87.47465285829756,42.64401029977384,40.374882761530955,-34.29500793873501,99.9226943385789,-54.962944922083715,-88.43884097393344,-74.74384044147192,-85.95747541837693,-66.90031801631993,-8.180764614420283,-39.18913828286576,-5.247709550648878,-50.46696953970253,75.33983095236044,-90.82159877107921,10.364653157182133,-66.8312405636324,-13.022841015704174,-81.10179493519101,9.241873303825628,29.57075338451031,-1
25.246864284212762,-19.05882513416597,-6.284039124972196,-21.754355743303393,87.59770554441124,2.5429248236593907,69.42424523294355,-31.33252759701206,-14.391513741124797,-83.30827897152474,-34.20765105058814,99.22219746362336,-86.76396900998309,83.02906351288587,94.71188799438787,-70.7674609646927,14.261881077598204,70.79305251569363,94.15693140647215,-34.19149501489976,17.31475187465992,-47.05730677923676,-78.33182434426939,-31.995727470633838,-86.71472417921764,-30.82145900310489,-21.646066953246006,-26.15155626551193,-78.74714330229881,-6.625320288595063,68.72923933572969,87.06028838373149,-15.71007240753859,-70.52837216835593,-19.51677254676534,98.44969882451332,-65.78325452496385,8.994731422874636,58.591323294113636,-77.7580684855697,87.11617952681175,26.035379894316364,-98.25552456097608,79.73155016266375,-25.905948927617857,80.8487868485993,-78.40645312512507,-8.745258567696837,-69.46825363308835,-32.9140336594254,1
83.01214650344448,56.10436055140434,23.719392300220292,84.3732871030052,-76.4133610209651,-19.786474488771802,88.95896024678615,29.684029597699833,-41.65163947704518,-56.96145353192228,71.08852185907796,-5.269965856252796,55.781462601959305,52.61332750535698,-6.344098087039399,-88.421201193756,18.183356681569478,-97.96800399762023,-89.35523309245342,-50.94615161223477,70.12915622367998,-20.46047879835939,66.61620791866918,-44.92641834558426,-46.218301671234194,48.241863126510765,82.13152898499544,-13.887107524934123,33.71806477429325,-29.166814992037345,-63.958072466183566,54.714997628253684,-45.851511313756156,-41.883056077801385,-14.75578482473398,-27.186759232933937,-20.027095845400595,69.67915131440128,-40.714703585756325,4.219085236721369,-37.933222933362586,57.234550078686595,74.54844036694894,-41.39702112447037,-24.66417735050419,-20.856774279963645,59.595044632312636,96.01633817370515,15.042339440536082,46.14594807552973,-1
44.562860641696744,-23.38823871579929,-80.89275847275258,14.664742620604642,-71.25174879605616,50.84943689938325,-17.828649511480094,-36.15418662458989,82.28996265508545,53.20089113140324,36.20245377270757,-77.2079055666068,90.66782161634569,65.36106084743315,34.51577766151689,-24.726280967537818,-50.53676002631431,-80.3538209672734,55.12225113343453,-40.10437035601109,-69.93882605401878,-17.933169809761964,93.87081909024607,95.97335773717194,44.01019244637473,67.70948742723803,65.80629089078028,-13.976389670848931,62.954272304857625,28.813679783291292,-67.42193067676925,-60.08809953087504,-11.553638681159399,-95.40892584510962,-46.04893132540575,45.280587602126815,-9.610150303743552,79.49971030207229,89.78461114535347,-30.600835893174434,-74.23280151039543,23.700225212147913,-12.872636584608415,84.30221957363236,-64.12035176655577,94.4435181022798,-17.521269353126684,40.15498053785376,4.491253287654942,18.91375292343696,-1
32.06054394026762,54.79901745880181,93.09713140158681,36.35662424246908,-97.75220346692461,16.281231371313282,-40.00921596120295,37.497772398861514,58.54382236686601,35.940464580008666,57.219528898989154,-47.54310033211178,83.40256335731482,59.12810486081369,-38.36300902781809,99.12671770059038,32.603188729450636,-0.6497575385066057,5.444596531180366,85.18553396518809,-63.84261629689689,-41.018134767043904,-20.447752134075486,-73.03607077223106,59.441933685542836,-55.354359064718885,14.195532511768121,11.05773757351794,-41.342183304560784,-27.854436959212748,-28.332330310778303,-84.47600494744178,-25.529893901670448,14.399687408567317,-31.77914029683116,22.19038285713819,-26.715984665054847,-33.18433447617902,75.78979337949093,61.86319316563572,85.43962968426774,-26.54866758548502,-97.96237633940044,77.96840344799185,59.709726147904405,-77.84365339330284,-28.954427318133668,80.81069084853496,-29.757391929746845,-26.719502237212552,1
35.424127947001864,-27.27771016198723,99.73969636825737,54.94468584412027,-39.76689259974815,-0.26799583626910817,29.193451004788443,-94.34461322908851,58.37254505528776,-73.53219754140856,-13.130698449845397,50.35272747085392,7.206032103026587,70.03285767544577,-22.35015638770632,-28.440257520176004,6.5216691362715835,-40.01830210089936,-58.28532014453278,-40.46336192205009,-89.35384586564467,-80.99510296039503,59.07624929736468,73.1258600331166,80.32918473316397,-25.103158859410726,-64.83364084080942,8.786675756759891,45.9078436786792,-98.80018256852618,35.63978798609622,-67.97539009941022,-13.36618385670414,-39.7784370409505,-41.72688455328115,16.164569462046458,23.738080020619208,-23.61886388360365,84.82107859208375,-22.833010093059357,-23.33513521818118,20.063858442107403,43.9329897875962,0.7192667639010182,71.05049155778752,-97.9598452890382,-42.74609063185664,48.17799216086266,-97.19326864429696,51.41430910787821,1
96.22874635836439,-56.135919757723585,-65.12865846982567,-6.575381461372103,45.57552441423465,79.78963711620887,-73.21419451406193,21.070397311905936,6.208984891129134,-5.1798141842375856,-16.09981892807089,24.612387423107634,4.164549431247025,-32.22317574214249,-59.63063051510784,-34.716777563088684,20.914866266117656,39.11602801185282,-56.308134433592926,8.32960411639165,-99.78634306341236,-96.54851027200534,-13.886000636807296,-10.122661541043215,44.25813454536643,44.163361813516815,-60.98634883811271,37.75002713442089,20.411010907805533,-19.067862348690866,-8.806609606035238,95.16210751493998,-86.82170584639684,64.37592480861318,-27.75173331150107,7.913955508713116,-3.238211852117743,-74.31570396090376,-31.2759553619117,-6.885683338026013,-59.00302983972794,49.975751448498414,19.648763772616306,-3.230658239688154,-17.343096881974816,-25.069704566177165,31.78579585910174,7.420168462702861,-99.77132747675057,12.294618601381941,1
30.327952095455316,38.560239725981745,51.689191399972856,5.8326201911324915,76.27104806114991,-45.462191990387254,72.65311669839471,-87.02677465972373,99.19306076417735,-88.3685990156021,63.68739818191392,54.3860711382209,78.09105454441777,91.1853970096953,-74.84728097473898,-29.317466350662073,-87.1663046830969,45.495957289680035,67.66147385363942,-9.80468535224459,-81.17957135717913,94.83680547516573,13.190573193404646,63.15742738670622,-5.607953372658159,7.442837008503432,84.69882414564717,67.11550595198369,55.34283263318642,81.78036934699509,87.94175221144852,44.071575501057254,80.31775529695068,-95.84721366111953,-54.75789671584075,-93.33327415588269,75.5285534005161,7.271190777111556,95.97916465437467,14.211810892955157,84.61579486388956,-55.71092791576851,-99.35162271724923,25.07902144839062,-7.448988730738961,-63.644126644792756,29.975621014359632,45.25090559474353,-58.30500642070937,-23.145045417159096,-1
29.8420604232127,-51.668215836162965,5.050092966097637,63.49528786098412,-74.32076563954968,-64.32499961278191,-67.43792240402763,-2.023332300235964,-54.56597791452571,-55.365980429990145,-20.99498354591252,78.13810482844085,38.17874196407871,-66.12293480665339,-64.61707867995754,7.274765077934745,-26.543732874900854,-74.98081084111155,30.94257120775748,-8.288194231011104,26.79838272116004,-1.3779171827957128,48.65204270352797,94.20513371459845,-12.455868302521253,48.60641047864536,10.754501999022352,-56.38412493979872,70.15843884479969,3.286051928497997,-73.91865117609208,94.80701366695041,60.133586232064175,-69.37567410499435,6.078127456049202,86.42049236437671,-68.45490691720147,87.34599637877452,-87.08489083627231,-43.82702410642943,-50.136419761915406,-9.12115826160742,-9.60092508032082,-61.621581946301276,9.757951264237647,-86.0536019656242,50.04577749465574,-89.72017280650428,-5.098853860377318,50.068024579952265,-1
28.780850708226126,-56.94619084283315,63.582925209332956,2.1993583868684823,-40.80335725675839,62.21595874713469,55.47001257680205,-85.33421759076687,59.34687040900951,52.39011870149625,57.64254196495244,65.01017959992151,62.843376889958904,29.155194963483353,-71.84771949081991,-84.47090452497943,20.723576125261317,47.556272957676185,77.68598902214131,24.059814632513692,-18.24116073387856,84.79888226621759,-37.095930989960536,-86.08337401093083,-40.92179987557814,-44.931895440521515,56.319089465712295,-70.68842514568027,47.672145568733725,33.84149968700066,-97.63352837958905,-99.91449737806374,-29.076412705397118,76.25582124098028,15.178791693011348,52.972444386454555,-73.22929263087201,27.1412951974404,-53.42187442389128,19.442497065089825,34.23020072578046,-51.34228746322589,84.24586957961816,52.87098970888729,-97.16392792606983,-70.84644505485414,57.523237510730894,7.217080384744008,74.33064650410105,87.34106006331152,-1
47.59018947951844,99.39810056251022,-87.12502329699208,-74.08285399800312,-58.456895655061714,-30.847156435692384,41.17643858256764,98.48243663158595,39.99402203595227,88.98899422413103,-33.86509387141912,-27.513930208982003,-62.07744708900691,26.349185855278478,72.29658493920769,-71.98512274374364,-26.753203771674293,-1.5596160568662327,-38.71991691473002,7.846450843719509,-58.53283099009479,73.4796158326921,-4.974684431048786,8.150568107885064,-95.019215281017,-47.3028436623163,-96.7874362399139,96.04534194752404,91.67196583395224,61.21387731105793,-10.68615371704837,-66.72724121910787,64.11883201847141,6.277192978012863,-52.72971462421634,22.32964776429378,25.609229919884925,11.579119549851086,-52.41914847457396,7.7604581422914976,18.912470362963546,-38.17907851454787,-93.59756787782494,20.84865073198803,-57.095698978442755,-46.22963590910783,-48.326153641720396,-99.2059990612803,56.49969590258169,-87.73714348379953,1
78.46049962793046,22.634072148623403,54.36195525399913,-56.83776271626837,78.02852869597754,87.95658928572803,-78.31506517685798,-66.65528138819079,82.85814177350326,72.82256150475169,39.94128559010741,41.23314069601889,-96.46913688436278,32.17804851532716,-24.131939751725668,-7.113503242526747,-73.86913613020407,-15.720494912144844,-92.76793393195962,39.72562872347672,-7.237118390771414,43.8028385582742,21.20545775665468,-25.582288542806438,-2.2303140524605425,-35.44022034316869,-98.3454640934587,84.11187877914367,-54.58929318922545,-38.78539407682244,-81.91495054089486,-35.213233432552514,-87.30427938851746,30.181957876539002,0.9097815693873486,-64.73208618750594,46.54210322240152,-31.073644336251277,43.270260695825726,14.136302360057542,40.24111800717532,35.50005856929005,93.54993804255645,-68.84005624652822,64.83347135458826,-79.74902479959754,-6.318874961701738,-43.71097775036055,-12.160238455632182,-85.59639971016759,-1
77.68073446173625,33.15688029377418,29.183305281102804,-44.225830201755386,-38.64683586940969,-81.8683012681658,-42.5683009132858,11.909293748954838,97.39033726038767,6.465721677322534,-75.81592515837548,69.74327561838098,-97.48741452504524,-47.090868964506406,65.12126666609365,-23.601095506710436,52.779232162007844,77.67431320367669,-30.826967390627985,-12.607846533659625,58.32781278855458,-98.09402938808356,-84.85964948838568,59.42712902444137,76.42615743388058,-11.180442769676048,-13.868346464814877,16.294168455807906,-71.05495440994784,-51.84004993117437,-91.62672904295958,-27.16271156406853,-83.63203631919004,86.05073765031318,-11.284471938751622,-35.22235641410289,-4.3737500852078455,15.794041868774727,-68.03211752084073,-85.64173386416387,71.72735311959738,-97.70792265553516,-18.033173926322775,-86.4596628924757,26.61270300395435,-27.889559008029494,95.4534831197146,-99.10761268622494,-69.91803467237577,57.18946045954897,1
-61.312931408703484,-89.54472554555886,54.50528463251888,-84.51554733343198,16.421536636044465,-10.164720768733119,-92.90819529484735,-40.406827715932806,-63.50605476983713,-69.43449823119676,-97.99331021433406,61.015516386995756,76.31089714285022,-47.07565494516268,97.92538366429591,86.58111186075473,60.0530983031999,86.71327018888155,-16.799347754781465,-13.351651961147155,-27.231854521286138,73.28644367235009,28.700948743002726,80.74622107181918,10.454782155329639,45.49803458631786,18.77893092664928,49.910392634332425,-49.17014904968693,-86.47289015289086,-48.414554092724636,-13.676526218226286,83.01108345509076,84.59713847774091,-31.111742486354316,-95.82097648765713,-52.16612963068812,15.131960487449518,83.35249806704661,15.69317562403046,-16.90445493880415,-15.751865977334006,59.58144250416163,-12.181868529222427,-51.84663841668693,-11.0781250572701,-92.715883110668,20.992394890963936,44.38548867966213,-65.80282804952837,1
20.87186394295422,66.050038556277,58.0219024534189,70.42654392387726,45.86414956652487,14.169686187933792,-32.6328310213534,98.73286840157877,-8.726453193703733,25.14874974902095,-28.39658778311815,60.93442788215839,-18.203356035713142,-8.792399692794774,7.60092974267927,-15.233090073327531,-85.27218739323172,60.421595467393416,95.83610917934428,-55.29847388550375,56.77113361086003,33.86905263470993,85.40379461212927,-8.728063697531098,11.576535892759694,84.94878923084562,48.53278656474603,80.39375485460181,15.134809437752338,18.43474503328322,78.63712521078853,64.2442480556075,18.37970532003665,-12.017034837065822,-16.21683900683057,-24.43765867861032,-60.069970886442945,69.25292209417742,-9.962572896644588,-9.179610729365109,10.091360816309148,-47.88311411080288,-99.5757312016728,87.19627708207233,69.53414330383342,11.597583732287745,-31.202479157448778,-76.44623133043223,46.26411214637298,29.94389621956344,1
8.911064930935098,-1.2025639713017569,-21.31036935527284,-6.517899948507022,32.16158858550568,-96.4093058001522,-70.57606317072319,-95.60466142530484,-62.56648595616365,39.62161078767605,-25.731908455345874,-29.137159277193263,2.2152797983972903,96.30206611839432,-36.0062168273257,76.33439519428416,19.47426978601068,-83.88191921474339,-2.7544577633906897,54.05362395327958,-82.26740094983637,24.32625923265242,-88.20643222192888,-0.2844246156787875,53.760976751648286,-11.78835382450049,-72.76008536127954,-63.922091226957775,62.79901928275737,-92.15579237310358,-49.99875011459167,6.021064588310637,79.60257036349958,-79.63502995485234,54.643617849421844,9.461684338047192,0.7568001722902551,-22.148543654019903,-76.23982785197589,72.00140239746295,-76.72026703193046,-30.160761420137433,-34.87409842900951,10.299270856490566,75.92125569377853,-8.71090074037862,98.97745201431266,-39.515207361245054,89.38822498963683,64.43913306613334,-1
-37.22438469699454,-49.71396956250731,-50.22032296136161,-41.01477323093747,80.33476504539703,99.4852759171956,-43.36836741882848,63.588919751288074,-41.401704777790506,-45.05824640536928,-16.88654574194672,-96.2921583778348,-37.44082135874132,75.68952600326526,2.7738156691565763,-69.95416049931913,-51.66536948658782,11.596136317312016,74.25931497933124,-7.617618681810839,-83.2325775334105,-81.00045657055948,-86.07093486798018,72.7512194645791,-93.64098595803199,66.81508153792362,14.084311570072146,-47.095169263604284,98.23479000603149,99.44325937561896,-30.330876393000295,99.5823510104205,61.449865361300226,-24.21786541320796,-10.539609837618613,46.63728602658739,48.35502366512583,-27.791735433633562,53.52587297303285,-47.33755925342598,-53.48156251392125,67.63003767827482,92.93933985129152,10.638944825567108,21.103794410873775,80.33853440992937,72.62959863932724,15.384295562241746,27.620906773242808,46.885668473013,-1
34.47676865834072,-3.001543084500085,-29.859534513854527,17.094005804577847,74.8202126033132,-51.19189323155133,-39.22937022501167,89.39113933599953,2.2488633934889606,22.318105370545837,11.996483102725946,-53.74219832793061,-45.75795675809013,-9.543098678223544,4.968936432776999,86.93228841057592,92.16230426020442,90.08445410967505,-17.631334987455617,79.07993734646277,72.80001076101911,9.318773497211083,65.69358056915343,85.67032425741726,-85.94984824090461,-92.4759544246047,58.615429395974104,14.091851940856131,-30.327370296734713,-62.89011459172431,26.680608482368413,67.32674003828723,36.58769023978786,8.527311591298584,16.73637528198799,-15.245125248958558,-22.982577418106416,87.98063369381813,21.09791538430568,-12.586970814888303,91.8918659231735,37.29552880175916,28.08137870772339,96.66613824811665,-84.4542258739481,40.815006907476004,-87.80943315759203,-65.37392075790433,98.88020350281965,83.21121878369127,-1
86.95910349855666,39.35910279286824,-11.342802784152099,-36.69957201794185,70.76447490924531,36.3757252052111,-22.250601521415604,75.09116038152806,33.756544882654424,25.68505368213505,-33.051211881080604,-86.80768246908266,89.65714915031663,66.89157792199487,71.51704832531104,86.30940046291892,-47.512070352390865,25.945636207945526,-62.765080939987584,-69.49075646629466,-47.71734949676871,55.16888686414342,98.35970497877338,60.79365299836303,34.42479125698378,95.60050497911558,72.9548060127155,38.559901265591975,-80.4566477437877,-27.788360633963237,-44.856399599804966,93.26985882159818,20.99684564289987,-52.921676552819584,75.5042597324024,24.585003346416087,-34.14664960195984,-76.18709067583211,-73.14917968675438,-12.915133182428363,-5.921394951551235,-1.8110920293880923,11.434768209033507,88.20031065477218,-49.93121210430343,-73.740603495884,-59.52648104590019,-31.366571181609743,-25.10286511746675,31.299247714767517,-1
85.42475637288987,28.050182990455255,-54.316308633612834,86.17461858290406,43.44109597888769,14.77384338144114,-53.60739177263969,-4.998199485540724,11.309692411135927,-89.85987765819613,-27.157889858437613,-2.4485311048898524,32.05048836366174,-36.94781740419435,-49.77329588307371,-62.126287756788614,51.89364227183469,-87.33474906354527,-64.72242512893378,-33.92558895738567,47.15231015914554,-67.53094528721317,91.02055527434848,46.80761029086983,-48.34250006907621,-60.40887294986446,-19.64267364123053,-44.095341955108495,70.33759580725908,-89.82668409075889,59.952412530360675,2.057112817266372,30.316595470336438,27.312577376123627,32.3523964275696,-96.1069336124535,-88.70934889363815,28.882717721361814,-58.79112025237669,-28.606999183726714,-78.68345898041235,-64.72688873057027,-82.94638056527737,14.71915584339503,-8.37130147775494,8.959328845310452,-39.519384346786765,55.453536525473055,-76.57024952494338,60.213244046231125,1
2.8922655479788375,81.79617838297284,-78.5528396460953,28.465378390159685,99.50113863470025,89.49363407547219,84.5818528411645,-89.4498243239356,47.32383157574003,-97.66961724420922,15.835949476078426,95.68421485885352,12.425693406824095,-83.35199344231145,-18.261297850132124,18.614352557724672,-98.79327772236084,-6.2195218825001035,-74.51269679195292,11.047501465855575,-79.66924270206101,-1.054650558255105,18.045742099661638,-87.24214448821948,-67.64782025060565,40.90168262476311,79.57223561179029,-57.18939326358865,-97.72476203904255,-46.7778176430317,-27.256732160230428,-48.75540714209576,-55.666337203675376,-64.5860975568439,60.258953290532986,-34.61271811531212,89.57439026277143,54.05783508874046,54.923178348973636,41.40991115903961,75.02258721578684,71.6219440622902,54.52499136983283,21.031771523774182,81.26289688392214,1.3186743845563456,-9.60385122201275,-97.9462670644516,-41.50951028039103,-22.375150394367367,-1
-3.092400983997834,-25.26994072540316,10.588149637850421,-12.469527055115549,93.50383756104813,17.326691824676786,9.73239915231099,36.75169008639364,44.62872688542839,-39.01316695690959,16.707771896737114,-36.2816609706909,0.6814063747460324,-88.02395852189089,-50.69871965007653,3.3518705623522607,21.234723001044316,97.0113375759014,28.43148749188481,-6.868704992755596,77.47480276598858,93.67291908279955,22.84609906846009,-68.39748489383749,52.39968953062353,94.09174257847855,23.84023721782556,-57.6015909379024,13.328709621285583,9.977720836126608,-50.05341153063072,60.708759304610254,-47.69652526292629,-57.030701020592176,-25.01060121861012,79.54943369905624,-10.110128266081617,81.46801783905653,-24.9011772732471,28.918251403220836,97.25859763277433,-24.994176358763596,93.70010350259773,-73.26299087747215,12.123813839640093,-89.78422461790035,-87.56953498324549,17.665642365662634,62.82910173505056,37.18197135368436,-1
15.52635086888452,41.862858960696684,-49.14951947709123,-82.9067954069705,89.29456585948935,49.27218165269392,6.367878924099841,71.38887922789996,98.57091669310631,70.7282027060823,40.05311948620559,14.617350926301015,88.40760552789351,-64.76550459596311,-93.6345263225787,80.86621760141921,40.79833503521553,90.64156982524833,-37.518160609545845,19.61945246049102,-7.358447037777509,9.955248556247028,-40.94794100355381,61.594219217388314,-56.609683390885394,-62.616950828867644,75.88646882440088,-20.41407577354653,65.21334931654653,-14.071167339480013,-35.42267771881566,-87.11523358618328,-13.696255198841342,-12.429462601520271,39.64363628108467,-54.66956724743284,-27.680365309833135,-69.5462489322956,49.25890758485738,42.219175417861436,-35.87899954906271,83.35308582534788,70.93395360093348,45.26353748741019,-22.879469807319012,22.697118414158666,-53.87170218207456,-9.000053688477522,-85.58472375556778,-28.74130583166479,1
25.879727627052503,62.3254028889707,-49.697392064719836,21.20669050407568,69.04842076816641,-53.16817098872835,51.35826854905906,-71.28294597361315,-98.08944467660619,23.40091113225138,-74.91472399584313,-69.80334930779317,-94.6752522607067,53.84906256103653,-61.1451508287548,29.424798606923815,-33.36964480564852,38.375503863290504,68.31357189006911,-91.4225961080782,8.961490846743033,-0.08175516375111158,-36.54485209870006,-42.580654497823886,27.442698793112413,87.31141664285863,43.88461076129232,22.517741334573827,76.65696739625787,72.36500660314846,67.5706636152018,38.95099744888486,-67.36779985215757,19.918529665186497,22.73887543188971,-37.811439295041694,-40.68233723984469,20.84213170307045,-54.98970458671879,2.3786007684799984,-42.15158054023536,44.439959399654384,76.21688947019572,-19.43523306248234,42.48261235377444,-23.783146066832643,89.82929729003783,96.07788378818418,-13.998635378837122,52.97015024257473,-1
11.026757350637695,-16.3233324573457,54.81234138922321,-89.97859401200631,-95.17184457553327,-13.48775183071784,-81.56052635243181,-17.49930721997417,25.539049429357235,-98.61261496106735,-86.91692120530018,81.99801935535828,57.230013459102025,78.18628977911257,-50.80762604524438,-53.23802682979566,24.055997406117527,-22.012854824276133,-26.865692008087876,14.962301220372836,69.55587287351389,-51.952933942007704,24.058064615469704,51.34251818188628,80.61232643656336,-12.81848389885782,15.771949060927426,-33.578071843110635,-26.35180279856975,-25.39874331623713,-24.317925789552206,75.10857872350189,-12.30664575804012,-34.42581448073814,45.9341740931342,14.509761284857703,-0.06657318813492452,-61.284948863600476,-72.11556007111648,-13.185209720852043,-53.19083596187226,-91.6329059703368,-12.734456083624451,57.79647208794535,-72.94289952657994,75.11696292845994,85.80920550470952,-23.331864336410817,5.399805655901673,27.578191172219576,1
69.12087259798136,26.65378346749779,-20.67824013313104,-35.08714314890473,83.9804251319795,17.796368717839158,19.45034605360108,-12.385436630475994,-16.94351944411396,-41.81584991334759,92.01755094185094,-43.99462568796335,-1.197000001082344,30.8604407940673,-92.22012898307116,-49.05881022530869,-34.68069330630239,6.489442791519167,75.14055443818032,-31.010177948670645,-87.61527144639771,4.354912325842108,18.579680118427746,83.4233248482607,-26.925177973452392,-70.98861946679473,-77.73557457346057,-99.4094458424885,11.723902604322461,-95.73245752165374,-16.451948669677847,-31.09223591433195,48.03588361456198,-81.40785147052787,-4.150896348270223,76.4480781399775,-18.38873198907669,-53.149035192522184,-53.5536318123931,65.60876532902694,-32.62132203128489,49.61718581384369,-21.279506741591575,30.998017629827302,63.92906608777102,-44.27610338877006,-55.74084616142636,11.64856018210314,89.77241302060537,-25.405432363084145,-1
-92.13129186629807,-22.88949970166614,85.1088651724447,93.40319775979458,-96.11346551830042,-80.6143099118135,-10.565142633114505,-73.62923964866715,-23.46005557959279,23.191739149553683,72.13362377446029,0.8062993157821126,-58.00774572836378,-77.18806499369322,-9.544154307006394,23.151205101422505,12.87791212260268,52.70979760984875,-14.604519465547128,63.319110019915286,60.67947191943375,-86.85443845218164,-47.15046596974166,-26.15692558770759,72.33536406922602,-16.35846052285943,-21.883339716708832,-31.438150398626192,94.75650183984115,93.66996845060649,-21.37390965095902,46.04601924290063,55.91537862053778,85.26891156547609,17.034496959480734,-59.35000597547291,83.99590860671944,83.14229189014685,40.53465166506908,76.68685225926322,91.22153959021864,-76.00092450758214,69.94611246880248,-71.03673692710409,21.441689163001598,5.625889307950132,-80.09960444190334,67.64631260863189,65.49996374160577,51.06644795772951,-1
4.6781822748732935,29.2093888193192,68.88112245841316,-56.946245193428034,42.82456036554825,7.241834213666692,35.18214636046892,58.717576771337434,37.64536659450857,31.056075045658247,22.291634459520026,18.277408725981402,-36.21880858883304,-90.85154304005701,0.8220087722121292,33.97407298966826,-51.15356814970695,34.68390695247402,30.8647494516826,-17.095729723135534,-14.139196258292387,-58.66577112020026,40.00771176410831,-50.04061167597538,66.96379263093502,76.0670630608829,38.86003007288184,-62.87590438341477,-52.268404719494946,59.89609848871328,2.95983177409353,44.65090280513729,-30.658888935309264,18.11845394549249,19.899585423508952,-38.912049281272274,93.12372862588606,-95.02732701376497,-77.19848735950079,-31.682860317278767,26.22319758427834,-18.673305913260663,73.97815960130032,69.9267864241726,81.3450228066871,86.33478496715787,5.568419506981542,68.99619071932977,36.105912695644264,5.565630428876659,1
53.109350103172176,-55.77047797786132,-45.7031565000283,-23.84325308157807,31.858294557642807,49.33303455336372,19.882841427309117,14.402162096203469,-26.63929225259527,36.61121229131615,41.94728948838147,-86.29283371640557,-28.857087143387574,88.17170812795635,-6.725635109022761,-41.320940029855976,-17.201443951992815,-79.93952182379142,-75.86815125220427,-82.1269473627344,64.12442379990554,-65.3505803471586,-0.3317447355519363,11.229359871954287,-75.4156784719698,33.69736141270727,70.1727723340064,87.03589674454213,-79.6199074692139,0.7181849658635713,88.64239291495079,-80.26989948114276,-23.488021708499616,-23.65886502746683,-46.06606726489992,81.33953335498737,23.064628422638435,14.254856140824728,-17.857777299334998,6.6116774457063485,49.90109083379389,-81.02326273806048,-54.60609762594968,29.35160242158051,-62.956520210751776,-37.200790930631065,96.9261692502514,-22.239333057752717,88.73692428109081,1.50787753192283,-1
-20.48112040744114,-75.72561509027607,40.525421264730426,-71.24296539676156,-9.836117708264823,78.93314412889251,-29.218675197953843,42.817920508851984,0.9721556751463254,-4.840645063643635,-18.81886898752292,-61.96157272307019,93.93894902299667,-0.9699458059834427,6.697872728539764,-14.38083429746348,62.43213003668146,-31.507220626353984,-91.11284504287478,46.58066132546139,55.817450156683435,75.13104533362323,-67.91463756590841,49.06288994429411,-61.974052534123246,73.72204136512923,54.43802523917225,12.919353767944912,22.787383091791853,85.13971288840116,-63.61718958909868,-25.900720677291275,76.74725333726687,54.223308808105855,-53.77775978313646,-7.258495175352579,73.20341633324696,-66.72745508377028,-80.59048443947871,62.32190459181771,14.157220858773954,-41.854804258321685,10.12864633699337,-32.858242916160435,-28.223552060846146,-12.142347259375612,68.8767537382555,83.66003917597672,-50.03995160847903,65.5132503934181,-1
48.32829036720844,-31.09882132118736,93.73258262934752,-72.95426917638954,28.660495698836627,22.3218125589987,-67.32069058655163,4.382386055366538,-58.12142027038847,-28.510409046812583,24.795184860763058,53.996823283111354,-74.75773115946552,-85.9718360864779,78.18464222781589,-8.342215008499608,-89.07039393713765,-78.86112678846231,-73.44001486826433,-10.19001327896973,64.45839119253583,-55.907555066251206,-89.42183111847892,-57.91772721418511,79.44907594391071,16.791231169215152,90.33277754673944,2.6736926269201717,-14.385882606477864,25.40629919458391,-34.063763322646736,30.080583614597174,-45.52788692395113,-69.02412039217076,97.72820659861281,-29.165809052978304,67.58117654448156,-19.002446212537237,52.044397550667384,27.907289508905066,53.711188100063424,56.046444677934915,7.013996482831388,50.176771771764976,-49.3888253687603,14.720675135694108,-53.32846068538197,60.284291896395445,99.82803663050538,-62.86644629773532,1
-43.02541960761543,-95.03655771097017,-77.8841625862681,-12.176845143472107,20.49065263271899,82.3654528086984,77.88879456750024,-73.41740163276273,-64.93799705520856,-97.64880705447996,-97.22467759656254,23.395831933207873,-49.28162239726062,26.89167999948272,52.528321360677126,98.67538062741795,7.725020467012627,-87.58586981208687,-89.44140103808033,-38.94779523673198,-52.693442324068144,-26.355787571730986,48.63160955423834,22.8227088455004,25.44897271901351,60.523622551195075,32.275240893394965,57.06382557080212,-73.94619617971912,70.55889638828666,-51.5618549291587,95.8687677687665,-45.84825438207305,-65.13185246275013,-37.87423814851971,-84.00072591862207,-3.2676324323767574,-37.07424760692098,-8.031266197230352,-4.296273856806579,47.44782264070574,8.033618413513864,81.60809662568394,-4.32203503670452,94.39643960510188,-36.30051727272108,43.806942000666794,-64.64483199249761,-75.11742612662621,97.98370538955828,-1
-57.060822507328915,79.16242027971575,-49.839173499820724,18.965057854754235,-67.04482263457636,-28.616526081367283,-71.17675951319764,-37.109694653920975,-40.924480964927845,34.39844422748109,73.71215687380075,-38.851515044009744,53.21608215634541,78.42311205614035,48.85975652280945,-53.43064371725041,-62.90764325857676,-97.96215214484054,-21.593861449769605,86.81134049609852,-21.586447674945575,-77.34245361152688,85.50228201009546,5.563635840741952,64.22348183685756,-70.63717932451985,-94.25830858677064,-94.84187756438844,-57.387316259780775,35.59265633794345,-47.29051050837647,62.69560943848404,-0.33693613055714877,8.192922678102718,55.43697649284226,-2.7880423576712445,-56.581869354560624,-26.65715646524866,29.427953919807095,43.727202412156544,84.60751053137261,-13.93139096569385,-30.776098993406208,86.29465655627948,96.29292055844027,77.70731947029265,-84.14057828715895,54.81033172970854,-67.72461611037019,10.840266241818156,1
58.57088380676788,18.49659878031929,-62.69779749918805,86.73150908165434,19.365644273048048,3.3122652970462667,6.305215105001352,31.82034907070272,-16.03615108308199,-74.82879260523885,58.25898208978458,-40.76917801185482,-80.23125040061416,-87.76354862792539,4.899231960483249,-12.849036852587318,13.282939361722939,46.46865308905197,79.79653147000454,10.590280764770029,-57.63120742948977,83.64425180631366,66.97087086582613,-77.2266538033218,-34.35335472024023,-65.73068484183918,-28.49447266427009,87.14794483973009,-42.88802420797175,54.52152278278774,5.94324939807467,-10.216523169816739,54.4271315531206,-69.94033009011923,74.51050965384121,-60.15396446701662,22.30555987782708,-98.36407602842667,-82.24905793347754,3.314445374113049,-29.681291849260433,5.764981101609081,-36.01765864617488,-58.92684138825868,-74.332897282423,-33.336686913869,30.671529309390678,-39.73355046079274,-75.42068407791112,0.8974290185525433,-1
-71.02102558175538,81.76529954337246,-43.95671860188579,90.87572004417862,-53.33954248834172,68.80939307357286,67.78641471253323,43.17009285916188,-55.414701855890215,82.09527264483467,2.4844399013727525,-28.530172166242608,-26.475944021867676,15.511947117069582,73.33600579428236,-94.50910792792853,74.26234399217356,-20.648996460941675,99.7520908011941,-57.8571188140812,-79.79089076577296,39.40094795239736,99.3947719280535,26.403104502477078,91.47314518553594,27.134179000670173,-99.30954606609559,11.886446984839424,39.40523894271132,7.323972227626044,80.47911266583912,77.35569321686734,52.08225241317058,-24.64895106499671,79.56057769271058,-90.49606806046017,-57.160007138357386,78.33981272853725,-81.49555912572663,87.0051213239081,-0.33664503743067087,12.845219645209397,-30.2836203066541,31.254129540385208,96.93672581791398,-53.2329110878045,11.12280826025966,3.6935877184065333,11.846173321909518,61.45546965130063,-1
-85.76886422441805,-39.86887188785118,17.224069761099386,-97.4545436620159,71.6325354364715,42.14703573761162,-59.47538933357497,60.75141120275197,-17.03556679974261,6.532917480724791,75.56867692903887,-33.329815861687266,-8.795962135793616,11.768110301053,-6.9458586046134485,39.33899914145391,26.163208757070606,39.7792034095574,95.72342083581327,20.839578264422272,-15.323805390960302,90.7983179458214,9.826064314649031,19.867935643724792,19.950557915014627,5.44521493115289,17.411952482224862,-76.27874147013856,-60.833451562399475,22.320348780664872,68.24788769709397,4.8525060684361705,-6.076428454944207,-79.67141339047974,-89.3277972133109,93.14916826667371,81.72728245206099,89.92359334873578,50.262730299912334,66.00056353918188,17.72391659592884,-10.297566770899152,-3.2521542094885376,-27.928968919181443,98.40525565297582,69.0046805339991,-30.810226547244653,56.39174117353639,55.065504061697965,91.14690913512135,-1
-77.33929905450717,-91.80435555002191,90.71444476703175,-10.214658146221112,40.92796388814395,-18.032026340090795,39.95885641949434,-16.743821244602387,-78.43266603495162,68.47703492670257,-61.602054268707306,24.398854707872957,-19.67409476358128,-26.06168632593821,77.04042117483175,-25.5331635273961,25.098839264634236,-82.02299915462538,-76.94462664477437,14.601760208770244,-72.31793437214758,10.944022297470895,-36.68796224281938,-35.94314441929873,6.7303200048076235,34.60223118291648,-1.9646282970554125,54.68398102635928,46.180365309710425,34.4076210549255,-63.611860816206004,-36.204795681222414,-84.80175984515886,-40.32750731851591,-83.96975632057672,94.5903256294024,-25.258904629914426,41.59887342570036,36.976642986204126,64.8487588446516,5.201906005413349,90.38573618643872,-81.36791202885776,90.45052701744532,45.09824781709514,-47.27204222181809,-2.9610660791937136,38.12900442616845,-94.83364819254393,28.209964811003772,1
63.45955399249874,-46.112110739269,90.31606188797392,-51.267797491631015,22.128413326355513,-41.632495307906936,-52.050403930270114,84.93129152383057,-27.689940490856472,-10.401005682631961,53.37090539521961,11.970338235644377,-24.459116945880524,40.16698070188792,-73.51545435898672,-8.049827433907026,-40.34045644011135,-15.649945525077968,25.508720424534005,-88.82145461345696,59.50786691228956,9.910282609859735,86.92851343638702,-32.12835761645859,88.13220841076225,-54.27290702196741,76.80420878505666,80.44797163045774,-2.0295840899000552,-2.2485183238125472,-57.57836809405077,76.58309155465435,-71.04145602832651,-19.27289385085433,-60.370072847414576,-82.50512830095305,-89.00853511117415,42.099543367006504,-4.450870602232726,92.24031133601741,80.28452855188141,53.679503022204756,-34.80824410461247,43.878909727804995,-41.76116963347778,22.74427241598933,-40.87689619870434,39.20114496212824,43.66795534535177,-37.88093680797531,-1
32.202850849464056,53.85011184831734,63.49618701802805,3.431194097791604,-86.71167363641993,-62.55323207693411,-12.007053968826327,83.23844176331141,-3.995021524285633,-78.71575524737364,-78.59343997250276,-65.00429820916139,-80.11393587868336,79.59103078737462,3.7778178066918002,-77.11336775807109,45.82314240252677,34.390470101570685,41.15628346585976,60.1059351674015,-32.04838995672105,27.410709280575546,42.18177215900815,74.67129789787691,-98.38379340227534,-14.056213585353362,-88.77347628184003,47.92854374585437,-60.33095185523414,86.57472182477102,-74.81500712463271,94.71289706345726,95.56020648371583,36.92292143440369,38.476059467022935,29.415155791728665,71.72365600469738,2.2741002365616225,71.61404374429284,-91.90962736915374,-29.96926345110822,10.725991673951413,98.738304743834,-61.70117003842528,33.51486200550272,51.50720091866506,17.91472578830347,76.85419141804658,-69.80421967545865,-64.358248858146,-1
65.71111958121628,4.0320446048791325,90.98158178700069,-67.14468681954853,-86.7520995823293,2.769948704043273,-55.826073978708955,80.92407605401735,74.77301690504348,68.79248488963952,20.539824100572673,-16.525634291263017,-32.75762250809082,-52.58704878838094,-6.862827224130157,64.55147931100507,8.875453609568694,70.1208994500563,28.58221918329832,-4.622307046994607,-22.735436690795737,-22.102775527291968,43.918209197435345,-92.41465506207118,39.66343808378551,-43.24573492741371,11.052056797528678,-60.02652856528299,6.251965322622198,-33.940545935468094,-78.50395589474871,85.47650084922287,-75.39757497953421,14.00395586101331,59.01505412434119,52.680156883025404,22.342181603847465,-42.53469269485721,59.688951151317355,38.46030797191378,-16.03042126364815,21.423863034229058,82.62235034598524,-32.10446556902866,67.99182678255698,-86.91369520586855,9.958364922505055,-2.5992091306096654,-56.85548881749316,-0.038182181610750376,1
44.919657369525794,-0.47008909895636464,-82.00288873007587,-8.904369680977837,38.93648348706091,52.66327761490413,79.52974507206619,13.627515964872288,-58.59496374720676,40.6303903126863,51.81492154891296,68.58837184061574,38.27300869822852,91.26240173384198,-33.48338161251323,-18.681410335690046,-98.41109682339682,78.11071719227493,-48.7064073851569,95.27398165145348,-74.8609412815245,42.476794694916094,51.499729952158106,-93.35396408852678,2.105519590073584,6.2231934495031,-49.641191483449944,48.26873750525317,-37.4847761401703,24.34308892489095,82.52795835492003,26.735936970471556,-6.443207907207338,-27.163750853157097,-4.530973435594561,-39.54859626064633,65.13749137981154,84.3828354746662,34.4838160216992,25.887228097932052,71.55350992174766,80.26511153537686,56.2699507807682,-7.310173023273592,22.65911610542186,-78.67067656196605,7.256745425455932,-75.66686120709487,76.87228528341444,-13.746950572489027,-1
-76.55921886395332,24.548255275495507,-41.30428452819712,-7.319290522793096,-10.957575586828256,-74.8397415999853,16.623065658685434,-41.12026659488095,92.73802365782305,-99.27906816854195,78.78908714796651,-97.76793890373125,84.21972755954559,-32.06547532440935,-57.57640880979302,-93.51596302760743,-56.05199476381033,-95.04399840641733,19.360642926712316,-50.63263243231035,-30.424370954124356,-35.536592394341355,89.77522020489087,-15.87589179159474,-83.22339192903918,-94.88838699645947,-59.325815034891136,89.81296217968918,84.5073024234791,49.83976086138381,14.385576385048964,-51.58630282006356,75.67139944159271,59.382123124855184,-60.873459369639995,-10.708373715521645,36.469257577169486,-6.394361367210962,-30.678056527917263,-43.85577978048663,-57.81765930396725,-98.72560081576931,30.362737303889958,46.627260425699205,88.25919151431438,40.811284534537805,-78.42045339831796,-67.7069061189396,30.315771031340233,65.149399152109,-1
-82.77357218726394,-32.457845055155104,-40.62959314400298,-84.87968222106419,34.0819553202237,76.34232943331415,96.65521770354479,92.25847830198688,-89.69770157321292,-89.53320080955088,-76.8483291768236,-72.47173347022138,-40.33573488839155,-92.9262370006199,-54.387204967018434,49.82541046840939,-78.59419402434555,-89.34400090636872,-84.59741685447571,89.43211737952308,-0.7703754462174572,-8.697020433926482,62.0866818398726,18.25906380137299,47.493770572334,60.44194205865031,64.0621159488949,-92.93905770785172,29.2669442619262,-68.1233907118598,-22.652306437760174,-78.93734570234264,-42.674813288044746,39.43187487096819,24.155719359764575,-89.91986723172765,30.807362430250237,-25.698682059905394,-52.88087030443034,-14.611283018865322,-37.33360409657636,-85.62989520286892,-92.45514349591156,-61.10633557717298,-87.02978522011789,56.06145228738043,35.69508397935502,-94.1796501700172,0.19095057470201482,-25.049049797114662,1
-51.69987440143331,29.32422673151106,0.3405968352698068,-46.70661175815947,15.907868698745077,-34.617506549521565,17.550136094465714,-80.28998552453132,-57.94205964312253,-28.45643963498202,48.626339141868186,62.204851218226025,-20.618466680533814,-55.567590092207844,51.84201126159897,26.95833289675123,66.97040364869434,51.10021179341837,56.825684446337675,76.77763729421693,-24.054585740161173,0.7819051672287998,-73.0174473004175,-57.35707721014436,2.7643522437991805,-61.667198919205354,-46.57747400484919,2.5202464963367106,98.48109329906762,35.57464516912191,80.72606181122725,51.963408394811324,-73.74504042609043,32.010084926015395,23.003898982292156,-18.53528080308952,7.737415075456511,60.3054896177122,87.31720896697851,-36.632217019722965,-89.21325504964477,-94.7201431657946,-5.363486439084085,57.73774651831573,50.98927818921544,-67.7051697286501,80.26572445178061,21.218070313763903,-67.36618434642023,-83.19801033934984,1
33.33713037850262,11.626831625642993,28.33730159495994,-42.14566125510439,-96.46161537577034,-34.4998992982199,75.67753325052925,-55.43301015862259,24.14109936001762,53.86053456792271,73.17565592208814,-30.53060895789592,87.57374488219014,-49.71355113740683,94.77884625713861,-87.97138301857501,38.329718165715605,22.30035434396629,-2.922176432129376,54.157323755367315,-17.03659623823725,-66.61809691446888,-14.406868098901953,-66.1207821699071,40.883629331790786,-55.280265316722875,73.21236781132043,6.182236989969823,-50.26026226670734,-73.06103072923841,-37.42948788805411,45.33420575922429,-75.39532273643394,48.70081075909167,-85.10308101805958,64.23550816318615,-44.33305980312934,-26.568425382899562,-7.731814646555819,-97.98875604354356,-37.25115562940906,-10.230280241626303,-78.2883134328654,-52.16285168852606,-52.13906216987627,50.563277871662336,-53.54672494320452,19.81779781745145,-63.773756544599,52.07085202325413,1
-52.61333501867027,21.243328444153192,2.456948610042616,-81.68965284975079,-33.69115926091972,28.660033207221687,54.42341955642277,-17.548561115972603,41.289348728937796,97.49913027950876,16.082843643319464,-9.770244096956574,79.13155259288405,-35.36039432843853,60.6175975845876,-56.726108378459706,-66.89436829075039,-87.25907191961826,-32.5824298001732,-74.80987534897716,-23.951248019766936,85.79676671525195,28.18024931494986,-87.10509825823935,95.51171964943703,86.40405860261865,-39.6190306833859,4.168613081516142,37.73230656993715,1.7522981475829482,21.657674731586553,-46.259454648131594,-6.731215558442187,60.32094750183637,55.727755590162076,7.539754835472422,40.98885259919547,-85.91530471534622,-62.001214872011424,-34.97928017406056,-17.67297823725164,-91.30301444723625,30.068276330422663,-9.289919510700969,-49.63992882104369,29.5290592755577,-22.74725984076882,-86.24017436197454,33.552043953177474,58.06762947687287,1
-70.72520156755019,60.64242464881863,85.6017483549108,-64.93566432428017,-24.223686119608928,-89.70026361239181,28.78466956187316,32.028703929415855,74.1682552667352,11.916128201626435,-12.166318440363597,-60.928200534655375,55.19805733910738,11.876603413118048,61.58315196241719,-92.6678013597893,58.702312222772036,-11.310705879462517,-0.7441600451209069,97.8231942782889,80.13353047841741,52.59366860552893,74.22144838977025,77.73179931615516,-87.65114479742371,50.96421004285881,-19.401121982996855,57.06237241628517,88.65582643060017,-51.6925498071525,44.30603809875592,-80.44499308104346,-5.859511296553777,13.515784090906038,86.95947108414242,4.321801084628476,-43.64421903256775,20.348802554542516,-58.89737070138208,10.085139373787115,-13.978946550213493,14.805123290675823,-74.03799550527327,47.3788467052274,22.795850248202655,74.95084817578652,-54.93012093901968,-46.80685429395659,70.47129748323513,16.742046845803046,1
12.918127786692708,65.34552967925643,-18.581608768396052,-0.8921974291597508,-91.61286688022625,64.4342681517629,-70.80825089643115,5.6153093135581855,33.71862659895163,-63.56260253468966,82.65463861715341,-75.84832389983023,-92.17759723628045,-70.53112202463787,96.85446429762305,-9.400553127805992,-64.24825669971167,-29.203192383008215,93.73091453967189,78.76407749823568,73.05337590090852,-66.88533544058235,92.46798222812882,21.309002564638917,-82.89321693466351,-23.109121260238567,12.042654998067874,93.25004875604424,-63.30234995684989,-17.845844511787874,-32.00367668639646,29.63441698471172,28.412301561989892,70.11665339060278,-5.8358652657731795,22.68927733380957,-75.27645878780388,-76.34548480550586,-79.13798348486738,-23.301478694422002,58.326361409526726,36.24780000842924,99.73375855347757,10.10670888092804,-65.61177858178999,19.912098086334808,2.374123975271587,-62.290699640247915,28.106258644728257,2.973949449625678,-1
93.91692555291172,-60.48881886430435,61.982624061218075,74.06580691081885,-91.29068443132493,7.133021586680542,-27.03186924649532,88.7772593469108,27.08668273138575,-68.06759129338491,-22.578763766404393,92.25697888697911,-53.71630688228761,-7.473008422249293,-53.5609448868948,93.63245426341672,92.33359358277787,-93.06672033914339,16.1422660554517,-96.97840653992496,-94.02359296450558,31.679033674691,53.517539862304346,53.70094793038126,1.9503556592101319,12.575793381884594,64.37918361450392,-15.68012210724308,-82.1821047022431,81.97104426631711,17.72283151309712,83.34267687912003,67.35271304543735,17.283576618289672,99.38977202391092,-58.488468856670806,-32.97733433888175,-82.11818697889682,-30.786102486375697,90.28624449425593,89.80365353059216,-89.07390213531978,96.05227905997856,-52.986717847399255,21.79126161838532,87.37158786892806,-0.39290073422191085,-90.78814044170434,-33.01652445344061,98.1581611911871,-1
51.23266577904923,-17.596452209668726,85.78934711452467,-70.89209373547074,68.96572499091633,-41.750149103666054,-99.08239411405579,-82.31741552239187,27.856020396981677,-8.11468471924131,0.36124242253097805,-7.57557347929685,-69.12682521511613,-5.036835369517846,-82.85316834992831,-36.71309325357126,24.575697685514726,12.759769793929195,76.66250767598933,-79.01927369492967,-93.14258416913555,-97.3248966995541,-7.265500257177365,78.97789845278928,-86.21073476504428,30.146959497804005,99.65373329336583,87.05710790917695,50.09650609566444,-65.788467537842,17.438523425425515,16.599950424263426,40.851954392205414,67.73021520388033,-79.36378222182417,22.83837251128118,-51.0622099079082,-87.00055190316351,31.82122945464681,-86.05618160160502,-2.587023132645143,41.62774705682045,38.19891107653848,-48.302984414728314,54.5180579782446,18.218531493666262,21.756618528969526,-65.92400275474239,42.56969614933871,3.1213875762990284,1
-58.33692199829641,76.79955537423734,-82.66428776983386,-72.29864443496817,68.60287096899253,-99.58859585428755,-53.16744966525271,-10.515685536856267,20.11966478935156,42.157972249753925,-30.914552670638116,84.25844649714082,-25.63894375098978,-2.785187895800007,39.346771860097164,69.31320203935877,-13.36040522201651,-33.19853991899622,-88.28372936364366,-82.85045792674619,97.66052218952157,-99.71135257672508,-34.10263688737014,12.684202492727664,-97.88867840097623,-49.25355017743816,-88.04451411419932,99.3400400710398,-84.43239214030235,75.10126337283324,-37.54598283624739,-26.002330500474443,-68.61653491353877,56.99888542470174,60.76558855175446,68.51424945922616,-46.78019692832513,-20.32316037995008,-73.08148076584328,-44.99548922758243,92.88401947012105,0.8953995009135696,60.56554841162344,-26.010745610368417,54.99700385332591,-60.74663370069473,85.53945808810224,-39.95633075797058,-97.74338911664306,-42.07102681255035,1
-51.94017530992665,70.78969260290873,-37.85929528835182,-95.68201777146493,79.02760519230324,-81.97302704917455,-49.47205147918079,-49.98645742437417,-37.94383410918209,49.21555208581336,-42.27236306086088,-29.6366936842481,-61.04599060638005,-15.089844894520922,34.87882524795697,95.59477842941004,-56.59358505779659,87.27846342038225,52.541408166363,-45.71718405904468,-35.11577028775821,43.71330348595828,-3.2873149301076694,19.680150649123476,-97.94257525394623,16.386839744117722,31.200521554899893,35.426420769001226,-43.6244876325282,90.81428966195435,6.005731761736243,74.20353970239321,-79.03540138688965,31.88221138609623,81.31827833920656,29.567807751146233,-36.9520762571434,-60.97386070540514,-51.830215614382105,-59.89965065887597,49.55831257799633,-11.878232399835099,-85.67042315220115,-3.0584223081124406,-39.592805468994754,3.9994220238970684,-7.464164201020566,-49.99027474567139,-6.060075473148842,-27.20809244000499,1
68.83408979383944,-34.185244107854416,-61.62465737952865,-52.262223713740475,71.42359012478033,26.565862610922323,-79.65954326504779,-64.83346598301503,-21.68879529481751,-56.411019819693166,85.57382235974384,-3.497619289858477,-93.99566307450561,-58.92015959800088,61.3968231989989,-82.15968471067669,-95.12980355738574,89.62960016160574,-36.63484629127609,64.0490245528776,23.552864335564692,-52.44787024874034,-35.806320344055194,-83.52976783344673,-59.49951472349109,31.16999276602965,-74.11307863854427,-64.40300956955554,74.98425480779449,-32.05386653230926,7.466429396862836,3.8412609025505873,52.8836922368923,16.61680426107479,-46.703610818495214,-97.10136104253084,-92.09832229170951,13.317749210186605,-24.299565938740216,-29.994281710365513,-86.64388746686677,75.88143195684341,86.07932277084976,14.137961311853104,-50.37777673597543,-80.02529419811088,32.74255897130638,76.68458238028396,-59.91940660056399,50.79897978607647,-1
-87.59264727424369,26.70705872323404,71.12553630704673,-18.561430062829288,92.36908090536687,81.52362097569753,64.69568988414193,42.05437077882374,-15.994456307561649,-10.272427885422147,72.56853333320245,-16.606427439649735,65.1068087561305,-48.80114259204651,-12.707263827026566,-9.07889426403176,54.386726850111074,-62.83326448343309,63.44886654435689,-41.48047369345726,86.95854986311849,-31.40593389375634,-13.290373738296893,30.988149600632823,22.532483654042196,86.0511981217133,40.695371961714926,42.35557326312295,64.34175540694298,55.601528895293455,-2.3721922588082265,22.538666684377247,-51.76203869947906,9.731382156519786,18.86307065432679,-40.479291442298695,72.54299470703944,-68.34079967460588,41.5416671326999,98.42912708867408,-49.89341659969539,-6.776003982030758,-86.14722579833347,39.32079895482195,98.24502030210192,99.7370943722151,-43.95791520999835,77.65572909765851,23.06184766305732,9.715542124679104,1
89.00481291611376,-22.711329813836528,-7.125935963591786,-62.7798876121517,-69.11797843154696,15.124750117439547,-1.2598606307958562,85.89831384796378,83.37973932365693,-41.996271949658,30.073449830692027,-43.48766233799799,43.693696727126934,-74.8595238430911,-3.872914579073523,-68.23535765044086,-59.56947197395901,-89.85953228302898,-36.49548071838022,89.55177763791662,-8.191514695097894,-39.189616908182366,-77.00250038360075,38.56217385945436,81.95634699205536,69.72400163828496,-89.603488281513,-15.019043955158764,-77.85839500261207,-82.52025335759943,56.64172768874843,-50.000428881712836,20.520701223009638,87.18694118901254,-28.973497677178443,-40.358805652930215,-41.57578266291249,-75.54195171787461,-68.29742815582867,35.832946747072356,-47.423005715244805,79.16389592193295,-47.026281250383015,-96.87198569763153,-60.53252531603326,22.866400635538014,-77.37203695070316,3.3359710997568754,-67.2629081506207,-57.68863894442602,1
65.31021483829284,31.77108084536843,-43.79441474595951,48.67225009758485,44.36854995104795,0.2874720422464634,46.60764272877077,13.493132153980113,-16.320088072734393,18.43699802598823,3.9316292834585624,58.270470425797754,69.2240116839975,-91.67227365517246,70.9373753116202,-63.9516535059705,68.2087033724797,17.200853290269976,-94.06396829727642,-22.28160572177491,-93.14849941388361,-21.123276029117477,58.11525657904346,-9.731442859355766,30.509561219565285,-47.07969936162175,-58.68369539004779,85.8193542291973,-26.288928616145384,-31.47313057285895,81.96487170471153,-89.61318959302315,-57.04559732557044,38.31557599804833,-98.64058422049811,-79.42005674760628,-71.14833949076893,14.470850369295604,69.46553691834995,3.250602562392274,-27.05390033198367,-21.185136185073134,-76.14426666062889,-86.627694976321,-63.80699774500589,10.87298441501234,-27.276271566566862,-36.752911337259995,-16.953686022499227,-1.3127982652641208,1
74.11568500920137,-63.47497394937977,75.0658165275816,-52.66892410405723,-34.71011164972613,-22.81409261374783,-2.4945157558579325,11.11949058199366,-52.43630032531901,79.68520060559788,1.5837744498597033,-31.688127401386595,22.38832971880555,-48.08069744844281,-42.792016106462036,29.316464884558343,-39.975826407959204,93.42144807936066,-59.37633035864231,-8.268428008453228,-32.13617414144572,-57.774419287937675,61.68028060622396,-76.08299905375462,-17.12745112480674,44.22780455163863,86.56579943115699,4.45011212339719,75.33411036094711,16.604266721446564,56.91185335497934,-41.296355888151304,-45.54868786339363,-33.596820209663505,-32.65010861775737,-36.3537797167657,-11.564395689016209,85.99027425226075,-54.179256273631246,63.40367361347401,-35.531853085892976,35.074799405533895,25.011023553728677,-33.34240774410485,-57.77754473836385,-93.05042342955907,-92.00137752013782,-10.40620589589301,21.068646037962367,-48.37026424970263,1
-52.51330632503874,-3.02825205677928,22.128550184328958,-36.157792822545495,-13.154444601405572,-37.52054322656102,20.94312163079448,-62.43563780106454,57.259211222627926,41.07071689536889,78.36012898271244,85.6160003190999,-35.622022756891255,-31.372706336644086,18.143331818130378,-78.56644685763057,-28.938415316941587,-76.38191220391198,49.83064491082837,50.64179153135461,-73.58277466216734,-9.813400707582872,-43.791248994846946,-3.040265417795027,-19.84006612458427,-54.94111208884866,-83.49219180590926,63.47498820354994,56.75373845158097,25.579154699792483,-90.76631539376434,71.25200085964764,36.944734788094706,-97.66761955449788,45.380864134838674,-24.783124969821998,99.67140303491166,-22.35363373542812,84.84136953340703,-50.032494707979794,-77.18378171309372,-55.80330045274871,-78.94085511896505,25.541550408272926,-93.13866665996922,-70.69725546674299,-56.97822813285238,-83.47005019024813,-83.34804519504529,-14.210267419898969,1
97.20021276457419,-30.435530513390802,-21.148352900850952,-6.437140763805658,-81.77356535324006,63.612312054451735,34.196446477047004,5.186702934562163,27.61101929972874,-79.3448741213423,-30.930994922037385,-22.525827541422544,26.527823500880515,41.36672348502722,-22.367700879174393,6.783912114523133,96.38061503032435,93.56671141402398,70.35147655333373,-86.26746485227046,22.625110810123104,-59.490966466303476,95.722286318306,70.84922138600828,-34.72945653847415,-13.79942428891097,88.01615803578304,-21.288198931016083,49.44473522324202,82.17059698474552,-17.870706964910738,-62.877138132758105,47.37392016239315,-28.47944226016908,5.297232145960251,-90.15660724865864,31.52086947279085,-23.3140904662513,19.621225039639228,38.83888066857526,84.278361574403,-38.345535825159246,61.21174830427745,20.26446784097398,91.88334992079325,-52.11750167623785,-19.248991869682982,8.741930361453626,-83.71783494831884,-93.82388265707439,-1
14.712656005341998,-34.97341431994711,15.996664090416772,51.86471371568038,-57.009509968615845,55.41419826457502,53.57336053435131,12.180384287170028,98.33388264667943,-20.13542478836885,90.8962221096412,-6.577646588902937,95.82006118399215,-7.40136636183739,-87.41692698303534,37.48972894306232,-50.60103717932547,53.12210173004439,90.73575647070226,-75.06728117408059,-12.36721691556393,28.161130369629007,-88.86316150340564,71.94686565100719,94.60773480219265,2.7408357835529813,-28.350912148000646,89.64869532149388,-8.003342720047783,-65.13508564521675,15.170347066226242,-87.99708903895149,-31.7862605816873,99.53571838167744,17.6141132817381,-7.302542072970979,-69.08112542570287,-49.46812044488702,58.639368019793835,67.9249424647191,-22.87944546630409,67.79524440111098,-58.17888373073985,9.594407698191702,-43.35666489646221,-32.792101074985396,-50.02210645367779,-35.88036675242108,-91.34486592596916,98.93470327061206,1
18.58798696834063,-46.05150682524659,13.90237386888424,65.08288751476215,-98.71011140705983,-85.06541396038749,-84.02919546731096,-85.90858903482457,-34.46542072533873,-45.98606319712304,-72.4929458831661,97.26003538894784,80.59910047909574,-83.69886576773659,88.83835118393074,39.66423432098219,-93.80133553747703,37.29756114890557,1.9383892896835704,-37.349355900710805,-12.316981033645163,51.86267066037948,-75.97528838957373,-38.955039936481704,-7.972103077984656,84.2375142388118,1.527279272886048,87.93185500954948,36.97365393101583,74.78713524449284,-43.42094274680592,-3.876458740028795,-78.33349872865038,37.80451989370982,-38.84166194434708,-83.113429422499,93.73568401621017,-62.95644784232888,-85.98314000976326,-64.28837910492598,84.4012990846673,74.82070770038655,79.88444288666821,39.623997269076796,-87.2746849360276,-58.65304118718855,-76.26367969526751,-4.1091561317097955,17.894974557087934,-14.364345644571856,1
61.01806369913254,55.67438090909823,33.6518874416349,-0.9815100013687754,67.92109019810329,-32.75476138303688,-44.69033001201432,12.000508127745846,70.21500086434409,-45.91261476395192,92.7955050879873,56.21875708432495,-75.26696847099528,-24.656209947668728,-18.201515470981988,94.61667901650469,-1.4778474788988092,49.5074735737214,-75.03007938954762,92.12497252584518,74.38052193877189,86.29811270582672,21.227704086806526,60.34505144960187,-23.11304882444925,22.35633774160688,-8.790887312546232,-27.60629836599948,88.78355979034964,8.71509695256232,-6.036621414223163,-73.80000683910129,-21.67762742718189,-63.958468353426845,37.619734968534345,-73.98744205319905,-7.8793952337829865,-56.10559860003876,90.28080488459005,70.58768802797238,-35.29042579259499,-1.165298047803077,-11.944912338153443,-74.44018347836598,48.63512383216553,48.52397533509807,-11.416699808952842,-56.39743378780071,51.179753819541304,43.48326217624984,-1
-91.59506496571895,-77.47815413015587,52.537234090921714,-23.701741351554546,67.16860497363103,0.6396655369966169,-60.21397557499346,-33.72548077080823,-58.602955342743556,82.3101266902517,97.84142396445583,-44.16986058556669,76.81376746472114,55.57023913821914,10.128213592680794,78.12152199746228,17.2184314246482,-19.18806693376567,-8.018252881510676,9.612330071202592,78.19990962680748,60.04675028099368,-86.15397621280076,43.944513649854855,-36.30959128692315,-8.064402446139752,-96.99951869845096,5.389226791114623,90.7717042613771,-36.571925430328164,34.678258034542154,67.74854917960116,-14.753317652512067,-5.989451382238144,72.61842980948907,83.28582604979968,61.75634469560822,-74.78531873476959,56.335370456915314,50.50860758234313,-24.65587525968813,99.69232429451131,23.025496431586404,16.900042019292314,40.40692271823042,20.791577439429105,-85.7118674045406,-70.62571381147123,-22.13917026553925,46.75807101718229,1
72.35712420270346,62.628400896345084,5.020479628448811,74.88887764123191,74.34781758243295,15.900288333184847,-31.453146026524664,64.36827877173889,-57.156569569403494,-71.21779347039212,-47.121604531638916,94.08493357002942,-44.37504332777862,57.6171967755005,57.0397619736666,70.51218642431397,-87.86793921793195,-40.35092814248169,-86.11855028193433,-89.81356990292556,24.881248606052367,78.34871799427557,95.26668978966802,-11.307080611725056,-40.35957276500397,9.065454064885728,59.599846255612874,-91.55928679758651,-39.46207420343419,70.97003454346813,-17.250569653346787,-83.14030830728274,83.43635899256824,55.44837944911393,26.75235174449911,-23.007995494339298,44.63085403475907,69.83898155045392,66.34018913185983,87.87428077504893,-54.75658042327216,-80.83770814791612,33.599404305701796,57.6829678397265,-89.9276441463672,15.884066022675285,36.008929086773804,29.041245249965158,40.798188912689994,-78.1000181001573,1
-64.51424610605864,91.55333163524452,61.820643364609225,-46.28917875806411,3.1283734801565117,-52.1006334997983,-10.024536648896998,73.00955177751837,78.79371723892791,99.99139087375403,-48.73279700726909,-38.90398741821832,-99.25381704437739,19.869240112230017,-89.67036503223514,80.76335473701829,-49.48329185286282,85.87620701646338,-43.06339644217674,22.59168692880928,-68.29088436225243,-89.85865375962999,-30.71820600014334,18.62302627772452,-42.28539602605241,9.905927543510785,1.2168271168659004,54.11485549695928,-1.9619764537570887,58.87393774873922,16.522321511815477,20.353572595108574,31.975544831971064,84.96090129599887,3.6640259850155843,19.637250369683912,-96.43453217452848,23.072871092559467,43.130379096882564,79.37324075517589,15.953739413971917,64.51071553605198,25.433664052970073,65.08569610165793,77.45982323060414,47.03698388081955,-21.232725591879927,90.93062947865332,44.067864208966455,41.8574018606397,1
49.729046825240005,16.04570643982835,-5.847955666459541,-75.16796269043783,-44.40051319601241,-52.54019278128295,-73.48102905433308,18.749173689316706,97.25095004354907,46.8671756144841,46.76570964589891,-27.935751896428556,26.133607519710097,50.8256885145253,-10.222156795536748,-67.99220991489081,30.296907377934872,-41.78833892258527,-16.96691686263749,-4.836381438065416,72.45068436344488,-7.2931946249827035,-32.84344305166739,-89.56042632783905,-81.0300569435819,-76.63848723500149,-88.86851659776194,-22.64111092026984,-64.15837717302625,-30.651315902658055,-34.00782635368036,-36.4526398848604,16.620045384499903,-65.24834954750649,-17.47650551205912,-51.86904908367496,-93.13502129411089,-26.765790451036793,-15.160421852402422,66.0258149877701,-3.9076991302192283,91.93983290496101,-96.623389303609,27.769061219153386,29.075683984829226,-62.66393828746559,41.368072379264106,-75.3783636793729,94.06426980781032,1.8107433338403496,1
-54.6687195546024,-26.794346850696954,89.99100186644083,36.796066512037896,45.51648997899457,92.87057932803316,-37.78016263695045,-60.91042500466792,-97.75892138850575,55.94053041076003,99.62326292005619,-24.014235604915626,-19.70007269741147,63.61975417408664,93.00375504418099,39.22696197095675,35.13200153879532,8.51777663348119,65.7347520094078,26.63774792346183,-8.91138891416314,-7.178682195401521,96.68078179408585,-46.8041350171075,-54.2572911403219,-5.537400352481029,-59.41624829901677,-35.53442655135406,70.55854750872825,-22.17417504008168,-19.324022954199947,-52.68868048300299,-8.92209980980337,-28.46150729008488,53.658622397888735,55.04628283723025,-77.50900034482137,26.598927466591476,9.39455157466756,8.346447401599846,-27.793866260710473,-57.71252990174045,-72.80041577227693,-89.97952512430972,84.70878455591065,34.79172249632367,-38.659133157808,-16.257373233246454,-99.79709056084494,9.157893446330618,-1
-83.68025599903233,-82.75016573920702,94.92184217264833,21.61408953981632,85.6743687442102,1.9360267056662366,58.886286913804355,-81.17290048237251,49.8310707084172,40.51222969539734,-20.44121508272059,0.4508196821748811,-80.43214271011362,54.989616676721056,53.70229389954446,-48.52486900290798,29.022122418737553,14.295117033358423,-56.93201476573366,31.18414783914406,-91.88381516109838,-50.819281260168395,-71.0156504562736,-27.699408540442974,42.982842999883076,-23.851115787727778,79.36102138466609,11.080297220063514,1.5500332048431034,6.851342886561767,30.73213915461244,9.944297787862283,50.85700655284188,-64.87086880030857,30.734637118015627,-78.50855174105658,-50.53996097479998,-36.76452200518581,-95.92256500257204,0.6784644860764075,-93.79428220363324,-6.480783532863384,62.55697149737475,98.38440277210748,28.708809985372767,77.68476613316886,41.55829269406547,46.60059946509057,-55.252593339971654,-23.00068358949197,-1
-68.95195081385751,46.443841262444465,-92.2630083485617,59.9782608537634,76.12376643233804,-64.03688600379525,35.93224547941114,48.38429089427186,-2.7365864016925485,-77.39043036938966,61.25273448299731,-82.40240698920613,-28.782642291622196,-94.70045712137451,87.05027358862469,-80.56153184353087,-72.03558748759065,-66.81758831805067,-84.42499476272138,66.69799707239272,-79.67295466015008,-27.983140701278586,-72.06476669158295,50.13608001992037,29.08634215743882,-23.29484442760122,36.80888516912037,79.68932080504479,-57.69908553897727,9.628158882697235,-0.6059215707693681,36.5637881220419,33.25171531698757,-59.358546654101254,-26.964968858796027,-46.80644606790019,-81.67134099504649,-59.16400794516987,97.61645398368762,10.445853561643887,12.855340897236303,-13.019473127932457,-29.31151645852985,94.75123143587672,-52.7302805779017,-9.100892304312083,-7.872939459076079,-76.4252522561941,67.82395592882116,14.41996551239329,-1
12.459363175581956,-2.985418171460921,-86.96143956306179,-15.37636049045392,69.35343990533272,66.65473684262369,9.446384142332988,17.0682130550786,-39.13178315921546,72.0177740830164,81.60103800430022,-48.226010180600575,90.15230245242668,61.89096107216025,-80.51345551879618,73.11966172513488,37.24002416790165,25.361993160194857,96.91845943719085,-45.93380287695008,37.560435755088974,-49.647044524912886,74.68978606440444,40.904270097715965,-46.0128171269343,-31.05086161125466,-56.42433272021143,54.33246447005317,73.66315777986298,-38.777596580458095,-70.24471215817489,-53.40365463756005,1.239286457132735,-55.31150478828766,24.33609279198268,-39.005595658964424,-97.74601886710015,-37.94646044297245,67.87628637893707,99.37641086828216,89.81099586453371,-5.196584262483199,64.09318649913538,-44.21103391676142,-49.52847208226119,17.421223926246967,-68.13231300493649,-86.0199196780338,-23.69735058314133,69.79700881768142,-1
81.85053888739847,-65.81102128648284,-82.19677505322076,9.201350306717487,3.5843467282883523,-28.86428719380349,-78.68134829915614,56.193128648533786,-61.151665320257734,-6.322128079467191,-68.11032486589545,-59.98408129189463,-19.405373963241317,-18.189231409113887,27.152193975856818,-77.77493524993054,-23.82975814603354,4.540622215433828,18.967283046882116,-17.306604523099267,0.9468920146009481,76.71876125918405,28.28808410835498,-72.94489213060294,95.78630986553037,60.698131234423414,-48.06046305168421,39.61827981733924,-3.6307148046000464,-58.55416700825617,-79.61314635546483,-24.3049294471477,-0.8717555316577545,-83.54749859260863,-53.583647226004196,-79.13992827448477,96.63613705019068,77.52471483172235,52.45457390573657,33.94023955914537,42.78549196940992,-53.13228937290442,-0.4748602162738962,-6.433638585688016,-69.11734276241151,-55.98720097740595,-77.57299999186671,21.870301236765826,-27.939166784562346,46.43535472215038,-1
-42.818642152167975,-54.64827651989681,-42.41245036571699,79.41149367445843,-91.0037724508984,-3.863092730514282,80.1622241890594,80.36243464311974,80.2239065694861,53.96113201964803,-25.8661485584976,91.24778894194708,11.72666189722571,28.568494033561848,38.721492751812974,90.76821282650243,6.786541093118558,-47.62193524466818,93.62313181435528,96.0092407267473,-98.9363584840626,38.266266530353136,-51.59980052379402,-74.40654384412719,-55.44549198574955,-6.420256469680652,-39.61083964274319,-32.24236577897466,-90.03746601352118,-56.43726232031452,-49.96318321541868,9.254283618424637,-89.3746394453911,-69.83085397349868,90.12898449872014,-93.6896777630801,51.992792652901755,59.9862343691228,80.85807298971011,27.96887168666511,-14.4303869418505,-57.55248814732508,15.982484359932883,69.77850317139377,-82.25451105410548,-60.654748775044865,81.42334198847965,38.873974081930044,15.63288392249828,-20.623195004848398,1
80.48065522213494,95.20278511975883,97.5191549026562,27.74211635257491,-11.071117134927675,-26.119885766752418,73.29043434525039,-61.39905908588277,-43.9779273635553,-23.063348275089353,91.15842108234037,-65.18588353814165,33.52489227455689,83.46741884291225,90.82042084750418,-13.064372036558396,12.492058254661714,79.67649335983035,-9.715420954451702,40.51906871089798,-13.964707289975692,-27.77554207974731,8.841650184870602,17.395690253219854,44.0801573955811,0.2998024034501583,65.74865304501674,83.88507521952718,28.684180528492874,8.073130083376313,-56.383624688327735,12.640473043201368,-26.645351395496746,-99.708239043002,87.60984072926757,-19.348039073147575,-62.81632022485266,66.4368874630446,52.5366344032972,-42.888962745945825,-93.0813505329908,21.189771431260468,39.70763508959544,81.58186643366588,-67.49909365598572,-45.70561718534667,51.403321981309176,93.73634880436862,-51.77712080384795,-16.639269441525045,-1
52.30212634349445,-82.28433207267119,-83.41456949805479,95.82243394896045,-18.32266799645987,-94.8891430701241,56.967526518238856,-18.646620801671958,22.371600044322392,-0.2755824903356512,43.886978993767485,-20.595131218883566,29.515283749080623,87.67809640475645,-42.80978784577798,-8.130672691370847,7.025876195930408,96.40638614602841,44.79823303270683,-83.98812706715681,-36.30584147486737,51.95513043293312,23.15419042449666,2.7971544055275217,-79.388104211337,56.06668027666669,-73.04805179223727,32.92493765112448,-78.93225358979059,10.111819151748762,69.0048604072754,-83.26208596238989,61.826247234932254,17.620968200058343,-80.08424498956393,-36.40264382280356,39.11257043402739,-92.22064928545628,-49.97666916753247,28.613670939440368,68.49980163604474,80.25897474024794,-14.262382759646357,-13.450345826521598,90.79687025947516,92.25282451074455,-91.94424205631645,-36.820243693369136,-12.275741195156058,66.02693483252432,-1
-25.811798368446958,88.07940678910884,-14.287232438860542,-26.462095492729375,-35.95399180629563,95.97806449424121,-69.65082124143065,87.16206975449705,-93.98180265444147,-80.53066437437101,-16.133612534471368,-64.44853912830916,69.70961585552254,8.150085010408304,92.91015781014755,-27.54241391017038,-40.89704371448764,73.8784187489683,-0.12517473009438618,-55.471242741448904,21.300364446583274,-48.39330151899062,26.40116620866597,-70.81483669265876,-7.006000901172911,-68.56575543456647,-46.361199097275296,-80.23711882671564,-23.478609258853737,-71.12446232866992,-14.433499400560848,-45.02625830409568,-51.12643214661987,80.13044407890067,-65.30945850114136,-74.59040502747634,92.50961468534283,19.314405517732908,-78.91634088069299,-50.95978572962841,-84.46756646355647,-90.85220780593066,-23.930602263333228,95.85561167975118,72.39412975861953,-75.29054282296403,82.31916122283624,-72.29072464110642,9.831280316858653,-85.46755742515863,1
-84.56249395470641,-7.886798487548845,-93.67699774575158,53.81229467623419,-12.154104566162331,-85.37207579724829,63.071895810057555,43.344656677024176,-70.22155973252116,38.55524234136411,-24.17312770360114,22.067442197437728,71.0468434986382,65.32911784269226,6.920596057949481,-34.27207538088865,-94.31410003969813,35.58183917980534,99.09265328062708,48.56440806367749,-20.466416064068454,52.014465312199434,-33.65521083734254,-76.70558661090556,-20.379914560349818,-97.60450345047573,-78.32149913524631,30.720616888986058,51.444961514328185,32.92224052716108,62.58221220201719,-69.59080356621456,91.83138347428891,-96.5114161139032,-29.644317525597728,-54.01698723056345,25.8467946608733,23.30727757153666,48.812870082654456,93.53736831355118,95.15519327297318,-18.723970753339188,-78.38879303846878,-61.725246913904066,18.067561492682287,40.2322205486268,47.87557706318074,-4.131984107670817,-48.09203850656345,-20.445175289581258,-1
-90.56065966052421,89.61065637057806,-62.885079450990446,39.178930292675744,-3.092449957188677,-60.23586182984917,-2.386884788421284,-10.149453989642709,-76.4966341032434,-43.01918113207073,22.167397958606742,-78.21885500118091,10.55644436019547,95.23125159321043,-26.939040846498514,89.76946025404305,82.45184793765205,-82.01486052246318,-6.402540236669907,19.34184402199351,-92.5169071777203,96.20956975841821,-3.493182198419717,-91.16505995201263,37.88391456676638,83.53704467318514,84.91749430771921,-2.5843870558531137,-79.14683576814166,40.672305743490796,21.479672606179804,-72.04565502009186,40.85637782722611,-69.9932725637028,-62.75605718066393,22.52882586898508,-84.38219193977258,72.4153778122216,70.2555107766089,28.05886717685479,-84.37874771022484,32.69629309679695,-51.52186673521872,-93.92558605040011,-71.45337956446357,-46.89387659653042,34.331025868363554,60.87434998387084,-23.27325942300635,-37.8902615032552,-1
1.1017520779727903,-17.361104239440465,-56.7113833176657,-1.959429158874343,-67.03562340195475,-70.35344955277165,-44.05477317894966,-82.63383397251675,50.98010880819788,45.975250217002355,92.18930765973144,-10.339058788818463,6.050804851161914,54.21053888758783,28.5117697675216,54.327445721819856,94.86853128668054,-19.65066189287201,35.58502798334143,-86.44003141052083,-46.01765724868241,-95.34137581528226,16.46938601935119,71.15900473410079,-27.74945147736436,-8.535619700513848,31.31469393912903,-12.808003940779898,-76.17051669234121,87.58777472265322,63.499458856652325,-30.220769342883045,35.35873387116274,52.37783974166874,90.74643758712645,92.76428873347618,27.198472592667542,-46.50069439004958,2.436871771692111,99.53189219998012,-77.08288007897283,82.11601191034663,50.829264870811755,96.56062387273269,-80.16580604225749,72.00415360084733,-81.39128016680644,16.718288884833427,-75.48887614536332,91.79653203307706,1
-15.593147974472203,-9.23068723861769,-32.53409377931705,-54.80945782934923,55.878610848844346,-70.77920008486683,-9.18604781006313,-34.06442092293251,-20.69955505706824,-6.085431382519829,-13.188244521553003,-71.2463150910535,-76.48503520090087,22.797243390991227,-91.69468040344115,78.8665127508518,-43.70937830324411,74.90212985803566,78.21159627444106,65.57034543112198,12.75750381858036,-59.55646818291365,40.5434623051344,-9.544469154275987,-85.46965007684233,6.606716699163684,-2.9439381211787747,-87.28026205994944,7.779350213002473,-19.979314728769282,-31.447577264379973,21.11260144390701,47.25740254922013,7.57446606011986,-44.73401578953149,75.21906819880454,83.87673750063632,12.023772172389656,-5.403050708128504,-73.5369474401579,-68.9528556074627,-12.59892089845009,-97.87097162625065,-56.13158825717988,72.64958897849166,-27.167415710464596,-13.157395935662137,49.170343565167,42.654758775448585,-5.371088064478499,-1
95.99406587177012,86.30888142130405,-9.188935478090173,18.281482579782775,-35.64588595030061,79.35236925125363,-66.38537053912393,33.54460063558267,68.54841762443598,-83.38650859780286,69.988134131534,2.900597854331494,92.12918017748049,31.326166596116764,84.84319032193378,31.88526218148786,-44.75284781234274,54.66817908234154,-88.89206134467595,-62.282779188642955,89.02311222107687,-84.99012756993241,1.1333987824700102,-40.22729871105337,-55.821477093335716,-36.27152033016316,23.527352358976344,-92.05674220406308,-20.140859875031964,-70.58175690819832,5.058450703074598,47.619644346146714,-35.20152446827316,26.530025190680576,-5.9453067841891,6.06201864524634,39.79864091015048,-75.80981739676314,-25.61160804757985,-54.095131390937,-57.82767233988375,-4.971148063134947,-4.745375105034384,-3.3247968866565714,-25.103689041515537,-28.336158655839142,93.77194884782418,43.002709154221236,-23.613924282805,-87.52118499107414,1
-91.22001147139898,-31.790425433875285,-64.34503833559185,66.80845358533406,-0.09964600020904868,-67.748730495003,85.46299181502451,-27.81319352153446,-32.71070771589784,16.792580283244305,-41.83130855004427,44.39416097406962,-73.65177368086063,15.30449895583763,-19.491121024434293,-0.3223115182473322,49.77990864506816,-85.48727950388839,-7.326845218655208,-19.793882853815987,-45.838631450162936,94.66198312026779,90.29503457489406,-54.54439482079518,-96.5651169708666,41.08662737027828,35.91141958989229,-22.23755528170173,-58.04272509190136,-35.13692964142983,-6.593566525565237,-72.0029433229567,51.38334896433955,-95.90889259800494,23.77444909026218,-13.417159268376338,77.74640571211421,-32.77999667610811,26.12363425238864,-2.279129438162798,-51.68497265557592,-59.70054234883233,9.05601314712166,16.64158183786151,-7.901297674296188,-35.830923447889006,-57.972234638624,-88.1907893070754,-68.83331070158607,-16.901585865472242,-1
72.70950450290903,92.28351556931466,-87.17294955252335,5.22855193782928,42.67351071281408,59.97164435057823,1.1452361208212096,57.08864578705169,-80.2019554507163,-92.97222794355345,17.400751132423565,-65.01425915145856,10.133982216702549,-10.096511205221532,-63.23759086185638,52.344889867560084,17.62221797987027,36.52752781271323,16.792492553667174,85.54259530332874,-34.828010413414674,81.98227733010935,94.5214316600775,-59.86195164149753,-24.11469795742653,-8.144457630760925,-81.20245741355008,-70.55104741088468,32.31855246428867,63.693991986175234,95.30608621580294,65.76365059693518,11.564675198164693,-54.17519704787481,35.40549997441613,-45.76136331738812,-46.54686002467412,36.28736360512255,60.08589176615769,-97.67124429048404,80.58157572925484,16.540494432937876,-73.37178911914017,33.21116666132016,67.47835268612468,9.714391892905056,-71.87323730577455,88.42667843819589,-98.18737236230928,89.08837082487801,-1
-13.802955897340752,12.23004248703488,-2.0878187544788602,0.19936732243913013,93.68215773823025,-52.62166134773389,-8.564422775339978,26.448036741219198,-11.341294220015243,-52.12921296925215,-23.658427165962422,-13.950434653725324,95.66262524870078,64.82810497644482,-56.923840403309114,74.10081582523478,1.2917356816252834,-46.09959882782495,36.473961320740784,-90.75958484318139,86.23722327893901,70.24967507206034,-77.77357536047826,-71.26477656820606,-56.50978439187557,-35.53728697608125,-52.72561591607765,-74.3773455741414,20.868917108770063,-19.425585710869584,-85.18537593428259,-56.60399978318973,-86.7726135729736,94.91663769822676,35.18210071445313,-82.69467062372885,48.386944576617424,-37.79175955171077,75.98093418068922,46.726479100320006,-19.87752481252538,49.88364953976367,-82.76346818468858,6.927950853193337,-10.049798590787702,76.93806749773299,64.7711448286754,-74.82425849771334,-94.06407863756026,19.84617148469505,1
10.409436170396049,3.4544339508621107,71.8092659413312,67.26197500313432,-0.7480043916322501,98.24568921772487,10.315500471691095,-27.584265819994044,-75.46309239332889,-74.73489900392534,1.509848437896764,52.96723732546698,-23.74225852495526,41.70382705288367,-18.217107325255327,-93.27731334306955,87.52054789405483,-52.82899613385037,15.5810016574289,83.86336176520135,-93.2813173520347,58.308839200310445,-41.653285579371804,-46.51024719748298,-71.1775475030022,97.63464931061543,10.123648229701757,88.44117828653299,-95.36443261076883,81.85466020655409,53.46583945288063,-73.26746937937286,-43.42058334949974,23.549426735325582,-17.510783819064343,54.150696312183754,68.48537869194854,-1.4209350688595634,64.42622596073801,73.22719112881745,-71.64376414190261,76.48417137772631,40.85266779828939,32.64048945133783,79.98169876858194,-63.7332784918293,49.03408995216725,-96.82549960885558,8.999193989535613,5.371095201783007,-1
-86.76696223311191,-55.40999828844928,-41.80831389640767,-6.4535457771059015,-88.53514582711884,-11.342703289554095,66.59228597173012,61.09901959332012,-65.01235106433072,45.32130450106058,74.69506831526138,-37.63681965283059,49.187410030896814,79.66736710743822,-50.77310363680046,37.558863607433295,-44.64662647096771,-71.96211348441142,56.63349699177061,-67.09692424847431,-42.78724749255378,32.24207297183432,76.82481915951038,78.32040909306323,51.36659269366481,-72.6889561957603,16.721200441940425,0.22152006931270307,63.2713191737719,-46.63687309838613,-0.18462450197091584,84.30180688770207,-21.435463560066026,-37.19179882781407,93.35235380195428,-54.16657564271672,-0.12391689813202333,-73.4430160728376,-56.242459442828284,78.90937568782363,7.34235748289845,70.6935041810209,98.25872958025187,-92.24361958733816,-85.33816748973358,-11.720880284126721,-69.80068094499012,92.67959450898525,-18.341607666288738,86.65293081047793,-1
-54.08036784920627,-24.107723881307038,-93.55692790992542,37.71990413509906,-0.06141628580532199,-92.4709917766474,58.696923068836526,-27.203572020453493,-24.67488719030635,44.4335367345451,45.64301188212622,-29.50254684794902,75.2370365209587,-85.42821548595121,-33.67528239727426,79.30164090378767,95.22584001675918,12.786041004925309,61.44413540696212,62.538399562624335,-54.51318006215684,-75.40879098534066,-15.355695289831871,-16.621270551557217,94.30969164131741,57.58956800711229,26.707937525030005,75.62626592294609,84.48652737388574,72.00291329806518,83.07241612859178,23.239777874879692,-30.38724239713008,28.128532912879677,-83.46539722028032,-95.52787644040592,-59.5691078124875,3.1460671479729854,4.497167015519381,-96.28030796766025,73.55854652656541,-40.343753753015044,94.96484385276784,-1.6428000884242095,-37.035880415158886,-90.21075784421654,-22.227443489402958,68.0217502897564,-28.61620949330205,-44.939786291713666,-1
-75.87282577987983,-92.04057453286948,-19.24867790433069,-47.08179304625417,-21.411974436519927,45.43602958919581,-87.04572790343266,-25.6896265912695,-31.361186506541856,7.647732444829032,-27.466378253932703,-69.08663315490766,-90.36895714993281,74.69889498391495,69.21318654271741,25.971445884166442,8.357886408284003,18.04190685784006,-67.82019410951742,34.6989248195178,50.434425520927306,6.7146469546690355,3.1773624323603826,-58.34037208059615,-7.209262082096828,-51.01856542235414,-6.961675876532354,-36.77679926687225,22.132979108858137,21.523847756860135,49.0042529062915,92.98035714696306,-16.994352502346928,-23.796875858814843,-95.4484688723612,70.5480219298255,97.8186299773073,95.25988502333217,-33.33480296176867,40.449189307963195,30.939642168653876,-70.26313283634403,-37.41570856300509,-23.160004446104196,-29.25767458387665,-8.196639768504994,16.87823142479401,34.14015551670374,84.690648927256,-26.660367254566182,-1
99.42490003154222,-89.75514071913734,-23.245213928875245,-32.37781585277358,-94.36193690069274,39.075706801196816,4.020528525849599,-85.75909894870126,-32.53319558427516,-78.4560597081835,17.19640280472312,-17.018955348553774,-44.960510721180235,23.566123732334177,73.87655006304016,-52.512009474270215,64.2025420523282,-65.01913068171831,-18.754182995820827,41.083537624515685,-64.23696898543028,38.429665760513586,73.33869468533518,-5.182249042208127,-58.413506619740694,-97.99526846089852,13.873197342558939,93.71783043699767,-54.92619833553214,83.25133137650147,-91.30954055279528,-93.25742052463335,-88.06167421000602,-6.416901118847321,66.8720530215459,-28.099567936810033,33.2710046524422,-63.11765150725335,-67.69546573277832,-75.78568380179587,32.270956948894934,-15.64802812537556,72.08794631022238,45.81636557081907,38.24755326629386,11.07187621476659,78.1992981594866,3.3569745671942854,99.9355113630894,20.487199897121172,-1
-8.955970183639764,94.95201626723906,-12.333444877129239,19.860077803274507,75.37460869876452,32.07927273987653,35.39309692507041,66.81835926126004,-40.698401941591975,-96.06345876113971,-8.604775222134947,-88.86644215441378,-6.7025730662819285,-23.192028253257817,-34.64128291068704,56.84136729404642,89.2298354297723,13.698595437175285,-37.71936027540812,-19.84359912816325,-19.833532501784774,15.00550548994974,11.807918494215414,-89.27579375592676,-21.815905103569662,46.410352169138804,57.41709383705799,20.168596772620575,-67.84448147808766,2.1199192745203135,20.34567723654881,25.218157790619628,33.31154334839951,16.645496720810016,64.1159217167239,-37.842542443773276,-16.7567847575568,-80.46902984945075,78.64998738038784,21.193969947776196,-74.63535741022247,60.131903407631114,-98.30473105249224,20.47148375317525,13.325756451542674,-2.555461019024108,74.72301117990662,-30.6022854317918,33.274447235608875,-44.09616051612226,1
38.40225118933094,-59.385881415987576,61.15276650860139,24.046010506951234,-21.937357489702933,43.568774253746824,64.27412051500656,7.482666375004371,-66.45822296562577,-16.430370718176974,-3.522949701547205,2.6394417459727464,54.68735048576667,86.02644179939455,-41.90376410298755,-79.53180770030639,87.13184253757257,60.53912728958818,-18.613406078630064,-70.99393025037908,72.70066248527786,99.91768764038932,-15.267857523835332,46.6803873211563,-64.38390560584351,-34.77504272361071,66.71312664089604,73.99267836164461,-15.294606481034137,-85.64515848655098,-21.493923172180217,94.44103851201373,-60.621772283717476,-94.28375262703699,68.70664159946301,-91.14461658774718,-99.84513267700584,-10.934486332549625,68.97410544334005,-7.71702598539612,76.69170955543879,-20.76607292736152,-32.15222440594579,-47.075698719284034,-3.6671955878740903,-7.395918243288662,38.04899683786755,-26.026332441866955,-99.1290630525634,-72.42771511859087,-1
-22.545117715031736,26.6566964665991,65.85733550610283,-70.90347008014797,22.036602167363412,-95.18446633470103,-10.341751159027197,0.22330980624909103,-8.450520295547292,-73.84720227780161,-87.44267855268222,36.314510874934086,-8.91238155701464,8.010780426932655,-32.673451612931046,26.58271971206827,-69.97396542774305,-86.08658295718385,56.95801732115797,-6.308987205194811,93.28661989602801,-21.802642459536955,34.71038423569166,-60.376972681550114,-2.783003201554621,17.683124945972835,-97.94110944599703,-35.71827103172703,-18.377783228542995,69.10410328497565,16.15552274129095,88.23657136031261,-97.80741048952311,74.64974159174344,-68.06248142446697,44.80266443861615,63.3726680701773,-42.425942446079404,31.14340854857457,6.963164605387391,25.60380372935846,-74.46741047518186,41.034735049491616,88.01181964187231,94.8021698316764,70.05748285532411,-27.42552794340034,82.04444804932419,99.85615315138512,74.0373413400603,1
-94.91617465118097,-15.65747649481672,-51.7586450743954,33.8997153101389,89.44957534125251,23.486704096495558,74.4528674640323,-71.68550172143733,70.69391745835716,77.9058469965762,-86.8100401320063,17.309016472882035,-15.253403246390661,-90.03379376885508,-49.63856957048747,11.367995401451097,-98.8712926162705,-89.74911953012355,-89.30612406959564,63.10329191313042,-36.072913454462864,46.07419884629934,-45.03440850398051,35.438483722598505,31.132022879807266,-37.18276733164232,92.67993691186837,-74.49900389738696,55.10656941460675,97.81072607337109,-80.06853616304198,-5.795064366033301,-44.85303634177067,-31.534213803942436,58.063623731080725,80.00787619473832,97.2317069030482,-58.38264115754639,-54.682049047265814,-7.276712704490308,71.04246532112143,15.47531233296678,-72.32688983086632,49.25540242213279,-2.40588657403309,-26.08428501538387,43.8384085372324,-76.56227600305634,-81.50739907670525,17.84229148253982,-1
-92.20079748501769,-63.63830686661005,14.625584654512934,-20.651605747452066,28.85457319393535,4.1754091516213805,58.491998509199476,58.70845513339867,35.54742935498746,55.69345519544245,-33.670795226316045,48.48546861194515,-92.99687377027497,29.100378565757865,20.179010009784818,37.17276152819372,60.59323718796236,64.40200061631691,22.39527893839653,57.97792537646424,30.480326383711855,-67.02306374053295,49.7330413249359,87.93280351211087,-99.18798173878112,-65.74450528373335,-93.83640300303928,-83.08855324487261,92.55487458040076,-31.469923065177483,-16.947955313014916,-64.643597115561,-19.595816221799424,59.17651055484404,-63.42855347603684,29.430161913965293,39.777831585176756,60.53617537875854,-79.03725729852027,67.4749690752447,6.448640346769949,-12.974048598308514,47.038194159667626,-16.63030635305762,-23.766914987727333,-19.427920973763364,34.08521738531823,94.21403864168266,-52.848721576370615,-6.182764948978999,-1
-76.62039185832718,-51.277041603561145,-14.711238857139364,-8.636734758736026,79.07230857051701,79.02619396309257,-92.12492612940244,37.32976961340677,-70.24313325245797,-15.781143169716088,-13.384178663038298,-66.33779506166701,45.59245761902088,-59.460278825034926,-45.188699863856826,43.64429963505779,-94.33755867215454,-29.948810239823757,67.72323661935857,-95.68304546894065,-97.85712574154107,-22.619831107309494,31.726923732421596,-95.05365139794317,-91.99693412951237,76.07928890629358,14.732101488368784,-84.35251446616535,95.34307398189753,86.82764874224515,50.33077021502808,52.74511517739111,-59.12750999873093,37.89633236323343,6.990796914428586,51.79381844370607,65.13711792695375,-73.35467488928124,24.064357290812623,-29.08131308511186,-27.06035605154314,-88.55344020306468,-33.448639004643496,56.99743648122762,19.51291173776852,79.20880274020206,77.67927708983339,38.45161000014485,32.993850084602485,21.888411333345445,1
-32.67914436121589,12.918816258064297,-66.85019692230902,-18.1847930867809,-18.609243505148882,60.51438105900564,53.43420210330376,7.853493044395819,86.56996015374116,7.033660803909697,45.668831815606126,-45.949402292459254,55.50800459475559,99.69897539355668,52.377049195634896,-79.25905036157543,-35.825257674340975,83.59943797147298,16.19881562604526,12.560680316395363,97.50321314917102,-48.553257725340096,68.69085234750071,83.66988581849745,61.77431804047228,-80.8603172681116,-62.84577342054385,2.2280284938477735,-49.452443002988964,-75.49398281392305,-40.031249133965744,-70.57511225910571,17.359000783225326,-39.293184775717926,-44.50753659495972,-11.570731854919217,50.559720233841546,15.385007010463568,-11.590720107926387,-77.58440992856052,63.88721773215602,95.40420093271828,-18.665791732643626,24.488237836559975,33.34458918262462,-61.88068051099869,17.39375831465931,28.996858957983704,72.11067171721567,7.655869629579698,-1
-54.78418579788746,10.685540157413612,-43.0604062224889,-25.17897300873871,31.01180346811654,-98.38538103643143,-27.46606311741209,-42.835050049006405,-86.72549782031307,17.32073467831296,85.45272965023676,-15.85512497699726,-12.616449731086618,60.094912112652935,-70.64858228878398,12.268670398776479,-36.675722071612384,-82.47853599962644,-26.327385259041918,87.176755773092,-9.044516959774043,-29.966323991747828,53.22745227609079,40.889378510677545,71.9591241493344,3.288655690427376,-67.73841323572609,29.481826638164335,-96.55640709089765,-96.91459959523596,93.56435413456344,-29.666262298151395,61.431543362330615,-34.17372689379532,-40.32456639834181,-10.116475577774267,72.64441625739471,90.23207946139408,63.974147418334724,-53.33831052078926,50.710317463924525,-69.79536991722881,-39.548538631075836,-27.36302664226811,73.91120649248671,51.20696250168038,-9.857766367483293,23.362611979454044,73.3716122615754,-17.132291594289242,-1
9.71768301093769,-31.65762413166233,54.0060937403033,-81.68159317110626,34.77787978927617,-27.48475016619834,-83.82471204130432,66.72591989145926,0.8741324296268402,-81.2223791557634,-42.343426774045746,71.48366230766695,23.925157178549966,72.42149238948335,70.0845012236619,-40.74151738760694,-21.98307324236903,-64.96461768175325,26.63776309165486,65.85555005741594,42.888298336453346,-88.06647390770597,84.54732448092713,91.81723654190549,83.88857124925727,-43.02666507915245,-68.61939240769503,-62.18499421445447,-98.05389591501623,30.664423887183943,17.81136854685488,-24.230395810668398,5.122197652448662,-26.47699577262108,-35.83051980662732,98.66892776652628,-5.243681242084676,-95.62350096521286,-78.796834624507,-69.97166325706392,30.24943925323214,-94.65160909834924,-9.395063791951657,-46.96396288927509,27.368104745363908,-13.390314303705637,23.428837970551257,53.18442111483469,52.185007676970514,-37.51637235050298,1
-45.61079211631025,-73.47920185063779,-23.711783578878226,26.04776247658087,-96.94523238742305,27.567426402018796,93.78515654274952,-64.27909912806376,-30.081347287379614,-2.3971923854235797,-20.336881685848667,-47.604095418529305,-97.90033949515194,-87.48841688083377,-42.9681540748694,-32.85748303742852,90.56606712400475,-68.46964916804663,48.92105565510295,-99.0966714414042,-88.3176397937755,-38.59693159766011,0.35548393528981137,-35.93870055872834,-59.970972263461505,-33.85215632142189,97.67853015662365,55.767000297551846,81.7017738642491,-10.899184642650667,67.24023089571892,-34.52602338335575,-23.33610458922908,-62.99358075509902,93.32496811760697,-19.83042831234502,28.708749140143823,-48.97932050186107,0.6460178508705496,8.797589272211411,-11.608500881876665,-44.760969567156735,72.60234531229065,-21.314758961825305,-80.42073236961633,-10.180041397845613,-99.6368739696283,55.85221000540432,-14.273652622862159,-93.91626998882975,-1
39.33016477537845,92.87064680719729,52.729406504643975,-73.64266627317795,37.203347195991,-59.84547032911498,-10.98949618537523,49.18331895108204,13.560160087865782,62.523562749437815,-60.974363767217724,25.916193571713308,-34.20970903609228,-18.00200175599116,5.542616344713906,78.49535777964147,59.018651429853605,-91.2957619999778,98.23788180222641,-98.11563844137953,-91.03419282515264,59.82607847939855,-95.11524621317733,-38.98276882268308,30.310353918308834,-5.422517499436481,-44.12161136491734,97.2575416841938,-50.43009764449682,-98.58903591140233,-80.87736220855766,98.09437867381484,-26.44252765758921,-29.774958551960793,34.158974169767134,-84.69271743710323,43.543271080899956,-25.513303645468426,97.59009672945916,30.027440839888982,-37.283928168802035,31.745609211110036,40.1030437125863,77.8016708282999,-28.980211194803672,-74.80278002150436,-35.26558591735764,71.53315533545376,-59.630580553193326,37.52901577293244,1
-20.235443820619906,61.52517391259502,68.10717598983877,-26.19706013081091,-47.53763159080482,-83.31513155776929,58.96791495443156,-65.55646478792193,-1.2901019513537335,-96.61209961552628,-81.01566348462197,39.140942009224204,-47.6429580930976,-70.56047300944164,54.35059633097893,42.56805294684543,56.9314499224495,-28.482482706836976,-33.78059191635603,18.406626620205472,-35.744448955773706,-36.173336233312156,-93.54868252761736,-42.29419554356881,18.3683305230183,-45.13256510071295,50.400499464552894,10.278823913833591,-51.7117639125503,29.333698594645966,74.69566333269199,91.08093392369113,1.2663776749938478,-48.380722384501595,-92.97209523336984,84.23459411754109,99.41229526233562,59.97367643787851,-12.314986166431027,22.81463193427639,86.84758386203737,28.485605251063618,1.9246506118343518,88.65804926238997,88.4727999892684,27.268544237289987,83.22131654411163,-18.40343436835603,37.38841325621749,63.50199668288036,-1
86.94598309766019,82.97723002430081,-80.48416608474611,99.21339103895937,5.5792768086785145,77.92289358579595,-85.27449820114172,-48.35671641972472,-91.03027030602016,12.79335423931083,46.92155326740311,99.41164545816827,68.72305995293428,-62.80877906192555,73.71591415965716,5.174166601558426,85.3586516585095,44.698234560687524,-60.732652098611915,67.04041201296513,79.61466592909389,-1.564436103956652,-66.4591149671573,75.88899933449582,-15.019670738827813,-25.832167515961444,36.5769909463333,26.032246910970287,71.86630828101826,-51.33134132847603,-80.72578015227288,-42.34590192204899,-42.955611124902205,82.17733349555257,78.16774499432154,31.442423626075623,-36.837997418424415,1.771516619448903,-90.96433005688505,-61.69213637155251,10.964509350401741,9.361678384147098,-49.507461273148245,-9.164580821684183,-55.065980846923644,54.16265203802166,23.567764934807144,-6.6902982297102085,58.80447397538808,98.27513650563739,1
-69.17099136430258,-74.51838566091419,-51.109557948667586,86.81536985429688,75.69716955138205,74.09168332502023,-54.562089402060685,5.270701882030693,-80.75082424130323,91.71487118366485,74.00304599677818,70.22102621586416,18.186250730004815,93.47518773621422,72.31496078501573,-22.79529027137346,48.68259403715555,23.961445238550112,47.48863641135378,65.14266774470332,19.747994848787314,44.521853562789545,-23.921855264851203,-95.20114279840746,58.13939593309675,96.79492498466783,-71.86956249422741,55.74665643176425,34.62513574129099,14.415570316669132,91.38592438465659,65.19216856350562,-30.668751658180526,-83.34225301112421,-88.84512378631975,-88.1521221749813,-1.2639001866245962,-12.192750492109283,13.579294421847777,26.304618825941148,75.04065514858652,-10.742738322076988,45.30060091661625,81.09572527307961,86.69454813387128,91.03043177086803,26.298484140693887,17.155469273571185,30.76359247512201,-39.85096912996444,-1
72.93178437162803,-20.389031864212456,-56.16313086953366,-33.024741304093254,78.70415091780819,-87.31573508393387,4.87104842883619,-78.2955192879806,30.439348451174624,96.61104787149836,68.7868322718264,41.050586802503574,39.71104630507551,44.92982067324908,-74.99537917679231,-81.85918707961991,-34.41538478488965,-71.17613446266324,-69.52597515346488,-87.5164317488031,-37.19414479092238,-9.716105010230365,97.36592975054126,-23.632987433357684,63.92933750419738,58.60267273964041,-32.349923881949664,-99.76640851617636,25.938668803256235,-97.57786357252725,-34.701086292167545,-8.067456318755546,-34.84747608599761,-67.37690711340832,-88.27381693355518,-19.97913764809421,56.75346862841505,36.68441780889583,-55.77251168116666,-23.50951522586209,96.10947173709653,46.76051127814668,86.95582487583391,98.55733807183356,74.17541438632475,44.183081895485884,-20.577608096994027,0.4811677201129356,66.29939663888979,87.78484998503245,-1
-41.10684809161646,96.91517927522261,-78.72231891718454,-47.43539475752225,37.93484022056862,18.621471536735413,41.169250808829815,-76.90209726444976,68.3482176943314,-24.003250921847766,91.429591606911,-70.72830987946068,-21.08891496412855,37.4153182064004,50.487848109308345,-82.72591137188977,-36.51029375601511,58.836228849122904,-53.0913309771617,-89.36701970857142,63.83351557724092,71.29431460057103,41.825225280878556,92.36247303511041,-73.86449128078327,-17.65192425733038,-17.610611302802482,-76.5009716181043,28.85151323941082,83.32546852620939,-76.01999193414403,55.6366792260807,-84.66161958767817,48.81657832748897,21.314450864604865,-86.23832242765394,18.776885813664435,10.739270428783598,-73.7634181505278,88.5522780048639,-31.527401525967875,54.7391650634066,-49.31700042675473,89.46910734310012,66.57921303809877,49.74934672071572,63.48369766541845,-96.50116773278398,-37.207826919045786,-63.19848321064596,-1
15.257672033362638,-45.65648022036406,-86.6405845475656,13.745588329631971,-99.36653717231994,5.331123232591011,-64.25579280656896,-76.5878752510448,-31.833074506797715,-81.84546434632998,63.868675416137705,-82.91402624717048,-43.7498489784482,85.74003147034185,-20.12738353765411,-28.681283948432323,23.772848043155676,-35.22357114932002,-38.04679169836995,-63.416222782202404,30.912516440216024,-8.45324558860466,40.915280711853654,52.640298965929844,73.19809674388091,-20.152125831437814,66.14082792896582,98.57844849481842,49.38302791931562,-25.274950851062243,73.33957188361467,-10.102817282962917,88.01596312108913,28.47268367847542,1.9504066274891159,65.94562361389583,10.599149163237016,90.26124650419939,-4.4276534057129595,3.068109575412123,-39.20740501107814,38.508945707613435,7.919074710451525,-27.782551590956757,-96.81714041683027,8.10171930436077,45.632809534846984,-27.501578094470062,28.817605037253145,35.829348945235296,-1
-26.49311554169371,12.37539124830262,-47.77457111338459,56.52415781540185,-60.11422833920865,-65.83597270164314,-79.76729175472066,-45.895274619217496,95.18203205185475,58.92968974066562,72.27402722228214,24.726674147132655,67.8376969655628,98.43651498163672,66.85643971824177,3.8142359872093294,87.08887169137634,-70.9288893450102,68.43273401994992,-31.282135863536922,-96.77516425273392,-61.1507058298332,18.867504586786737,-28.530472064405018,49.13888351699842,-93.70362401847197,-84.66352384568094,-16.003620493427746,59.6633519081999,-42.98553745915079,-96.36131747728109,38.28297557596275,-5.5360293279671,98.53014748162664,-73.91830960676371,61.452804252166885,-72.11585879285217,-34.53295033164778,86.83606827085131,-77.06724360703497,27.583026085438547,-85.71854109949324,62.65078411490285,-38.85630447900752,-70.92836837634326,-16.3873122064671,17.4843162877425,26.903477450349314,-21.730296960488516,-34.871933328546234,1
-0.5502988215229152,16.344305494695348,84.9245635685057,42.30258006236369,-1.4241640911832434,20.12259538210364,-35.07661162056411,-88.73974957928603,92.0064910938157,-4.986389982806742,-19.189740403103613,-55.707306943947145,-26.369441709247354,-55.28491878581674,20.78325909772593,-70.57002971976682,61.977694280923856,-55.9472383011659,96.25968892376972,39.17657283747417,87.87676224258604,-84.11836876234307,-47.1873093172835,57.454445006296424,-7.104350072225714,22.3370309725492,-69.90888070684227,-82.63910942903372,-39.25876544082638,95.41334050225598,52.46214709532151,-32.97123680292661,32.69338359966349,-63.58893839036626,1.3253688129533714,1.3576968681660446,-89.6092091888822,39.464160289157235,-44.36987563033634,73.712924671006,-59.05291157025185,91.89702511374077,-9.074547602457713,-6.575175516024174,44.2360492417491,62.08733125576532,-87.27148672421932,30.584155328440943,-55.43232789670327,76.62799728418003,-1
-40.02048140109275,19.81986502055048,54.84311163327175,-47.87414042500671,-88.45274406980379,10.898951230997739,72.49258470644705,-78.81152250403517,-51.61460880285751,-13.613075959513736,-96.05087210608995,-11.348236494934156,6.165244225394105,-30.30287925073047,-3.4240300901874576,25.606569306384912,-23.638887380386137,-94.42940592412239,-44.07712755243025,-33.033275051662116,37.2158385837985,7.680311711407711,-83.72154000044662,-94.18370732052983,29.33612216377736,-41.89253561615174,31.481864018304776,-96.34529233295615,57.81237050617824,72.07453325332554,-57.70085674334062,-61.16168788571574,-71.44156859560995,-26.887431402071016,86.11696040592963,-90.12052190377847,-12.259443221927398,88.09973634295113,-15.424417626514966,-65.83728633230538,-34.84099251792752,67.66234951864308,-78.12914976024518,-72.83599409447163,79.80728827744693,-86.42810946445934,73.74387740269012,-83.6558424517966,-6.298836546891053,-46.849269250236134,1
-50.323278251358495,64.76034998410759,-90.95407381595702,79.4260932621873,-10.027060927716064,-10.00500808442932,-72.27948961926205,-98.31969514435227,-79.8153566504295,-4.051381370967121,62.648934198544566,-61.67886712842363,-97.12520614226176,-53.358417379504615,81.80350015790216,84.57100268937722,-53.87545726232079,-60.31344989634913,50.83062799249808,58.57021734751655,56.29307220465131,-75.8824778980528,-72.1427887796016,82.52877210016786,-48.0470927181829,-85.5293492663618,-48.28109007031338,-87.08765446697203,-72.58025955646193,-92.72055307623921,16.933806627893404,-32.87895525714548,20.15478487133207,20.428904421601572,43.982217981846475,78.61623600096615,-28.757980973679025,81.70636299120636,-85.85154814817615,20.384368357214242,-79.02141659940443,-51.936460591141966,53.83658689031367,27.313052774453155,-25.10800047628632,34.15242293181012,-93.90449602501967,-73.54365114111138,-3.1935344495532547,83.47842293998073,-1
88.80841876507958,-12.106925128311573,-56.04993996662411,40.00680819297108,59.1150547785264,-33.18431166617654,-86.80079939962965,33.64013945201708,41.38015796157626,-43.412961611129305,-82.10559459010251,27.392992285410017,60.268372321396356,-69.5788432059905,6.6460623854144245,15.066026725160441,99.97169399580613,64.66950058357637,-73.7312871101937,-37.90363338511631,38.943916906882066,-47.519572685452175,-46.821963766608654,-0.28346434895350114,4.6380177171903085,-43.21214865569614,1.7397175509768772,-22.94557242457475,-99.35653251455949,58.339318985973875,7.805550267856788,44.30083311448735,22.00731051026807,39.56589946681348,-42.73353671846203,77.13397029473708,30.061443422798703,48.23910281595073,-20.1388191196516,2.2900423054933867,-35.96943956065057,-63.40949831743643,67.46649051500984,-77.00668377568238,29.844413976247296,68.52459663460064,-47.91874848594886,-95.17711321573836,-20.00279210658367,72.27682201374668,-1
3.1723805424656177,-89.31307952179657,-50.834573473356734,-43.84960985073177,55.70836301722352,-16.389679407395505,0.8217855399201852,88.71106324607595,-17.443087337135125,62.796375227875245,83.22087139266702,-24.152688955284447,-11.25313537054204,38.584728908332266,0.7675412648410713,42.70779928397374,-96.11317312481982,66.8430605201709,52.607268002379016,-97.07571667752148,-90.78155219391904,17.2090453819918,-67.27901225154599,29.892014878272363,84.75336416731471,87.52252386529781,35.82405510165023,-31.724668153283247,94.40190009799593,48.698560595607574,-38.76093563804262,24.69843882068028,-94.44634396558207,65.59569583150983,-79.66295328489687,-44.602312493643325,-40.03492789186902,64.4517081821536,40.104307200630785,-12.17098210917436,44.17470157719387,-7.043666082428373,-6.828285648579865,-97.58457111137749,31.905098830108017,62.82390194027448,-33.64583201731841,91.49087065702585,71.63973022528361,63.08550051766767,-1
41.80925234448654,-62.30002944088777,66.55173369054285,-94.74304553247859,45.24055752782007,49.36543509261418,-18.801623518124202,-68.22780717130968,-88.98200851152707,-81.52101736164815,-99.28037966486927,27.066237423165916,11.86159617343074,61.90853138791232,-90.72472926864927,-1.7679502780549257,70.15780470222509,1.696347998276508,11.345084689932051,6.824371787358373,-79.12987017793078,10.502099663584218,-54.64295172245024,13.03497542357519,43.74339930146033,-0.3244388251113719,-23.358923220641543,-50.5496996655161,-29.297478038473557,-39.66048316874815,56.736772209617584,16.53634099256965,-5.4133931288805,7.123682320726758,46.505191124619586,31.823413909884636,-39.72709797266813,58.343120314551925,88.73698216473858,-65.5064368550192,56.59290770357066,23.072876511958043,-23.185022915546142,83.32129396592973,-40.134484521521465,-93.790086564695,-26.191425246707382,60.2862451584046,8.13626013600863,33.662549411558416,1
-79.49680718670511,-71.82627920982773,-37.99563075677952,-38.665205662384786,72.15807620609289,81.74090483935862,46.67191281807757,17.497170572892557,90.87810561030224,22.825032889173798,12.7918117976632,9.493899685484067,3.453954369095584,66.2767631736084,-95.63090707424693,54.43244144969981,33.38048990097775,-96.9131069504685,26.17420171055325,87.77772967137466,-82.50994877831386,86.2034497125681,68.98276958376385,-8.950584811900612,-80.82334767954279,-10.71116455257517,35.0053651782022,-91.83132661667655,-58.22640860951835,0.4782855774451633,35.51104396927613,87.10383394327522,-60.45075512895997,-38.84006066223091,-93.7173281478223,-82.34581526600653,77.08064031495144,40.14158278926433,83.7557705887491,10.75357274744455,-41.657877197458035,-9.474736524265296,-36.0951027112814,5.69531705327546,-56.518919420430656,20.875092231175458,-99.44894489473464,57.38210626453784,26.472120672263102,-93.11885168606044,-1
19.671496859551766,-77.99645577449128,-83.52940193264837,59.62500960128588,-27.03579155649676,-85.21054110302693,-53.613915078635465,68.7593137211762,4.531864599274968,-99.89443126283352,12.537297606660331,-88.20066131092459,75.54589126223209,68.50776003448487,-0.7065362861895039,10.232393701585835,1.5784181977184062,-31.068569657831418,9.433276921488414,60.797119265278724,-65.97805403585457,-0.4859248439103254,4.3665296845702954,27.339960045994786,33.28999875639141,-59.92751821936688,98.24885021869818,-24.462429124927482,-12.219773086946773,-8.638309317149279,-76.11545146383556,8.389730489272381,35.722401905238996,30.63091790319578,75.8219125859402,65.35243424473668,-32.5048063503619,-31.40921842600197,-41.71799359759749,-68.6590248330333,-67.5182366254343,-23.817754477112317,-69.49874585165824,37.883862917072804,-62.25317884342954,27.875841514535708,6.757893935274794,96.19314709954892,-21.182921311794928,-24.11507005362526,1
28.22952657705946,-52.99374023761627,-59.506491580849996,99.35251699728181,87.43060126515317,-25.51908735488921,-44.402616759763646,-74.59482057257192,-88.03079228275061,-9.955881306853058,-57.075470557128895,-55.45967398222118,-60.891208623462866,-68.09721599913827,-25.86761082975424,-10.998244747187115,17.311418190718328,61.28529586393873,-20.43030554446068,-36.15936359119311,-46.46039974507674,4.897746069327496,39.953003416050535,-7.542810893988516,84.14399331807604,-11.746868114566311,-87.93151553314726,4.76598047399321,-3.818939303998633,-84.28703488560882,91.1882755978445,-66.47670820030478,62.550146406385096,2.853143787455693,-7.398703813080388,-69.90582385254116,-11.972343549284432,20.827988268532962,-49.70197230778282,86.32343740120498,-74.21144348863471,83.28019989731581,76.43347430159767,29.011034853490855,-63.08777190299788,13.211745099059826,-77.40640216939305,23.97264582893463,-81.04385446770456,-30.17547559915114,-1
71.92906907052131,6.717946022081733,94.1456327971589,-1.7043531163107133,78.80108294626322,-63.508502669701805,-81.56646751828849,-3.463814245721693,75.98364946534235,92.82117106034812,-6.315008332064622,-94.13058472719062,98.31663857236384,-82.26936044120504,-21.534207666250694,72.74275332710377,80.19230921115857,37.44449981980239,4.809678411778393,62.27133246106146,88.93418126581761,-14.289842064893207,73.20898443739338,-88.84391458020404,-84.1936176747703,45.43668404886671,24.133917507951665,95.37030327223107,-37.074605209983446,-91.4669652024221,-84.68237260965041,55.37872616411735,-82.56500413779668,-84.31928662876669,86.46958249600024,30.432828575362123,81.71937830095283,-58.90808296305809,32.44204723691598,35.763621646492936,27.526229272520425,22.25498420445959,-15.130000936505212,7.1540834100366055,-94.45444384661089,-99.53872341927652,62.54767169835159,99.0953566246599,60.44023920526979,-21.43237695681121,1
-73.11297411837563,1.161844518465955,68.44201604205199,19.219705534019155,-78.50013580155152,77.67888350940453,-76.08357864702884,-35.27116637801089,62.74669812480849,24.489291914588264,-21.036732627639694,48.02823323441012,68.30202724863435,-58.89234306140805,-13.321921065579517,-94.16819673149912,-87.17735637585811,70.06457324549251,-80.3038761162874,-6.87574820125954,70.86845421067503,4.161325183694558,-13.409417017656395,-12.688240098496806,-15.534907059187347,-19.18446992729588,-68.91658156187395,19.729137844345217,24.145472569199967,19.625469496547666,-90.71909633036783,-9.537272573911466,35.12748626545394,49.94315881510073,-17.748583185142053,68.85905323649158,-44.723108831241156,-68.69206019870711,94.4230672721419,28.866256123462932,97.7434244624169,23.952013313849548,41.34480037396102,19.170166644250756,74.24947919325442,78.90089261508155,-37.85531454277917,-78.53904933300768,95.6547837121633,79.02037199812992,1
-58.601484312314646,-78.77399613819611,97.67797572797258,-51.3009481629636,-0.36631686253095097,97.26494172915915,60.94108564162704,-64.50555234780992,45.00592354317493,-46.215944707291754,50.25266591520483,66.20741597788904,64.62104808993067,2.257579601863256,-13.624769701069312,13.555329063970419,-43.340130791146116,70.3468986644998,66.42451657836799,17.723423314628945,-32.17400904089489,97.5785772595155,-92.90103918565072,-84.35768696455885,58.05446993164543,-93.02028008924728,33.53354993570815,-43.30736526845318,-47.034262839095554,74.82340300023878,-71.38161190346781,47.9347337809769,0.7483882869771605,-18.97063596704622,-37.65027438742248,-55.80247452802931,88.5634831535007,85.25171429182757,15.77095535188353,-77.29105074245194,-25.690225601092237,-75.19471716655039,13.193205952810573,69.71850303198201,-52.662641561112956,-88.70933301747273,-92.61167422197123,55.55024431206658,48.2335384468214,46.67060391315471,-1
45.58786139475305,-14.110420584259487,-44.86282061945994,-40.668564776387825,83.01998152157256,29.31833675805194,97.88325821742532,89.72142612901999,-86.91849083181786,31.085819021312716,38.73619477948503,74.84434700238708,26.06373764472822,-13.247874021435393,-47.41876262114961,89.66241072712418,28.397285563127184,-43.977510104870476,-88.54445890298246,-54.90734162179298,64.58595975792954,92.6430241434415,49.823381444070975,-0.8551461912458223,-18.263422015442814,37.69002831493975,16.32218529770455,-84.09575907261362,17.54691821004093,95.74074462251085,77.73764980566887,-28.811152398857516,-97.3740928832391,86.96145133125182,83.22295843625656,46.31272196315274,-16.967663058876894,-60.35059478734826,69.54196982543388,-45.81542646713732,37.07923586575765,8.93573375572258,-14.192897197384127,13.485619401242971,-76.56330021112652,-93.99747616547663,-33.26119229160831,-88.8973899164149,-27.262524302089574,69.11864382015077,1
-83.04159679083935,-42.884076752272726,74.40594696857335,-70.56845980725532,7.801647512059944,-49.54572425710146,71.6799362416321,76.24866407288815,49.86161594024662,-64.15456887899057,-86.55071632894533,-69.55203713665243,2.15040617632458,-11.786876417547987,-76.76500329065652,37.823459663226544,87.05836084161751,36.85673941920055,52.26538064782068,-27.36837308627736,-84.95343892654883,-93.36527784821213,-77.66085769246402,-3.332496816035089,77.33304398086048,-92.58228117497357,24.9513737150951,-24.289993529507186,13.660786328461441,68.29966626407759,39.49221286318303,-91.33278167940273,-4.6647098655268735,-31.59259977674634,26.777470114309622,-90.81504555497102,88.6576255392828,99.58782213343653,-27.23433446981265,-46.04047693501403,39.70419726996872,-63.12924944155822,-44.973758470231,32.51458171890266,-58.894871261922766,39.43712397573037,-58.07455773479659,-14.900113072799215,1.4975139200383012,71.88603020205159,-1
-67.14263134551814,85.1503386110611,-42.01258126752443,49.801610849695635,77.94712050078104,80.29393226141903,-46.96432654216187,15.498224187935563,-88.43555015613578,5.408350530369006,-52.07407487386113,-35.09315604195238,-77.59835272886883,49.71566017540715,20.75530995516945,91.36862949817296,-37.03464740355913,6.3390093903977345,44.28077126952749,21.609014609626513,-23.429947892126577,22.70327905738543,45.566004253146275,-76.84827094536963,49.93481171945368,-98.03219195932411,-63.260571070216564,-77.61065654307447,-78.49918841535413,5.226141229424883,-61.999106943886304,-89.45201216852654,56.81449306052454,-79.59960084260211,-85.5312148215772,31.77269165744633,-98.17807563693903,-8.698538305192315,-9.546401873429318,50.43931185744384,50.2308467519002,-92.57183050754472,-28.683967231232074,-89.97274391802594,33.976766020295315,-22.934329642895634,74.9458982071402,-6.425608654880378,-12.410231175528438,-44.55531180614039,-1
45.73125684732054,-19.669374847123947,-80.10768050956203,-75.02970431334313,57.37405383702503,8.220010345483615,39.697785093764395,-45.172537271429356,-13.268729845660346,-49.49997823362013,-2.2159579225926365,16.038040538102408,-16.959744004970176,53.86766225685591,-24.794671384673308,64.66801167186941,16.30728925471732,99.68650099174536,-3.6708621847328686,76.50612307319838,8.384414792966808,58.652970169518966,-64.38409861514259,36.71835776715565,-55.93423839913494,93.22806889523486,-88.28092186398314,17.42238952990776,74.6534022371689,-49.124298794097186,-1.3494924827449353,12.71777402426541,94.54134270338045,94.4967532391941,-42.798740144981394,-75.67141299480116,39.906986035400905,-95.41300587262474,75.02280540665939,-17.910685828459933,41.090757973162965,36.302250534315675,-49.116982980704016,-81.14945812630378,-50.0294554978044,10.420650533904535,-3.0761875806372103,43.486775812658465,71.92501050404826,49.082793945826865,-1
61.804728058335286,34.83842332300014,74.76395525601046,92.63154005122044,34.45473080494733,-45.70772322016525,-61.45558992792361,-90.04191541567921,21.399996669011685,28.99727560660466,42.96569307565798,-7.34217051550776,11.080823170168628,-8.648019856871514,-16.1525657496572,-16.273811190335906,51.04681284706655,94.44040027253095,-72.73873610146076,3.541917956030673,28.552181218846698,62.2750575096706,-0.12717369316600013,-82.72398027636012,-69.43446014851517,-1.1432232229126953,65.74610110142882,-52.079634612311175,-58.257005887455485,-2.076397720198784,51.909640034812696,-57.96025035491721,-80.9913457999351,-12.840677901307544,-42.47646541167762,-62.34168209880202,-52.619612189165224,99.11825914513614,95.45197538398881,4.514676924560803,92.20021534264833,50.3873669525818,-97.92674097103382,29.311689947467727,-8.492806515264363,-47.552268722775025,-27.560274721944026,36.15807993840144,81.37749245616166,22.82115796986912,1
65.16335011295254,-69.0427930307776,-49.56096771441636,8.40839691078979,-86.95346774650264,8.854378860165141,-53.368400292679105,97.63831190074217,43.63499640050972,-29.19069096327101,35.801198331731484,-85.72969761650296,32.05245037870975,-47.46552518794731,75.5851815929312,51.02199328135711,75.56202889879648,-78.45098737150394,-60.41627071567062,94.33677806696542,-40.61013437008636,70.13797558960943,32.156616222815614,-61.782077989598896,73.10533188842138,67.66683350358537,98.05526915126032,9.499460155829183,13.26445375449569,-12.627800752831192,-21.63446787338097,-94.94320459814094,89.90288219009562,-52.43885942117992,49.31161837323981,46.980094218167636,2.5133559532023213,-67.13303884246801,-38.282005193348276,-65.66064898298913,-1.1436985009710696,-94.42684372132986,-93.25560081905577,-1.0764415042904005,40.97829674775454,-65.50451992274006,6.077467258323395,6.166939652105924,-80.80814635950735,52.90958333019631,-1
11.467433914601614,-33.351651889854466,-62.96699091675948,-97.36744571362048,97.54116194323959,-58.85076359078249,60.52935187856406,92.72630241596747,-26.56079833360812,-3.2455417324005964,-63.713392664934474,82.08968805299747,-28.441757372044023,-29.277421133667318,-97.57770127873479,75.40207386544157,-27.383383798671275,-89.97592107475812,72.52105876149807,-6.215801484328296,43.86844882153699,54.67216126061217,21.35674353162797,-21.21962637521871,22.65926603426655,-61.16824959387861,60.96344182333479,-99.84471377880824,-88.74518383021024,-73.74119629306779,-70.72400668718619,-45.26402090778958,-54.31352460201742,-72.12083220822609,-64.11832305470318,79.18485557338568,86.59977346090037,-90.10748295004763,5.889347567378593,-11.539634313395553,-76.01813493977525,-50.586059249455275,99.77868841953327,20.732019023522525,-10.113882153741287,-12.652518024597441,46.281034286234075,-86.34495897235487,-52.78071032147573,-67.18522722862934,1
25.066033990890773,-33.84140171446887,94.43130190694998,-56.915619278543716,-92.95111018596873,70.24887667271699,13.39132270793965,-68.6011169934494,-11.731150691427828,-28.95048578859965,45.84404136308629,65.0356061603664,39.99909654366536,-60.09967102122336,-50.19604860931115,14.782793630424095,52.68690402467956,-85.09333798559302,36.28340398572817,97.72313764229358,-30.01637239267228,-47.6232194124103,-44.19279713536095,-48.71778653033609,14.56123364321293,-69.93757731114778,23.272709749618727,60.80616675171015,-88.60605007117069,52.46867184191743,4.5996550881459655,46.87423277303711,54.07919425017329,-95.59339909629993,87.49612303651762,-65.10353814073555,11.670492034320375,83.33590904093151,45.50921361969708,-77.10926445285682,97.52232952509482,67.8310166971628,-16.711936739974135,-94.36280111311099,-35.30857897576642,5.600774966416239,18.160001357425855,-61.74586342936787,45.65372806938498,-81.08764716136754,-1
15.423416477581299,22.078773328810712,88.38210897029597,37.067756384271235,-29.049812810744655,31.82644076824127,69.13153180125354,37.6471757195784,21.394285592246746,-80.66192122160727,89.64932414106502,23.97106436820981,37.697555662807616,-74.99264369121445,-26.45924161912734,-0.29280115790477623,-24.87289699803503,8.467595778149771,29.575118703297022,18.507760996090667,-43.37808716178064,-85.3952756956033,66.45149693252614,13.672652211659383,-27.2465687011737,29.534415826984628,-18.780100485996655,-49.29100222873339,-74.12222942260533,-24.539717414144818,-33.2606596773998,1.2000655175207697,89.12940039609339,86.5447825783753,88.69006983258461,-15.106463215360506,-90.54990420063677,-53.48644285177375,-43.44390407823573,17.940308169350544,99.17239660658191,71.36959629170167,71.08719162957638,-42.10169101270489,-73.24284744679957,38.00850260841267,-40.36512899567637,-47.19393846869444,35.33784636271835,-40.440653750148805,1
8.27488418148765,37.390488277087655,72.93555051713008,97.09507980088645,12.082302003122194,37.78712820171256,47.14267009645445,6.905474844863548,-52.26812907426244,-99.2372889215797,-76.6056226415097,12.585631147251533,32.5582243198983,-98.10327144454752,35.47191398685345,78.46261447847115,-79.8814975782891,-10.230022149524359,71.00540074003874,-8.602245154806738,-77.42939780667444,-99.19846311496008,-56.8158339681287,0.7779136140104299,0.44356792026407277,-70.18965092976455,11.03303626374543,-96.48965094087269,-76.2044210979331,16.312597203719776,87.92089009520402,-83.43023333055741,79.83131834700944,53.35079202436086,-68.16043857067874,93.60333885323874,-63.56139221062842,69.63781348764059,-17.1624875186301,3.7919405018318315,-90.22190948750608,65.48745194621307,-31.78728422745121,89.98291215285349,80.3311104388915,97.0905365633019,83.75570929424816,89.00213306955521,55.567550652077955,49.43842207018787,1
71.68255036860236,-81.51009659258668,1.0664066671760537,-26.989869178893827,-76.48658590535445,30.69450459191222,67.17216223717622,-62.4894625588692,-45.97034525801127,99.83142163885472,-37.27441408583112,5.12255336147301,-98.96110144708656,22.664117812550316,7.819047739344853,-11.715354083603941,41.21214083678305,94.37227255893302,-99.01839438651834,90.71202897538069,-82.27054342412647,36.64502852868404,78.89683733689432,77.84631177092106,12.722220724890647,82.79777425797738,96.78013299674103,89.43315022557005,-39.64069532014622,-7.082725111803171,-69.55700981516779,-88.87587097115221,-48.21222216070715,-30.692661763569532,-81.92269839709033,-46.990780780353745,-24.82372496993419,-56.16333689835411,20.348684240455412,-47.00970279400636,-76.81051204531819,33.82036896282935,-70.22928289254249,-41.454140473426015,91.90104008122199,62.78981908927145,-24.65643596436024,-69.31582270814226,-2.145956693988495,84.5525187146443,-1
-26.29473125524777,68.62897300594909,2.0431868156808264,11.017050094563956,-59.547824463197415,71.21786927804149,-91.04832884327006,51.41016691137665,52.14322980381445,63.79278956347545,50.318885861609175,-48.25931738982132,-30.97796431662772,24.238913241173336,32.33598401046913,-97.74590131543823,-26.606252700577016,-9.632003519946977,-70.8872212358855,58.315099858053,-7.266703443690602,13.84592617344191,-50.19767473083594,-3.3564978654112565,-9.286530359128548,89.7248444235436,-42.82449345181203,30.09599108648709,-49.17625026454886,32.93737070236813,18.800956358626138,-42.43798017065015,14.890329976853664,-84.27858722702253,7.406289788752545,53.02288081026171,34.74276352011108,56.97360035793028,-81.55944138923454,57.088937602920254,-23.495304320887428,54.60755104569128,6.449133138910469,-47.53484172903555,8.69067130812627,-61.36873964989644,-39.29485242388247,-35.94576458104267,76.3122958385103,-42.134457703767644,1
63.676084955907044,71.82607195024667,-1.6119234781286593,34.730866156448656,8.571070206267791,13.081151688213822,-34.46744574299221,77.27257193566436,37.79850788670905,40.119251160758665,82.89813232261133,-28.551608515817392,51.252072510571566,18.181841686581564,-23.495632091733356,-66.51207083204113,-55.75741587607099,-67.4580150906734,-64.82194969895275,-74.1867144295107,23.249980732332887,-4.233573906002491,-83.42187985686651,86.0460995681681,86.45641381057422,-88.02814058235506,25.09700058528101,-37.214832328888534,57.35253705931629,-55.10338460102786,-14.814592862306043,-65.07693517762854,-98.70995614280231,72.54919193410791,65.28344700461838,93.13354720175064,-52.894915493416875,50.94898053292178,-80.00434789684303,-95.36635169108733,11.014366102264233,-79.24850553493152,-25.22567438455215,14.652174044532913,-37.42795679354713,-17.00434108156999,88.17305343102291,-40.57447309769471,2.957851594931469,0.11304166441917118,1
-15.252349270247436,-28.76121130772411,-47.3192776088311,81.68924113808032,23.487275978013827,61.698090838226875,-69.55333951391023,14.34929460970531,62.105156872937414,-68.50227229288987,-35.197676823431536,50.673312468368295,-32.39663455068961,84.40483301452372,74.8589398756792,-83.15436372789242,55.57268775879734,65.25547643410579,28.569927933185568,-86.3093386634281,-16.088787347781718,-47.082041697736464,74.08806234748553,-82.46284246551588,-25.236402012871324,28.234390267516716,-79.78886947680839,49.55092671643851,-23.275428968884214,68.24545529200378,-79.53930537811593,26.98970572054769,-90.02699211736586,-76.97014862422715,-17.619928666413514,17.972812632326168,-81.70718787275821,-66.95332291432416,66.69394307765177,-55.904446843227284,9.839668287164542,57.91396024075195,44.66162262618866,-52.886824151442966,-5.042381908072642,78.1415886568922,-42.665219442988175,-50.577377302623326,-66.39516152077611,-31.62788271806403,1
84.13828015572392,43.69203566463335,-31.31114334119802,-58.46507032817867,-98.03989461320579,3.662927988414964,7.209679213427606,59.341099747359465,-28.646217908386134,71.51295149601114,41.735468749732746,77.8116269193672,-15.155659918007046,32.50123902921308,-36.30054785186066,77.68841988902687,25.998894471339426,-45.2136896726927,25.43717917534576,82.95688332305781,-98.59979013638008,-13.865693933817695,99.9462283462872,-7.191683958035398,-17.41122095961964,92.49288319775923,-69.54313863407876,-98.19497170562784,-75.33643559979161,62.476484397855074,90.03177126302757,-0.6212853980535726,-55.367393586223315,-75.89289419003032,-43.40820617427508,-22.699572832780277,99.76777460820352,0.35016282231387663,3.730663155289321,-80.50031542520173,20.667682641434396,-81.00099327786504,90.30463380061786,-83.15105366505276,-90.13377414009669,13.883009626222957,-81.2699524141912,-50.00212188512481,94.48647299361909,5.228567607036567,-1
-92.66335942188041,9.295272205075293,-58.334610627992056,76.7554916417173,89.83061066961022,58.064049095950935,74.70684021306306,57.94894526659564,71.33435510182395,-49.33613266552068,84.71384735724777,-85.54287602986399,-44.11259851764795,5.381137294360386,-43.461121872257394,-46.35153586484746,53.93946043308537,24.406622143562103,90.34659775290945,3.7329585229324778,-44.74611236362443,97.05686790122073,-21.14078356624198,-52.27786315509783,42.310957159959884,-59.77470342047444,-4.017179355818158,-78.78785500483914,11.150437086430998,62.72032226159416,-77.13778130892244,-15.013996313132822,-95.42563711035984,-59.45258276386962,-77.59027810614548,14.471412021770604,28.445424345596564,-51.55169245891427,-99.16089438759643,-43.67154369866624,68.80467826525597,51.413658209156324,70.49226070032819,71.63071458852124,-21.71262019679257,-76.29730793003588,-23.335954642590167,-62.71631002785387,-88.91712422987268,-2.1175084705573823,-1
6.484136455043426,0.8526921586063025,-57.863920534487434,-41.703865484180305,-25.10442034908249,85.29188746725472,42.098663294527796,-12.07041657536682,84.05265180573281,-83.25856366372714,87.48584643778577,44.26872814465753,-94.39957816462474,-79.40443674379061,-78.84275312785616,-72.11091519224377,-74.14443449785605,-88.75243130318916,-54.78456444518831,-59.222082786362186,-98.1474596967849,-24.515144844645164,58.08023634776032,-54.27330905390875,-21.550975635575753,35.54527908157698,-69.75834122756916,41.93278533154694,96.95409573285619,-60.76815455534656,-90.68750446024016,37.931590470453926,89.52169922211652,-92.03319979075313,-70.13256185202643,32.670804693970155,-23.95601027655934,56.03168773801377,-97.10906231783152,-46.37582040485746,64.87587646571612,-40.465946046063614,33.90614658392394,25.716857389760577,-67.57647331381587,52.3152527965766,-46.180722948743735,88.53507821629114,-26.534416900893973,70.92439521457598,-1
-14.578442274748738,22.072601563631395,64.22522089703594,-45.334083375067415,-62.8557628998065,76.8328350386966,63.246434147890966,60.27210661815164,-67.17172127772149,-8.840847294769688,-18.89012523541996,58.01236788298311,-63.84596024321747,-14.177621400614498,7.017484389949956,47.86302285798868,76.36119066616493,-9.270241403577288,-84.37311401860923,25.461615005112236,4.078748924574299,28.009102122549848,35.049519237615954,3.941692090516696,42.54326400245586,12.691227066607496,-71.11130907286449,53.12287964538112,33.91480605901472,87.82620214851903,-24.951934804816034,40.95794782303494,-58.92169850551352,29.557638051723046,-56.622501142058226,82.41167969676928,46.24911053101334,-50.80675302075648,29.36137275801832,27.25640912819955,-92.25473301160892,-62.69470474696253,11.118947410276874,90.54154582036387,-2.609611951082158,64.67299242610741,-65.32056992631485,-82.6740753218533,50.709446108584444,-10.49498735775613,1
-12.883337037413398,-74.62543438738135,65.77942239517554,8.531856427313528,-45.40902647190577,46.722480566333445,92.74670932565854,-39.68112495679335,-82.65545439854046,12.519725567560783,57.654539560304016,-84.6667104362477,47.4556033324161,-45.4239540811183,-62.85462729266968,72.81479045419619,35.52791806855063,14.924480874371639,-50.25914407125447,26.463886191117055,94.81538873671275,-68.82991663569453,-45.72514094862306,-84.67757916902865,80.79896538902261,-64.0287192313705,-89.2238392179278,-46.6654681146162,99.71731480445058,72.85092620398069,-13.390609837209567,8.607363328186295,7.1057586184655435,54.68393476847055,-38.268345546323765,-86.3234657501955,92.90397638517379,-96.87764997201694,-23.18076897354328,-82.03767261201719,98.47638806090308,-64.19803725313716,80.20013444687302,78.4794379728038,61.957649881234886,-80.4490064251149,79.1529853302836,-59.30726929549912,7.736193986634589,70.41486961783286,-1
6.2909828378610655,4.631629963528326,-88.83235582470512,-13.805831498943434,98.87379527335878,80.861461014094,-15.357948964935545,-48.53400796331287,-52.56138193105679,4.864102121810589,79.34563859926277,76.7690754451902,20.712969779846844,-19.87404533980812,-5.2258434796588205,39.40614515270303,-12.362615334334578,44.78242528738164,-46.66436426683933,-29.697299273219798,59.942484379752926,74.39250766705484,23.350499211433757,-21.41728193141165,-0.1700677454362136,94.81690928059766,-73.56436911960279,98.87917919792577,-23.331785216602285,-19.98419505630858,-1.5128655550114019,-75.40360163437782,41.70763420071907,-18.01379628134829,94.40224334480095,-21.86744698580418,-83.92337790385736,26.07303246440833,-82.17920534649461,-50.97389357023738,47.75691256242436,-46.254802838253205,2.7462611880706476,-35.2665928680822,13.688406103492753,64.42246305186737,73.49899281492088,27.834646611829484,49.739480632386346,-59.44573279947476,-1
-67.70843318715198,-77.55178560168227,-83.89668828169764,-32.1115588525231,83.09027372301966,-50.692160424611664,-70.13018690201969,55.47858374095662,-82.07301408874976,68.39712366074323,55.99951376414663,-85.55774388676171,-69.26672665543647,-58.480699885811596,-75.6430454108965,59.997920788849456,50.125801463020736,-57.06849931714182,-90.14900282070212,-89.06135766120322,-41.729446328318964,-96.4779035387644,6.784306587152258,39.84526082166619,-84.60451331616082,74.42488745620847,29.52476710129855,90.39573360028601,25.300929584678485,77.78464430274434,-81.65939892315697,19.710493107420618,65.53752056078807,-27.278015378432258,-51.11011925496107,-3.3305375503153556,-68.21010015441995,-42.87236944807713,-65.52067665535085,-68.97765664899238,39.46641293765367,66.70915145578405,-41.35023867747396,-82.99395124716658,-83.0772452156047,76.53391049289883,-74.16553671832,-9.516164803691936,-73.12297080740562,-19.967636762960467,-1
81.57975875592388,-75.38957528193501,-88.39073259629924,88.68547325005665,60.997711795224404,52.40870157699763,-6.745151893155253,-42.44995307886972,-13.453792772935017,-62.509221462885044,82.74114851232736,-34.98802781183478,86.7073782906003,-47.13745322694756,96.06994106979963,-11.09265148971896,-85.47971105323127,-17.5009690257599,2.846441486773287,39.731011710949474,-31.607780123874548,-29.315102887535673,-50.134040341757746,-58.637588186186186,-41.1267647103172,-98.94796713447252,-1.683060109205897,83.7310378177576,-42.320510577282434,-12.034676534392304,-83.6266390095738,-79.31683736939684,85.74268715269395,6.234361641832706,0.9442674420053265,54.758017065524314,-49.531744126875424,48.02223752771988,-1.8690816925715836,93.40349144768837,-42.904962266542924,83.59050465176713,66.8157555172661,-97.69627612708787,4.874199435980287,-0.35812467260394953,-67.84557827178637,90.99320762526543,-81.93180004007993,57.668576167376784,-1
70.90947864043608,-64.76921749942798,12.533356131266629,-30.67206112602277,20.838390148732813,92.89970497278816,22.45206817534691,-74.7281550055568,98.87536330099144,-60.906877873562834,46.88220618174904,-7.364024924199811,47.55609013799304,-50.13848354811847,7.063320389356932,89.292759061053,90.06371589595722,-24.32553564891191,-41.01030443925613,-29.792610079333045,-43.7914921459162,-13.50070929213534,-93.72649067300094,23.077265479229965,-77.99771778896783,25.918305888375997,-26.326641923439894,23.16248637988751,5.854885123646653,59.773748107605684,-83.08668844924782,-33.31690009695532,11.801341832553945,6.034134563228676,-4.488940449831617,-41.70769601182591,91.83381297591293,26.363402752403104,-80.3388064652945,-80.15690041607218,-67.23379442372676,96.46220216954211,59.350070571134694,-84.71712429565656,-23.115568599034006,49.577252862986484,90.69881390180737,33.29199823571412,-85.27858998048026,-62.72388152809425,-1
23.197090052035804,61.34156154901228,-86.59438419249545,-86.2438684604682,-85.46159881624071,-83.7383853393363,28.869867198107045,37.91969911838328,49.78963765053146,83.8027263178785,7.504958533596977,-35.18636116301235,29.41224037378217,97.30287236934038,-95.3549591469679,3.8085772504589954,-21.878952174711117,64.9637681856299,18.902098901225656,62.772391985428044,41.561459393006714,10.856165531692355,-89.57877681961537,-82.64813437552043,-89.67136258507726,-33.9729968086029,-90.69057651327319,-88.67172323677208,24.468070538530668,-91.8078702853004,57.14171400086465,9.166065427239474,-24.894136157589216,-82.88901103141559,-10.851975744506447,-85.08823781907824,10.471382360964625,-20.172459518598473,51.27590271741482,73.01069269225044,-87.70762380518342,-30.38544926645423,-1.9571473214805764,-99.48971465898089,-67.47244299874993,-54.849089791838665,-71.21100707403536,-42.826401255512316,-74.4730770689776,-58.064262210896715,1
-77.30529575188218,65.91316628567373,-5.8998561820635445,-64.8284237367615,33.896200978005595,-6.938560716263737,59.37859294119997,-56.20757500241969,17.42324288369346,91.26299999314483,11.311960598535407,-77.00296113129693,54.17963986830222,-96.97562190952797,-88.99296396821732,64.81817917960603,-74.81269975271621,55.144792291768965,-38.917623076902274,-25.706716824916256,86.781494278461,-72.6231838963014,93.2199691038661,-30.08891589943849,-14.118417945985428,-13.908998670004607,-75.39861153817819,83.38728550755482,96.46910587195896,-29.46301717787661,-27.937600502583763,-76.53582858644184,44.63356231554849,8.167495391835473,-59.392490774585994,96.09185430254095,52.134850207325314,-50.468604354606406,81.65423586253416,-3.7458626964240267,48.87423780212535,-52.72015598800643,64.98170441075678,-74.04972307457041,-63.88711497859971,35.409969914682335,-17.42484854487698,5.507918358934717,-44.910187390273414,92.50915927407937,1
78.40931103542266,-69.65141740938952,-61.25221339503788,65.98360619739174,7.103672892143393,53.6274259229742,73.85169416535925,24.286726905127722,29.489362704363543,48.09621701529119,-69.86227201928419,-44.459048374101975,-8.401173640166618,71.98001218261953,68.25805626837925,65.53615163811429,-29.055760224905413,-63.40565017185269,-51.23698195120821,-79.51118411496101,-83.48345054045849,0.9976081728533899,-54.864848618400174,89.78760046764859,0.2781666698489005,36.908988690297576,-10.8276630074363,-29.182452279655365,3.0158610521910703,15.828079482029153,-90.09047580173765,-39.307552225594165,13.000300862791576,-70.02188343351958,-60.29802957302197,5.923718884493482,-19.40351997652266,84.05036304825208,65.99138284385913,-50.05791782412186,76.9264029425438,-32.446434265785555,-93.33452560268105,-8.46045073213348,65.34055959135429,35.612459082598804,86.17877384326772,-81.71135717893252,80.08497321777403,96.01356413640286,-1
86.58497251393442,-44.225614747807015,-82.92624413468694,-47.28510235972323,69.48417752533115,-94.4414420065844,-91.7194281631461,16.32274396397723,45.058863788584745,92.37746763835753,-70.50461694042261,-25.102946616190195,-80.13539912775813,11.815984145126407,51.90948167903508,65.68238755007212,-20.139611377325807,85.27882368215984,81.115604469262,-54.99213733158184,-32.86565437605205,-89.67689717265883,15.38516277491901,-8.081629934519015,28.93123799558842,-25.28657413286281,-8.890122637295534,-54.36325365892427,-46.613722810613886,68.73456525213959,-27.40290044215226,8.116960327404826,-92.74427653120905,-4.722151160347593,-59.41736378554263,-11.270653582622884,-84.73665981878975,63.41181962149139,-78.39105117897114,-55.95973518612578,-94.00166994993242,-48.58862769412158,-23.67943868283588,90.29052560976123,-55.63543939148523,-8.401475211524414,-58.19418187015663,-50.430643214135706,97.34339562261349,65.40248796215084,1
4.275404294748242,-6.113027569191232,-1.0176790446679007,69.05035915143628,-3.259278336965423,2.5489485920149804,13.879145227470403,-26.60739160590768,-84.20050555748118,88.82282958136909,77.34553759787539,61.3441510134723,5.773497635928422,-26.614612161188163,-80.25531803629333,-84.36813454934244,-7.376875933771714,-80.09173101607186,-62.60834203700818,-70.75660747318535,-14.39796143928686,40.789661662057284,60.909886230320694,-3.938779272432427,82.9461035072706,42.11562182059524,52.85291523799708,22.250961364826978,-33.38438096551212,-7.5757611222908565,79.68271755831785,-83.56617761615328,-20.62566448194842,60.90213292126637,90.06351980201134,-85.77387896023205,-17.678015026130282,-23.364734953312166,4.376800267975796,75.85931463559749,47.00360592607174,11.399854619323733,75.07653418426358,-67.56139093515765,67.87512049425689,-71.22762530056615,53.87742979065746,-20.10763954739079,-89.33711690578522,80.21380428935711,-1
-17.544054433666886,-1.4956291958983172,51.7347769373562,98.93084459162199,-22.673561557258864,-84.29446168164334,99.69926496049041,-61.85649162403464,94.81287820919889,81.88850608650264,21.788529327175453,53.35374437401373,-23.82316050917295,18.702714553051905,71.2168996891117,35.153413919773925,67.47195123004016,-75.29941329415945,34.661505409657224,-98.08673419398914,-45.68977865107191,55.555079925819854,-76.32996092635346,-70.41434974567076,-6.475944228684256,-75.084173572128,59.920859097772365,20.431833051901165,-48.542351414448135,81.8883987192682,97.58278373921462,-12.080929832455453,84.09675092830682,-86.90411467789723,51.17785492926643,37.928982525689435,-23.9776495806519,-41.36976644756432,99.72511970444273,-60.21869339129775,-33.51656958948308,-2.2252252892577076,61.577475669975996,-68.76378284040383,89.12056104955849,-74.90580414043491,61.01148944812144,-74.38759429877508,-73.42005770990143,-62.81301632184984,-1
-35.700859750423604,-70.37984027457452,-78.05523975057598,16.25654639221193,8.458027802273378,-55.38920905876192,53.63228491536785,0.051241874795010744,33.56827556264318,52.28459159806718,52.71058834365735,-5.548783247954361,87.75885845583491,17.64860621361879,-41.999917239422246,78.37946417292702,42.539140235642435,-71.62700964794091,86.62712387080336,56.616859370568534,-97.19074693658062,29.43039192111462,77.61243721993915,93.430372699965,-33.56529695341213,-23.138735169025892,-42.95864408935592,-67.99987847415,73.58365120543877,67.28867023361767,-94.5170282433455,-83.11320799924191,-83.07029342726861,50.602958128623555,-6.70891280651216,-87.6386465681901,-50.58235765746921,86.79766507142958,71.0717529494155,63.4501528130661,50.424407615920785,-77.25926748732144,66.57752158103952,-78.70829092198733,92.91030319587585,17.444533201804035,-88.17440813941415,34.99445206112219,8.922270840248501,-5.399212776319445,-1
60.01419373983191,86.00107555821452,-75.21216114711211,-98.46043940905744,96.7524269137804,-14.67944390802343,-12.845870418155343,13.954100781580308,21.351136228380938,-30.28230295787388,-32.317763274474444,76.95868704287204,-96.979975584698,55.74141031167994,4.7451936741932315,87.72954798730473,-77.5059720687889,-43.28321773217705,-18.782486557122397,-14.58243312355087,46.789892763372904,72.1097899957785,-69.05252832871697,53.96791425463661,78.09319063722708,-72.40747434973407,82.300971504444,30.184401808066326,68.31644427526098,92.10204483431062,8.547414573944849,-49.75926160591999,-73.08933159261116,-12.19700000700665,31.679107199506177,9.860436290367858,23.324734793665954,87.01416666231194,-79.96891084229472,71.04626147534822,9.648413294038562,64.83806615093687,-38.49134188411074,3.7125352324121224,82.07799597125472,-96.4513142764198,3.9109218233598853,-40.21792407016147,-72.53011521330527,-42.39242083033956,-1
-1.157510549940028,-11.392004672967843,-74.11939988028642,-25.746615176985827,55.06579619068515,76.7450303906823,-56.599903952891786,75.03158961835354,-82.96975182981956,30.438584990827252,-57.388389215947086,98.55655978627644,-33.59016674240536,-99.45747161433749,48.961690423649515,-61.438870047512495,90.61954566392626,47.1235395156817,2.6139418449468366,5.315592823239939,-46.21823450352633,-74.32098577445907,63.16612566970676,-77.93711665335601,11.665609746851842,59.95150611772763,16.069594969013636,14.148925341459687,71.60260266171935,33.93134574147035,-44.302933840855395,42.15162938562952,-56.0847507258655,84.85835540176251,42.79842142066437,-90.58750545123262,-19.240303478006496,-13.138838397344003,24.708001625542096,61.65934487729743,-4.050943484800598,-79.02554363745311,95.5644594899764,11.331858615099549,21.89362184763543,-41.4142178785188,-97.72349598320137,-37.215490581495246,50.67687953581185,26.063104184092538,1
-67.72652832232338,86.38882793087441,50.07778541814031,60.57327447950922,27.151266873503815,85.14836895535197,56.90415204396032,61.381723944674775,20.573787213343707,27.953690413795044,31.645479106270102,-42.619866518615154,1.9235867625804133,80.53965701485083,12.968403217054103,-34.8789445023518,-63.75035163292904,71.9493934720206,-48.50474977650811,-83.11320516664193,-46.68583876895225,-97.67631436805402,8.011617766935004,-89.20187870399687,-36.22897048684426,-83.08421555560642,83.8580858594745,-7.83509936020539,37.28269680026696,-94.25037463710754,-91.85975894082705,47.46912414041822,37.027548613496094,28.732093663338617,-85.97226282440091,59.291750694819086,0.4533989204368538,32.523894231747704,30.027599131021077,-27.604487141326885,-56.99904018261661,-51.40249277553863,68.90217150926449,-69.86987353927799,44.33942229801997,-55.08546921584241,-56.1571418387482,68.13930900423367,56.72569369764821,88.79184227473885,-1
-8.29539822362186,-16.845039802069707,-6.806650362772658,95.15786726882294,-81.67470310014176,5.497275759067151,98.45533177626893,61.3567042246942,-34.06049371072581,7.114893447114937,48.104850812381244,29.37463688918791,92.99491246634796,90.6494136524563,83.57512393312828,80.26831624038829,-68.82622882410827,35.14448327065173,98.73171619407009,91.73278300847866,-71.20025153735398,48.43313372508814,-7.153407392029038,5.6704835311767425,14.801095865196757,85.7505429893908,-8.381886339587055,-37.17144183095682,13.598489403793664,19.981175581498036,61.959224658348944,-80.41692137917069,-20.60448425044936,57.47000152593722,36.63135258764032,-76.39330875493417,11.73651959757322,-78.69679519513076,44.84764588183336,39.12915419252724,-96.83432919129473,-98.92532403911511,-97.32807805829474,21.49004623911499,17.50964601731819,55.35042579097143,-47.62442937737077,91.99941415664853,-47.81684413778873,23.46327476603662,1
-13.668090754064124,-74.777971664275,-23.527080416657824,45.82065671897524,44.06404265720667,34.172670909522935,-36.83612406973889,-5.314664916707784,-21.944888715374162,60.896027038472,79.82475619707057,-39.901351471558755,-5.2569716845055865,-31.827652649274697,-78.98809874899517,95.29985977205223,85.4560735533226,73.98659840680187,11.0164817677135,-12.005018962730446,64.45631799743683,-16.484319712665595,-86.39787958900112,68.37721634305149,36.01274938883094,20.239404985654957,-15.304433880754047,64.5533713677163,-68.48143834000835,-30.094582985199267,-28.764482386058816,48.85423316553411,12.06761945703066,57.80571653631563,-28.85746004988347,34.860299637973526,-17.210198205618198,-40.067650808318376,51.49308564156874,76.32598158537826,50.94112289231961,53.18236170260636,38.726636459550264,23.85334274036417,-44.488608471988655,23.371399737248154,-28.880407580958774,-63.63201669715293,85.00988164069727,82.99091600781637,-1
-88.38160958393004,92.9380957656922,52.661615436025954,-82.92046157298378,-44.13379629393188,-17.11862886589357,-13.098760476831956,12.518369748789723,-10.283805563439842,-42.11927179694883,62.724143243063764,14.736088493763248,45.257784207403915,-48.90678987193502,-9.357144211153411,55.14986628003416,36.260371694726786,31.82150325020632,55.3593812287248,88.7731740073825,81.33876519866675,-78.82213599046308,12.731166529148851,0.5469722901733292,9.2493203166852,-55.11241064653196,8.673930635991951,51.964198643660495,78.44512719878279,-50.05498575304224,48.76013683293783,75.02467134579948,-24.637242851283986,-75.27727248827709,3.269070858616743,-74.28601990699377,-85.3483671666978,-29.268951684732798,81.20050872379767,85.00132985470162,-38.15609182487554,16.633649062321936,-63.56559421346346,-20.59227696894061,91.87150975199924,40.431075337886654,-30.702450084738047,-14.427790597543662,45.02373510078189,72.5992079527812,1
45.80143360819747,3.602086275219591,-45.172766561612335,4.59746163834194,-1.33474464069063,-26.205958092892544,-35.67787994883567,-84.00946175115487,36.5954469151842,-79.82466862771507,16.919108169334862,-14.457301760664976,73.01623395109416,1.3597919792122752,-88.92546621676408,-43.54539300104827,-83.39195503634629,-26.247995482341736,-30.545622157432348,-90.45016576265807,1.5688074562696812,75.93330573982826,-43.6900870359739,40.2509827526014,-79.35026630838934,67.44670034083771,13.44831131222206,-57.15556495883056,-27.952449320290157,-44.587570834126254,89.29565901174308,-91.90905970935373,87.36710117183031,38.02337887905961,82.25260329164496,-63.58178499256655,66.81235604333239,-97.88885313585692,-68.86301671710007,60.920538098664224,39.53002683755642,3.7426124133272225,69.89282800205066,22.116455022940613,10.411158612641543,15.466341261700876,-23.96324601727035,-55.10391235762819,83.3858389916195,32.58390483562451,1
-49.07186904724723,31.312540479930476,32.43717714236672,17.812030705058262,6.213603964472611,-16.516920934710996,11.103485186195769,90.63456340484973,-44.336667917641016,81.09444286978834,66.64699514308217,21.832761078317958,-18.245335573650905,6.752885211960404,47.84799468627361,89.42687245687893,-59.559545048571216,-81.35923428094233,94.64478620389099,-32.460635748550544,-2.583248608545844,32.8966668612984,31.757357462276673,-75.67171185007624,-58.34836184696004,68.9212110171153,-87.54789387241813,-66.3185686401548,-75.92060985669089,-18.488875707435895,-67.48109612624542,-81.66757493525753,41.45147758535492,86.65517017422258,-14.184515801000202,-99.55259596722972,-10.34323459530529,87.6291450049541,-51.266945527090456,-99.32937204820837,-64.13864521773296,-19.86847601873498,5.819342625210311,-97.01485507125744,64.29979050124328,-38.45067050716051,-42.942941119948806,62.930985412881796,87.9651905110372,-41.506526661851794,1
-89.43466272705561,78.55918791797717,30.878672966114948,-95.57216741157082,82.1104501643193,54.66172854512433,-40.34115938801539,-49.5354950913861,27.362597131685717,23.972253431534668,75.09559084513683,-44.07564036863505,61.14407782341951,-44.317481131086,82.79167972185923,-54.511928374198426,-13.189365288282445,76.59035158676144,30.05278823950411,81.73154207104744,-73.2071048218816,-73.4774422402743,-24.84313970190884,38.84864825791112,37.05043886260481,-98.32019563434937,-5.454718844117963,-67.47991613102427,-95.0501349527972,58.73118183634645,27.294948388364745,42.19896056588658,71.57879420854059,-1.0058379286131753,1.5679149548724496,-49.38586338044899,-85.5310455806009,53.631515497071604,-38.18136317047276,-76.25123204753797,74.79425727979566,99.00483853325605,38.947012606333544,64.95166095241439,14.62173426269841,-91.97873483052273,-60.73338017629979,-83.5187996775575,4.427828964150947,50.31232699212603,-1
-46.09762754154547,57.97292420710775,69.19625848920262,-35.99902284773037,-97.1259588146502,-4.469924520341181,44.43579107348458,-40.83565213480491,7.9842225443076416,-57.89088133368865,-66.02271706811956,-62.937499911287276,-75.42584187042019,23.98448139812895,57.644828606551584,37.685472320590094,-67.62843285734708,27.057176578117122,-32.41742464134984,3.1672830513179946,75.33994266829117,-8.319508075993468,68.7446143570572,97.74886816169459,89.92253649303203,39.13772898599214,92.44261674836787,-47.95399289457016,59.196033424807524,53.249699697145246,12.732569573887702,84.4754547638762,-52.26350647197029,-55.581699186720314,-64.89905371115566,20.717794341646027,3.3598048010355512,-79.0811222480412,15.760494202260688,55.36701748154789,-80.9175504536374,79.78726570159415,-52.80863951152259,10.616884744417533,-19.34500575096783,64.40747098760687,25.976495403402126,-59.460210819493334,41.66008274351029,-45.356251454312456,-1
34.21863141719521,-11.243284143532861,85.06594737491966,-1.013535132152768,-54.55103442238774,-87.62564782165032,66.08304817098528,-31.89267768528208,-76.89214870578216,48.663538916655455,-3.731905046427997,-28.659845968493826,-39.17055209068081,15.340528537257157,-13.773212063657652,-13.443317471394138,-63.06075859487872,-36.12362216894043,-32.83204735289955,-98.83817437950178,17.78700127721497,-23.23392355918061,42.22872674909567,-7.311802055087483,-68.3974004209732,-18.200496726833038,41.68754260842627,-17.18551223725109,-16.87769950293223,18.114630506048627,-98.97242882781556,9.246033386303381,14.24004291770973,-44.27904352085959,-70.87444701313788,-42.571855639265706,33.42996705217027,77.00223168273888,82.87278917612426,-11.764984537524569,-50.628418840349276,-36.16358073197337,68.09228544444173,-64.9287558249141,92.27468814881362,80.29893397120057,-8.822978360318274,5.6563880192412626,-36.42628170573321,41.84328342798747,-1
-26.456839388113295,-29.04054206872226,-47.92052825098567,91.8386972917043,63.45885231773096,61.997575003418035,-86.02078851782598,59.36247231726159,76.09152029029704,20.83818244488836,-15.23378200354739,25.424682974010196,71.81759269761852,-21.817687067268736,-24.25804508694145,35.78659399894056,-43.47519614312414,-64.91899363066081,-1.2375751062004667,-87.44997733226299,6.032367342809678,-33.129513325874285,65.12042277659384,49.22954750882295,-43.88784008690805,-25.04257144110808,98.10788272570349,-86.69646201790103,-46.26364285090807,-91.07324867661836,-75.15856969647687,43.28275258938433,-16.913260369245137,10.13933829464655,-64.17805466270248,77.20636226093694,-20.974468052505472,35.952563857156264,97.78547366433168,-53.97749658070556,60.392068127595934,-58.87115174387954,-40.55101477277003,-68.30081595959199,16.908039104287425,12.071669872287856,88.52979710633107,64.5803903248987,-94.73764088378562,-63.79848221659967,1
3.135885539299551,-11.62925838178721,99.72228540749083,-70.87084079470046,-31.665192009743407,-69.32131549461576,-14.783537387478333,40.95455584879949,58.33679310163288,-15.435407834761676,-82.74025533450762,37.44165018876316,94.12452282533488,-21.066323915308942,42.0295234394664,-19.844416403279297,-76.46601307481926,-3.0976564578050017,56.468276829170236,69.62181130838482,-30.206846308679687,-10.296327223115796,88.32093741067425,66.87562231833516,-55.97463542119734,18.421915977083245,95.8035199555714,20.03904243360202,-93.30892200184809,83.32635874220446,-77.00720676163112,-48.006971223288964,-36.52813352780255,-85.61055403782898,6.279681492067752,32.58070186217725,28.144647524115328,29.093202898099378,-43.85275758561627,-40.66666579130016,86.22693545452267,-84.73091679298885,14.183356190296223,48.11184351102196,97.28101985600364,14.806298488592844,90.74027308165685,-93.57713075944598,36.30410904993769,21.4757014502227,-1
-43.80736208155393,32.46358270791646,87.42249878429439,-84.5456547465646,50.32097366462855,-7.980348409016287,35.34962501257186,-58.48016639136409,-19.59423154333335,-22.832815048386294,-37.159688521950244,72.13064521293023,-14.033532805380958,80.78140204695598,53.974623002488556,51.98052105445089,74.8022087136982,38.94702495550689,40.49172499435704,75.19757029377686,29.662212968375258,-59.034698748821036,55.08860512389654,74.90145398955883,-34.63904503485213,61.44952882403672,15.29202591869425,49.319967738170845,34.63499822189314,70.82600340861859,-73.73796673775716,40.57872078744168,32.79219489426998,33.296571441799415,94.98185743957748,-54.785776077688844,87.30137520986341,-34.35194123110898,21.10950035952834,2.31253466323939,55.40458137306311,36.85752270894713,-40.97563690549184,16.309895933514284,97.77194979468601,6.614700215310805,-95.18675697026917,72.88075350904839,68.79188573832903,17.004683098719028,-1
39.34743307283014,0.9005848109671604,41.60475679958236,-35.56130987040744,-39.894090056570604,72.93132154720271,-67.01865123065997,72.46881206337125,1.212649887305318,58.853629210092464,63.35370330879468,35.68892796895156,26.930566606834745,43.38627718383029,8.277840644826398,-90.4035210479756,88.0200698765978,-29.139627975402945,-18.843562706292346,-51.26069015059655,99.77921402344958,37.510512879608285,43.62062512651201,-25.905102867223533,-23.17874657428885,-17.59548485077498,-89.05928961810295,-60.06391271684557,-98.75433927923072,-80.92303535637224,41.702010075707506,55.994967671504014,90.34341229519009,-92.02812428262168,68.84906689533275,-14.817782564486379,76.70006465807512,33.84528067255158,-76.81602392562847,-36.8075670146947,80.48948183757494,61.910999088857125,6.519786532423936,73.53731309826148,-82.3218180950532,15.68721327504828,-75.60698021756372,-28.89982161677851,62.77448538110062,37.14259161530833,1
26.04944389123159,6.8440819862494635,-47.43714508941166,46.74720234527123,56.21955102483932,-38.41174809082928,-62.66520356085179,45.62167806881854,83.68173538494196,-5.221392108834493,14.003330065082963,-90.57929693218966,-48.59876485238943,45.20887258942835,60.64386789871131,-96.92665657633657,87.32685920862622,-38.853115463301904,13.838629518370738,-21.48295356883156,28.077007042823595,-74.26284852796765,-67.79629380266104,-29.35445165603818,1.216656503923403,65.93241486455315,-67.1789145524136,95.24006248812256,84.18988881321738,86.79976357663676,78.7185647942841,-88.04172488265935,67.52207293153734,-50.631381216753994,74.22731920080082,18.192928223485126,49.44934669406581,-0.07627330185914616,-50.15271644288308,61.419677410010195,-75.21460705958938,-79.51319418368566,33.977948914195196,73.15001160507185,31.17420518019847,51.64902140738499,-85.53403375262329,-95.336676612623,61.12187525078156,10.252287983019315,1
-23.96087624282859,-83.04676911473337,8.70687567482473,-52.194872639266165,66.41766353616615,67.29527612328195,94.06533452746055,-50.6169026314729,-8.717591999465839,-15.921287400840384,35.98983468995007,-51.39328926592259,92.42334173705643,99.92377901736873,-44.77881679432987,-42.636602702608386,7.006454796660648,20.817495550027914,9.705667858796161,-3.4251621412228985,-57.08494729124016,-56.02836715638939,16.386838104025543,-99.74803292285182,26.786881600929576,-86.24489869231628,30.681433448538513,-95.02674044253357,-97.11238966166857,-52.3077457680029,-8.374691078692393,-2.1213719442356336,57.84637634726889,16.13581458457152,72.78120679723926,11.86230770600551,-48.89093943034626,-28.78102780485486,-78.24703377457286,-20.428046534902606,41.89820137780458,51.65800450290595,94.85888594992,27.21805940120825,-86.11059991151072,-68.57193491132345,-26.490679385138975,18.99602032770595,23.879553495373074,90.91402675799779,-1
-25.596382841443372,73.5959253461806,29.280347333159938,-41.739438258969926,-45.549636980406035,-12.636882685872223,10.801970878829252,88.0271640109737,-51.6605328405116,58.19754384971921,-93.45084909533048,-55.415818950741944,63.97709504773567,-56.73704170489246,35.527586384001694,-12.501162505532236,27.45968161137978,-53.78360598776197,-46.04411220165701,-18.663488239764874,0.06727921193119357,36.96691190255558,58.35709072144007,47.74915582209519,92.83580590808214,-82.09747210558056,-70.38428207548566,55.792203317739535,29.090568322785543,-17.46280859284343,-89.45699634081626,-89.14982551809365,-44.20259974746881,83.41709945448491,68.96772996292768,-70.8307450353065,-20.99693315555578,76.65797180804265,-68.90489514051283,-90.49808266134076,26.979637316734312,-52.48935769320817,-57.924025043123926,92.94122596669087,92.16026007972471,24.969321343552323,46.477302465988544,72.00667542827662,-42.10013609859917,88.96819796853086,1
79.13495552375574,58.70748044576618,-62.71723056673464,-38.84823536886024,31.822948379952322,-66.70008977972745,31.49731638407377,96.29242229582317,-60.855296011409756,22.394750101858392,-39.33015280380523,20.847334361538472,-5.853522782900072,-75.54549762221117,60.94801369575001,99.05258671421467,90.56605743177619,71.53958002270079,91.95673711070052,14.485372761002608,89.81411348262151,46.600522139178224,10.423031406654061,82.6507840395119,-82.42929386574207,-37.04528991022862,-49.23614070150955,-69.75541963115026,-63.97478530305338,-10.33623608078635,-70.46683948437627,-5.597565519689624,-97.27310837868066,73.59756025168588,80.58761240345532,-24.927339348505015,41.30100973250856,92.59694835465356,-86.9865256215567,-22.462540401358197,61.710662843722076,-53.581625488450356,8.720644532836104,56.83373199038172,81.04618499938684,87.24364131900887,-65.22420787618151,-82.44180341641072,-88.8646878329562,-7.830824590438851,1
-33.676630178433214,19.07114450206238,-33.44725693286412,-63.21045876787568,-3.536779122735652,-15.795821087371365,-26.265723299735683,85.61020741703715,-89.30207479461694,24.998503508692465,-36.970482900431634,-44.832372811486664,42.15259334442533,-24.880138382160794,-81.63142635900229,-45.909644790107194,-99.52951281394422,-8.994674832850123,90.8749360713986,62.21473705610242,10.920308123186402,-94.99472952281589,16.89766342117089,-47.2204490868664,-19.740915460581476,49.75678659391818,-55.919849975384416,-66.0060830142031,-34.997052139401646,44.178005164129274,-73.44220654313638,-62.56348966589942,-0.3958649991133001,-75.31503085622313,12.977567317541698,16.186577813183177,0.4728152470309084,73.91098877502799,77.74676867291396,6.262079376380484,-74.2590659945416,-74.39117085820506,97.05671817733295,58.432075262832456,-14.43850303634548,96.30316948185438,-54.89332283567339,-74.10146575729061,-89.87782271813421,4.299441105569727,1
-3.8826845346704033,27.48049624184432,37.63488734445269,88.94181016508244,-67.13187975434644,42.77460905483616,9.092580191724409,-28.785335239801,-23.522998340409387,-33.91710580948384,6.959686654622459,98.05637102363727,80.90785391402963,-13.37116444363646,-70.17798880960153,71.2863539007067,-46.234516478881545,94.22746732705195,-47.457200152247346,-80.52374110161695,67.31711189219749,-8.10511884354932,-23.410450814946188,-82.18542279262032,24.575664260938183,-46.10878337934212,-75.17260985218148,-41.432426062301886,57.753410334379964,40.261382039836974,-49.24758855471569,-58.066341157694225,-99.67287825050578,75.81136007252925,-82.36732378261983,39.65800673873849,24.655901951228174,-54.78846498558214,-73.2459904792785,-52.82159382359739,-76.3427258954178,15.656629643040304,81.75764911461116,26.835550291802775,56.93338363648991,57.12894395069395,-94.54195491073345,76.14796603422144,48.24352913748879,32.916688575640705,1
72.94447525101063,-41.46898046651843,-93.84337955247197,2.9106182667560034,-0.793038118747134,25.92514365283367,-66.44920882689276,-47.84351122664845,-58.103679579848745,-77.65882205094843,78.39872664987112,9.630321654406984,54.52984095134258,13.503476921897018,-10.542344315371992,-65.2999079936429,-72.48733695006337,-78.62195038587865,-65.9928103309535,79.94234745434085,21.180227388549582,-65.37791382709155,-88.10740912457484,-39.41304432484385,-99.80325755429556,-82.67523815870021,6.140719228336522,-35.5797376443072,55.18233781117286,-56.020182620844714,54.916275540769334,43.233982737979915,-66.84082385385736,-90.23442971189822,-80.40178847420674,-15.683585819999266,49.09359250837747,-16.38549100891072,97.61748173980172,26.05994486515506,19.14678116043413,81.07977912399463,7.326671336936585,-46.37990149952436,-81.41149962358267,30.550554309297894,-91.21553394615442,-22.37448500498138,-99.42644452505868,-95.84823697933686,-1
44.45051367861325,-70.78068689173595,49.78352809570393,28.54838008028503,-9.266030606580514,-17.8801156620451,41.552672759368676,-87.86807243446441,60.02509750227429,9.782890649641956,7.048237525443369,33.91980254988562,41.29154043528308,-80.28266102340409,-54.12983820337223,-98.53544283016275,-67.76722476662158,80.54484104480034,-29.484700612975942,18.697027538206996,-18.01036005931924,-14.632867357058572,-75.50463592096452,33.35492270524904,-56.31511831608999,-81.3203209601285,5.139725416880083,-90.98128720373708,44.8129013509442,-38.2818572128087,-61.92190462860514,-51.73029633032551,-62.28341098157737,85.83217566487568,77.51971071627898,17.39738870413923,97.6261678154155,-92.91390672598241,-24.58398225644855,83.68176972979234,-80.18959793548505,-6.829272531345438,-69.67555104564534,17.946849741497402,-33.86025032895887,1.9862637288330092,-99.05621787944085,66.99880668481876,-39.28078859494701,14.610152056552337,1
-23.077784804246363,2.307238846958356,98.5806981798529,76.01534177676888,-90.71326892179042,0.6642518490775444,-46.72056920466201,-5.212759300102917,-99.71110681693574,99.22619521468374,12.508992604399921,-64.3757248532049,32.776945941606016,-23.045108356806637,84.09980771777197,-79.34362935873354,91.23210776875243,-77.54563586234731,-39.829069638653976,-59.711701039365494,-1.5541912529664756,35.81276001565993,7.0040984129983315,-14.749637959824895,25.62636144144885,12.66125838574041,-60.56686398022399,64.54183055001346,-37.575392520727966,9.615079820855655,71.75692421701706,-23.733479703195144,-27.951103575699165,-29.764939219466456,10.217730234371288,44.30119557467762,-27.113132695980283,10.196284665220091,10.583180033376308,69.99223962530223,-73.34574765126499,-41.604851375684234,58.10725613626883,74.40581674562699,-80.27102138782705,21.927337730249093,-21.68452583587306,58.61309274084675,-79.57655303243693,58.818424910303946,1
72.40853019786269,74.95321251079869,-70.12309064575442,40.539806563446376,-20.785629216661988,-48.10684588781338,-87.42934126340359,92.62604249335763,-12.677002701729108,4.8526955392335935,86.85403548870812,57.231123702000104,95.3671336552336,79.10267595422874,26.834664677735745,49.209866388287736,-3.9813030475364144,54.56482244700564,-43.32265483321067,55.29023669100047,-51.22536320591677,-68.2275287798339,89.52592104100486,1.5637653378979337,7.057539018354348,87.75848686456894,-71.94077474294924,-82.92552079918102,15.915071629050146,-82.66243820556087,-83.86645516954887,-93.34079345009354,-11.825483542784454,4.201894270878398,49.464073768326045,-49.83580650833075,82.24614344575292,-99.03935638185138,64.74908592948273,47.751376638063135,18.713314244403833,-5.429017131178512,-15.73783798720585,5.972262803863956,-34.70113483914294,25.419029649167314,-85.61819707668377,65.6002435174745,90.93203139080919,22.851789913899268,1
-8.175195342663827,88.71304343139539,-20.870635760657507,8.294565482617429,-41.149918382307774,30.42841232227724,-18.3313512989683,24.31384530234955,10.878805729294783,30.7178209782507,-85.52150933196454,1.6261187505824921,-93.76183000356244,-21.755314401722472,-90.90544189378068,64.7047480341586,70.7937659611697,87.21160636302804,-65.81041541562684,44.72906557551269,33.28340130757286,27.5485088680514,-92.88800819455945,38.19439767694422,13.529660840647821,86.16776039201974,-45.50079436820387,99.45378530389897,94.30543748692921,-78.16972039018175,-38.853580596638395,52.524716032808584,61.58814543403929,-8.858028504432667,32.71919212261997,-56.56094092537482,19.04825579091917,20.958137875532074,-77.63724217568947,-56.65891981722806,3.293355420349158,-3.44894931798774,-52.95094135901017,17.40924870289335,-86.89240957976881,30.03656059931467,86.52501742914995,-12.375667403273582,18.28265116848138,-47.64423798638144,1
28.34687945971163,-54.47349283612153,-59.82975678977673,54.32814743906033,32.50478207674078,-35.040986917613324,-7.576564694743709,-49.62300109404265,-79.38424347325297,29.580832839781266,42.082372076682645,47.74017622694393,23.476856211487814,-13.730328354930734,90.3585719461503,-30.71028071299044,-75.67739549746847,0.9244596155294431,99.88312513950223,3.7781775850574064,75.04006814678627,24.480783402968626,-51.76914127067056,-80.33803008818872,12.834718236488058,-96.09152117237767,39.97062070719744,76.97210845653129,83.19047147617954,87.12526674120008,30.279614336772028,36.54206085886298,33.59560992531783,39.630871940192435,-12.872723990079123,33.91951643433535,-14.140267845170484,-27.76921490151514,-48.35615755033638,-50.11946198644506,-6.61123831203183,74.94197919648238,-18.80438230715305,90.9319735397502,-86.85970884055297,49.086526133049205,-84.87484896119616,-12.106414393442506,98.4560760379697,42.39330421811832,-1
74.54605009692037,54.2486148066356,-6.426017273213674,-80.10011714867687,90.57752257697194,-30.700222095936084,20.419897110662077,-20.770492391031325,-26.6830929048605,1.2413575243360526,-45.3674824609644,59.753041043677655,-89.4634095790485,38.121854054761684,58.72059618714266,-33.35203620591285,85.36954917031721,90.85695045104646,-96.69611303156755,91.80721250401976,-78.17064708647126,82.88366806670066,74.88173986139262,-32.52034924828496,45.74317233761772,90.3485693200829,-91.94446100172567,-66.74944871635351,39.02930788597294,80.01892880863056,84.30500825219954,52.98163353661707,35.89846759653861,60.11248407870039,92.88192339134633,-35.52615940518908,-77.96912811474232,-28.89287621773215,89.63968664944369,72.04889833147124,-6.927247004336266,31.248636555994523,-99.75716504296774,-17.944027657803503,-40.02024789572687,94.37936779742864,-34.71498409590663,-36.894769316417,37.570954736625225,84.54606430486825,1
-51.30354068474014,96.15223487777033,41.86477055519347,43.93791920907091,-75.35074554994188,82.2470726516296,-7.182013821727324,-59.181664251867815,11.871273623285461,54.85415599743695,44.07474504179436,2.1767068180245133,-96.2537211243805,-40.200270689067885,-37.956036416183366,16.489899768155155,-18.939122465279638,-59.819619023934244,97.63312671839972,-9.576354993323292,65.44435831376961,-78.73149812391694,56.95287526656162,10.102719904282793,-80.55655291211411,-11.536449349543744,-8.669850994160996,-70.31324636457805,-54.35128658549533,29.57227901438435,31.177345450486342,38.10677413221015,-16.072008235019084,52.491753468464054,36.0273717907032,71.07015395333298,-72.67445051776416,15.811216192442274,-49.82102955692924,-23.327412578204317,34.5744255512424,86.91670392751115,-98.39068232220023,-35.65107007510386,47.80358505174917,88.26072469927516,-1.3022113985775832,-16.027331168447546,67.61081727278173,-60.30462153013523,1
-3.898610548434206,18.173253479022904,-72.24482317747385,57.969581697069486,30.38661189515011,-4.859995748901497,67.63453444158228,65.79094189841544,86.32982219562558,-51.74064417261883,-52.38598486272497,49.44284140611143,76.49261250958656,-83.92438885318023,-95.79694022038613,34.544883526315886,-32.1916096681536,-84.01632769505399,79.10941688715309,81.2126978567016,-6.028368669993853,9.321428012048273,70.82098132417065,99.95433313208872,-40.23243848608398,43.68132682378675,-9.802727061254402,90.5942605269291,64.7715661313726,33.31143848454806,-16.929606956835386,-81.06559558361886,66.86854870841711,73.62151068827521,-33.74846881926929,37.16880142645397,16.34244215129725,-32.555496574104836,-9.638003894042612,-3.042975419045547,-60.50319211441402,11.734800944358057,-12.389512471639264,64.64050880146752,54.922581323608426,55.909462012778164,43.460586934166116,92.75277118873271,23.911232657844096,24.441066204538785,1
94.61563259446658,-73.92966405704165,14.886751459271679,-21.031800046995784,-29.289344625511944,-78.7072392824647,30.74329966643353,84.4733118662601,-72.11110053157353,-85.88676044552805,-52.548863317334195,22.78768671713307,-4.061526225041945,-20.376951940388665,7.092454259586049,-72.7032664395779,-22.093484085220965,58.34143196902207,38.13020255728526,92.98510918658062,-98.38739555138972,-84.78985884447299,73.33999140937678,40.58312332579615,47.46049263216972,49.139742417259185,18.907536393979953,-72.6377635863958,44.004753729439415,-65.37947415422143,-71.40246604065595,-20.435787983642584,64.39722915782369,-28.24617341257769,-88.14821489324561,-29.77761665819294,78.04318523056449,-79.66025297208554,46.332473589345796,-43.90074493621585,-71.51219873394157,-95.4157330714515,85.48146573592743,92.57274012832494,46.519557931581744,51.53123587428061,-76.90812989912843,40.89794779695896,14.423536870190603,-80.47629508602947,1
81.25091610420733,66.24916101798851,-51.5340377092522,77.81498334934392,-4.590012456623555,82.19940444881291,-55.12490614395165,23.825936894440773,-52.90054296878599,67.17157076160575,31.810733438299792,-0.10965118542884511,11.633607729816717,28.804650988638173,63.367982472770166,-69.85895663983615,28.03359441621626,-79.35506621363271,79.13868574148788,73.71407514685674,92.00757250157977,2.228674205938347,74.17254707050131,-87.05292738136745,84.38250461411303,-6.109704707414082,87.87570145205092,-86.95527464410233,-78.01059794630746,-85.12162748492142,34.6081820292778,-8.404786259675873,-48.45304993555639,67.67934246106856,-28.287628974424578,-60.750200048850836,33.34293166818043,29.83501172802937,-42.406134652467344,92.21121076856349,-99.2802039831097,62.82913166785653,13.45947389395188,-3.1717089291620084,-81.63461913177763,78.0288498492067,70.66981639552714,-95.0170673815919,81.27557476383544,-30.285411181365433,1
-59.18246776884794,-15.424706306644225,63.766579842823575,89.29161891810992,42.53656320881254,46.88218593413765,74.79712402976708,-71.2028813086491,55.55925882271137,99.32454862703426,47.68118107380576,8.209322792614529,-6.516581579554199,61.291269244807836,66.08009105527677,4.148933125611293,-73.9607327927923,-26.30446835861231,-70.73729445649573,18.761569473013907,78.86947942599798,-52.12290101175383,3.2282371100878606,46.90231824590765,88.58700207399767,11.123373327492843,-59.15383015733897,6.7074736612796215,45.4631422860314,13.143013009172222,32.63659130635068,-41.406627320715536,81.75135967725691,22.310811742522432,-2.114841307384168,-82.9434077378415,12.386271141132752,-5.918037757665132,-17.744158752218752,14.35106940793014,50.22398108441956,-33.57585333575372,-11.538446358387034,35.60509488877304,88.46597642851026,99.90580388014351,-32.13390885625755,-71.16789737839821,46.51123454386891,-61.147813447488495,-1
86.55058781206264,-76.8649552703767,-38.450096678435955,19.390279252363158,-97.77664353312528,-54.883950550874786,-92.77797760356144,92.77850454151942,-32.31519670888102,58.71192501838635,53.949204796860386,-14.008576508722228,67.16658227676416,73.40876622378093,-46.94748021642532,-69.46572292620958,79.48018755152248,63.50412532324313,64.05817348852531,44.264189354766245,23.82588496243065,25.778012579692373,75.13986638133196,63.28008250488375,32.18939931725444,82.98168932046684,-47.49386456597375,-39.67958621742733,-77.05678900278012,-28.38872633458945,94.94355244747695,65.40444829350648,-18.354287323688908,-82.13399264521422,4.846526383836604,4.204131795004145,-90.40499193755622,87.78890114376964,87.54509297336963,-17.90492954581218,-46.447093233190095,2.987148207815821,-17.8537734539765,94.19767549751793,-25.398279902129957,75.61977775029138,10.161368377316606,22.67875972161994,45.0474518468296,18.899943078648903,1
56.97939542229352,34.60163325773539,-52.07803359435894,-26.96732886439426,54.31403409690671,-73.09957047960573,-44.075566069070995,-77.73826404008197,38.5881307804259,37.496827737409774,-95.09944642047441,31.15467535538781,70.28393264387282,16.894593280265497,-40.22727538875128,11.687928467829934,49.86624387745721,-1.3898371894935906,-44.95861582937937,-7.330801591640281,54.63933681492398,-54.43652203058562,4.4020165420012916,-26.9509217170675,-91.3633955161221,-78.36175428191578,12.354677347889705,20.64759133630747,-56.30903063247392,55.083810469815944,0.02099352607909566,85.03298337787018,-90.83737228697865,63.37124919497302,82.08273109162562,55.5873700927057,52.271514203026015,88.98350398962907,-53.528685839784,71.0904380483548,36.245563827363384,-47.72247194714654,70.04787544812248,16.04007170914568,71.95702435698706,95.0896483274002,-97.748793195998,-21.69940784519217,-86.82193260656277,5.109311668888367,1
-91.9781617175035,41.947416960204066,72.53481406637783,-75.2478667831978,11.499751935989494,-89.6205517629738,47.26752779779673,15.484829412496154,56.27675352690744,52.70134176820591,-7.894931554978314,51.00631460178309,-21.606219982765865,65.45454227526488,-58.5638426527074,47.08651263597983,-18.09177349072462,-40.845418712229396,-70.98541423874174,27.74134048969306,-84.69944196223685,60.700534964841324,59.01102730850039,-7.68324734350054,-56.731690077847176,-25.17191165342257,-12.977075353931625,37.650145700112745,9.957200772015213,75.69119923415332,-28.597501329797723,50.02961140520273,-47.797261561260164,65.63741168034403,-31.78999811087955,69.89468051842675,63.35487680002029,70.29769553484832,62.552862089260884,94.92453211522118,20.806164450825392,25.51696104782242,82.58293067841939,9.520778227807327,30.932527239790375,43.141302100686744,99.36614154864779,70.29244689906943,17.08317705545774,-7.752356643037842,-1
-64.1270635975579,95.94686695477193,-14.461418176759082,9.423021665727106,93.12716574162289,-95.37073092893166,82.7020630816514,79.81823550421635,-52.58088832070009,-57.09283272428858,-31.456619766716983,-37.712386252779815,-49.044798895002664,-15.598639360721393,-29.942213577043006,81.40739388366768,-65.41083342986447,1.5622243786914254,59.29368194746539,90.63163468696939,50.594881269942164,92.2979449531889,-65.04783577715365,-9.50053293438296,-24.933550957767906,-56.61963303515633,88.26093179888775,47.225929133222536,28.202417789365484,-76.16497494190308,3.7807487578296985,-10.39779411950532,60.63618173428162,14.214585826619981,84.99218716367673,-39.59903166998326,-58.411133375340384,-49.50763244994534,-8.05547063666583,-21.222177605523655,65.532850356083,-11.334093808102182,-17.170447054085216,-57.740406424735305,43.24741836361565,39.55826428256043,24.65937920996511,-87.69445454854687,13.27227227567758,-30.611271484758547,-1
-66.22830732592101,-59.87672577506946,9.255820958056788,-70.76692923763255,-77.39747493060432,89.22738354464846,-80.3290988619709,-25.345670020798465,-37.098598806176916,4.264750920389162,-40.75565504825911,-62.43148455543199,-61.27766302282707,59.79345397411359,-78.67183625476346,-68.07197362498358,-30.888001599800717,75.4379846684269,81.0424617226787,66.56940496478842,-57.80996465927248,21.687858677065066,-23.39409829071981,62.897032076660594,32.634112081380465,20.203216866449168,3.5373799166624025,97.4423240630529,-42.83875723196617,36.61546180893484,-82.49600805228236,23.57207391902567,-28.613296866607314,-96.48965370054539,-8.297905581696824,50.64569024114783,-39.16130023544346,55.34783328725527,11.579648465598751,-62.48171311597213,72.40876379598086,-1.6801595750394256,92.4655453501633,-88.73408401107234,11.329193499124756,83.81741919095273,9.66222609332128,36.29883149188086,-60.01373934958003,-94.39838859140764,-1
52.0455719779373,-66.25011232035409,11.003704841058209,-84.37913919581743,10.329347219609588,-29.91821103639232,96.85626605193775,-74.11348576252044,-37.40618796895481,27.512937108572117,-74.72535746733573,25.620273863080328,-61.12978117510126,-33.008641260502316,-50.22685670502918,-32.77040488296426,85.89049720064378,-84.20047204305648,32.38062191210193,-5.649239138208472,14.975302102225996,71.61021954943087,-75.84834611953096,-43.49894298782291,84.0929422789919,-43.77004475681363,-20.62158255141273,-63.24221726528274,38.453274527098245,-34.57964552265594,77.41788561533278,-49.26997150193549,-57.63522464731323,-53.49648033207042,76.96329328004515,-44.89289556895504,-14.004718207521137,-12.609634129956618,94.1114382555117,63.163620606423194,-68.18493962057623,-26.7268057716,-20.636035464948918,31.036244704415395,-37.69416523658031,-86.93417073479894,-5.435104700009475,23.084997388761977,-9.163795728673762,-79.1411987133491,1
0.11586348616626196,74.44090579977899,-44.66601156418362,34.84203207752955,-62.17413263485867,60.02627217658571,10.072377088022606,-52.2402306995293,-1.4975068994702951,-85.54947749852889,86.26442987396271,-85.40326944120282,-3.927426965871291,-68.20448519063959,-56.70426863562867,-14.695409192664528,-52.4956794514577,76.10239355130568,64.92395800099618,54.81163626694732,-61.230016987768224,-70.24711144075664,24.310083508715152,18.335758814811868,-7.1575742093650945,-93.4821064071204,-2.5785407034309316,-27.18843372523216,-91.35382769523008,-71.23874441191462,95.52491767671768,-26.878222877018445,-75.2678953635803,21.16302180443968,-0.17776989280417865,-62.64432696343085,43.05905861135463,-28.33639445131901,-19.71237299831705,-23.5618918527384,97.0751331989122,-13.056068956940337,89.33286142631937,-31.05474993626865,-16.243880907054347,85.49910631561701,41.49094488911618,6.044231407828576,-84.04479023386588,-28.0502899354816,-1
80.05282224041409,79.01334458724284,-28.750349382483236,95.94412869076217,19.38502714593085,89.04646497391667,13.569151099495528,-7.568310152128291,-95.4288460992417,19.852197214688914,99.10738673388497,-65.77995115923032,-44.25021216876781,32.50768948365058,-75.7169361769121,41.847214215928744,-0.9367642808144154,-35.80810639687013,-6.8066691140762146,-95.72268327463209,98.39002588628904,-84.74723496347352,88.3680757786884,-26.929948043133507,-25.335154015626557,94.7309395771477,-6.3228271245259435,64.79801845866785,52.51398254374445,-64.38282679085734,-12.66047896758613,68.70036927083868,26.060056573947676,63.81307235618726,61.80307917530601,-46.92645536690292,-56.20218962975419,3.0417712236232575,43.04857095479758,-72.37956885287618,-96.82260189129744,-21.371784308262434,74.50769337857781,47.20978815436678,-80.56023956735751,17.958250132480558,92.60704527838249,-19.627074723696467,-24.60983364416178,-28.263515894340557,1
-20.43267489956861,-68.34274878818039,-39.88177544381632,-14.270886136963455,-81.3184636479568,74.40375118412692,-70.26364763550794,82.73312507040333,44.64159910065635,83.47635209095313,23.938592827783566,70.59840700642388,-14.412807548394,35.69543630247907,73.74465384328474,-66.65909720687762,53.865527744214944,-26.149176412914315,-76.60856193082242,-50.2156190428606,3.595252320092257,82.26345496879054,66.41085165025757,-19.40839308135294,-54.429606993445745,99.49294791239615,50.89484303543489,-59.22523761872311,30.14858788500041,11.795736140034819,56.14541571691859,46.33170837659881,19.09680456499214,-45.92518560335846,92.47191535856393,41.01682930382762,77.90314947887097,-53.365073394282646,-82.60293140785274,-89.66330041990638,-99.34312460104353,-49.56884197087395,42.75363945692712,1.5307097934981613,78.27697422939846,-89.4922985648017,-40.43009189043276,81.73898514461968,-99.87556931780102,-53.76904262654205,1
20.050282019916608,-41.32206488340433,53.80464775652959,57.95309755893328,-21.2779316110756,-81.8863052996278,15.941447819578713,-38.96366514258715,66.27065743923063,-6.245684302855807,-66.31329045468661,93.69296973763534,26.306625835742153,-23.707031994856237,55.030138696786565,-49.64989291104822,-77.90554953628275,64.7950351554392,74.55151503225088,1.854568436893004,9.331147320095496,54.943287805622276,-10.044275538272856,26.28833127506624,4.576208934993957,-33.68411840496468,92.30740266539436,-72.08649675726475,-11.533165178178152,92.52847338482488,-97.5328684793557,2.8577475123188236,22.83401413210325,-83.67746549873416,-72.55880864973929,66.45752875289759,10.700268765661704,55.342460850526436,10.982363180630017,-6.546089222195278,53.44444321366214,-38.43636966514366,-83.29451610483258,84.14660422235437,-88.12820293731318,59.7932931211549,-62.919837492061184,56.406480792126814,-97.06063133373277,-67.7036182068644,1
75.86604313569481,-33.39847338955116,-30.805502438594814,98.14648727515532,45.17486869905696,38.65737451145773,-91.2969044692923,-87.76613012231023,-81.84534712495768,-56.71745549348757,-42.25645540655485,-66.76628120129892,-74.58423616656565,88.57462016236317,80.22453833432712,7.307011857961541,-53.23810722105355,-13.354155706930129,-54.55423620688941,-37.9785092880371,26.515741331260173,-98.12532743314534,-63.42003764975181,-26.602484392650695,46.79226762796708,-36.223923246276414,71.26870942278799,-17.40193549791249,-10.957589761950786,20.26834596683078,76.99262590315584,90.21857894857925,53.397528931492786,37.053551984588495,-73.51277793757392,28.28894926691646,-48.252927410175126,65.52763341301363,-36.40932841491675,59.574889387005356,-1.9574711536753995,-69.51024867338435,-1.5649536122869705,42.0135577716099,-40.24007883333604,-31.871542921381362,-41.69027121167615,-47.62171744143424,-10.86580732054317,90.45157889473003,-1
-73.1450298195449,31.884649369983265,52.334981078836705,-65.87128224957894,89.15825438834077,54.10650940762912,-18.199771783885453,33.182866601652165,-63.50909045483824,4.981045355453361,-16.09937822510716,77.04892292110216,-95.42379335428701,-0.0014423691579992237,-46.936318549968206,77.31691171424453,73.15106750413571,-11.880091120046842,-13.517076997442572,-56.673055799685734,26.09329153127132,-5.286262896361492,14.129366794592443,-95.51102358363181,-25.51889821131033,71.99550248490877,-82.91523593983135,-28.94346323432137,52.21968624637384,53.272464491689504,75.73887647995653,-93.55883377207776,72.77929442512371,24.316804135557433,-0.683923640024318,67.25547673297189,-41.73432939708262,60.96966626151507,-72.8409559857759,43.296837480501495,5.634519650597227,-94.10647752092656,63.962059633128916,28.008272095296206,-14.097452815597691,-37.27669605379545,15.467282284999143,3.6799324675316,80.64695306029748,-42.519445977825974,1
-60.85747198007019,-9.819269381370361,-5.669439734322282,-7.146619514777328,44.835607028090635,32.07367792747743,-85.08060813337492,-42.646207886894814,-67.78653381743905,-87.22894772148824,-77.67663712638063,-37.316342582277585,-70.87877423784636,6.964270154461346,-47.4065234819778,-22.41990684186341,28.051542317295173,17.48921583893525,-46.29122588385022,-92.66425893365347,22.108658473337954,-9.493998258316452,31.178002860515335,-63.81931137026904,-33.47424899405816,-96.0816633031541,-85.98491671362281,-61.34266878526542,27.19554607623533,28.838642623734614,81.63009986220439,-34.380113522367765,-87.3673660607435,-53.86858914529291,-95.36677062276323,65.07848913382034,54.03355605628724,92.94296017895618,51.39533512370406,42.71381194162734,47.95055649003419,-20.89224602396942,-63.02639630624212,-14.361668450772427,-3.381970710177768,-38.92984628611711,-83.00716786732013,-96.23807921855527,76.41604063358821,-92.78932727901059,1
-65.34113598583085,91.77437463808201,-55.301137148832005,-53.37053927638269,39.85495906707803,-48.052933906650416,-38.671660465362855,-96.75220161013371,-12.076586016050214,45.41119317306675,-69.96057626760852,-14.921575222814411,39.894154034485155,-81.90093991384512,65.0663367736745,-90.56483501648418,42.96665554957315,-79.76868384926156,24.26549857332209,3.7158506559808586,-0.7965250762649561,-19.794176037803595,88.57599815344736,-35.32783599023253,53.499551942285564,-98.65925492428396,-96.11509804736555,-22.487399522354053,-89.62830869419713,-2.064768276845456,58.01729230843674,-29.966816799739888,-89.29340007220165,-91.16733344315998,95.81293089359659,-72.67228445931863,97.83115623505253,-81.47463447313044,-5.8448359015906135,88.6654530059723,-87.54033356955881,43.15016565746262,18.429767585724406,-87.50795360186689,-6.196632299624298,-42.08208335598815,83.99230840290306,82.70750918190711,73.96865742341595,-3.594137602093255,1
13.47818883121468,-30.30440484086894,-56.1923276715883,62.939569224003066,-93.17401918576442,15.918839686253719,-78.88783574394012,-9.022067506169279,-68.71847480723008,83.17614494528718,-47.04631234386836,-91.76782166859381,79.88629721909425,-78.01244441644442,90.35128565031513,-28.83061046598317,-10.803950654413129,60.19611340710361,-53.8555263771056,-14.038546543562177,-99.23600429410342,-44.693147141647785,10.678085735088345,-44.20012964194593,20.41602347700629,-51.41258874559702,-35.04347842357021,-41.76490451863928,0.4079830548160146,40.49638645090616,2.597310794307475,62.88801866247002,61.52639941601237,-8.23199919351056,66.21039562689143,-61.71073231829216,83.95171455720097,-97.52183632644662,46.376660437091545,-32.55152053138302,-89.51610346263553,-85.55268660621624,-52.0517250606392,-92.57923880275484,-52.407885844246,-38.261103267981596,-1.2885174222162306,40.475486862504454,-5.760368704073187,19.790274260760327,1
-13.930693525559917,51.897313837661414,-59.36799232715821,-53.93116887357709,-91.27932328275747,-39.35970572314345,-7.888940905250763,-38.22415837472881,27.626918529180784,-33.16205005630111,40.8553064779955,75.09113749978067,17.964396947303513,24.10009210386754,29.534661206392173,-6.915482196201793,76.22023707395655,-0.212912338036503,90.75418643939469,1.8838987698103722,37.196234773666106,-95.42781975984296,72.15023822837102,-30.171169039561363,52.09880836170336,-60.55121105487116,45.97275751649357,-24.725373105432496,-34.33343942224194,-0.36337774291639846,-47.636140335003276,-40.58484710186996,-12.569030202392199,-76.15934239338458,40.52324780453051,14.812850426744049,-59.72446686250241,46.75941595057961,93.1904899505366,-96.46637485872371,-0.3855196917457846,-0.8686646865394607,91.35319297521883,-33.80970686162219,-51.841081173428606,-6.166971512702403,-69.41334468898714,-50.64305701399594,5.0611164497970265,-69.28207226092225,1
52.460524900191984,-54.387636619996016,67.27385860201727,19.479778237430594,-15.43930551023631,-30.41969189043165,86.56540031245115,-30.03074639516889,-54.72157096335521,-86.57613512324932,61.61002380015907,27.452239593819854,-97.79856748101928,88.41319133091343,55.482697499681336,88.84631312617103,9.784479135382298,4.6127877136664495,47.593118358248006,-1.3272682342396536,-79.39891187581111,71.39340739838764,-12.833801175666053,-95.74736303755475,-24.010245132725544,32.74178320103138,40.134271399679506,-66.98448624848245,94.13573312035453,95.38389650865193,32.96210290031652,-94.84720982513957,-34.30729134494132,-74.00119680788976,84.13323560962542,87.92116565988402,56.7556316063222,-80.94673077079324,-86.65617478954263,-88.17901887426349,-75.38339433034358,23.19374018847715,-90.89790984187411,-73.892586791691,-88.03196251120009,2.9638330118510083,36.22488744197278,71.76357641432281,-52.09754970006628,-30.021123428635363,-1
-69.10155919901484,-10.17035945355748,22.570954792672765,-1.9597082887466257,34.02135914445333,-14.506370896024492,9.579520339805384,51.827549360518134,-8.514404032888635,-26.830879170342953,-0.08442431444184706,-92.73191489045685,-37.02732491892229,46.13992990531003,13.777753482939659,10.306094901486773,58.95659683162742,81.08364364247177,-60.809075884208475,48.44595473009733,65.82544642940175,-52.9944197187576,31.909428528110396,34.80959933214254,-5.693679680641722,78.57483479496327,-55.826266446127136,51.52357100149004,-58.54163651175317,-67.02064859452128,-93.45729914315137,-34.71428645939834,-94.28871579412059,-67.61148535969983,93.51782991099259,74.91943003606195,-24.012419822496554,11.260996290029766,4.203619941063593,-39.36033447626555,50.60904752853389,-55.97211454383295,-29.32896024911969,50.09589521160555,93.8925438986478,-71.18519889122064,99.08073078649994,-4.490092305498393,56.52523613129722,57.79777681155309,1
-83.97885467807956,6.266158534635153,97.85124772301177,91.62270577986385,-86.21187754415598,-91.17796810107619,-48.07175322470183,82.19809732463301,-37.99950142401782,1.208471006900595,87.96862118437042,-17.121190193595524,-42.940042838426386,6.38331328567223,44.50497687977753,38.67715695657091,-64.33024825075108,24.038627310272616,-54.96581710853474,28.37952815822885,19.608550845291717,75.95581841042886,-65.44641648683196,-29.271604069555465,55.39751380988355,2.3261394254231504,6.499957192528811,-49.44264019149578,26.821174570902826,5.858309325055885,11.962425036521253,38.545107526170284,59.95720585935172,17.284440303759,92.83055572116166,-31.726572990007497,11.887441453175171,-86.05177666893997,95.81156712816053,-60.349432501435274,-81.33694848703708,-16.51302557437471,-34.541305861098564,88.36781390537911,58.57143151983911,88.15636581715668,-66.25132114786345,-30.7986882643105,97.04711608455594,-43.38251084895588,1
-31.208462688462888,11.24727880515455,53.64955552926327,49.820992279949564,21.871274785598473,-44.14532117999303,-56.56202583482028,41.34958071525102,9.572949979013785,-66.34854625269722,43.75530490523596,-97.03450488303203,-89.59951082156277,-45.77484152166049,73.47524268938784,2.9843060690947,18.103120286998873,-33.42466866439047,-43.330870383466014,-85.29347980792153,-16.600891715893297,97.53169010251267,-5.334393004650622,99.54987979335701,24.005580762147517,61.109886862251045,50.69395609342587,-80.01778969278047,91.281385487054,-50.72305286622283,-26.678184267174856,99.94777451888936,-3.0354695545237007,90.89211385177737,-39.34098347754264,64.13204471432161,-59.554192800758734,40.34384803804281,63.899844180564116,55.176052860841025,-80.4743466383809,99.66167372902063,-1.6247734079336311,-99.92216868439716,-85.80612426154855,26.40241117804875,-66.07453444303388,-44.85028817027856,-71.11829204912465,68.17361287978679,-1
0.07188924311212475,28.5666781631476,-96.15365930864796,-54.92751493593524,39.56396861726205,-82.7963624872639,-77.9766512513056,14.469836487652785,-78.71424545702111,-40.74711931026478,-88.22974299965263,17.118259503511027,-0.625141043429295,-20.055812903339955,28.486454681972475,45.19634709626277,-16.121949480131633,85.21519802380155,-28.179302697569725,87.75755857818615,62.90658372872892,-13.339284373286759,43.92011667269219,-31.146393706194914,-9.649099226812126,31.62818879610552,46.3032740435099,-5.408793020213153,-64.57590193061085,24.419193879076985,-36.2850844922789,13.730659426561061,-12.771885602471201,-48.277519277911615,-56.871930296156826,23.57274264158002,-30.767541780911102,82.64175916900828,-54.1184072633357,-29.626977988357666,49.590544013201566,39.416448493060926,62.36259461726962,-95.61637709354423,-97.77754452246752,37.33150202842995,-90.29637369084402,91.51115339192225,-41.613930326958325,52.47125271350927,-1
31.74155510017522,-6.663368833827164,67.38486598185841,41.36887148581968,2.4001713228319517,-56.11968407252375,18.20555919182503,31.118606105763746,14.669161683994233,26.25849330404239,76.1586319913689,-63.38220168680964,-4.899035635772847,58.886830871064745,85.91927436511696,-13.364404328499077,75.95659273577138,-22.59168539066863,29.598248236186407,-37.729249443775956,22.11018331304244,-8.432869597560583,-87.51390759786125,-48.76282400621614,79.91819529759564,-47.01684622490878,86.99055864974488,-12.283726734585315,-28.430236558849813,-99.88331652515814,-86.50982925849316,-19.33215049566668,39.759274279673434,-57.24871111934895,-2.839177836727714,53.406737881937175,6.824954257492209,-37.30593734557153,-52.45775778323836,7.560525121669315,98.20745985593942,73.04381045753252,-87.22932869789047,-68.714144179362,-35.97791283721017,-20.810916691798994,-8.037697587689635,2.7139668840881797,60.424953272796444,-31.2859849066148,-1
-26.172761238159097,93.44264136165367,65.88004403978715,-87.26733335179848,-45.6085770179343,82.80309840731024,-71.6648951227342,-31.150820105952022,-38.0679040780441,84.84902454458688,-11.826074427861656,-58.10815398775275,51.73619327975811,-47.37168779236494,-30.424887342589727,97.908096431063,63.533134714562806,64.55928307206926,-9.749162738481033,-99.79228218748663,-79.64371151684696,-63.02930455092086,98.45539280628248,-14.918103642334813,57.74018257548187,-70.69414830748045,80.39967433786182,-35.773210583118086,39.658708935468496,28.319344849483116,77.03554587754286,-76.5430094425434,77.8919444212373,45.185526433921126,44.707790533322935,-7.788465242289931,10.188491760796765,-67.72192306950575,-56.02279214268577,-55.56948418889655,77.15316946454132,-8.688780568476233,-17.210723584245585,38.89918964478798,-71.04124275917347,-70.85692872907244,-23.049059443760612,-86.86591492448201,40.22697180875343,-98.86457615787594,1
-91.94839939815358,47.2559797566843,86.14224446650871,-57.6226921100085,-91.75826085169075,95.89636571329251,-91.48944507855708,-70.52436164392128,-23.464766561972098,5.9564758667384865,-61.680972040224205,61.871506992668685,0.7603145944303265,7.334904085627116,26.027185587566933,-45.079390826869606,-90.04484570254179,81.95917225004877,34.58594630152675,-66.57583393645595,-27.78395681244932,92.5100224543344,18.172951863843537,49.755092773258696,-12.628044264968835,83.86263122947227,-43.536154902632205,-19.039197808261463,-96.71004602286129,-63.565012792489895,-90.60275032268233,91.3069693062825,89.44876398018101,-44.69384858344683,-90.57287890016646,61.579312655382466,-95.55285938361844,63.257982973894656,93.27258986435066,51.97335448445938,85.81384663482689,28.463580492491104,-69.77143651036353,-27.377545185126024,-26.296596583714177,-55.85519178910692,45.47526966042423,49.889607604107454,-13.927019257393013,13.56323473784515,1
-50.67927300439508,86.73578122658702,13.941570113986643,8.285878860999347,-40.733949781628695,-97.2219730067464,-96.9933408476023,-5.5616027392891,82.57636535552024,68.96233899156019,77.31425411009505,-68.38606016796723,-91.894469344904,-72.89391377888985,-96.21972340483931,10.940163199189087,29.748590264150977,-99.39368392192836,34.83262477997221,30.165689144296323,76.81630319198197,65.65641292856691,-16.61047843359907,63.86882890067088,-35.75072591234267,-83.57902146355616,51.96492390153574,-43.55030034532379,16.915770953211506,19.906447412666253,54.17973837261064,75.98624675432302,-3.1099203700324836,-0.6877682558136229,-10.222938506515248,6.351205145601057,79.25591690012621,14.175702477178646,-44.96071604027423,79.81627625793635,-49.691913190482694,23.301092307823737,-2.266861853564123,97.27396349716145,45.01744555230175,-9.934536202426486,-44.576805502392425,-58.00557712185059,-91.22246501567737,-99.56579860591401,1
75.5948640890139,61.54047380881141,-71.10486068107893,-37.847660925515726,20.924954440450747,-75.0062763696333,72.44528411933968,16.218888237750704,3.865298404930769,-70.50686840581119,-81.87394937212275,-20.61817562428338,89.82914155014902,12.535147798809973,14.166753268325479,-89.71910676870792,37.679738348011796,-31.74067997921135,-87.10378877716798,84.68331512499023,-24.166809475289625,80.03276503573537,65.59646588194127,-18.890964485743638,89.12367979007269,-38.214821035077364,-28.93860743882159,94.51100872245362,66.66048175164153,1.7359186628269612,-95.44590167270619,46.288891311716355,14.142306356237839,-50.9172643288478,73.71329573390193,80.79372114983073,81.80141286863022,-30.01652207314396,81.68393109420003,72.35117731396232,45.36809610298238,-82.8758768844912,-48.25117074306442,90.44289529654625,78.87136035157982,54.57787534827125,-92.79263980312142,99.64812700927507,51.17359771624126,98.68521478467031,1
-28.680764802758873,-0.7849042998937676,-66.09596793410753,-46.19329024481782,18.554143948604462,5.436367269420074,-67.72645540912623,20.78083911209538,23.604955647230625,-13.79228041399763,-19.126063978108604,27.81779589164661,18.33768461830833,95.86700092906227,5.93525036115328,78.37532871725969,-49.89999227801161,50.82543564790626,-73.42144819440388,83.38323083745405,0.8319683318837292,-71.03958625887996,-4.392581830120548,-2.5822960596096465,85.60534373116161,72.52239958960206,12.92987090718674,-38.66951174092925,40.923575989425814,-28.801747642565488,-9.268380884024978,-67.4375881125649,-53.642391529514775,-56.0973523596058,72.07362800387824,4.104072378786583,42.429791289335384,-5.870856057392231,-85.6802099113199,-70.753168892497,-49.006079320690965,72.9529166526601,59.487396561884765,47.57652058351101,12.649674539849443,-79.04780365344124,-74.63644290656791,-9.830846871742054,-99.50195005696811,-42.602702413546936,1
-54.774933750065614,59.213705079387466,62.62405452428388,-14.364862507569924,80.09141454959646,-38.06409969589271,-23.26369553444006,-90.25772086449166,5.400793910839411,22.457817449275353,-90.16036968755377,-13.96886856363264,-47.25439087103751,-55.71256482853328,30.052796865279475,57.37619371964075,-92.50559025898568,59.54387220168715,88.25376045485854,-87.57472312099893,-10.420856008665154,92.8613059754779,68.98957638303378,44.05425107098466,-11.1160171290676,81.0235307996875,-48.153849382250044,55.31749714547075,96.63094127410525,-8.557906452595915,-18.88976641644922,-85.12476798340516,74.48214113730478,44.57261387664721,74.04635203490591,-7.883924498306172,22.711082949757696,-45.71030948494481,-66.18348073513818,-65.39269711572943,-13.014378451321136,-71.15736501145025,-93.43271051822614,11.4404469510214,-88.27090402997175,46.29803528074788,5.230789232671356,95.80406393449903,79.12108853033655,86.81431435489807,1
-11.960200408901883,-72.69939758328357,-33.18455651643055,74.0607556999685,86.35953089319972,24.622137517611236,13.517162968735335,-20.35415150641515,39.815725892799804,51.29396916852659,-32.153430968789394,-15.256803210447643,62.31530660086884,-75.84408413130237,4.949843446858921,72.36521767289551,62.082648999539,-40.58716156719051,-75.80887603540714,9.384889736520591,46.53481405602963,3.1045229943730703,-26.88066251897044,41.180726436959475,30.688484646025614,-41.665290834374005,59.770205290536126,-10.498782726581453,40.77052546398161,-21.56162447797196,97.30710494687281,24.283283376009578,-16.334441320742883,95.93828257746026,-99.9080883703175,78.22901700420627,-25.67660183165303,98.44866838467266,26.244743233799795,-44.71454074844645,92.89231303744296,65.17581297984916,0.05465770194439301,88.53665346240177,-36.02220899812663,-44.81119659597614,-21.413296781428983,-27.591762934858636,-38.82196625715337,16.415690750980332,-1
-45.701599491457735,-14.07945131029065,57.9424018421098,-28.406434888066883,-44.95601531238289,-94.26288527203057,70.17198521108008,49.60901767039127,44.0476151890241,-89.56267402552349,80.6642893637476,-6.871656581924611,-96.01753402328448,-86.629446898897,56.49253498025263,-93.61477651516437,-1.1267268304180362,-75.50811212156579,76.15738878062913,38.193210924454746,54.76213684227949,82.79632904221904,63.102052977192585,-71.84788635740279,67.54550945350053,95.40194935583577,-18.802337198496616,11.877829106339547,40.019052075512604,26.134356602762182,26.90221194509641,-66.4127790846327,42.681306618356786,-58.512596598069045,54.15195279529465,76.19924698023357,-29.063458681009365,18.101577488230063,-82.1964599719174,51.40068909995574,7.379320204706403,-41.41900179672786,-53.34189638461893,-50.532254444938715,-21.78560428524696,24.26976275921588,-4.205943305710761,6.526593994481772,-18.263591765877123,-29.37210799856298,1
29.70096402373764,93.13063495328245,-27.670934448996093,17.03662829968269,-86.26306275612225,64.27235853383152,89.26580198775892,10.387209449331849,53.67869864514361,-4.772002881920727,17.42885280826573,18.250211065753092,43.88006217395602,-10.202718055661393,-92.26829818865536,76.42510342667705,-37.87764181759612,-76.61301700538823,34.73604539888487,13.233814438715186,-9.833572656835216,-14.627086684977826,88.27858458738314,67.45021739005196,-75.24996214352349,90.44325450492616,4.36261713802412,-39.443986823645716,-15.927616499415592,12.583283721715574,-47.384007196826516,2.3139394159524187,67.38434808537897,93.94507094985062,-94.25669478407472,0.8912165642918097,-36.94091609522368,-63.388814730907185,-12.449823847637148,14.210292736739262,-99.12975023105948,-21.649685332567586,-78.71074460250264,-25.606543997868656,59.714827936981465,86.81136707634624,52.63274934595526,-42.74237287564713,66.23257981064947,47.5663587724905,1
56.042529707126704,-80.05475922932641,-58.052201212286825,2.242813491832777,-48.35940810628614,20.888183268378796,-68.93748121906631,41.02848778971941,96.45316585724512,-56.46499364821756,-84.30553754967687,-22.666576114058287,10.137596795780794,-71.67112779046283,-11.052290152124414,3.1071157347726484,97.29535831188846,-48.73568648081721,-45.74935993859262,-82.8841415497589,-48.61043525617297,-89.18150211608528,72.78683611133118,57.21710262206335,58.36280796948722,31.007166018819333,5.47076039095586,-70.08125350462299,-85.92306160157437,50.40624817471979,63.5276743566173,10.592751985665387,-77.78020858764454,-67.95041045270034,63.33831654674847,36.82275195442975,59.23702164311604,76.82440513379575,34.69906059089999,64.80106102603199,84.4873818581255,67.05204432640926,0.8202744843944316,60.4818398545396,-7.620186618531363,-15.44420786368859,51.16727405444513,92.88626316076596,-17.943574221547237,41.55514492998145,1
-62.68598822279283,-3.5965320446134967,22.51856165517529,78.87797073969816,-7.583079075020649,-38.612851241529555,-21.38442334666027,-53.93744924731521,92.73030301576944,54.20330095917387,76.65766723314326,49.450376080385496,83.06301306371881,98.61192369587681,72.0551520349573,76.51950344210735,-57.81248618169721,-79.80156663572359,-63.943827751229506,41.155710318327664,-6.5662057074843005,-14.159830200801139,1.1609004612831626,34.71908543533689,66.56577470583139,72.73116193941846,38.7853323491662,-29.78446495680717,-78.1844685750005,-21.582325280923257,5.694960820241562,80.87767672947618,38.6865396503847,48.10548096845358,-77.77425406168175,-49.92640643777737,66.03494542266083,17.14244444610206,-99.32288116181813,-94.49578116241682,49.00887738682539,34.78232369470672,28.78592875634942,11.522769128562288,46.21961191123569,-21.1058220489748,-89.40499841005665,-22.1278381378296,-55.715596069979135,-51.98292063701877,-1
-59.246708174462185,37.855864245167425,-72.58806329268374,92.45281560703441,-15.032160378145917,72.91149806043137,84.16495889014107,-28.381974441104603,73.2994217290331,13.528240953956868,-7.191932465104429,-30.57237401574295,56.62615262166145,-73.92336238257975,-80.69003159278883,8.601322136682768,95.57314458242581,-62.01096033746898,80.18549652609664,-12.521539294150813,-14.960573457187976,58.68925148803146,-63.22535880518239,-14.7410371105817,25.295701115666503,62.35712469396432,-44.14889470160743,72.58637612541165,-3.69176823250595,96.31580642643698,79.27637020694965,82.34693986183797,81.08107779820722,-94.2848871753237,-97.0490136878374,73.77730898965206,89.86088012510953,10.591904842684954,71.08470258707297,-64.64205686349705,-24.011747516540368,32.23065203959257,-98.64066093256143,-17.629467304972394,-7.945536465671026,76.3085291503773,-58.45354756580667,-77.73942490980443,-98.07300555659388,-36.538254247356775,-1
26.54237574972018,-2.279014824403049,-1.9761527746436087,49.26123389752186,71.46692898457536,-71.52555124299667,15.263629949890017,-51.35898112527746,-33.85469648047416,98.86883713201041,-60.75000304306655,40.26455018125509,94.59368867038617,-57.52166304037816,63.977905823504074,-13.182074675390083,58.06057089691876,-30.51469032470635,49.24952380952763,52.46994065442328,-56.30955443118444,-27.413701325844215,-35.80964726646647,68.66738966048379,85.7692024426799,-70.32466289951434,8.511832418200243,-48.3593281763381,2.5319724329709885,-79.82758743217943,48.575312196260825,52.96466510241413,9.67045796045332,-95.51938065918739,-19.229636657666887,59.28747081354484,34.689241832014034,-9.534008015987268,-93.68384315439582,-1.2027229759595173,-34.68362110696637,-26.602553321150893,-86.80450366777032,73.94637037567571,67.96796173868336,50.19836350151209,42.71695848349722,17.924277883971754,49.6565717091496,-51.076832371601654,1
64.7247221497947,44.08321381846858,37.52028578414675,-44.54182874631532,-7.822006074456667,-66.84324275425521,0.14960385357973394,-33.37812720074626,-7.352130549527928,0.6637139807037897,-95.00885225009918,69.91818993016818,74.95041342005376,99.5610380026121,11.875806122643738,-96.85108051938703,66.85590702690055,-98.76742548715126,-10.245981990606197,83.50150214220463,-46.29854095058674,65.55213741421665,-32.32591255115722,87.66829273277057,18.953308093910294,95.36348293830176,-96.95955895661064,-42.251097447198305,70.60291869234683,-81.29461197802277,-48.57595871954699,63.798928392659974,-17.99443887038767,17.785675609375318,5.587286657099753,48.87045330081003,89.58672157315644,29.38506844810442,29.028588663180244,22.274770816247823,31.655706973416244,-66.00983706781305,59.57847959691276,-71.7668240993821,2.2331799267045085,53.671601337476545,-59.4830442374956,88.10817693554375,43.56669222774593,38.169621801286866,1
6.31443053734624,14.69991698704321,-74.3729919498952,88.30724920769853,80.02759025860072,-43.60979894505983,-47.95534214808499,-30.65985665484088,86.31595393576237,-31.101094849356016,-68.21661907601882,89.05092293614175,-72.40245363500793,97.18731841507264,-50.65910439350905,11.637268526517474,63.80759626813901,16.951302982594555,93.6444912242332,-64.94998862288455,-54.58230581759575,-38.50179361919239,-13.557895049982307,-65.92042297404598,69.90645717299694,70.27341754548434,-79.1158822642747,90.56807450961796,32.02691130043081,60.13745738264649,-84.37409449616236,7.889215655901879,62.37089768293606,30.37123380557901,-93.16611477033456,-64.39751477628823,-75.83670960952003,17.43415155590189,77.23983821422712,48.37727676053191,-31.710677278744186,-30.133509211692,53.890507002617255,63.341572282826974,60.41795540067133,36.87574876316398,81.008812975512,-76.99031262388063,39.97005075431906,-52.746060916937545,1
-25.338136744049407,-57.847380114018755,-86.83156709826906,-34.846376071326304,31.94888565389209,-53.70929753525671,15.094133531283987,94.51519414120969,77.75791766278195,7.6084400095131315,42.571366481806336,-60.479355943958545,40.38901700374154,78.21643138361202,-94.19562809399244,-12.276024316411124,85.24201586849753,-95.98291597928039,40.06716795620403,-22.771836348332812,-75.85904868860848,8.1011246378296,-29.194819290388807,-84.22620976659667,-90.68978701832198,18.210126787477463,49.652870332448686,-57.03864713577078,0.3543423309849629,83.67479700466438,47.71857159586423,47.9362277026861,35.187636685566076,-68.43723508317292,-10.486167061110692,27.63905570780132,-94.3449873120773,-74.25428003681364,86.37759737480465,-65.78619242513699,0.21476957228404103,8.80478655665297,-99.93884714614167,-9.513680011519739,82.08141660111201,11.789202775660996,-82.30588326031864,74.39107516231073,-29.51433165950756,93.43887077852767,-1
-51.59099682749451,-48.866755333637116,-43.66939806310724,-57.60818194840529,9.744697669814713,44.361959177143405,-35.5192979758701,-42.518122332296684,70.43810662095649,58.46693936319275,39.796797814351606,-73.46116234244427,-14.149477439181382,40.153378781426625,86.35673863162825,-88.13393077256464,58.696670882723026,-23.839042339305877,50.60367063592321,43.72193725038201,-55.41873476775629,88.75526162762426,-57.247679591576926,-18.966011883072653,73.42554696188924,84.27653520029324,16.836244501292597,6.652112070170929,27.57006229816561,-56.24480801019867,-16.960032424984874,44.84957581478736,75.13896820482168,68.06008194890168,-45.16806352074869,1.382107028976634,13.338006938352208,26.91438937390747,27.6494399682598,-48.753097865315056,5.276704325576034,-12.85620893419592,80.97690774063133,-96.88720112043619,40.72247653606911,-87.95973898927451,-19.437702471150132,-90.23666091711384,-19.1095069746372,96.79123970033737,-1
94.13530908194883,-46.34479590928866,28.22389301039587,76.32959091496213,-59.52728793564213,42.42649689451764,-85.28947922703922,-88.65018196946959,-0.8294245088870724,-71.74840935920813,96.65080476378941,26.555182993747792,29.45032447261252,60.394240055216045,-19.84054296813727,87.4141713744018,3.19581563121298,9.734318638396203,40.56504255211513,-0.9035569615807475,45.0271637412356,-55.758329959063026,57.77543871312227,30.653769003134613,-69.86965604367686,94.87809584908834,-19.81085120260289,65.12718263605035,-19.35461990996079,35.346609018405076,5.055324709922132,65.497435383723,53.03610169389739,-44.37670473496795,-0.06484169675135831,-7.731435645818735,-0.024249499139301633,2.7742605967558944,79.96445409432755,-50.536648718396734,-65.89218922940302,-6.989641764230939,-37.222533989726344,50.692113125711245,-96.2739627360875,3.52278713970901,-34.03405789983813,13.182367575046982,49.42100335207331,66.20376349680816,-1
-38.038624935506206,-86.20199825790812,-77.67936010962164,-92.40355580796096,-67.60341461403513,80.59592981126977,-68.49827237861473,45.87551557494072,13.811510308101262,79.69198333270899,20.364506381266963,-74.68198408478398,-97.94291971299755,-71.00039687848201,53.810157340951946,95.37771462642576,13.009045363228665,66.68308664371193,-56.593048453932646,-70.3327932344876,37.73919289821535,-31.322278004632082,41.179624347626,-96.01712698962379,69.41935595750994,71.64089943792158,-60.35018534931042,-80.78977665063678,-71.43208560709627,-9.869713119263906,-63.56250132814567,49.079250293584465,98.82601416249688,-30.050015964787207,76.79863524875157,57.63272252824453,61.76501818263483,23.44750483267555,-32.684964374734875,73.41996873331823,-16.778963286975767,-92.96492210922038,-16.652009012719105,-88.52094847226091,41.63711864262939,56.87629830074346,70.76019781171235,-70.74121726581697,-14.590461748972942,-58.095993825836345,-1
-48.09164336478193,30.45280118875405,91.0828329492193,44.77420766294344,-35.04109942732627,-80.35069848961763,84.6410605785708,73.12782412375867,-83.36220842287818,58.97799114471894,-68.98333056844446,53.71504581573703,31.3340679503317,-6.862287302471287,44.49807855808373,25.931743159773603,-69.9715385728202,82.42527345275369,-27.878432456454163,-81.41306291881418,-38.61579936258548,76.07332244543781,-87.10212246715487,16.07077429142447,3.195234662043788,-40.02471962806313,2.0668270006515286,-60.40412898880516,-27.849267840016893,52.139390979528685,-84.36423050990997,81.4690200950082,-49.161060671955866,6.069346579938099,-50.79839191177613,34.63558632168056,4.207022599979354,90.13559428349583,32.84067859559866,-58.02197811311747,89.9875495680281,-68.99521706142156,-68.78372698842632,-4.066344896864393,-37.833525219103905,78.8936783643448,-94.07231414360031,-68.22893133798812,-8.022664388957594,14.051585769157043,1
-95.2107469459033,21.7998222103857,-27.681946715938068,77.86752240428964,60.68156531792715,69.7341397748281,78.24572272220186,56.372456299878706,-75.8689296379484,41.79237882491773,21.834921639691956,-0.49989021396879707,-43.63308281418459,-27.2163427407435,54.557228950103365,60.766045384820586,-70.85138950730791,-65.45441141592319,48.469772093590336,-69.97081096290594,19.403476262774745,-59.399530843858,3.8880716194989304,14.051192538932767,-26.43290126463043,-35.198183258888974,-1.733873116689935,24.9076272528318,-57.809848819261056,17.17888318514609,-82.79375375493719,36.07156555537989,-30.32929966882567,-61.366732496649455,-11.651169678838656,-45.80272602233788,-8.787867799357059,9.501134379174971,-0.5500629222810289,-37.02656700483098,-93.56286692322891,52.82754845974077,-33.2430401421542,17.770684353935536,-82.15891710193387,-44.1402282087795,68.88017222811345,74.9046917386431,-17.82669690813283,18.687785537657547,-1
3.256659839534805,45.07792033236652,-84.03378668742532,99.23015810602732,32.00259884169208,1.5297659368599597,-6.958664079997519,-23.595072452116298,89.62475635508213,96.88009986122037,-3.4708855164036265,-61.46444710342922,-41.625291887522245,-61.317381122177395,-8.512775429339996,-9.692516813041777,95.89052995730071,47.262109479261,43.41284548943469,-72.74706438120451,-59.663738430512446,-4.482708702103807,-95.00627771305146,95.28955678260454,-18.073244610669974,-70.90544810214601,-37.645655035072245,-53.26122548087824,49.327107904900004,2.9946529762830494,-74.11130918136328,50.01635687186223,51.402635754088834,30.7995999458154,71.37838797160646,63.140135698872996,-56.03728249387034,59.74660106452805,-73.61775514235336,-46.777657063614896,62.778507688913066,-30.29793697984084,-16.139533830211647,-24.159508333546853,-53.978786188827144,-12.886786112788798,-10.44003482610259,-14.163543224772155,-15.513240768619994,-72.33368559649219,1
15.340479771551259,91.3671335086126,-98.5495143969711,-98.08765742990435,-66.52542969197279,-80.0756438100681,71.95338943322162,67.35408605518651,-10.012709379279244,-99.93779749423983,97.58553697041214,16.029203330273262,-26.14728721871593,6.300616572860875,3.01562184074416,-4.192209667514703,42.38356743132786,37.47896572643555,-40.82104876354664,15.16588585344121,93.8783516000205,43.654344988113195,-72.67758038208572,83.79668028482536,8.720445590263154,-58.29928523852319,99.55887295510198,-14.46024975658193,-29.9343185640343,-23.750778640441553,57.364743368855585,-8.0601558222005,-15.280499259889723,28.468733694500628,-67.48457241058296,51.55241734376506,14.25708031017021,-48.11138305188092,-68.24173713627859,85.92824976582386,-64.80708363819731,58.07581909531757,-40.96120877071694,-39.98874319097776,-83.95902251889174,-64.06317864340389,-77.13347726842177,-66.88610162551707,-28.500234851597455,45.90468927852305,-1
24.183103553495428,87.49623447982094,24.325915608642703,25.587498659892006,12.338674970294946,46.41241941386821,64.31370019475963,-7.522736311462879,99.60729159581481,-95.45992684912451,-10.904662921888814,-30.09697557663469,27.720196421903907,16.474818470068527,-40.52320081827039,32.14941967517805,-55.45159924418981,39.761494562900225,-59.12582682149707,-75.80687625538964,-4.563084752592886,-81.5319942744619,-16.25921024170019,-3.8080768715095275,11.601819046831437,95.45882071047794,54.90129793464615,15.048780354401785,26.466151656863218,46.14462048320132,-37.39064875494322,58.762679885697196,59.70384194911853,23.433996459028236,50.090281091339875,99.34257308085202,-65.0298393602676,0.029153013975459885,-47.26918786570129,-27.821909250850354,-56.424011003577725,89.26302538691712,-88.33931412491971,84.6619509972605,79.6405468987507,-86.97143637983973,43.4177247522818,14.450076739002341,80.48693025900016,-74.23240225373567,1
50.67563705178833,24.04696979222409,35.416394390221626,-37.71684922376826,-70.55950778041819,41.642167517637404,-18.865709424051232,-47.86052818461977,-85.62061669707919,-68.00615659290085,22.792092237681217,-17.612458655644787,13.458928146808674,7.471667078899301,-46.10202717133491,-66.7867928166198,-57.75481652653978,45.91954554280858,96.58621488232762,46.99606539659402,-85.24603931563388,77.4946657970356,-55.71593620686117,-36.193543043080936,-43.06913276657427,68.17537860941533,69.89843428544532,-40.22704067233225,53.36869748043347,-88.3643835582906,8.02623760411933,57.6213700110857,-84.98233444074062,-93.8407088915013,-0.7807680295539114,-91.80089444622202,48.27368058736201,65.53829660445635,-27.777494003755848,-9.332593520003684,59.14806966047013,-84.32791317729487,-87.82675367687425,1.234832775988039,-72.48891580722967,23.69710473363918,38.644663009130085,-91.92033365392906,38.46660775044023,-38.041626929899344,-1
45.796212331163275,33.86967015255922,94.65214867277987,-35.35064321119859,-57.023805581442176,16.08200463559453,50.481528571837146,-91.06495846290946,-39.30447163838715,39.623849162458555,80.29837413835907,9.168098048993784,16.035859639226047,34.13827180163494,38.019322204942284,80.73891307806585,-5.240751390027356,38.971445095059124,42.70556478659941,-38.18296950437945,73.749410114488,-56.7430906158356,40.58395111504839,74.04472154246031,-84.00228056696561,-42.77254641875583,-17.888137054433713,72.73315834852352,-27.475187734488514,-99.86627932862362,-34.680461870296824,5.908548857308091,-26.893063428678275,-24.975049517141088,42.51274135507168,-78.08426847130625,-82.68374245468615,-79.72218894399674,-68.31390663240988,-1.2782538785576634,-89.51165543619497,47.899236335096816,-7.756883907804351,80.4049143818884,-47.475417158137944,-26.40813266510598,-41.24485636264063,2.373971048191464,-34.166785305220486,-47.5062093996762,1
19.712598643552,-30.452432888136883,-8.697648655641956,-81.75152117725581,-86.79873283766642,51.37595049613597,-8.088318844568093,6.083438322223117,-64.39829810588029,28.786336378637714,20.790357186560954,30.182721834038546,78.40130909228026,-32.04182430952574,41.65491884386702,60.32941817724671,0.5011855214528111,-80.9089825942168,-38.25519432793889,91.47962192333364,58.628907524389405,-60.64234402523412,71.65876154337911,74.44109177973334,13.93972750126764,-93.61117022511247,6.911872714400744,90.81714238546758,-90.43067440559021,90.28042947825725,-2.149750400863539,87.65006171108541,43.940469666698675,64.24746546934415,97.38825271184254,18.279919085925968,-41.17950184606578,-2.363537873853801,75.2517652333278,12.058869944482083,-16.794010924919306,-37.72049573812926,-71.2711738444128,-64.96935519695,8.948202226351242,-47.66952488807126,60.02687109527761,66.0362213430628,-49.41973255330636,-62.0698849223263,-1
43.66623507440079,-95.818097532953,19.3325813864963,-46.55060498578953,59.308413205929156,-96.06748200482365,-30.67192520315507,93.7113476609344,-26.487634951635258,56.08669129776899,-93.78336248555061,28.577701974503128,27.74852225613816,-92.25977052190488,-90.9463904097453,18.793526445524662,-25.433302127191155,-61.06954007026189,-71.43512316077928,-20.41489487803409,68.1321859822072,-21.99761568222067,18.208686580055016,91.4163086363771,82.65488626107498,-0.7150031612867878,1.3445816948620006,-40.09346703012176,17.430717945290013,-94.85452724453305,-72.07720801394686,2.435686280670751,6.614805269901481,8.095998053900601,-55.9519845954666,24.717271078248444,40.56920083175143,-54.452863575729204,-1.1316251229368675,-80.39954311033712,89.128057307977,28.589962644578492,-68.08047816635803,-92.49372152969579,52.82842039899208,-42.511834560426735,-36.17535666774341,49.59686064242527,-16.15421843937841,7.916012951764941,1
88.92284389480466,-87.27971272444053,-96.45911098535255,81.33376292303805,73.96480177740628,-76.15821771720866,-6.255430211753435,-48.82627188480484,16.77924096126364,53.34330476255303,65.0082100465356,54.32162580725054,-25.35220502449944,32.74338022774592,52.801029167895024,-6.8964802556162255,-73.88637693513442,37.35281091145583,48.67174324012416,-6.893761186409193,66.15526367383245,9.15347765865151,75.09911942061154,-87.65852420504763,46.53094518663016,-23.194537498657894,-18.096102007835754,-89.11381920813875,-62.10718159311695,-26.019454143377956,16.4358202293499,7.685578463806664,-24.645425500036367,79.78698650098534,-51.53201332913437,-39.54785879757667,-88.20320626888432,-79.98010213527083,52.81615635104967,77.52195452262774,-50.26899249986245,-77.48711907356585,-78.5867048104907,68.70305995615314,-21.09240397670429,-83.72179863584589,89.07648102907089,15.346185216586377,-12.503385166023094,25.257367331678964,1
30.04021847963068,80.65472444778283,19.802527422922452,-3.7513089246326956,72.9999225212106,33.78278544685554,-32.078717150719925,-26.634313178214114,-3.9432922221457574,-70.73857834979978,-95.36951327807172,-80.43408759705093,69.15169442645688,-63.93030176786114,-50.87136218537762,-42.71555790860062,60.50757939432276,75.06217242295688,31.634801099228213,74.6979868463047,22.828279350872393,-96.25594584514872,-90.4927213052088,-42.30480343878107,15.21345113981181,-4.375618252027749,78.98924259208684,-74.75923032604304,-33.58264774317881,8.19214436855384,-80.93992481150548,49.237379060392186,-32.996685802994705,36.87319897558319,97.81764955681479,-79.19395797224173,-52.188309439318225,-46.209219473932265,-68.34108503868364,50.094668343013154,-66.95973402980285,-65.28780766253396,10.578821601128084,-18.20105200910946,-14.030070586114945,54.32048697042217,-61.39383568066461,-87.84012051679451,-44.57377596664256,60.88368234841812,1
65.78309483013547,-79.76687607737935,-96.90350817249693,75.1398745885131,37.9703257492603,78.12997828091937,80.48632985512378,9.180941966791423,-86.22171985616336,33.03130478112263,27.560252492192845,97.50891749842788,79.22943051263357,39.56193424822675,-76.58994525928098,-37.09952058737744,77.95781326885466,68.39562582328412,66.62268195978379,-21.427873856339644,-11.32479185741569,63.05241207348956,74.69641380022904,-64.97048415945662,-9.73841441362309,23.740154425515982,34.70435753037978,-63.93004478465865,64.32337184469827,38.33175641751447,-80.79151497280759,73.70373646607484,41.07781805148406,-21.926848585273163,-59.20928554388385,90.38904732467245,-90.08927727475356,-97.6851765183461,27.71818084430113,-24.138301249575505,-30.619573912472276,-90.95823550289785,82.63425049978136,68.14438412506144,21.24583748330815,-89.54191125474671,62.237469268323736,2.060089265013005,99.13765697702354,82.87920074990518,-1
97.52991274721157,19.251715046540426,-64.53774929547103,12.489788254283752,67.68887723444286,86.2275818385246,-43.908001221507334,-67.35796051232381,66.95830760330844,85.24805232642697,82.13762012021536,82.95931709338274,-66.23960294067922,96.71943709066554,28.498054919524094,-49.1915798923499,57.46309943409028,98.93144846500513,-19.47531151492656,73.78944468848104,85.09081887672315,-5.9660247705913605,-2.732562062067089,-89.63522491010514,-92.48385801520564,-6.6651333586742965,-41.717292640985626,-64.09287011772105,3.2431072081363936,1.1859145031142333,-72.90510722618622,-62.32098809479511,42.452902415003734,33.147643037243995,-47.62956641010903,94.52127793299519,5.380993478451359,-72.55137560681608,-95.02243811531193,-90.41697309847798,-93.12452643052839,-63.193735709837284,-65.63155445934008,-32.050202024280395,28.940756876593014,3.3516267988398027,59.86085771204125,37.666136031335924,-92.57976730355809,98.37398178134859,-1
-63.43244402623658,-18.39598174298378,-70.40905224520586,26.54302486019833,-0.9079733655279512,92.34725406133285,-11.010479542929104,37.29285887727602,78.15976703209563,33.53529852429739,-29.641795183342424,-60.49710866093649,92.57999941339813,-57.0391305603666,46.77527098340204,26.026903486964528,-64.797628615598,38.06512911508884,-55.57655980556373,-11.166865986926283,-49.24939934973147,-24.267678996795865,-71.30055545753034,15.789100677614414,15.151194618473738,-8.447396962022879,41.591404653995454,59.10732554155939,59.755726629530386,-91.4120405444141,10.082498306576213,-92.78564825924904,7.832464586880434,-40.53979960199794,66.45560685610411,42.662243636404554,-44.258174686290054,99.86248078380652,-28.681333483328558,10.929601735045864,5.043255624264688,-61.21194398158205,12.32448948074314,88.53519336058926,79.69756840430844,52.52165265541905,-92.21170373327735,-64.81408948340221,39.33189274228786,86.98491302271637,1
-76.02692653326343,-80.08405729199421,24.78911495227767,82.22715402601668,66.37408187019275,12.181505614074212,87.86207260111519,18.098306764689525,81.6063971289309,21.386366115404783,42.638385672200116,96.3883885590295,41.61824014243439,67.31297771454612,97.78036328394964,-75.3827629147905,-53.42109785674198,93.39804764813732,-43.34745347452858,44.96132280636269,-54.305808839274135,-27.833633369870057,58.242002234007686,-53.51653293092098,-91.92675098027239,88.34708144521272,-81.75911386919053,-65.93876670321224,72.3612881670741,77.32339536423387,-26.855253449312173,-59.58789421531423,38.79518887014751,45.0770743416731,-21.61192440342525,-94.99600567423549,42.8768107318983,62.81832205162311,86.04650555324179,26.451863143298596,-11.175604728329546,-24.07681568060427,86.96024453080221,-46.07279591898721,-50.09907825937814,-68.40509427996969,-1.526834287104876,-76.97121548402093,-2.1895449953441357,-12.24037037692922,-1
35.81332089912749,0.950864713108345,6.665368550587274,-86.14147010667156,-15.1007250945665,42.73860942913578,-25.970013890545943,-23.314889032255934,-41.41390488855594,-45.99316182000881,22.807002920284376,44.91072356820476,61.77545860307413,-73.04297158559947,-50.31402009652324,48.8350591754766,-35.29539609307078,20.105325625812924,-30.445645952727247,69.14937492457574,-34.22562101755746,59.55245937500618,-44.736497927592154,-24.066071412448494,17.508827921266473,64.0011466950175,-93.96493598359102,-31.25708636198881,72.32718139216948,-96.7775937711088,47.103394443097784,32.89090453313784,57.26093105764002,-99.36961976033267,40.0337142559971,94.52060668568737,25.669277357954883,90.16207046932402,-87.75149641149243,74.2900783988488,72.63736748138547,-25.003874003838547,-32.53332814684991,-85.87393256972689,-73.58372530762003,66.18455689254316,-60.73333056270065,8.996378185143243,-92.60811576001726,-94.69152135157282,1
69.3937708414121,21.337864639577163,-59.710703670841234,-65.4490707976066,-63.439993950873806,7.535523374851266,4.885446890604754,-89.72006541217763,-5.892961286522549,97.23563922257708,-34.14709952485957,-15.367581196377216,84.49337136221601,-28.358259214672074,59.264781578181726,-70.3052786804185,10.57672122875772,-80.69934657774145,-62.358285892873376,-50.76747840144971,44.62288308734003,24.852069600267157,46.305978181344244,73.89741010591914,-87.4752851918283,64.90230569004379,3.5360810536516,23.944522806093914,-64.82214324948221,-18.944361635716774,-97.494391698257,-65.81671652350798,68.67954933068927,10.996632164387663,8.785985353267733,67.9684764386327,22.590029525222377,-77.7904661155047,95.95899946662533,33.30297004012809,79.9443422048106,71.46269785026976,55.25096242654402,42.08837163602229,24.9871110919551,-74.43372194696198,-79.74001298209078,-54.74678052716826,-35.35891640986878,2.6660728132801097,1
96.1136454121447,33.63613239158104,38.68516840325469,-13.324278013015615,6.6442004616262835,83.92137234412735,-24.283691097581155,-69.2018907371329,63.70449635637374,22.977576596038944,-98.88341808251364,62.71853814151888,-23.965390508998993,-85.26080578506492,34.06669554557055,54.47535429905693,33.67501208284952,0.033250660456047854,-75.83825083704924,-57.28629804829745,-47.90675093871284,65.2673880194699,4.168948205280714,18.3905091457695,69.96392792142748,49.01221585634997,-1.864053474936341,9.101079526442419,-33.489447519895265,3.323633741160819,9.203060574035234,56.822235177083456,28.869341288631773,35.658794806927745,96.83183350052283,92.82886095851853,-18.247864783087664,53.05668571292071,13.377792427836894,80.99287664382848,11.042738437457004,88.56920345887829,-41.823467635640775,37.6852459182991,-73.24948989493535,-21.989808919911397,85.4284265784998,20.514179776408454,-27.535641750089894,-54.83184002146846,1
61.68114777873819,-17.859919882691372,-72.62393606163447,7.079505485095368,-86.55535300908043,-26.242632021031326,11.692928487294594,-9.589251484816444,-91.17355028868366,-7.5895623344935075,-25.235101810395562,93.0941735033295,-97.6882701189534,72.7786429097678,-53.033105703155314,-47.31538685186847,38.59099814149914,-85.5767423768639,-87.33540216275064,-27.630492031177994,-48.776200268934964,-82.84356909891002,46.91780288201747,-35.49069972264401,-36.120658236962576,43.08689194242348,-74.48325536688529,-61.29584342673893,-48.557458375590976,2.366048324725,-45.42832715289471,97.29115537633038,45.91266560770319,19.39952063091937,80.047292990768,-53.35188860274205,65.26614838505904,-62.980833555650406,-13.699295543380785,-4.517357573809491,19.106885137122774,77.99369531197888,-75.51412845919305,-27.159587019119627,-86.34470180325509,-81.60860641576686,-68.18300654501492,87.71419002551696,-84.07777406859492,-0.6932787085881529,1
-75.7949999029614,30.847155989063566,58.64593565466441,-60.02794054516023,82.89502120180097,-2.952206193937144,-6.127903864617707,53.76633066721163,0.5415808317677602,0.9501062531613229,67.44526601568901,-73.07620469197965,-58.43426468864881,-16.693302530824866,-77.83456620784632,75.57070345371747,-7.079929815440082,57.013222011188475,34.20994924983975,17.19721282943418,-32.590816601681965,0.11048462489138444,-56.11222271202896,82.22577989762414,-63.905965727640805,-16.3874218726352,39.73774621031643,4.092216565094418,-39.31839833559412,-60.79509582153857,84.3558965918644,10.556323797367682,90.49198178536554,2.724126304953728,-93.10151691970783,-55.899381326925294,63.445702018266104,-51.24925665347448,-99.09735845081936,-6.076292541661957,80.28145840235976,54.11033510008107,29.528923147667427,-61.23303053759026,77.23208663198983,-47.22218407965153,88.51371579753274,61.60233956088811,-54.18660498091305,-97.93240373982385,-1
78.22862273961422,40.31305312058845,-73.55769543594006,-86.09844069696135,-89.594030610031,-36.29628468294317,-73.582590955563,-65.38926244282331,-70.64041281166664,91.00186498567297,17.07005780084738,-38.76975603560746,-87.67206116364316,94.71386942530086,-31.037793067018526,78.6156332969203,-30.539429739074777,79.36040554020914,75.37318460441008,-83.75019326463789,11.824404039541704,46.73475996489546,85.09503864780976,-36.84640103908387,90.67796524922281,-73.81092552640575,29.6421549382452,10.660786891930059,56.26784580109069,-63.872488522602524,-41.29512652499137,55.61111358621139,55.183857313403706,-28.96401049777006,70.74867222039953,24.196890794803878,-54.60601635511699,80.07017969155916,19.449466166718594,-61.0639610599111,-55.67945244183241,29.47954320174773,-99.23265177351881,1.6824399149114555,-75.24353784991507,94.17997803685287,-57.262208976500716,29.520003975702195,40.94493425622892,23.392789134117592,1
-91.18682768592372,9.82880304829024,-39.1859430439486,-10.1126449383909,89.37708887492337,86.57501594802491,71.9234919201246,-7.164804041608193,-67.93206503200189,-27.0666941050288,64.58366897426004,82.06777318596104,-97.4993186278028,69.20164397762275,95.07315412465738,-32.2949234232746,-43.203203345333385,-32.0367372045925,-68.7277781516199,-22.432871545697992,-90.51275496482978,30.383328267436582,64.91010590469932,21.947796890675164,-33.139786404671796,-36.57288502732325,40.82742627794022,-98.76894078494105,-36.358088128541155,-17.128323615494452,37.47921960484487,40.013126997353254,-9.633649893739033,23.322401097907104,57.68045190813203,43.80430600760519,-19.147214035163614,-7.235882507322117,3.5256823015834584,81.45928269846303,71.2643626653452,-12.549753797909887,-54.206691720681135,-56.25056133513113,-0.520923060664515,17.96652277959312,54.04512273989786,-85.54646402302353,60.949783894904755,8.394287269589043,-1
99.66950227858993,63.879646193298555,66.4451567007811,95.64473371627491,16.466324446801778,-53.399010404480826,-36.971300891072836,-82.29515135084344,76.87136195214009,-7.984249746434941,-93.69667457410029,93.58764136782816,-60.97511827017552,75.63231977363068,69.95694982823105,30.859100592106785,-35.18335323974573,-51.94111601395433,-65.17824504451764,43.17043330442206,34.300561642120016,-6.74231478252409,81.91485732406571,-84.58722801451017,-82.07880654658275,-49.9774066107618,66.29113431364854,-82.28713062385992,73.03832330149487,-86.65526994595712,17.14195725333947,10.697782674038308,43.89332365258974,-76.60598063049231,-70.09038386465554,-94.71704095532381,-27.73649000059821,64.0698211602143,-12.538050243511506,-4.068198972812411,89.83857256707032,-1.5811191008779986,-85.79683621323719,-70.96277116325228,-98.08487147494967,39.08759100003124,-50.00888476294121,83.18221573997766,6.021403634484528,-36.25033515426455,-1
34.34177184881216,-28.875600148486896,18.197336993626976,14.398389061341632,11.338116282061875,-22.557400799534364,-60.33716822126205,11.31907258470153,-30.926865961837976,-2.295895527367904,-68.70633353539364,-44.37258931723718,60.84318654408611,-26.852891882805864,-84.94108973391114,35.386848753471526,73.24405645138364,10.725000071686793,31.719892052509806,-95.64872603507513,-67.39625869106601,-78.25523458223631,-67.70431138924255,13.955097105766214,-69.15456718186527,-73.9430289418167,-4.836202906344965,-4.788283554543412,-75.42486389041858,-40.10717426156465,47.34357854809238,75.6366790139896,-56.63963218913892,-56.037347987709275,-96.27702716735777,1.999951207636201,-81.20631856271203,-38.57364822431884,-17.63674703324847,-16.598625708719837,-64.5838946701522,-40.789749897674746,-38.182574970920435,41.766347965489246,-56.29910725217058,-60.51467563057869,80.60660050977276,11.373998437500106,84.3448191592177,79.94415513019447,1
99.77852240665811,16.666581997703503,-26.91877381968864,97.2197026960398,6.3417993162104835,-41.12392822441191,-30.600064062274868,-87.44000153542181,84.79919612556876,42.27211815513195,-80.77174869784005,-39.499478547725595,36.41686371510991,87.97595019158248,-71.75728742171519,-39.5533361131464,-57.319007724287815,69.9916369744401,-20.70174571141297,47.47918506498846,70.85817155741015,9.45823546729143,3.963509939661833,77.26415246243573,-60.23662982515094,92.50683339015507,35.329347280086694,59.072170739203926,-18.047796825176604,-96.65118916734181,-65.20632254252412,-57.36544680584732,77.98808062412513,-73.36475391733408,-57.34713363946406,80.280365237642,1.4846399424169618,-17.306739075256175,3.012402595587389,57.99466868473766,-94.69431999405447,-58.23168015982285,-45.873638813776466,41.39802519462731,-6.504491933938766,-52.88775647014698,7.362676264588018,7.95541594884503,-48.35609942577055,34.62768831308625,1
41.092166056697266,-79.37064782432779,-99.62545121616628,-13.487100146313708,6.401455093361278,-43.14626140108957,-58.266206272258984,-79.52675580940871,64.6605086888382,29.038867221125344,-13.31129212393482,-90.32054476946247,48.72655311727402,-43.81073185424553,-49.41699576063423,-19.564379984454177,79.41715111032934,-57.50493057433788,85.727219424082,18.412825626054612,23.570239957191944,33.581133013127584,90.81185576250047,28.396661248800655,-12.322259595212273,58.47022306889798,45.47254710396797,88.15045933484919,51.380397644213275,27.116635910631175,96.79260079181873,66.4188139664418,-99.62566843449959,-44.08366830448895,-40.04963173446716,47.16127648518099,-17.46846828652309,-54.43716753968309,-46.12621304610218,-93.26826133302808,-14.108849081945564,2.1390925637135467,94.96698350397924,8.332417904994259,-67.47151171210808,-8.863643683510631,13.726971196746888,-38.72816638105523,-76.94296410816793,45.89193455598931,-1
33.89739103963802,45.69878676948804,57.15643007875087,-32.829136827833565,-36.89214585402907,0.13760684015271352,-94.23857244307601,9.076902610071997,-62.7833336718123,-8.663908790848666,-27.785346571629958,-43.84735522304848,-23.928918502239455,-40.7480070370589,-5.973788647482792,53.55169021443399,95.75649917507732,-75.41642749864144,-27.989279568458002,-33.798656769908874,32.66239645631671,81.8253066871354,-73.81091249271061,-16.138215465493786,-27.343147240498624,-57.29839881556984,-2.594067825926345,16.016474196475954,-45.26013030973137,-84.16416805578362,-62.444077311925426,37.061190507705845,87.16316695923791,-71.32976531214139,26.888304874461014,-95.07547615830592,44.61382221891196,73.76251112821049,-2.8299341759640697,-59.93013002336662,0.346481478501488,-84.09757481792153,-47.8021757465259,64.28238702116516,-71.83848732461162,87.98096481513468,-52.975971751979586,52.36427602639145,5.977647120604487,44.40982170290036,-1
61.333010605363285,-58.14244769397603,-31.025243261358042,-89.87093471125473,-53.843215497264964,-37.1708769698788,13.286179826712072,57.194768476462855,52.99012263211168,-37.368033203985426,33.89498562843855,-86.26928511383375,-96.45745998460711,44.251371807008695,71.829886233189,-74.30972551655964,56.83413578355422,16.652882142118457,75.45482477458594,-28.631562131491833,-65.25335068584468,-35.28263648543894,-59.842048876766185,12.04181083640951,17.76176285733378,15.328900370087723,72.49637137516808,62.93300671248957,-49.54559488965982,37.65387763928044,27.55205493669075,-83.48893885199703,13.830828109530088,92.60072280330974,-94.9381708723267,85.75225202912347,90.32020179444646,-49.40929639522964,-83.13306275919399,9.90226632893625,82.22052654182929,-78.3604090663627,-71.15219953945657,76.84889928541949,-28.67930996005137,44.154367725660705,71.12869171259396,63.34083615325247,-96.66268370442882,-6.41438121539926,-1
-51.365561800109184,-9.773986040431708,-84.02126244172783,86.77340797026397,-19.827364102723905,-16.27700280502893,-21.312327353157443,-96.5549345264148,-12.813019043654222,50.99347952119271,29.744102572724245,12.523168277901235,-83.43056559651527,78.42749675440004,-68.3959049784751,-81.75287187009951,17.03291709811478,-12.232981564804504,89.45428378945209,-30.364955128292053,96.98518716182286,-94.23113700914824,97.44958899282099,27.482406441173765,-3.320684793407594,-91.10547219520947,-11.722566755816374,80.76496187414875,-15.197951171106808,-80.60841571197976,15.834560851279093,35.478477721516924,-14.432024783039694,3.0797045190574153,-81.73156767173784,-18.323612836568557,45.30072953126586,-50.374900030100676,-11.480426147884359,20.50462376705984,22.598612531556725,-97.37726960990108,-91.87965256020125,28.085062339135646,54.66162396463773,-81.24249412410414,-90.23159249867925,-76.75458161634106,-46.632318636640704,-88.78756776944212,1
4.032700222398674,-47.990391949513224,-12.922120774397314,-1.7722928608346251,12.278074630874542,-49.58861429119064,-8.2969588264789,-19.87474801916538,-66.55277424101722,-80.27040509042527,-64.05817577280794,16.61722083676331,74.93189456510237,89.71205142350976,-47.61597695648403,73.65649559990044,-88.07046383691963,2.1994408898201385,74.61533854094483,-58.82284363488388,-95.3811530613915,-20.030005071875607,51.53043182088629,31.48031799695596,-31.1116562531966,57.18283294880442,-56.86438188725496,70.26175179034496,-89.67586852197684,35.36694005763428,63.84092103265334,5.924678399539474,52.60539436654827,70.80916521366066,-35.40963772444543,33.86555414919536,50.337337397861916,-63.57628186459054,19.94375126400743,29.698408650883607,68.9648595121397,2.3800454057964657,91.65076654570521,-72.82863212954038,87.16595423319919,54.69834274232059,76.87239651875402,-80.8833460378291,71.3539651300344,-88.83056116961474,-1
79.44315159066534,40.161683600348056,-39.75485038754412,-85.3110617988477,21.62858847663,95.26258002212796,-61.63904167308238,-47.16594367129636,-64.46106223011952,7.816753280654211,82.39171793572103,-83.68550184311943,95.20066131942636,-20.86480910242439,73.08540212792789,80.19223894514312,16.07022867073411,58.64455311428023,-63.99705000391802,6.391989387682415,77.04217335291557,73.84650393579642,79.16942224150156,-46.22319001003326,68.54023454972688,36.36566324140094,-78.43777897946836,-80.58427748454659,86.96453791973923,-2.8742593532280267,81.26100302393758,-26.502467795225158,49.51485815320609,-84.6826153733897,72.43291351435028,78.17353229902832,-57.219115348164216,-64.87066483791247,8.527101795433296,-99.14571768288367,-46.59259537990579,-32.92683213978967,-98.32438763079499,37.80170532477564,-26.873743761048388,-73.61143944201831,-50.4502341886562,-74.52594101937034,52.79742957518582,-2.8968343450489726,1
90.36235708464778,53.36977956355463,34.74232954416976,19.74466821134608,-57.79538473223194,94.71591084032985,-41.13522915347543,76.02749428906546,-67.23406655231005,-90.48669133549554,20.67358577323499,70.9709472422901,-27.28709714184741,79.09066041999174,-41.426280353608426,93.61692778660722,-84.55487671078583,75.79275067400431,43.92935534540959,-93.55775151653711,11.820993000392008,-98.77508972269825,-98.70438281335461,-51.97665931071731,-89.09738964106573,-81.50057905498119,71.69158149945017,22.252378350683585,-86.606802506187,-1.2154680748395492,35.11028836584259,98.51606713098866,4.803609177368955,40.669712895465295,74.96092892804842,28.870266815365227,76.1750845712508,-32.79510841175643,-98.82028400999934,-91.55513900667293,85.99562179277157,93.30207674426026,87.74392385575814,69.04869972817343,-96.10592683519592,-79.83041621463613,-74.1086078443445,-89.01750822064068,51.57607900267877,-81.03656772704772,1
-17.760502223490832,-79.23212277781448,35.685333401747386,-27.154423770757788,77.69017298647728,-21.173830245474704,-29.828671311532972,95.17609410964269,53.99632659430941,-93.30276984650045,12.261982709771459,82.35239953292128,-12.88869246297051,18.104289741072165,-23.941870963752024,-35.07498015445283,-47.3852943363904,93.29901576551325,93.86421461467273,16.073501223866728,69.03372101837923,58.86152987746601,-41.706531662770004,12.056444600071956,65.11855912969904,19.391093483639438,-83.36647214034599,-37.579451372779516,86.34243802127622,-46.45646179009084,99.24110395480704,-44.620807906108475,-1.3585726995813445,78.49086191351262,99.72226901261635,-26.898144403097817,15.459295530842326,-4.55891679006541,-90.65267671084686,-37.510780578240976,-38.96825035824423,-99.80199247976348,12.859825665308705,-24.741175088266743,-10.051740586854237,56.692459448286144,33.706034299834556,-31.308352580058425,28.680027083396567,-68.81847383219971,1
-77.80210615730378,62.546580860935876,-37.76151112912469,-70.275173906019,-53.9633017331997,15.700230330229033,-18.49934159248025,-30.566836163327366,-5.892859846260762,-85.26680027001647,51.915336268168545,-89.76503665024052,9.489494579958674,-41.55922029165722,8.47975139506903,-34.145689088232274,-14.335489797107812,-64.21641743361278,-86.54859873776672,-94.63645976584687,71.1952161779648,42.84172617032843,59.18841763100181,25.32484642529775,-38.745909575315316,9.325966032977945,-14.290247749567172,-18.736226119535942,-2.359726092569133,-36.732363170162955,-83.01433736527986,43.205849548010946,91.94611509464741,-74.42898746204112,81.06433677154453,-92.45969486679415,0.34062909240795136,24.29172238897202,-59.87904574200851,66.99246255862059,-24.69576341845054,-96.70216834044678,54.57973347322459,67.97066290619333,88.09908264870631,-88.5043288808767,53.17020348005809,44.313056842218856,42.75136454514501,34.6479158355819,-1
-39.80728661063675,-72.87467679853732,-43.320461085881234,34.20249496897401,-39.80489691791818,67.76351444136753,21.442520539873144,55.43204092157504,25.773631866527367,34.13660044748789,39.214524633601144,20.226849404080284,-60.75330744531535,-3.1434520731884703,77.18352099896859,-72.45264052850844,-85.80086923263863,68.16977304721229,-23.223568162585508,65.35037137770462,-99.35705819664263,43.551088770265864,27.248717243481607,13.00618113295397,88.36626027834183,62.290019281849254,38.08494003751704,-40.403717218113535,10.138909773716804,-72.4301545830029,83.29189923727552,-13.099632772736996,54.51918644025065,19.856539545569476,67.53025277091592,59.02782825586681,94.04658449401458,54.53320542524318,23.21122510952773,86.35743817798723,26.89214501522798,-43.97625690406346,76.87374753817664,50.35983990682291,-68.70947513165831,25.67776807020232,96.8119842604026,-15.267756657745494,87.81290868306769,56.42732402676799,-1
-97.71640330918527,51.493810144620596,-92.96785734227227,-63.40045667958023,-44.754537286945315,-21.447403810484474,84.52024873069576,27.21702889444677,-71.34886198209209,98.29588029988204,61.78498000467977,10.889364145134309,81.44846289331082,-83.04467351890514,-48.78768277012724,-14.614389353827661,-82.34309293834114,-92.19824611089622,59.34767993224264,42.35516920235111,11.70904141695317,17.50894326023409,94.42537624268326,-34.131820854289515,-67.73748066607739,1.6324688602105795,93.62421611140888,-24.36973101884344,48.61217891875583,6.488679119719066,94.14030706891248,-82.2115955495787,40.28788352172543,87.44175578715118,-57.17544564151795,10.714115519721659,97.67330315029793,79.62872741510424,-44.67358450586578,-33.446195687164405,24.93266051127175,-74.05330047038191,-22.293970042563302,99.90624419394055,32.74996986739228,20.174036861258983,-98.43008498644478,-33.241951701857886,52.94250307716575,98.91591639933887,1
-32.346498801100324,23.824280009339247,55.67912287064232,34.4505000148427,-18.74585967054314,-13.247451241487767,76.26445308274666,20.999084827408552,-1.3837504350668013,-41.23162077273725,-37.26760832278491,-13.821073948523875,-89.46044988051514,-9.21469377038946,72.56866468293038,79.46500346772655,-32.80343671037389,-31.171031452952235,97.85295226938516,-47.86895835007792,90.11624858599089,-57.37356057827363,79.13129476597663,70.51261736388511,-53.50859581096328,-33.05397315604783,84.62688687018402,-68.02901296871362,-59.85454064125177,-14.105684190165817,-30.839601532435637,9.016145223871234,65.21801933271078,-61.391953584299856,-37.9532463734255,-68.63946228092493,91.97873382160375,-48.61084802923416,87.40390146811248,-30.86429724434376,-33.45087108377368,84.0885150570252,-34.82156299548056,-3.3291630440984505,-35.84967024732468,32.69406339208325,32.26014028824278,64.931876571397,92.96036157216182,67.34165690187467,-1
-53.49880155843376,8.267076540253441,-7.867251057859235,42.524215869664374,-78.19705109309879,-88.46135570222758,-43.620657543190134,89.7600501592602,-39.798591935432334,96.90295547069692,81.61117762883379,-65.74619849427606,93.88077202551392,-85.14044133463699,48.271283619364425,29.647686409448596,39.81753565323652,64.58811448093377,-34.05911916730719,11.134767261912273,90.18942062415383,67.34829086960247,90.2804555320898,-16.41711139392767,22.060213146112687,94.53114800148174,46.05004389072863,-55.88014852705441,32.98289074231593,-69.69646257269721,14.351791340622455,-4.2360706682616325,-45.674837756478624,-29.22555494672538,39.865708308626665,44.2054624717866,-7.842853190152681,10.518914785002934,-45.46348945340646,-33.67877194447975,-90.06726870250672,-54.7469068752223,-68.31868634324638,-44.11686589141972,-42.154744837227675,-86.82991923090205,-91.32605078210874,-88.20733746371512,90.32020398392751,27.78344775658772,1
-66.21298738556709,-46.371354077615834,-61.2599414428596,-31.738151902021315,70.23941749575232,-74.79239386624172,-3.4807123441665624,-81.7949129299226,-4.399504128337938,49.668182929106706,89.5674709994407,92.15067612610167,-1.174076084346808,22.49173402978019,29.926569930273473,30.04371887319664,84.45852180836496,40.65722019309453,58.996554276058845,28.997435954650115,-58.625888596479925,45.77877457223826,60.53535298097998,-83.69809361252369,-57.02349176092518,53.99142897601115,-94.34255013421608,46.11986931851925,47.4015224574367,-79.6029458904087,55.66056629257915,59.27518647340591,-22.67647237528709,80.96564961836319,-78.63079004225617,76.0814348001374,-40.53649654818763,-36.403592822518924,-5.8335041227253015,-30.646191393132852,22.941966948250396,49.34435433001377,-74.45468348778677,-9.769139131840305,-4.281316171441944,5.705279751028542,93.78233169827925,-8.616320402967943,87.60683508129722,-66.74923411019853,1
-28.603514106267227,48.3612950492344,77.80842353803223,54.568988846933706,33.50559385263,-95.62728948172425,-76.61352354786447,70.09851562975513,-37.54290629465176,-54.77828276071326,89.37710038722304,11.658065651723874,-5.141176848384305,84.78941894100302,4.2300071308220595,-66.12330645589628,-75.90832112605185,-88.33978409226057,23.5637578620171,-27.74927639517459,-1.2368695247201487,-18.680904860276115,-50.4338203846892,-58.19826542321298,41.47479521535985,-22.460744314509057,1.4413354783934267,51.39294609432201,48.44887515732762,-19.740535844131998,97.69435007678621,-13.594564340689573,-63.999088799712254,84.2750680209212,28.214282887286174,-30.27240033951945,15.516698115300542,59.78864235872982,-77.72723666042462,19.883496718460037,21.739260994778903,-66.2859194951703,-98.37140603883037,28.108558867941156,35.58250422701229,-1.0792192270490517,18.20684808008714,44.15383457880088,18.165353344820517,-50.58284531104415,1
-33.956987025700485,-63.41541480758306,-35.39128307627952,70.0237736112224,-67.75751721632602,12.107717610349937,32.70294855866703,-73.63150844154545,41.3453522498078,-15.383067687172769,51.75229407574099,-72.09165611325403,83.80092151113769,-61.69717549677385,14.08345978781172,-85.79402981397408,68.01782811925307,-61.15303119651221,-28.936566991888554,70.55170005017709,15.456907623046007,83.33973605516672,39.27126636086501,10.781478477611444,35.01783737201919,83.50675970635868,2.2353483032528487,55.51671266731012,4.049491404219268,40.47445791685672,-82.90738108930036,-95.83524940274337,11.96378813508565,-44.61110553538836,23.224897241537775,-1.155164826933543,18.550088224037722,83.74717109797876,7.726256408653072,71.8177586733668,19.755474413540668,-31.545313945214914,16.61397835099858,44.86887208950304,16.402233163217687,-78.14304098684096,-69.24495946452063,-50.63666282910428,-72.33261378382818,-10.44213000833372,-1
90.0474707641605,-2.941873187656924,-48.56457279511454,49.016034232443616,-9.181291079133501,50.98783296117807,2.090046935248793,-53.304765252910656,-64.31287029176028,69.93322176106196,-2.0472661708516426,51.339201304046924,47.645925570106726,-32.00025787494634,-53.65006243313357,60.05435866364019,-93.92662867141202,77.68204079980828,78.8527328709221,-78.42134605520938,79.07189692318096,-61.446314156903895,30.381517002778565,-31.289763477775764,-22.503485543066077,39.172601658951805,38.50660403792679,83.42442789404441,84.87763480785898,90.88991117718729,-49.15051153005483,19.860423166042068,10.70439994180326,-12.99843541429189,-21.038698845724497,-85.29922406517277,-12.150207363415461,-46.153073484912,67.28105928282719,-70.11574954626789,-25.10985609262181,-7.304674518560233,-1.1468787628453185,-8.441509456757899,96.30660214617751,94.18532662495048,-8.529227447684235,-98.32637294001123,87.44436860445643,20.129163734080095,1
-58.22345519896726,-85.55413034550443,-21.07900966775189,-39.52029603420446,-88.06522793257857,2.7490288960923266,-8.736818143159027,-45.44686815799419,19.95200558296804,-61.37594373516817,-84.49071921816669,-0.20777833619686703,-1.272754577625122,70.42778707077764,-53.9623756093101,27.177258672663385,11.793008900770857,-51.67688223032372,-74.48493917222618,-1.5033929642352746,-20.573144681346605,25.07215123932272,38.938534401722166,43.47108516795183,-61.94913287920754,-11.900252295838527,74.15587899468633,53.02841155935889,25.64662804149758,59.54555928829336,-62.489558759324936,72.97422530948293,76.15355310678905,64.87438455378592,-54.79765866743842,-1.202707828678598,-21.270507950678237,-19.206215703012532,-82.59749408972878,-19.52085289636605,-96.27367538160148,64.50239861317888,-61.00705019483641,24.587437920719154,92.90474479897648,-17.233916440629955,-49.57959234300395,-56.338621149808034,65.75643963115962,85.75652601487411,-1
-1.4763812014260793,65.27806232011105,-5.543807134239785,-58.72265155036385,-32.77390390337089,-76.23675054697057,53.31961893029424,-48.01214197314334,24.075537236353455,7.7302900549464795,-41.17005370058673,59.36276686461429,-11.385953722415948,-72.32815331666856,24.855000965462622,-64.4886282712736,18.603464702151612,-31.685851208301813,27.122025413213663,11.995693087814033,-61.33668877118155,31.662522805948754,80.4873195210962,1.3296034254169484,44.40611066828933,14.435195693061772,0.2664612697747373,-63.969048126986515,-80.91831951105274,-93.20909456653068,94.6896933990109,-20.915650414269578,28.144492321253438,89.30243464355758,-65.66775521130597,62.230422211852186,-0.8386177656621356,-86.08157329172484,19.177207055476003,-18.096795287623664,-78.74429371508367,78.35074128801404,-89.00188141251233,-57.89427203249113,79.71114796422378,26.948758914347735,37.89684637699,93.80841254229358,21.721774905269925,-20.381557815261388,1
13.004398571803222,-46.88248033852802,71.2598653432234,-49.15499398349819,-70.23957857430872,26.275061520830903,-95.99534626622388,86.21443441053225,12.342477259553306,-20.607589703612803,-70.01603974405886,93.47111146550333,2.083484427782011,-76.27489885766283,3.636374043268617,52.681516197447024,73.76898670362274,6.944243070228694,-6.523179838124321,-31.23994792926632,11.992111542579579,-39.22384425563186,-75.06007406507092,48.039140839303485,-84.71557188941969,51.63593528466495,67.32259139391564,-70.67715310541712,-73.01474158815944,2.57483126318283,47.76928114976792,-13.31591628160389,29.01196690387627,66.7093583608602,-93.7682939519469,-96.63176400147056,-6.4979882127753115,4.949814882943812,-6.113661951570279,-44.892803728533416,-22.662336106626498,79.15290308245969,22.374902625293288,38.51717868197093,90.27509359983534,-63.9086427534646,32.87340687893712,99.2755007325149,-98.01519754210706,16.08614350578712,1
12.414558880514221,-93.44002514462079,46.11325408668097,-19.754000077661644,24.709909883527146,-18.361643645595734,86.83825394932478,88.40475372596444,-63.32894106516309,-94.37379119222152,27.48734728152631,-26.38171837623966,46.36585553581281,88.61107374860978,64.8239870111955,-31.93444609694673,35.15846555642358,-34.15846912671947,17.221326053857737,-16.83966460052335,36.91284953369572,-52.13919215700076,84.37724899016882,75.45481482170638,-13.226606738182497,31.792116506384417,31.626222241573174,-64.58975893202204,82.83271372553128,-12.083444134235364,18.5140553441248,-46.609839681534694,-62.89165810829924,-51.304534271843714,-14.268305349814113,-17.10943221830628,94.576832812724,8.150397081318815,78.2252641421714,-1.3888621016642162,-46.79544566173648,73.99061627559703,-30.212758126476743,-26.954309580962033,91.55129734415706,76.21976483888722,-89.94033802548975,39.45122097979686,34.7492740466904,52.955111237859796,-1
89.85462124912337,2.4339911867774333,17.019979708997226,-19.821336346674684,28.618711643799486,34.81357880354204,-43.500551960961495,-97.55299542392063,-19.81068447754373,94.20166038696775,96.61505753882716,38.93204998426833,-61.23236254422822,-7.995362592579198,10.378849247725697,-4.8250756903662335,-55.27579489622034,-90.70889175209265,-67.10989064801501,-36.75197149142293,76.03755620256138,41.96578449126366,-13.079268112282506,68.41364980120039,34.743270103155254,37.31001404527922,-92.70445088815842,-90.20608785266133,-46.817693676711805,18.20316647512685,-78.97627199101487,79.26173310759941,83.46349997066366,35.03693264230964,28.31278640842541,-85.1389781195836,-7.00517098180282,90.18531182845953,74.60704114104396,87.95256684707894,-69.14339836410633,18.18798485229138,-27.383685353512476,16.42974777900048,46.03171654511763,46.01522959072631,-81.16671434850818,-59.13598248207015,-2.906967120368705,72.6218998300213,-1
-19.9575448300656,-92.35944324852179,-90.43778725950405,-86.39994327048453,-95.80400103321334,21.192161498158924,-86.03402740525485,-21.716305577925425,-5.654525359759873,-32.00379106237344,-46.99666761417476,-96.0091048420739,-36.51952476368487,50.36876636142634,-89.43236797691543,-59.680178198762526,1.8089991963598777,-28.252971211096508,28.946669959469432,0.7960121903312967,-96.84882043482234,58.068957450108826,13.928166696590225,80.1832156330465,25.46109486534793,56.36783420355786,14.555083644536083,-22.38908202013141,3.461102127596533,51.87212879294938,45.49848129521942,61.95695537008089,20.976879487681572,-69.77604616376662,-24.773603431881327,-17.066348192881804,37.68871409855373,-77.04906979380182,22.04219157180289,-22.678805163182147,82.58788402633195,9.223797276782335,-11.632737804685718,-8.214551031237448,61.33590922951788,69.90174636214854,50.39837921029485,79.30390044941441,-17.276329089558757,65.44015947814685,-1
-47.37748601783143,-35.87601868995465,-85.2073625458088,-20.895572749716166,29.385339593137104,-59.70900946419413,4.432339243754086,49.715202514961874,-38.35501971937785,59.797977325869766,33.55287127072282,-38.35953396820029,-9.084691726454182,74.50981072383414,92.74590857438633,-61.599500675271244,7.481228067564331,-3.380950975582664,-56.05186357898688,33.21352269209822,65.7634280876731,-80.79459601358198,-47.736396423643335,21.98492829399825,-4.7826292082266235,35.200015839531545,56.216753321695876,-65.29739922360622,78.51087127184974,-80.59566576769939,62.79478632581217,59.52004810204707,1.1933025923613627,-49.931973184616176,77.5738544218043,-72.12761787978184,-6.943861538593524,-82.55674866518991,-53.44095662225274,-10.299689431812126,69.60998836736334,-26.17544549536484,-90.6505148358793,63.35918859981646,-82.05609414811349,-93.41507441115624,-45.110484394691206,28.58581543538429,-88.0283764259526,85.78692144376771,1
-62.591250288495324,29.185578604607855,-51.33961440340657,80.7449840747615,9.128225318713021,-25.344277685456092,49.70699524131436,-28.71858088956307,55.6886226586644,-27.82910649520116,71.47291149410407,11.405028141364284,51.11770442771487,73.81319202655374,1.5725853984950504,38.85759639206552,97.42897675440295,-93.3655736070874,18.51213233051456,-87.94077510642879,-73.42859544950349,56.32570230335193,-73.38790208262655,-33.441074852480284,68.37567280701171,87.39729099885284,-43.891680171837486,-68.373494355558,-43.292221910106996,11.945467495075519,-73.96921765504894,7.9932996033145685,10.920599087192812,-18.78680142485554,84.75154246309776,11.371897676435466,35.569072792387686,-13.67030437481553,66.99705766398665,9.797975982189115,43.73212986925162,-24.323971269355354,51.49502559320322,-96.3339042638806,-4.022271127466098,50.45421394781491,-73.77246370697927,-25.51247970505763,-7.255867482186602,17.383791160948277,-1
60.18774430828606,-26.909703069345284,15.844237914221367,46.17035463709331,-74.08309257504742,-18.82417845127688,63.334732466360464,-78.53015676887054,86.24893931482717,-94.71853608218939,67.25507028956318,0.15271475425318215,66.2880997111074,-1.3594851461364215,-62.999099433229055,90.50457980842867,-28.906107378395134,-90.42346495493456,-83.82779450978981,-9.860864164390676,4.979472495101646,65.7405287809789,19.303699619904364,-31.795492449897438,54.07561588978413,9.874893632105781,23.817095312508087,92.34132723932171,34.85212286580108,-44.007956767224975,-84.47762130583827,-35.37481932068141,-94.33676387666685,-19.879442436456188,31.232361852371582,59.32667866983758,-40.625913662062565,10.519951711759973,35.880431890306255,-3.2747188809262298,30.718172676201505,93.51246031187287,87.28563690448979,15.686354739576316,-65.56274936777791,-28.376776990011933,72.8357416048035,-11.645280360850904,-54.14305346932014,22.371168200106766,-1
13.5890461105259,9.383102758624844,86.25332548026756,58.403841588027035,37.034538060309444,82.28145662763845,-12.534013281785008,24.545049345062125,-57.235124426101166,-19.109186139904466,98.87537994355708,0.5276541980996114,84.04929877130738,50.394806706106635,96.52695861772455,76.04893196351489,84.30174133284706,44.67965780019776,0.7882550910184563,33.902842831550004,89.93993389453343,-26.681097895864085,48.38024178419846,-17.399482727929993,67.68554359683725,-31.846024255801268,35.420851883385126,0.857115668943905,4.792136236595667,47.81607070109658,-72.81765323223954,35.056552520676576,-14.464074431045788,-37.25649167352722,63.553853987537735,-16.784411545106366,96.36485786489186,16.52937961324865,-21.449367767276556,-19.721693840429396,69.2389659335044,-55.45409555624343,43.44296028845338,68.98884586467454,-43.09412293888071,-5.504222592239998,-95.54560923383268,-6.068948092364664,18.342139403592483,5.636720415804319,-1
15.39632248353638,64.05859212183546,71.97029438313263,-52.5611297732129,11.547948066222375,-28.330898265428274,-76.263899894263,-41.31797852226875,39.79207850347731,-58.643476076769204,-20.668204263638827,1.5026046694290898,69.67987950052762,-33.96622571568095,-74.11749306003806,92.2337572351272,82.02646730873548,25.735982733174836,44.00609586316162,80.54793173855685,50.40474002125097,60.338707957654776,85.47204626813928,-92.94807633971249,13.390273824174287,18.030113572021406,43.60705743364889,-12.26849714332316,-67.69752596902958,97.84492503321397,33.183997394283494,98.98329024752539,63.00383747265309,16.198735245684716,-48.68539732566002,53.32079062747758,61.08183138005057,87.66476329551708,-32.18495224044429,-13.312569355280985,74.65303746386056,58.18181708377287,1.887156688938191,-39.61779401591148,7.798376323092697,-36.72843679852635,-5.301215515737084,-86.72312666685933,-27.04305629106281,14.567831641783854,-1
-70.60745808235806,48.32756372352418,50.00303584573905,-47.26034890978661,-50.970396020509746,66.15590655738376,88.70072063404467,60.74509946321746,1.1820955571391494,-12.126622806327418,42.976168401410064,49.692260915619784,-72.96911185436676,-89.99433608712954,49.427799303676295,-73.66113322432406,-67.0839230528413,38.02365683601866,5.861415660116194,83.23284068674349,83.52179171298866,1.7478177030985051,23.78239200249901,-54.821290155526746,-3.9507136570823462,-83.50245330913215,-45.47379808078313,48.09090334178208,-27.701517152585822,-84.04097354128173,-85.53939548217357,69.22242557501554,-36.91332674236914,-89.52165290118046,-54.885006364381915,67.04763878264856,62.567199425426224,-65.08876217243241,37.94070277541124,-67.4916314671832,-43.8158408554262,-13.212435760664462,-59.14075628212798,93.94698844439927,-85.5547357666824,48.951010982626485,-87.0279277515929,72.52244174661337,-32.66117546009259,-99.45160949888079,1
-14.783323221925698,-31.080680854605646,-4.95450659965195,27.670860977095543,93.91806729092013,61.70796333939467,90.29771850982621,4.274915080482671,-37.736669144829605,-91.10589820562112,-99.38974684778469,-52.78758788669076,-72.76802249520664,-14.12464398931752,90.33405940908929,-14.746824996032444,-70.37965223811942,56.52338986810349,45.53117257655367,-95.12628310931264,-51.775735442483686,71.10402144938698,-60.16335536539301,70.84908018409686,15.574426500756118,79.3465235710978,37.879580656036495,58.313258838092736,33.47041773343955,68.75647755660412,-32.82994343173351,41.968844998220675,-20.548695234005038,30.76970512738106,13.229159949968363,-8.010132781576317,-31.607000892710317,36.635613842549446,82.77882751524592,-73.68630248954564,10.548884385950203,-38.009187855814886,56.822623853573674,97.54043563554399,29.119927968006465,79.93912257897887,-57.227480303762476,91.89595517121552,-58.98996535208827,-13.986281552212603,-1
72.33297693982018,-35.53230838381127,57.12536085759956,79.02914736491354,61.2657949694717,15.8766167582814,-74.19747683315039,63.661008840152505,19.26364681708617,-14.662879192722087,-98.68722525677649,-84.25008411792953,79.10674554291305,59.32658977430546,53.45970610268881,-24.55068883295823,51.838781484236506,-92.21138025496,-19.676349834713264,43.641432677395414,10.687977624998311,-88.91687233676518,-32.58395602682202,91.88846343933272,33.891057043562,40.23137128942636,59.49372665844922,16.043004961862238,25.539054652295135,15.042364490082761,-72.89392457242892,-82.0491953694769,-32.057530509342925,97.31464770460866,37.58189347008138,6.475874098610035,77.59314929893634,55.116891738826894,-28.96384207112331,1.4737944349972878,-62.61199715679131,-5.4366305991483586,25.919937651813356,-27.993215742011884,42.09863365839925,56.96245793227851,38.644812811960804,58.644059643900505,-72.53665137316372,-40.68143779402258,1
-13.894132307558493,62.05182610345739,32.6916646032185,75.72431936151449,-2.3875080173056062,67.35322205099084,64.42752510594005,-97.55328543554675,71.0539039344186,34.54583571816943,11.02247425050706,43.86026391176975,-31.47695703130553,-60.613205754287236,-36.28395388494772,-51.50420473927233,0.48366284186418795,-41.0279775539899,89.90520540427445,-82.86696558656679,71.67734359601198,59.87400503724973,-59.789734569231356,-94.24123818055195,-31.6086586976664,83.65436979959748,-18.245820896333555,45.61644938316499,-74.36130160068626,4.604948701671589,-22.49616233643252,-92.93389460130084,-86.43853190492729,-22.138522679802364,24.145279783256484,99.48312988862182,-38.468093620388984,-89.01954394249869,2.278536571740773,77.46957166415959,-6.53394119400086,58.66135745197391,-92.73660911961173,-32.47539879852772,33.531262071814126,-74.24443630013803,-2.9403748279068793,0.21502376700104264,69.8275150419295,62.820446653869965,1
-98.16058967667406,-24.559643508472263,-58.96343332096785,-19.75703445773422,-43.1700710219912,-97.79072798867033,-92.12469391243292,-75.97151232888098,-85.71496941342713,70.56038668553052,-74.38852898624964,71.67236736318532,15.627868392037826,10.469054225311481,-33.45877836874436,12.666921769137389,-43.508923870961794,67.43783638687134,0.3245619463461651,-14.009404921837472,85.03736471355901,76.58094300810623,1.2588064566641464,42.700336121438056,87.74001908430122,26.864265768356944,-18.523431261247694,-54.578892239975254,-79.86682834001024,42.466763286676695,63.058246458478095,-24.78749443350243,13.677669567040354,90.82655368885452,48.354724321316155,-94.93669944693902,35.37038441412213,1.3076833473517127,15.988096023043497,34.08121785153483,-25.44757368365738,56.5158121812874,-86.59995660466151,91.03995549283167,-8.086653313702868,-37.43173444090302,-44.10840045985302,-14.857569826544605,40.71337091000407,14.27739393029637,1
-71.42994253983228,-29.804875214781717,44.2271707198087,70.01680426612725,40.09518026430811,-29.902743220384693,-91.24698354836111,37.490139920001354,86.93326746623148,-75.35282141774775,-58.02972432127671,-8.226577300012949,97.26638747609499,-40.36293058057425,-88.29164530918908,-28.319636481252374,57.75855474073609,-89.91387223397783,62.32831682539461,2.3698628258557335,42.771835453084094,19.094145310961025,-10.200445680140419,-48.25210257371702,32.90210180756094,98.34766379953811,79.36727789084935,-46.13962645993126,-86.31228424564767,37.40011704709448,-22.47181629083019,96.11827280381732,-13.746433710938248,49.78971125561284,37.73619104603702,-52.600885696256896,-41.140391718027104,-20.93488125699399,-55.50866625957607,-92.83044771353931,44.29226234376685,-37.60312657975906,28.641525969479744,84.14021023370961,42.803840145178185,-74.18061653070889,-67.16990763802295,-95.24106361114649,-41.97386215352707,18.801991200531276,1
-28.56153320139103,-12.268923729925092,-61.841546904832256,-86.8324515671395,18.692244490367244,28.52455098960317,-35.23064910449607,15.614557594496986,56.37909958126923,-92.97033216540787,-94.14403466397114,-2.244735379270523,-56.98065266528087,59.078850381593384,-68.41860114337277,-18.256800296576614,-20.389910599111346,-73.02498233492285,14.738299733540742,64.15264138242881,-90.67244857011956,15.502310373326566,-73.98019600037189,88.66137074076352,27.658586098832643,62.421107175793225,4.626792891454755,38.63855673067741,74.52061458152116,52.4481594127102,-94.59279212938311,58.163905851242305,98.97600162496835,25.55623187008564,11.255953341452567,-12.222762531464753,-82.46347601315192,28.945782209185182,-87.13264914107366,-94.89005893088536,73.79340001497056,-19.513538742080996,33.666054945068055,-88.75285866853807,-64.59228426712784,34.69173391656798,43.38374105926155,95.56760778909867,15.997735064263992,16.059946121664012,-1
18.481556931903526,60.36517997510302,97.19486353710388,-77.51905774441023,-95.89549765749695,-88.64976356539522,36.187676044927,-63.42591295307302,-56.13327157659709,46.67530586813422,-84.03331656543736,-50.869569473878926,78.80687509373769,-17.771903975049412,37.3209905351751,-80.38359091878945,-43.81942028759758,84.53171605458752,24.82960031937975,-17.89294870990095,-14.373738693742084,-99.39249909649885,11.15610673409418,39.284724846806995,-43.07034370358194,19.184191618207393,-5.900372011508665,37.464526506760194,-33.895654144635685,50.37847002506862,-84.09138220586843,2.376524519235417,84.61875779566336,42.40609969568146,62.469128412792685,72.22739031260974,93.75015553593872,89.89223871900955,79.17313054122587,69.74417136971925,50.759549623240076,89.11077942160586,94.46566003271931,-97.28948814283068,65.9783721603934,12.695436126938617,-2.3320581629806725,93.02555738867119,74.3345501751069,83.94266192925431,-1
61.43110747297652,-93.78862479296887,75.40545425232744,94.47309695599566,-23.48525883687867,-2.8867992329473253,-7.730494761950695,5.870274550632388,18.492331355768783,9.733356060430737,-75.20953474832359,-13.330691662657216,-35.880514854496965,-70.59525766048964,-44.119243919632645,58.674241333914495,-31.84690632671891,-77.08584542585113,86.21670001425852,-83.78526198361766,-98.7018606551649,27.50704410882672,80.70929628039679,93.14359646440337,-54.744711025565884,-24.46480349532456,-95.14316511916587,-82.99597179024994,51.715907547499825,72.4237426722535,94.12895545078678,-91.61607901534154,87.81084778291313,13.961563264001825,75.94037453793322,78.59648285421136,71.08726992573685,68.81798364214868,-83.2656481578754,-57.42293880396201,-9.885420112729506,-57.56045535445558,46.066503312779645,99.48308779789366,92.02677806810792,75.71279113223471,-28.37514524387568,-45.40803662006931,-47.64897904713257,70.63472461782564,-1
8.05577863748421,2.4046778217518607,53.60649085081647,48.37409701939117,59.50470948832111,-87.09197910359292,65.11626102895863,29.918756826688707,-47.73490163112122,-6.812473023338939,16.413462398253188,-82.79089171595186,-95.85450220210794,-16.211652822111077,-62.185770877954496,61.83719153838388,70.6600036610173,-93.52946473958193,-35.148500083457776,-2.8079230791443877,73.44640902713954,-46.4771739759398,-38.02307981141561,-38.97790299430204,-66.31819387999431,53.30065797599474,23.85155110984421,-58.19098055548388,23.02874166951925,-75.76479880753038,-93.79410874776633,-94.49156556835383,17.96140045336776,-23.228699389734103,-70.73102310843905,-99.1411365690113,86.56484861462599,-10.786043243746875,61.25866198794881,-43.650209560481265,-62.41608923120783,56.49920543679889,93.83591815295387,-91.06318505113671,12.491386986092778,11.401818442933248,-83.60827440082137,-64.22093441188335,26.63932944040772,95.80087249395271,-1
-5.1652341825349595,81.91907822218886,-29.905959536414414,-6.070328719461557,10.232920294730533,21.46180818962857,-8.196688843746273,-60.91292832174635,5.55828110975331,-30.81228543069389,-16.553628226824316,-68.8364185119093,64.33740541536267,-82.57254644668413,-27.969676574027915,-86.37481410531464,-48.331886115058495,42.31278999466275,87.84389458744931,-1.7440274537132296,-82.44197816329421,60.490510844467735,-48.54668274119736,-91.94063175934126,63.270427688968596,-30.368621328749242,-60.90298461465618,89.64545394250732,50.32920981595885,9.158524643569137,49.454350139649904,64.77797786896843,-6.903151320404916,-49.63445087620673,36.92269646913894,-88.26467608344437,-37.18204266682519,-25.018327232702703,83.25375140235906,92.02227249901998,35.48178850386361,-36.02730007000956,-98.18407969112977,-34.11340268978063,-57.771078855809655,94.76757969826221,-63.84187796007132,-96.310877669212,-52.82061827241134,32.83749158405604,1
-33.15122183660783,29.030016660180678,38.52268868502014,31.494273771230695,84.05251959899078,-12.808002174247179,45.992916284090796,5.96520888275866,-76.11755151867708,-41.22285348929016,87.23861457327232,32.352696585409575,-53.781675081766764,-43.13340349211603,21.91831459011415,20.07513202731859,-38.29050217721335,-83.47355859895399,-48.85744159909451,-43.47784874320559,34.53892606835501,-16.281169739379592,30.044059682165823,31.198336872633888,49.001472691578755,-20.628087387724662,30.35651239714099,62.791626616636734,-63.028290312539426,-88.33595338693472,3.0086936906262878,-41.07100101845682,85.6810976343649,21.319165749792802,-54.466319395091766,-26.476828986171583,27.265585601971296,-82.72389302849132,82.0510773283622,62.41254353126837,8.10206351435157,-66.3577083757858,85.35904397832743,12.62540686573719,-2.0656852338295693,-89.67752180290435,47.01945596039059,84.47117421852866,37.98410847966721,-78.75579245424045,-1
24.956772557880498,35.02597716888394,-47.2854098162798,-46.93518598706656,33.81908897105143,38.43725767602342,-42.623620441329855,-18.08534560624777,-77.72683532702177,-54.06939059878388,-34.51007353619933,-34.21785515811402,92.05785147307225,55.368863222849455,74.00855895908501,46.07352474403362,19.640366256589843,-34.78438721898635,51.303965314177134,-84.64744570335571,-70.21278231304173,-13.428052896543477,-90.03969370130599,-78.72511208435358,4.688674875902393,-30.40202871881013,-48.23995117699502,74.46223331401453,59.705270138943376,-4.8843918663182535,-47.231749132205245,-10.123862505066029,-0.9464269758575199,-77.7504222351848,-68.64578131605367,98.17670240525226,-29.34429264033686,56.42121403037439,-12.245370654056046,-85.0776233339103,74.79804575222997,-37.08990193329613,-35.4798617589573,53.66726965679101,74.89310656367621,-35.00244252528226,-66.79147698289961,20.013262890071786,74.854922365564,79.457197190818,-1
53.716266182640396,44.522344966889904,-34.804191246237565,-80.14797013816101,49.74877033289664,47.11066445666094,-0.6691535560214419,-46.395152436002675,47.67465425060499,50.97206045993374,90.92707673313762,91.32180549034592,-65.25772533850618,-57.10555535358179,-90.43116189392859,21.407101607698834,66.77648275074012,-21.168134126132983,-49.753464523603206,22.151535290707386,-26.883841168426102,-76.36241906510202,-47.77576567759336,-29.522759650313773,-19.71515136314767,-59.97901338065732,60.24448964924056,-51.68849215642894,-24.492520996734484,-56.581870344753504,-27.011135713767942,12.954955500843496,-26.746131253623886,2.5527074069647995,91.62223345018953,-91.20627375734998,50.386867723823855,5.74618138482694,-70.29453950561884,39.20998601100237,45.767382292680196,-74.4450452139928,-72.19167864820628,-3.3457695736016007,99.08739735395517,-59.580082892212886,3.4905022343636034,69.57342938166073,23.639773368561535,26.965522889880873,-1
24.748616972801813,-49.27150513172489,-55.97411583284717,-82.96656665788873,-85.60361258871426,-27.294185022084562,-63.85320591044075,-17.83571542834946,44.78055997869305,-60.072828707269906,-7.957107495245026,-74.11373889070454,-0.6947451278529968,46.99388539020043,-9.271698598421011,-94.38165878710241,75.37895782088648,47.87962565555682,0.405743911618913,77.36028133834688,92.31884545584356,72.66292793501316,-14.184473824861385,7.966611883691613,-9.7039183800878,-84.56677634507514,79.57452432698781,-57.706762984158246,76.89140100709434,-18.072585738332066,-65.61560507931515,-8.108731812534458,3.0741866651904104,-28.450525601283985,-49.63716086289664,80.00575052245219,62.463272060583364,-82.36124701379994,82.13199314479013,49.66181323006299,30.423593634956234,18.603354264801197,78.77171609551237,19.72397375716433,63.0838194628646,28.041112880875716,-95.82871922491023,-29.05652008851702,-90.56077701831595,-71.80182554536512,-1
75.85591123140134,39.61486769572977,75.13067753491717,34.77970757214405,-12.04716099431154,84.26355281829149,-88.0502789352948,-61.315797433289944,-38.85034843026507,63.87590961315138,45.65869762300662,40.72919080924049,71.7871649170956,-31.77917550746578,-90.43373335937036,54.091352264731654,-81.19752763737816,-86.551496722799,-11.624715195847685,-65.74291815193116,20.216944634981715,-28.087375205040345,4.061124523882455,-55.90586750699842,-61.29762599126543,-31.004294203846072,36.53451324284674,-80.2642215637473,72.12607485293861,16.582507134622574,-51.48138821303452,-29.651592322145717,-68.82291209418956,-77.13319535206082,27.653995118975615,97.9486628932639,-71.60776545068674,12.708805133242706,-1.816495395385175,-6.907163316324571,-29.293968870773696,88.79364979290324,-50.165631060858075,29.651897613641495,62.062395596808955,60.970934206117505,50.25402660034038,-28.375689799305263,-77.44197942351522,97.88902541087495,1
15.761350902388102,10.897822864234158,-91.13062760927977,-6.363220794246587,14.79494209366203,22.028609015105786,15.733351073684545,90.66177265344342,-94.75853901599689,4.1393950166125535,-1.27891152797541,95.64728188995909,-12.492402044767758,-41.261267414016814,-54.92597039257976,35.29277095792946,59.63637491823391,-33.11772427060333,-11.763984927140655,1.1288941816854532,68.86735982855109,-78.27535951423536,-62.84930352303806,48.03130155221797,98.3495580919236,24.038115012171545,-56.85002516088835,98.23023933585534,-8.710478624513357,-39.4519083222231,-53.75438235316581,5.82670077407559,60.21716165616445,11.66072178687672,19.952657404909573,-49.89846491029149,78.87991665747737,-27.288690998221526,-32.297072883985734,42.66328229325035,-77.5203708450009,74.8513720654197,-80.49325957430085,-88.7960092739529,-5.030315605831078,31.97559864765506,98.50221232534452,-45.91804584718564,77.84755017713476,54.72767254469727,1
-45.57097255400746,-8.087404498895623,69.84382893882096,92.96462509444956,52.54134464465673,-16.226056054555897,62.03064197923433,98.48374037663515,94.10592014702985,23.425408791786168,-58.768171034272186,56.620096866511204,42.858904487371206,92.28202071170796,56.46321652255867,67.58036090639186,28.20872245086187,6.09683062465632,-25.41756882935175,-94.91755941023672,37.98439780549231,38.27565373735297,-84.35698013663686,-3.7783681702249226,81.19973342306429,-81.60514095221181,1.484301344843118,78.01789587380793,88.30341115555726,-23.18498558038283,31.94041202490689,-89.22830028643591,46.58770431863638,-42.27276969170466,50.60364411003252,59.619904671102574,52.20229153918345,33.077603879560684,70.74189897339224,35.673854416931505,95.80181632063756,-78.0227626221153,59.82213920883757,77.08768464434985,75.90808428746604,-58.53071577004598,-53.38367499652621,37.03660799792979,2.8863377465275164,56.54020955356248,1
-34.957760744757735,97.28280369657779,-53.83644296244368,-50.04619742813694,49.045576166214545,-4.206617664170722,35.07159433880139,-32.86447128822691,-68.8229927467981,18.324761292056934,33.93071905019485,-89.97346665633088,-42.06432273065941,-34.149771629143814,-22.56436166608755,-47.64651802676283,-5.775968167145635,-70.19822728086635,-32.14188017949198,-85.32130720429782,-43.6927981372085,-41.03105020307467,91.01453001984686,-81.63382670481285,85.22896254344855,-22.679731068612256,-88.59755654561998,71.04823700149197,-23.804258461820282,-10.192367490956372,91.22667608033865,-30.117431764111686,-68.6258766484074,-4.782341102819586,75.96663078293415,-3.696124485461368,81.10330659013937,34.124442789456424,-8.615288250288188,-23.05560970109248,-55.91874577155629,69.0727274862779,-20.91953707437773,34.04703127996817,-60.62435832148439,2.005091217083148,-89.25712670510022,69.74553931826614,-35.007040204639225,94.06663556607054,1
-48.67055856278084,-48.44895687437807,10.098493893183559,-6.748651776525321,11.813545521847473,67.77327315287926,68.41355299750188,22.419797136422744,-93.01020392190595,-84.79438452611933,-11.281645916294835,-7.041283581496245,-81.40587546605892,-53.15443099372168,72.25509802016859,70.05295467294809,-28.459739382539098,-7.770751934208491,69.56266988602948,47.04994928075061,32.92269048721835,90.52044215322056,-48.06962076096308,21.560697212936716,-97.97173578205974,32.865926108131134,77.08355307745524,-29.57339899646088,52.38600451637251,-79.91377047402828,66.03050163596185,56.594393294937845,-25.108278571507128,-54.76899557675772,-22.581849614698044,67.22705345827197,-54.211995166074026,-42.31667506330909,-37.6199233952339,-26.01934888258306,-88.06470276957661,59.811726346772474,-46.49062688889893,92.07340755596249,-2.5811803323996685,-93.05243636029977,98.56009421353343,-28.130749297254937,-6.483972488557413,12.566827767922149,-1
52.057964624427,98.56642633639507,-51.18730979141495,58.93243085879237,-79.34476689361993,-41.421682159222264,69.6764607977313,23.190792215348765,-98.517288237208,-89.32681291266881,30.256768878596944,61.518942288294,73.90283306298505,42.359391161983496,86.18217959029789,-18.27177530626956,38.199694988270494,-88.44096277533981,6.365173338017826,51.26540265858219,74.83034559923024,-2.641142447312589,79.03358022059462,-9.023554734324819,-42.29977866521239,-15.845319100819239,-63.99341129027461,84.44302101893666,-15.112926753891244,-24.814648407701128,16.088026126650462,-89.74718225872931,-69.48680970348147,-59.82581407647014,0.863003736888686,-50.88560254810357,16.98999304968123,-37.40278085425612,-77.54057850928682,70.21498306900315,43.457728888049246,-4.630229656475365,34.44155636855788,-56.549578586609805,43.55766150580399,82.94218417717235,-2.013451282164837,83.54552404962487,34.89190473888249,-51.9677026986761,1
-7.853279951665229,-60.51925325389149,44.749277081557125,29.759724915777724,-84.59901335956108,-47.131267472365046,-21.5559166094138,-10.319874917051777,-65.3666105693325,79.80849370023935,17.484310827152584,14.876094973558068,43.15971726573477,-0.2711704995691946,-47.74342284495094,-48.28723966726718,-24.896246911897293,-37.05938898375363,18.927046152889716,59.96605219862977,-11.736443462642839,-65.78153011811195,7.343734896180834,-11.853342053969769,91.92267014886909,75.89755577773721,-53.47582295002942,94.29627568488056,-7.909571777867768,-19.27326937039318,-5.520910776335427,83.77998722159666,35.504868530566085,80.98170633792452,98.13873983518096,15.729345555156613,59.910673473290046,94.53688854316792,-84.96988869958201,-26.162552434970195,-4.643611371118041,57.356708507756,-3.332222206623257,-28.566399751494046,34.43566873597052,1.8229852460880664,-42.69762591758908,-37.745881546129965,12.080509656584297,-93.37420693866427,1
6.500813283196365,84.29154724330607,45.766829424460695,-65.56229448884744,93.53283962928415,-66.44405877911538,-71.09743743838071,-17.012795818166964,94.29361785560158,33.706346098840584,82.37666525122518,-39.78308270371893,-57.842533818190624,28.889501517969336,-88.82451055080642,-51.90190583268431,-91.03475268799906,-98.1142775398357,12.98131560839127,52.51606002770163,-24.127444595446093,63.88488873910654,44.565277744701774,-6.792430626009178,-15.836786631317736,-39.53398467091218,24.34396202449554,-32.274064857882266,48.711962629210035,-62.62902947021687,-65.09458916571187,71.75374223926397,78.00768245463416,-4.208502349790308,-3.9569075743441715,-11.536861363401357,-50.38256303501698,-81.11777600713165,65.37105362377739,-62.08470307632752,-92.21661616382588,11.816537437797024,99.53036361603506,35.981834338627436,3.3558065681833114,80.54051385516289,5.727403123655577,24.66341504481504,-49.36338299962433,59.67614182414445,-1
43.49299812238243,-67.62087798952831,8.482025735661722,-3.527716707052093,-64.42587329315438,27.948775896669176,44.123292694360345,91.17076617528855,42.950714141208834,-53.98411957672644,-13.378165187676089,35.2362730433,90.72709864726676,-7.451621250894064,8.727638692851556,-18.54097484894976,-67.69982022228035,16.391011179027743,-54.40308647708274,-2.847649810323688,-64.04603747089178,2.6485069914475474,97.33184943502678,37.84305222992225,40.54534519322732,-3.578638663047684,2.6993931805478866,-6.522084602894537,42.09949951529103,-83.4786447460894,97.9434902070372,79.437300949059,73.44830204590843,-81.43579392968614,-4.902764699726745,44.403997037576005,4.80309125369007,42.450684576836295,15.885123490009661,53.712640221716526,73.58676455129927,-18.999603480544764,58.19943865882698,60.878637467242015,-96.61418066504109,61.101310112525596,67.68880689009671,-59.947542332421946,-76.11743511991251,59.72907689648264,-1
-62.16084152192902,28.33514203229919,-56.568933301787006,73.89182056808087,-80.58613436901268,-24.269705749526764,61.59067930919494,40.771049129776884,-81.62092694653902,-46.707315035550835,-24.380284218040487,-57.229913599973095,-85.05803881141341,-73.94621863138053,64.43919904535298,99.04156266293714,-87.47414034603062,-58.5474770127177,-63.54427961028601,-88.94086290722952,-94.63770021971874,48.909765702307084,-88.06718387183136,3.601802652473978,-38.58292521080169,7.478004309610299,87.75236017349187,-3.2544187137893488,29.011301921767966,-83.95277167587437,26.70620480501536,16.524810157090286,-47.13809299027651,56.21068424945321,-38.19640045455783,-42.90321043221568,44.968790338466135,-4.533269413721229,-62.23978545984015,45.31782821754072,68.68519569273823,61.13906901454311,-98.2017827802947,86.80725607355555,-19.958452573223397,-96.4122346133713,-7.911557136724824,-78.3578724324837,-68.57967806175881,-23.06790495300264,1
39.25775517562795,-52.86349308482301,89.03795222540131,9.60661444431858,-61.78950270810266,64.406509368473,-14.470313896869769,37.70581061379133,50.703601517755146,-11.838292804075607,16.595736458816376,19.832667988884197,31.695585535926966,-33.81299866522744,-77.36392441364626,-51.75117347527978,-71.92946399889968,-5.94138570673617,43.582276163816175,78.92421700277714,-4.7071021591034565,-73.14190959993255,-95.20204406300302,-88.26169170074245,-61.57835430416223,33.02288361656289,34.277559275936,-21.08492247956866,3.605620655906634,-18.435760449736335,94.96147998647155,88.14189419308602,89.45020485142666,-73.89073382068582,98.86751354968925,17.361316825144016,42.14945074633758,-1.1943058205186219,88.59668326250568,-68.33210287182231,-12.508841582580061,59.275624475856205,-41.929858714147805,68.24572735112969,63.45873409670213,-45.148323960201694,-43.95739136511405,-48.735337898159024,95.6773647809184,57.90436814909867,1
-61.8146829856713,23.66926140909149,62.48049680626306,-33.20929534212202,-95.8277054725182,-87.62395775076017,10.91355807380387,58.943950652941965,68.19545223488183,-50.59175827825007,-45.67252345975972,13.443962462357462,37.126856776827424,35.880757055120824,-80.0527662666249,45.48311006290666,5.559809589631584,54.482259303612494,8.095112391098198,-47.41508348812982,-9.103904489252514,26.121974133789067,-26.728284038294532,93.19890765916742,17.379784814503864,-69.67251058399827,71.27307744279008,1.2033207828550303,83.52270781740381,-43.92876141463506,-31.29321440566541,29.904401933900033,17.990145846924065,-12.343008612306903,-47.272542116305694,26.913141099116004,50.65153557891392,-61.29267974753192,-23.376282405037713,60.05605906776265,21.029190976004003,-67.43544293734439,86.50228929276932,-78.95723396097141,-83.52915419232039,-2.1742640772600055,86.53006874281087,-64.51369982957246,59.07501810223121,52.76240255966579,-1
69.68507581810493,-75.74702132817265,22.614461976542998,61.748445804223934,87.55699136032297,33.83660540793133,42.27624412613403,47.551339562334135,-83.22168430596828,91.84869358451485,-56.25960059463593,72.3015774373024,29.264016033920143,-73.3470764282546,-77.09253672407621,-99.49453663200134,-28.621899767704633,-37.5816160685349,-53.08528329041076,51.13539883359479,-69.8348400015087,-84.8903803546953,31.730149975221735,22.265800283481596,-84.7001122611121,-45.39316561202425,-75.20090641087091,-93.24491843061769,67.2169006507072,-79.3000796301321,36.65631604193155,-9.4508182716404,-36.72771371070005,-6.588458880282559,31.350300916963505,-59.72521790120984,53.486787367312814,-33.82696553164767,-76.08293749697927,-69.10255634885979,86.90274793454819,-65.4680392263164,60.19351256681088,-8.908206701998012,-75.64771288135937,30.523562123706398,18.93966558113216,7.1860962082841695,-75.22927233965655,-19.3074293892072,1
93.06054472607997,-71.05787277269602,12.554014160306323,-29.173872730460943,61.62113290905458,21.41198047821547,87.49933050085218,5.776117553118667,60.49122082524616,-51.2675906480299,-95.08952301869758,-82.31087981598071,47.364964632444384,70.40647454424729,18.73080603167618,-36.602954089149996,63.48343275445245,54.830807711515945,55.995095075998904,-24.189170760363353,37.64608292972062,-23.121059336979656,25.802906183678772,99.56060589699999,-95.50712097519585,8.755169570539493,9.869257763624802,-8.907971357024877,-22.552869598017097,-68.84497186416472,-62.85805984087778,67.46666026508257,-34.55149206868373,95.6950599377079,38.99628840321512,51.181041759130636,-98.6670239263288,29.13782423985046,21.408042914002706,-87.00662820995919,23.417159260178465,-21.028744049254072,-31.734155577529563,-69.56859194511564,-34.62193335518265,73.1319145698431,-79.672992663649,12.88804104075767,-60.3131836337051,-3.1357568066639203,1
-66.4866921390987,7.324655947098762,38.488070503626005,-35.04142584233685,-89.52792516111849,-44.45781161832472,27.002487498615935,-94.29904021588496,25.35616043085507,-37.5930483753332,-73.757714943868,47.05699958940852,-38.580487659740115,90.06407550363568,36.59114631277566,84.96750703103834,48.357537013753216,80.24881019693342,-46.212364007561476,-66.59376162976181,-75.60860701651305,-41.73583264907106,-91.25910144890518,96.74678349965319,39.37160652188359,-81.92888355485977,-69.28739753604003,-36.45861873518952,-14.608438333744388,-60.92300954354677,52.12007414003841,15.119679761832458,-79.55750573529915,84.5946219274571,-51.414814487387076,28.873019680331822,48.84275034016747,-80.80362405273704,-43.3754775482077,89.52664019112143,-92.14008279333332,-57.86562665917505,58.59272146665805,3.836922125070359,-93.96930468509753,-25.706752063704513,-59.69934040100422,-47.189476628394964,-31.491496099475725,-48.28107873472878,1
19.253975696410606,-28.786540176171044,-99.50908271123116,-57.962979275691254,68.81574687644698,75.22886999236863,82.35302125467334,13.034337419854964,-27.613824861452827,87.97939640225252,-69.25502235289677,-25.9817035729166,-66.64694339277727,-35.484054077870454,-85.11861272751182,-16.93094536714581,-82.92548536782098,10.547858192372445,-77.36141452016905,51.56183184466241,-11.521409833990418,47.823912897119584,37.4743640712648,-29.24720798289779,-32.18394853025464,72.2671061016245,67.54071856144967,-57.57955174971505,15.1928856106953,9.195071161697527,43.4464334510796,-50.64396500163533,17.047914643639302,-83.40711952528532,36.57537267869171,77.41513985154918,-82.20001012634128,-78.14699833096375,-97.78044958017114,74.05415364235282,66.21903611474426,69.99142072309243,87.49181076325402,-59.05329125043346,-97.51066755541171,58.21551023127489,66.432129101295,27.256381648893992,19.801195913433716,-83.69922930877462,-1
69.18428793554642,18.183218565445358,89.16888181254302,12.415627513129749,-8.815345259924953,-4.082283056066956,-58.43322065011236,5.070767986622357,-29.435361706659364,38.659319444001795,68.08409169045254,27.620009656568413,-28.566099715041886,-56.177253386435865,-0.9606389608839265,-50.08707840669946,5.9772405118877,41.63441068519677,-9.387002745656204,82.99078957941015,93.61141865305527,83.76007847269321,-52.88860515971925,-9.816153108466395,27.34324852295596,36.37671595474893,77.01769703203513,-69.98650949746362,60.49418723568414,-34.48727252633019,20.716075659542227,5.411391312775422,50.068825167443975,66.6128636144692,-26.747169177573454,0.2475588816917167,-34.383743790080885,82.45707503176075,-17.872537376948046,-79.25290551255549,50.569444976808825,-49.35240133885772,-31.49820057100024,7.872602089611604,98.90589191999507,-12.007737186690164,-33.98713656018451,-80.53912872767546,8.698245431693977,-49.89904258375133,1
-4.880761635598347,-51.614454376152686,-44.187944564012696,76.42846284517219,68.02263284008995,-60.12810608439505,41.725420410462505,12.567963401747278,18.855022997257805,-57.36773797301238,-48.36192827687547,6.769573968781842,-0.9026949468026118,36.883562218821254,-70.33129868508041,-82.45660091009393,19.11104934042865,12.129062401492916,-80.62893343699902,-45.490021892368034,-87.9034581847185,-58.860601384651076,-90.56841184398814,76.38589356354743,72.50223565433905,76.48677644462171,16.649357528564778,13.80311997497219,35.38504116299515,-6.527384526477121,-18.74194981404827,56.237644319176866,-98.31935016758094,94.52199478450223,-81.41803110883734,-6.161894609076654,65.56054559445204,-40.16462846395095,-19.190063012808338,84.23889422260984,91.85288533021966,63.3661765438965,-1.2888244583714794,86.2152340029848,83.10251143749164,-67.38837418189766,46.19622250182448,-31.141850091618025,-4.505633665406236,22.48260441218555,1
-25.565348950620574,4.104106728302909,-89.56300160672743,39.82776594015982,-58.54187128116954,73.02416084160214,20.347609954060857,96.93319587485388,-64.10842410810527,85.52187582588974,88.06476583568258,81.5619593799021,49.185364136236814,42.66955645007414,77.54648650877007,3.5077032147492844,4.307080994284391,-4.813104759248674,35.28285285108416,25.604157813534528,36.965908172105486,-57.6567773342203,20.373053563732498,-53.174806615346085,21.494491264859278,-42.17523909098044,94.31664864460677,18.595819733840642,-76.27691830542321,87.28439371173414,-17.597032653805115,93.2783723151235,55.78667814785064,16.99881214154935,-87.13869885518719,-22.138567180712315,-69.64179055958171,6.637275816336285,-25.419297169635755,-52.006055424415145,65.86345290902722,-95.95006844962136,9.393186001224137,74.98491914299245,-12.785190542472051,64.87935217533757,-64.46798318459,73.16391080048584,17.48749674082393,-9.99732624497058,-1
10.54141514370906,-45.19764392289049,-85.01119746030064,-96.33476629096027,-99.27682764568647,-58.30544421985684,-13.602205869916276,-73.81861263052521,-10.018306192986643,-64.93220279254766,-99.41366732069629,-74.59913368365929,-85.45733152566275,-35.50168811035988,-88.78271097362547,52.83698611193489,95.31994461913843,1.674009687359728,-60.67936479703684,-91.43987369858597,32.48686462212726,-60.95161376130864,-59.64276427185138,4.545284782893731,-98.53218580948942,-40.00051937449063,-91.32533246319356,69.05650243843854,8.720673803177363,-69.30630033002734,3.495216929496152,71.86346118347862,6.037674878802818,-3.159718254295882,87.5946705069629,-41.46433535994562,0.14029352102031112,-22.383398298698708,-29.434960358165128,-31.925560250536165,62.30960150102226,-10.98525188671249,35.4109110546741,44.38277519556635,-53.62639549860469,97.54037174423868,13.043061311612277,-44.93853917832429,-94.77740346089097,17.84804323929157,1
-2.1214925186822597,-65.43598970870954,-3.618486232799569,-8.139104201742214,-19.636118583134518,64.0958163323819,25.637947535472833,25.233763417723324,59.11510955530369,86.61493336796579,54.97555251424669,-75.80396777578788,-4.675152735875358,-62.3140123963333,55.86755722928291,29.058919360582593,-26.406689536231397,39.75373220938613,-36.18407850576406,-51.912643060679486,-20.046841374666528,-80.95243854400458,32.82540979328073,-92.73008328029415,-22.963120318441895,32.81984594690306,-41.09227825264241,73.81624333602136,78.37866834522572,64.57029128334696,-28.5563313344896,29.38291064569131,-49.44075002681083,53.27235007498044,-63.24451021089177,28.737722622856097,-63.76552185330744,-3.957889384495303,-57.25902784798329,39.665084354324904,28.96819208580621,-3.2828509237704253,58.675400492152846,-57.3961017376206,-7.2175680453415225,51.505555696681,40.07290052876152,-86.5922624253556,89.59273096875646,98.82119199724087,-1
64.8943035209098,-71.99103757315419,39.30780447757857,33.45192919646982,-22.390193810235232,9.789902009327903,-40.09444954762343,-8.39687635097907,-76.04958374547786,20.057737463888884,-40.8729085322318,-4.503164399710187,-3.866925468675902,97.00071141031344,24.6406702952292,83.27263786931317,-20.642547131006637,-94.56421107478808,74.2179020227918,2.025965827637009,84.46016546577053,94.09493385165095,49.383405198432655,17.45375232514681,-39.17072653457841,23.042045860714126,78.3540937833788,88.86442664378708,81.29768592687427,-82.77179892761247,-26.070877132361574,-65.69557327794527,-33.77493029609711,10.042624753088788,-28.82232780763931,-30.764380286466846,0.42074197850654116,55.15902524108398,90.67636298248524,36.969425080579214,96.97819034336655,57.301059129324784,-12.478426489233556,53.17474213584154,-3.1860511723114513,34.74222248789934,-96.49079242690178,-27.722653323255344,16.829420367043667,-32.170904762988044,-1
6.720509345375689,83.02776408097921,-67.92122499877095,-29.849357050129015,38.29583644831581,-57.075945065755505,-18.221633058921725,35.7627938088427,-53.082795116286505,45.00128762063059,70.35277043865199,18.710844909880535,77.5584958389916,76.02829051354126,-20.318043090666535,-40.70646933379458,16.145958492342814,32.74671307923029,57.662771417250696,88.93642509158951,76.73137416706172,-15.932598466538167,34.927808109573306,79.69240809068796,-55.25427143604495,-55.99387603085057,-42.16499194190444,73.20202197240056,39.13888285542836,79.54061660025701,98.98592665032461,23.879654294935236,-65.70371112287069,11.362981191377017,46.457967625737325,41.879965532134264,32.01203905150072,-88.39998923837894,18.333897350936823,3.596369842827656,55.65427461126038,33.90618694767667,74.53063588559485,-39.46448890515077,-36.546900601439724,46.767129093849974,23.078669810966872,-81.64297318363552,-86.00197692785558,-42.9595359317938,1
-64.57004211052282,7.838758825462875,66.32800803386618,87.55845735735633,-39.910924089995504,96.16148569800109,-72.4807697657772,50.00750750813208,52.46336199538669,12.731812086891708,72.11071918489134,83.17456962884492,35.04621281777537,37.20305097055541,49.68308033731026,49.79690521140131,-81.21111489864097,93.03835566677427,-27.004154624639227,41.146950520053025,-88.63474183247342,-88.71937872727791,8.663340090071657,23.43158447542102,72.82778987982556,-78.99450540409181,12.950967254710989,-38.32797486243986,-90.52975630958011,13.612515899006738,-66.09228646644837,37.51096021937116,-15.346740676431693,-1.9779992242329882,-31.786068856414033,74.77822832716441,77.93666493133182,11.219044414700392,-60.83009825289882,25.202385972251335,3.7691225124418963,-65.0192946716218,-60.02809796713502,-75.59631624185926,26.44946869128904,-5.366504283701531,-31.597506874693863,-22.149312631201596,49.42117419549464,10.959666856138782,-1
67.19602410244116,1.7918080844095101,41.85440233396261,-65.74347274156973,-28.14461684708806,15.27412197110884,-92.85290882395505,57.75417976315083,-36.98142880669173,91.2424223595846,-77.64520487906144,-73.50817251843793,65.44219515234005,-29.977123561026445,14.67029559806275,81.36503489046635,-84.81836535144977,-51.17921162792716,-62.10008101266291,27.89280616708237,77.34558832017058,37.55665657824704,6.599848962961531,-53.77322537486133,-23.190932819839418,-84.09519814848913,-73.79173341219997,47.08602578520171,42.70135029457006,-86.06659820652935,58.76478991430383,71.41536726653709,-31.054845887943245,73.80803314103358,75.98265231339491,88.67288315691314,-15.165535955675495,-27.702130586389615,-30.290202804824816,0.3869421000298985,-55.445532108876286,42.44987138803643,-43.42838611316142,-41.168945887982254,-84.01249848788632,-10.44163244741874,97.8360139664629,-87.0175000545876,87.40662979144227,-80.26343524697018,1
29.95760935285992,-17.790561288788382,27.269625053411303,-62.15293781014599,-20.00108063810005,95.99616127501733,-99.98048608761462,84.83311305789249,-48.24820865402542,92.57185162547256,-86.95984252064906,64.96440984140415,-4.1680136318585,37.47434773694184,77.89887570995106,-3.8036142400761577,69.10682318615173,-11.04278389199223,38.765457040754825,35.00209779446317,66.12614741209211,32.26931800894744,-29.980050041930056,-49.852671379254446,-3.2613417773609257,2.1307426160830403,-55.54423381734792,-18.98472282473169,-97.0191117400272,55.18681706607393,-76.24792030910805,87.0360022177851,-80.51877518640025,-32.90201914466731,-47.24509837809594,10.20659933798278,80.01240676838296,-39.68742922767967,-19.178842888413072,-10.50342791331498,-4.613883783856139,59.7515896217287,94.62959432288619,84.35161404760865,-4.671106667212229,-57.80888271280722,96.37215029534758,82.37833889290667,-3.667416642156084,-54.757284937058785,1
19.368569783377836,15.158494224461933,13.86704035521879,-68.1664931040371,-48.21647641372353,59.17286283544698,38.38077242003121,62.121322505807825,71.0478115045938,11.751097929811749,95.64448996163321,-8.652463511099512,78.911389604732,53.72176398376408,41.56240103123815,15.581828671843411,77.60103569991236,-52.78218096885252,-49.34769802246342,-41.95856509162938,86.3528755364224,57.622215403827624,-61.037441463271705,92.14247159331774,47.27085687097377,-54.37869792672166,-99.80725886318275,52.024911921680825,87.25218306183194,48.476082847162616,-77.03875550710062,-83.90225321702245,71.18310341320256,54.9507180489845,85.49352428307623,0.046815662990624674,-54.23623463766165,-35.25973295611257,-71.94707610239305,-28.545221451590933,-9.527863303025953,-9.630812821095859,85.92225265240646,-89.37098584602647,-96.89500556910964,27.74047464350167,-92.58531111453163,-59.1253950458593,-80.62152893062819,24.082273341351396,-1
47.58555379976005,73.98118677806417,81.45791229051437,-29.039716143725315,-8.748779771605356,-35.27256495195216,5.606060979034623,24.016103582588073,86.92744136436474,-74.25456967335072,46.630953799612,32.26324959277139,-70.21529988091437,16.38810884273134,13.455229041004003,-71.48331789674333,77.32327212473061,37.59366138632609,-23.6357790868702,-47.26904987891669,-60.79096738414107,-97.33029463438186,-58.754997803753795,-1.318675133203044,-85.92412700917329,31.603627057870114,-33.52720867409069,99.77081406726754,97.10746823777563,-91.99223779389034,79.00131688398449,-89.25999372916374,-64.24027591518407,-82.8249908056259,10.073959727378053,19.724975923863155,73.47375644281146,30.037738674546517,47.30695705382203,10.020430207896027,-62.30357246954308,46.316733376540384,13.515913809526296,59.48350104520128,-36.59275541372171,-42.7768513101376,96.93836613555362,79.19636061403713,16.404036762487763,6.967271113296022,1
-60.833383173146,47.190712103035594,-2.410418148587027,33.70502768922273,32.81447353677112,76.04800915909098,82.76814842784273,-14.79343011103522,-11.73836176897241,-72.23866320149594,44.766116170176616,-35.92906899906916,7.730045674281769,-14.659297361906567,2.209651677088658,-62.75938089117392,-57.293345136783635,60.01519179151916,5.304069259667003,-48.19689830207832,-15.349216053447407,-92.8695329309878,-35.77499647771822,-74.87621250277962,23.05735626301002,61.85327006765365,30.21394861666073,-52.11241955616806,64.69664482513559,62.52745881105696,86.37671653928336,70.50622217418945,3.589307173011207,-62.43806425608906,-63.34044945742783,-97.75316135574765,73.62193542369516,-33.63634611931599,-54.9885453281826,-78.81494276279713,-0.023293726011303306,93.17272457746003,-13.348772322226026,57.27158502762916,47.91130085752556,-27.972314277089467,31.68484558563847,-20.4733828161868,-23.874867617855998,62.167485287370084,-1
53.998710619722175,-6.455876805769819,74.82075921324216,80.07520446951983,41.746466512972944,63.36040459791204,-19.5105745660577,80.88771346754632,-37.752696810876316,-9.331050381310476,2.312179957151912,-69.00822976140553,35.48384336570905,70.34708228120277,60.017520197233466,26.7766300508181,-11.237254400711834,57.44993657691151,33.763306385838405,37.24217475814231,74.61588786163011,33.14481945794665,-32.884270397460696,77.25817786866085,-35.30734996942894,-36.05503011224547,-4.2915224835645205,-24.26156526517535,-46.459219198534775,68.46341130943887,7.996278089639546,-52.99698387998761,32.272948598809705,17.0433194370696,-33.01371825983988,-7.079654122891114,-23.77816674635372,-30.81488166463315,-15.993881102551356,-3.036689372940856,78.64915400502878,23.69111104014361,66.0539808897519,28.78430081819633,54.80308298142407,25.9656142774261,39.3234764333063,-8.85511471128801,78.94560603971576,-20.379495669938038,-1
-58.49181275885931,20.85190319738504,37.656934073601576,66.5738083595979,-61.66712259683844,-83.84676303528431,62.63582574732635,46.19576867392402,-30.557311255591443,58.2042470420856,-12.682786071593341,-0.5276792649526243,12.120322168260884,-94.32180335820352,-97.39624145184307,5.1336060641370835,-49.375813547127635,55.337505021056046,-10.538869308794332,27.71562650931496,9.192760426877399,-34.35040137617578,34.62287655050147,33.44977518630492,-24.94403703666022,72.4324432208345,-67.5931501656954,79.16344576712845,-35.43998534108199,97.77927728239683,58.094524969048535,-62.50409621512078,-30.833321310025767,6.736257688438641,65.73533772525565,-72.29080133246393,47.333841762390904,-52.80703965115696,-32.878832326684915,-51.452623100854765,-81.77888408434906,-31.136737791905205,-79.1192958370953,28.224656828191115,-99.014756848247,49.21768935574545,10.957630191599051,35.31451356074277,-15.38083224458839,-56.27124314328695,1
-65.17813293318312,-33.25915848487402,-93.96159693256227,44.65798966856326,-70.51724670311452,-87.99783622878246,-36.467754294100544,53.430974526102034,23.837187953976823,6.949724453301755,-57.296891327568765,51.59737077961495,28.21758230853709,58.119374430817004,-11.858593350275996,-45.657271576891546,-58.00243848283462,-73.90228100733998,-57.53364540579273,-71.72789566136652,31.109160342845257,67.89051975499711,14.002900772390973,15.064326513377551,54.34504618143029,50.69729536759445,26.829423820097702,11.6154672593983,55.23206801566042,-58.08061615308857,-99.04272151804673,-4.292693610171369,-29.00391766516745,94.57543199632809,51.25951419760881,-21.81688873484771,-17.72223659183487,-85.92602740745326,85.85892155296492,-10.050090172221829,-62.67901875848019,18.341496441791236,-99.80957379517201,-21.328610565257208,34.6850168640845,61.75043459703625,-25.754321380592856,-93.35458678453176,-93.69568490429859,-67.58204981779754,1
83.29783022310284,87.6936424731625,-76.33518539937236,68.49328144252513,-1.1854845133586451,-31.255055234367916,-41.19417547852537,-92.8684712326596,-66.55333025293157,-28.43751529781929,-66.15531149645082,-20.12684609481954,78.06215907262245,-17.57634769399627,18.13030325176051,94.41057401439144,-87.44954500310689,-77.37846269358943,10.999498537611444,24.717458168914774,-24.97812147778471,69.77957763831509,-97.7886988136956,76.18689403816282,-48.14636248235538,-81.43372924723363,56.63509284998639,57.09438610055568,28.434229526945302,86.41647391665214,58.05230364913115,70.88365620429582,-45.2307501094636,24.14137973830843,-68.71090717022959,89.82559512501197,-59.48324995321437,-75.94029545757209,13.856121198483208,-11.297299729431828,-9.32650154694943,68.53310386748029,70.84226536172432,94.65534704665566,-59.51227022744212,-42.02632716304555,-17.520021225285063,-97.64658781771627,96.70947781601373,75.96343060444445,-1
73.35407090120006,-88.93352256733078,-33.15072516857373,88.51554637857743,-9.906534459048459,-66.8886315803214,76.22688278962374,-26.732711517607015,-36.49630747399011,-21.957551787557335,64.57472330317333,-95.60002595541405,-62.54238656451652,71.65809565902049,-80.19389760861138,43.030740705079324,-72.80364156167948,-6.547724008527382,3.7783352187615407,19.219722084754352,-22.830365367762127,-27.806027245215276,33.226041633744416,-8.378856802935402,-42.03377418930923,49.77442990916916,20.694694167314196,37.03761301925118,49.15521981405891,41.5451294169778,-62.46361213812086,-23.769966095259633,85.68288536251413,-5.946314415899252,64.17869062250077,53.87024937934143,-0.7539300609875426,-6.677098719697,-43.26951145241913,50.34014950354782,24.714111725819407,78.08282761213113,-56.49558296397794,48.86045103839302,93.62915782294624,75.54781161141648,-52.47127294228553,75.83818515777759,-14.95751085429633,-66.31347599583539,-1
-57.01192428184865,70.02654693700737,33.67214042347882,2.303027216644992,81.93538438101692,-40.182256551230665,-69.66572538815214,73.85622367303495,70.71586881336862,9.877490019583334,-86.36547511287951,-10.5458312473868,51.12499682347399,-72.83836340321452,-30.447195054382476,6.12349309710865,10.156310945745048,7.976955547634802,53.680295678101686,88.93623171564889,-96.78829479095477,12.476899795224995,-92.68048705092976,55.577569240959946,-48.29577575311637,-10.171055553212497,0.4365758159271991,22.89896014181491,50.4188337704457,4.259014583586108,-56.97792023125749,-96.36132082623399,-38.63341209124527,39.12812114899265,42.090574711317686,97.43382370284752,92.04653773978669,26.34179736707567,90.73212527595598,-48.90263205000907,53.81668582924476,-97.49292227831153,-47.21530209143854,78.35118863929921,44.88445867774698,89.41132018017305,-84.43116199744361,55.361391130570325,54.34319815859112,-64.51238128148806,1
18.127566798927546,64.36029185084007,-9.57955884713715,50.98536732753894,33.15861903952316,-5.84184439155689,27.42331495292258,-65.05238152891349,50.35776616199729,-87.64228325235092,36.74279373517058,-91.54567295564478,-55.9928515044535,-77.14533625023812,-96.40665121936071,-43.80047656539825,49.76516201134763,37.58095301523693,95.48528665449695,75.6036910049047,38.592727976344065,44.81515214059573,-30.92666352826261,-14.411032827501913,66.09242280649269,-87.17217438846434,30.478659882467184,67.591842393783,-64.34998996143565,-86.14308434307058,24.82540020847135,36.974863868149384,39.89525055194295,8.252301849629859,-74.77974210762056,24.326199598749156,-0.8284127506630483,-2.0978476176263,-39.82131489852705,98.05025546970626,54.75238091711489,71.82295005119948,-3.46636421466377,-58.086852079048626,66.90487607403173,-56.12435596272376,-90.31345162079809,94.59430512320296,59.133970494512084,29.324220311332198,-1
-68.7125914657828,-71.43713910542652,41.11915795529839,51.46111906697507,-74.28634707940623,-79.29734619666348,-6.580807203523477,-97.03757331332179,76.75429670236878,79.42557142713952,-28.32358732967603,-86.30691879311267,-47.62818783268483,-92.38630423315209,7.773274230443832,-37.66409009550517,-93.7206979281736,-95.00230875395053,92.48427012136716,-35.40393584959081,14.026291324838212,-56.54847765573514,66.04054746873402,55.812018283696545,86.17619843000753,17.40715866996962,-67.95464881751074,31.643495910806053,-73.70532262843103,95.10206689493023,48.4288602414928,2.6814757679123318,10.583898551641198,18.331208322177588,-95.17263954298262,24.175865516090695,-7.8966197410143195,6.996674843278413,79.51149767702216,-20.177204976665976,-47.25145492337675,-80.42142598584267,27.686701081985547,37.59559490196477,23.769199297723404,41.29996690986883,80.25468443379378,-71.12082874525825,10.738529659884392,76.57299467164847,-1
46.17349504072885,-71.22640673133404,-51.534853950735716,47.64336002726398,-6.485927677340612,57.47666251026763,52.29614754406191,8.114013324181755,-22.815392688887542,-31.510299162128618,15.612336290461016,-17.371279801883205,33.97335586852077,-80.19663557883278,62.44990322221636,-14.676213676839893,88.91808600475167,95.25862989217103,30.575667796883863,-82.3182299279178,-20.16513235689257,54.53471616643233,4.2890546673182115,80.43382277195374,73.34472514450067,6.063765611396008,57.086992329452755,-39.447300735059684,-51.011392431535164,16.440679073815474,-98.3067064406446,-88.3560012394916,87.79725589490036,-91.90617470820182,56.20120949200182,-7.129297398390122,91.28011560126467,-33.6437014164795,8.32635868326257,87.16923304639323,61.2822374541384,-89.25818509492697,56.105755027592465,67.09511212934825,70.36888983018054,-58.73391962003123,73.25906841408997,72.9638244183329,-84.99733677780299,-73.76579012024567,-1
-14.065327328970412,-7.863005303573246,-30.452043540814856,48.24753942743868,36.639570136999424,-6.635291118536088,-29.708342470922574,-95.04233359262231,-18.674866259416007,40.52762417771564,96.90773845969917,87.76636599141926,23.38899190610894,-18.94770142800914,-30.519396319765434,-39.39793449411264,-54.6708029068637,-30.50042889458568,-96.23003488364368,4.131025316599306,-32.353064699310764,53.20150044842339,-97.67856761829756,-93.23022152067624,46.0002209468677,35.48536913961752,-24.036753702689253,-38.07726684386405,-12.486281384965011,-34.787560632945414,-87.0501262715654,27.361970791979445,89.3166415639526,-81.02439773626891,-27.12851715620576,90.25499472911824,63.28458945446539,-76.03998641930083,22.23437176716287,-43.36547784958154,-97.03264496516452,60.752660046808074,9.264831553691536,-93.52658591471592,73.638623825233,51.83159990570735,-42.75847315616821,77.56985640152544,-60.959527350879924,81.11424645685088,-1
-76.33276181532253,6.267990647321824,93.5624273983046,21.575928774710945,-84.96068915808416,94.08056013658137,73.03419716100424,13.231156361129308,-77.80973805050118,-69.12304195448311,36.7293463934553,66.82012741148472,78.17425683010842,-78.68430504886483,-26.666315442593174,61.28947464673735,-81.28467125604524,26.80424305273877,-27.415595453879277,15.547152210788752,60.10300398710061,-47.30921769559724,-68.11906928356095,80.1098585510463,-75.72537947316967,22.223686222867727,85.42262846480253,-61.5014109825653,8.304643110370648,-34.22057732518104,17.000685123321716,41.848686468238526,-45.66377063173817,20.556557984019165,70.62517500097891,-49.368430708962194,4.433245042596923,84.0324253474574,-33.79623878605493,15.289867073068876,-66.43132459565626,-27.828295139559003,-78.02605700881759,55.048226536448624,9.896660528232658,14.692111638191506,-26.98094292951008,2.582728556950073,-72.71375267134692,96.65548477478077,1
-44.736178306829274,-80.20627531825863,34.78888981460469,90.06490779345467,50.00443807755616,-22.127767100443066,45.63806019615845,71.44026937458162,-34.0839863402519,74.37442385387541,14.064085089600468,96.33633884699267,-85.26858239118707,16.93025707020621,33.07836236287943,22.96824168195728,-11.173858075366795,27.307684538769905,4.746383968544549,-84.5327578273348,28.230619477739594,-98.0228952520638,42.94300067933477,75.36000885799828,-67.66839624542816,-46.19063417267777,37.371858699614734,85.37157830084345,-85.819888445678,45.53178317806703,46.437462183908195,46.0536370331445,-23.55328537882467,-25.96524542776926,79.73673605395436,-27.313660055486494,98.4044121509348,43.76167605532919,-9.275968573325315,-15.456817349856294,-20.283027990076263,50.26545053841426,-70.75635807253957,28.92462238545076,24.50008652144693,-80.90911684048606,-7.373166854690467,-33.03886800322202,47.925213250541475,48.6603101964389,-1
-95.57528969420055,84.0080105091807,21.291555108709133,-54.743474541266465,72.62679250463225,50.172613306973034,97.45894299925223,12.036139233369681,22.355948443876798,86.61845745001926,-1.9223883586791999,-82.59380248262195,-14.555811068055618,-64.935599622418,-40.59726282450813,-65.41380671073298,60.693247830500496,91.10165083600165,57.39427880022026,22.78432844966396,-87.9799645721689,28.734374706506003,-46.08776972136197,-23.755169667203432,97.6704579946221,-76.81207930807581,0.6898359531458738,20.045912513509307,-10.507280880321119,69.68611725566402,40.884710364654296,-42.84688410374358,66.87789350397938,37.891518851924275,79.14496890468459,99.1729749124055,-75.4412591235279,66.64577520622476,-65.28933529848162,46.944271050284584,90.14561800136241,-87.63195954906953,-51.37018246294931,90.48610674120775,-73.56138366202157,-11.81721819019863,-13.431902094586363,-17.136795433155072,-59.309070497798814,-15.059979453556622,1
-70.29864367126385,-60.50274366959354,-17.06196916684273,9.155497081122107,96.62528199632283,23.367318153695948,-53.82648683976545,-15.150226654373242,-20.625789791044497,15.09778932964079,-82.68919496999494,1.1379691450579514,33.0996525339836,-87.40978013040808,-70.62062953044938,31.726237321954784,59.916005977910345,-42.09958205072455,-63.79745189981727,-57.062431689551296,-71.26167025730628,64.81538366850336,-45.63802282711804,14.464570053543184,75.53977024888246,33.3209706954693,-88.98567481083455,72.6408757780062,73.5022946310979,0.7082668462148973,80.995729425988,-29.54349835649124,21.651251283688993,80.75593580666887,-79.12355400181445,-75.98985849582877,-42.166121352275084,52.40039149139716,-72.88932757856301,1.5137983817582494,-91.90856542770847,-18.460521919767345,38.36008277189936,-58.2717312819869,7.3649257347758095,44.06542186985422,60.83784517551095,52.661012220836,62.67778855617121,24.676044701708364,1
24.526106719731615,46.66558174337246,85.99695662682694,53.97160113577871,-59.00846755354387,-76.00493836813999,-18.0885098254781,21.437976675414205,60.8233507127768,6.255306998356772,55.79250117485748,28.152479757766656,46.36613933746929,-31.83018166313674,94.97517868966506,71.7278273283637,73.92416512345449,28.27775747240591,-75.30375389974657,78.39172781251449,-34.28218853707952,-32.4982513612356,-5.489589739496736,-44.42353375544232,70.24237037518347,-4.385003038957208,-71.44505978790936,-40.04684578189517,23.419516215559312,19.803580909205138,91.65783467388292,-11.176823056565468,55.05554343007918,88.10549486518997,6.243541865715159,-1.779054996830581,16.087532248647207,-64.48453638282143,-1.479842727927121,80.63459173029855,60.75821886598584,-24.873777696119646,-33.112917992763414,97.1632356131729,-45.57451970487074,91.93539718156313,-70.10862090268786,73.97020949796354,-34.97137617217463,-50.2902954129542,1
-84.14394307376165,9.768351118694767,-97.4714797199963,99.31134784694984,-67.57812891395972,24.35003938613562,-35.81489965133062,-43.09923049729429,9.760345320216302,39.53973906810708,11.515612056592644,-68.31303038685405,86.08458218730348,37.034057004884204,80.86070077775409,-82.59167614877512,-29.242876500020458,-95.06686260441977,-69.95981750898561,75.0494418087826,67.2222254866725,-56.51479895874469,-78.27975270345232,-30.951655059221707,41.427954163391945,-42.65573679124475,-98.14566278162735,-76.5146262865772,55.81215722887279,-16.020972564012254,-72.48341289630847,62.69450566409614,16.906420165764274,-45.30635632758737,-60.94002716852081,-64.3204692945767,-64.39233262777928,25.710004607059744,94.96612306771235,-57.766513837218156,10.253602045004044,-74.72329024593225,-1.9892293312581728,-72.54582962900349,-63.86843214399433,-98.19580230385907,98.82499806423812,66.6001237937694,-51.65997290968514,83.25711844087158,-1
-46.16768580167416,-20.299594239203927,98.18349495890246,38.67940525450692,-74.40836717833943,-71.01568953237269,75.55663199100493,78.73107201237778,18.171721262902224,-38.199150333523924,-36.87387838717831,76.5618518753891,-77.82854408896245,26.707041880413158,68.54495953393126,-85.54889953158677,41.512657275422896,69.00478762754608,-2.753258522735919,72.90379226715987,59.582937313156265,87.67127846880251,-30.523424699097475,-7.282159213305192,-7.102502828100498,-8.998801232144473,52.156889912932854,35.51072059829622,-96.84355765382506,53.54597700835774,37.58063422626722,-3.028060568270604,-51.64036816636981,5.644707867586234,-37.97293723404947,-87.25646956632917,29.52921210612368,-99.43622483791631,0.34970321601845455,-67.2274259073165,-73.02906689399529,-92.12682995858601,96.7948728805784,-23.384407822136822,82.44547443409326,-89.91232317656832,99.79499947830038,-98.19745537385225,-42.57432859913561,1.9771570044016897,-1
-80.69310596091184,-73.68693867212907,-60.83215162115325,84.64517569724651,-89.07474224670308,24.89731122152415,-97.10629278537107,33.59387343488615,-55.85637847204228,-4.305875825566517,-68.95589912428541,-30.77097005125333,80.65935159186526,-36.845673576394965,-84.49001883576854,-92.22691001557017,-63.82282968301616,-19.208829446498683,-45.82738162422928,-95.68264912690513,-97.97707957891542,-22.705496875670377,-90.42461004959497,-87.87431754675627,-67.2206646527564,12.620407281923136,-8.036035194390394,-26.116791718867887,89.33043969866651,-65.49139022558984,19.456598464912474,-48.272060384673864,84.32374366749269,94.2532825485732,-92.33911657220249,88.09056882443821,43.633007684720866,-90.41126053152979,-94.63023213916264,-95.18407482587239,-65.8618411564935,51.52651523146454,-47.84707678331739,-89.03571434133224,24.097416685677445,-43.25031718352634,86.6502906884719,87.76185303076315,65.18806317460744,95.49831720275881,1
79.47714349274298,-31.94500355319383,-70.18205024635044,78.39398255512108,-59.476859860764655,-77.00955550526677,-32.82971950772844,79.1104572028209,-10.870039735121509,-44.01528946378996,27.024568314325762,-42.65144552305089,11.335703925022983,-91.76129853860576,41.37134042452402,-62.84882107135095,0.689639162438354,-2.3969430329846517,69.10166788178586,6.1194600804826536,35.17912876327995,-15.265666202689502,-82.90541134820705,-80.19970209290042,70.18103944535721,-71.86034550687022,-27.565103100203288,47.257031289007614,-51.14013137145641,75.45251278417763,90.07177618588273,78.30013483938498,68.93231089380521,-85.48673292628375,48.449396677630375,-55.9630839781073,-99.6975492208845,56.31025441142688,-25.027141774369355,61.971729713648074,30.801441083108926,64.46425644090883,38.65927877090098,-29.006907500015373,-93.34862329656055,-85.52874564510995,84.91785715153728,80.3033578953999,-36.64467723427214,4.522186262837025,-1
17.55387217243964,-74.70715091928577,-9.397049923962314,37.08132460806422,93.26214177848254,-57.18250628229573,-4.251587471448559,77.0504450927694,78.49921948230815,52.24796634754151,65.88933537111859,-94.52064843236647,-85.72767271980359,75.80662712417993,-35.191980575521015,55.192175914400735,-26.290230065298985,-36.39164318856458,-96.00996044501446,61.175693968559415,-67.07340325133569,-1.0758062348938893,28.6232689601909,51.555927025671565,-62.744789778944046,-25.576122905692216,70.39213194814747,-4.809436296774578,21.886192246857632,24.577587802269264,-9.961094031367296,-16.91138171268807,24.6847870743306,16.171123188679616,50.19527027570615,-19.851370293118208,0.1502866887532548,-82.00149241480068,43.87335048735966,39.299880083812894,91.91025839101766,69.83916180313096,-79.71798740731755,44.43335111113015,36.68780643040475,9.641347890716219,-24.401853090969766,-24.59585076688404,74.20649240642186,11.391383685061143,-1
21.154963871377433,62.57019430735156,76.40963720153974,-2.021171573835005,-56.762933524266444,63.068365227553954,88.69214285597519,-49.362733333507606,-56.50334137245381,-37.57253724562024,-1.836491947033565,-3.1112380527038823,97.48081485022422,80.04798954130001,-59.71088168662418,-37.2634694025445,0.9103562609998193,23.077373595997244,0.42188737383399655,-4.193086788028381,-88.59263129008268,42.4244719321743,-61.89963716478972,51.959443134009405,-49.38771400589417,-82.25875939126017,16.41619900521046,-51.91753287730991,-49.12218806492261,29.858460101844372,-10.252202612301659,81.00916741329863,-8.85212795695422,63.48376511849901,75.20706155306104,-8.951646367058814,-20.047075592686838,79.51879832480046,22.96522317566341,-25.029656453919017,-6.630858755524045,-84.73576328213991,-54.29515532280795,49.03346011986346,-22.989060570468368,92.12532956090214,-80.64324853267904,-41.422571833252285,50.93966407229564,-39.96935305551912,1
-11.191250159559416,21.5525537486849,-54.733832052585086,89.32634919306756,-45.00817792061935,0.8439732198805387,56.196427374814505,-30.869080207655088,90.2225435086738,-16.92331986145099,29.30751479461472,-74.89903792707291,62.09922417596695,-11.113907019756027,35.18461367768401,-21.32945988818922,15.10210878894354,-70.4964003426299,-74.94113653372752,10.064094941065235,85.88566087303201,3.9369426726290726,-64.53441868628275,-29.124601219419873,5.321189808000909,30.195271297296188,51.88055189840841,40.67052553841367,-33.945126977791574,-32.20392456984207,11.848733949726181,43.59656994117714,-40.96916235234478,23.338271498907147,-58.21291945243821,37.779755544462745,93.86361317493171,-55.84311124014756,84.34992097511287,-93.8571499426307,-15.291753563350667,-83.38876532987176,96.0456004706617,45.153348909624356,-28.956707162476377,-5.522238972351474,-51.97335917493358,68.62441914172734,58.08884913847754,68.02092824203794,-1
31.620443611298413,-34.55576336770922,83.19840027241548,-28.586772249338793,27.53285691789138,92.97478913590126,-31.66519722179055,-93.2464128630826,49.63778631966298,44.565251844924745,-16.471243110759474,-21.600493585921484,66.52644458367712,-99.28704899366956,63.989161807852156,41.338836398564155,-1.0583981375627474,55.748061041295415,-88.50209958864417,67.72344003761907,58.02118741903581,-54.55907408716332,63.0904633161027,71.17309954773592,10.23489304442451,-32.36469934122542,-31.797039860646436,89.55773284955035,56.246336233275116,33.46424561123354,-6.02597194381444,89.14811324257363,-41.18010134554204,72.28294419488373,14.310184197861275,73.75656665404699,-38.97138183119715,-99.75322874646011,-6.312963926406567,87.9688631002829,-70.41155260805871,79.21062872760655,-7.43337293555291,68.05514441519966,38.060399624195554,54.422328715994695,-66.31131076833863,-5.623172602464493,-46.07994752454243,-25.236644369139682,1
-34.361449278137684,76.4990210136273,9.831138158047835,-84.23866039091851,24.067772812399895,-91.0199445559655,16.643853504677537,9.826199073365927,-22.649793998163673,29.616332937385607,68.51201087458452,-37.79444619121228,-11.910462839650293,-61.32060714973881,-18.296816539884503,22.48521572062947,2.1773174203322867,33.606080531015806,2.7008848261286715,22.35760658589672,-93.14710249447793,-26.07340274753834,67.2505807257798,97.42010031946515,87.46484409322002,-63.79863397193017,24.256870777048903,74.38554383968997,2.5803687473940897,-4.615906059137288,44.924517213285185,-33.69880493664441,9.13644911206228,-13.576970019022767,51.960867315830995,28.6298610063468,-93.43397417046675,-83.48567398776999,72.44488997354722,17.759120576900543,32.84542364271803,81.21482496052982,31.06095770217138,-14.164656138451932,-25.392546859711246,-96.92618459629594,-83.38754979685766,15.297587493581943,84.17210229992054,-4.423864154193737,1
9.905907179003393,-41.0597260228944,-82.0243439798724,-84.04059068810852,72.16832061949515,-11.512162164238006,65.93901298657096,-77.03096955872243,-51.341584636743875,-52.06723989112631,90.9363967557226,44.26550544484559,18.75531078970556,6.573730874507362,32.57727483971618,61.63842841218241,84.51710497352732,-29.237338109368523,-16.988554069773002,57.18593292313855,13.86190421924627,-34.21176964017627,28.619733340674998,-11.756107705703414,-92.54278502269516,-71.80026208309467,-41.795717355273545,68.50310328500268,79.24862559128621,-63.610260921318115,-57.19579658296134,57.74112894145395,99.13684600729482,31.402885306967477,13.088758613639612,-33.209953250604784,-80.37370890465085,-17.125649746684957,-48.04487390566907,74.43781250076253,82.65195512646577,-75.11483270267544,-58.3966916242255,-28.32466672983867,43.876047578881696,-5.398779984021445,-33.55220900339093,-64.15684215909634,4.042413809506428,76.13004512872999,-1
70.06960022397908,33.877084733973845,-98.43101575187536,83.78694862209946,-37.62246315701046,-61.00720717525818,-14.922443640247465,58.78253054738906,-58.37577451466931,-70.23361769371246,4.718725504032562,-43.339824531305695,-31.597285986601122,-95.16517536960303,-0.05603978249813224,2.4739278823430624,-86.61919640691372,15.440722375822261,-48.84483672196851,5.62462155182611,-6.6239130646300595,24.414843496595793,75.73340569230078,-68.52115896169913,-7.4221607700844885,-48.084969062713554,27.63998845335709,49.20339750123051,3.60044603826006,-70.58611801564163,60.39216514203062,72.99018421060495,-63.278163550978284,-39.18115192617129,-4.7998339823517995,-25.70412557592023,81.37905889134689,61.96431682761039,4.36398535940566,31.294150414814396,-41.59813699319479,22.930484654044903,7.879327400991514,-50.848704496880124,13.16863978537586,-15.595761514883108,49.93831734103247,50.55642195034136,-77.57440470950843,65.92933621635069,-1
59.03723895374074,77.48490707407205,81.6517109354132,70.07255753157008,7.5261353207090025,-8.419642904372424,-23.23877138010411,-86.24521343385747,89.76159520042543,9.341152666199903,-38.49567595918933,12.6601844538569,-49.958279708744044,64.21906737237296,98.80968875670226,69.68023126272328,85.80804360296469,-64.80357992811861,-9.249987201217351,-18.69267239870109,24.285342296363893,86.55524573476296,-12.06782585296942,-42.77459320590879,-80.83154445358996,-88.05026382694797,-19.202594917672428,-23.708898815792452,-97.86121031978827,-85.38395681246837,-53.51317898969305,26.08373156988199,-95.37301575850412,-9.907054659842274,-36.44456092079622,4.4456007065233365,-32.261267057653356,29.023027646473565,14.022883430237783,-41.90886177648523,-73.78512717731036,-81.32010731704057,17.744299962034063,48.15965106535023,89.31844967653117,-16.961506652303427,91.42209904791258,-42.63922430731439,-4.673350233970083,84.45041380095398,-1
79.26716370422395,-32.91863730073061,-56.81235919597298,78.16237886276062,-78.8253488854958,73.82319734219644,-95.52172613593027,22.092667793695213,93.83285212556126,-24.387308312617307,35.289881589143306,4.193491800563365,65.15975397802697,-59.65517219655896,4.451080130447423,-32.146116963483124,-90.97606298594702,77.29063887113688,-39.11307660885595,66.78960839533684,37.74898320608466,-18.670331035086463,-19.23333406015763,-19.79301628394859,37.31956811364017,68.78582639068088,51.69940238107188,-78.17941455681925,21.043544601132098,-15.621320879473458,83.24527528924054,-32.720572606018266,74.65643091358984,-4.440278401834476,-17.3363362796006,-43.98824498466072,-53.56689175079155,49.64863744521719,-57.564007371007484,-42.53955862047918,15.425657160444487,45.90901921548203,-96.85852000049833,51.91482058314293,-95.4807759970331,33.05452230964039,11.727934098429742,-62.461034943102625,-11.567311891450174,55.39560210614863,1
87.91371780503314,-0.9888108690830251,29.95814550252493,44.176614901624816,25.870073675274696,-47.72658150231954,-41.059116992274845,-5.919916071094363,-82.05606350623583,55.472244025770095,-60.67228831269911,-57.96891574322811,13.349269489366606,-26.50021137933342,-84.55696938112047,-27.50905333926579,-41.537992283398005,77.55199285316809,-84.79227855682099,-4.199549045173697,-29.86460181621328,79.91513459049517,36.19974840385615,-63.64390056618807,-25.67958410597899,9.622008110637964,-95.25685837792774,-19.1887553839114,97.17215809617582,1.3644456311349131,8.531175962193743,65.11986302323893,-50.908987292556105,46.3268383288962,-36.49055251995414,-80.74894979695677,2.3112164633932224,56.5243009181753,-61.36813672211166,-9.548325748266763,-69.36502246465622,40.3917408230331,33.02934047422633,29.386330980017135,13.541105366543277,26.12279305257705,-34.44764898291692,76.02153549604651,83.56912701522526,76.8244813118828,1
-98.04583051616326,42.721473252694295,-98.35275168160797,-7.24250884892939,69.15252922356092,-15.684752525872895,24.959200258428666,-89.79706341572977,-64.99401185522177,95.57330559009941,-5.6158135477055,-79.56037014852157,-7.520902526071509,30.86710255902281,70.95641047274611,72.17261573740817,16.647431181660323,-81.66982454416112,47.578208515324405,-49.58610465458182,-24.714659552901864,45.42603272119473,5.732060083386898,-22.048807083841922,-51.20359369303775,14.812257987673917,30.23633908073421,-61.69038211900475,-98.05564107295545,-32.187230875483166,-22.269529128233273,36.49556639403207,63.62239380722065,-47.24185302604451,-69.30479148556303,27.93181766209807,95.01222536192432,-41.9830799377509,44.255145789872216,-21.663994035008557,-97.53924825853713,44.5939113175362,-63.77471834797983,-81.95736908269586,-30.275760730971115,67.1466985086279,90.28407666188,-13.75552952647756,-83.00376162728429,-49.901101487202396,-1
-78.60387223460832,-65.83725873875785,95.39421092525217,-9.856402893570532,40.75620100693297,-61.59004672079247,-1.0609290083266671,22.168781804854774,72.77767826700205,10.76088247270674,71.43572703731127,-38.52889503280181,5.691036350281877,-64.78694374613502,-51.34634241423972,-72.97091081352313,17.82763893344368,30.356457224766473,42.59704776188113,-78.6993653846864,-89.6645783893405,-28.373971869880265,31.38198264172442,69.75929124610096,-12.299995106973142,91.50943013783592,81.46189592500542,71.9935865557025,78.15722960168307,37.48748428245986,52.793041870544215,60.29192419895017,63.765115244648086,-52.4354370574168,2.87053696146819,68.22284692645499,-74.69710505758044,-34.55635523483387,-74.61528158496318,10.801790848249723,-52.562656559142454,23.114909260352817,72.37426441634597,-90.8735793984598,-82.78669321872891,75.67007816224412,34.01094292468227,63.06485557815594,14.610270719437352,85.43813193323894,-1
79.96666913745449,-84.29275144144026,67.34214411669234,-81.34902604292584,-12.379042070484743,92.20176978216438,-9.437449917700462,76.84184050237914,0.8478539696206582,51.637327672873425,12.75993371580148,68.10649394772531,88.26090552787414,-60.99862549015387,-78.40298665595229,1.8727471894228245,42.552364651791606,-4.159951015859193,-56.625333876925495,88.98337838197807,-96.14312381178223,-3.267616657708899,-71.13776034940405,30.67924388554752,99.8199176879285,-55.45230735418869,46.664274496237766,25.667879844493015,-0.23481322884184408,40.84704485951883,-29.9190756310945,-7.156130327138172,12.249547931209463,-11.11058843412556,34.346028019207466,-16.976637304272344,-59.295984446339034,-11.461468292363946,-48.289322534316035,99.30089517581214,-45.00117590660415,-49.86724116093277,-98.7301739812263,-85.28470747201182,-7.6683772438634605,-4.296409299978748,52.48527395552372,18.991280649718263,-97.32854703565863,4.017155142325862,1
0.6834541709713733,-10.19244792600766,49.66376022449816,36.19558584235273,65.93714231127353,55.88467282951456,-14.985067047396058,0.3781545510277198,-60.735043174555244,-45.71959481787642,73.51510202363428,-56.13554554736666,-99.03838756258783,37.46632990714974,74.06404212870737,-2.2363920149790886,79.01317383741949,74.92127020268501,99.40758520892837,-51.47315347843169,-47.240457303858086,-84.82572580455532,66.69801211097862,56.43498606054155,-19.71769123509972,-66.85505979816818,94.19589561945043,-64.9770408102971,6.976623321218952,41.03335848305554,-13.200826226773017,-70.399538606988,4.901850595022864,-77.78733507031387,62.21580568141644,-37.90392523633914,55.76726077536881,-38.42632565791184,-61.24319011973296,-66.64717058751313,-97.0631643337774,-58.41683825973825,36.13734220764877,-47.845859365390474,-4.814473821974929,-87.6454823995658,69.89331770674937,-88.7678161747875,41.039095878711095,41.367141950141786,-1
73.6819047893868,-35.46325858443595,41.45414518889103,80.33382912645868,0.41432146396471126,-89.23977558056195,-7.472157182076614,36.59121119262741,81.69885026732723,-18.219800924945815,-20.612712449511633,88.3944128740388,80.05538037914658,20.695056383961358,-50.52892212872322,-22.493451842916954,-13.793231534247923,17.976601831025363,-65.12289989851806,96.22073249756363,94.18800444743607,-69.89170740157087,-57.35088492020473,-34.82783452275177,82.24533158218264,-27.649134760116297,4.206053636588408,82.95634140014613,-89.58506437166902,82.78597507153466,-24.72723938229842,87.97528003980005,44.01764357253174,-47.29585926695559,44.84511652846189,-16.740743726069113,-80.91594259353269,-13.464327146769861,-66.9408556123164,-41.8316382741329,-48.05598859977207,-74.1956359958483,-64.19308397362735,61.86079923042328,66.58398543168238,-98.7160109071303,26.1338758372778,19.154639506174533,-84.23953861407874,-48.73841431608281,1
53.79748303610211,-67.3291100513687,19.37137215689819,-47.297709870219016,-15.264718076430484,16.49501351082128,92.55573753703328,-53.56615706267818,21.399938529158675,62.8964098698703,-87.94852826324691,-87.63879957322152,48.73103077852085,75.73439484939186,29.004919587039865,1.573125666641161,-72.99122676999494,-78.76921870394465,40.470519776231214,19.5999644881294,38.28026766233572,-16.532489800266532,-10.728767248705935,-4.518148854671452,-90.91548143186638,80.47102988848007,29.543741341065868,46.91334500536627,-88.49661912142157,-84.65104103745793,-78.56611594310714,-28.13017503887707,-63.1631240172704,-71.08735184584798,7.389075720161273,32.73871391394792,39.21034728726619,-66.4108727626036,-74.63435105347689,-74.26958196410015,-58.984060785186145,36.03125120368904,-28.251847860156886,-1.5779250594716103,62.62902291519541,13.253247284269662,38.939934220337875,-68.08221162929,-2.3542766022043935,-35.073152491212895,1
94.27901880832792,32.80244561352046,86.5925097134159,17.618558302791442,5.74820230795585,-84.11835114044703,3.0833924432110678,-92.82245423547116,-39.883725278871516,46.673849900502944,-79.33308000283215,-45.089230732871144,-91.77993752611604,90.24279177188515,-53.31285321775343,-38.724745988716066,-74.31776253677509,-37.828175629445916,-90.59976670409556,68.39988532001743,85.9911163491362,65.42170420532429,11.55965926101041,6.365706334321388,42.848823906968846,12.906098060054433,-92.94628484042025,-38.8387892529664,-22.35089590921875,77.3539655292441,-24.534622362790245,57.644308596620704,92.81882643164457,-21.091684982109427,71.57950795511684,93.26050501562537,41.590847357159646,-95.18469601715964,55.06182786435363,35.693338944247785,-15.38067181368288,4.346692752575649,-3.02577782894798,24.44217048473685,84.56942642574194,-71.80806870903282,-3.900301445427232,46.357611741645485,97.38899805336584,20.871172039483483,1
88.3383973316061,88.99695711116863,-15.863552591814312,74.22642421643363,45.77067397475315,-8.480173839226197,-66.14374449140739,62.31944749309238,49.802370552804575,-52.10735221284244,-81.51440214042557,86.33765782330332,59.812685014772455,88.62942916707172,1.5898366745512362,14.593422036690356,72.06560977591806,12.43536561939949,-67.86764653111547,-65.49532747887676,-49.744079147243035,-2.2741995168693734,21.403512004904826,19.608428177652186,9.393427361632959,-87.72657559244308,-60.28358012828758,-84.2517251231994,-38.00665461820678,-33.23224782497883,-30.663553734983267,27.597288742953396,-10.837771788529253,-32.54168066094468,66.96146874395933,29.526342448961344,-59.08447473718006,54.15405671321366,85.03484601107849,-45.73501011825121,2.2030830778575705,17.445053903363572,57.79182979195147,79.70353170788519,-87.07175300555674,-58.663800831154546,-74.25882817582547,82.01728791110367,17.178315287131426,-0.26878567840495293,1
-60.80342751617096,-44.64917360973828,55.03815385878116,34.14390514140962,-71.27052698557608,-37.75239062705307,-89.36534266470248,-83.40488112192443,-75.77429658551576,-35.99373219519842,-54.178143003608945,-23.70879000499602,66.80225169763338,13.59769591023192,69.65933252744065,46.40622719666365,-21.790780718450534,77.77975692946563,44.19700148130741,-59.82639293802357,32.7754663681948,-29.519514747939525,67.5991278629078,-92.40542074809828,51.20846073286992,21.533993684842628,85.84493266608436,73.40277394018901,76.78704776769843,53.374946932599755,-76.11039950698395,-70.39340326807812,-38.82908607988611,25.039829597816407,-78.06416632395789,-25.84872960734323,64.54985809642295,-99.06666841990854,3.325899046130118,84.71583659191316,-15.82058517828304,-16.01052372235938,61.99682934099434,22.3168843328623,82.40917109466812,-43.09743057669764,27.36173942761657,46.417678847498706,32.125807048741194,56.847054246980946,-1
34.23149467593774,-7.083447112150793,92.18348631161228,35.77281781710272,-16.35944313145518,-73.21266022545514,10.540444450827337,83.20230943740896,46.774384199252694,3.672727747496822,80.44034508266199,-65.6726610794523,-40.44975787234571,-55.708097192032156,-5.666800728613012,-6.130140344943101,-66.03923229957911,6.922279688045634,35.3281938761026,68.75756041655183,19.13846312324405,48.398726639975564,20.42046119339163,-98.18934589731019,79.5744710664689,-51.66301207966995,-60.34087965892159,-17.340958118250143,-75.24332367598514,-79.35444670079426,11.121682092583725,42.605678995414024,-29.44214318313516,3.8847045166023264,71.29030073233042,60.358674973392056,-67.8202923159238,-46.97948030392938,-33.901611010706276,87.69322675364529,-25.708673378165344,41.944576419017125,98.89840287903678,86.2004455021403,-24.987809640725217,60.747961831008325,1.8351974267484081,-14.739544340703702,-46.74933935209342,98.8360969423506,1
11.375688634419177,-69.46836709184325,92.45561203049263,-37.01809049465674,58.64310720263782,-26.35396216783363,16.43342708206444,1.1126747289383445,-52.46210299501317,38.992148976602834,-80.06605557068553,4.270799925260917,25.621737313694865,-67.1882178631819,80.68326750937996,-61.09025181182546,56.16832552038849,-76.97960723962755,40.90178512155359,29.503333706615336,-5.987426307090018,67.28168154054154,-88.72182370212924,43.87699475918575,82.10700938543121,-6.363943106572805,-77.58358855950223,-51.93063265800038,84.89902801278302,50.51738735514749,44.72854176037785,62.22864673606557,-66.27662981431911,-61.60034489360249,16.97218389157146,-27.200741340546287,59.836783355357795,-30.835773847256604,56.182157264994345,-36.69808799316654,-10.592873733015836,3.600027640959837,-62.811667372832034,-37.82800027019846,81.11584009374442,-23.019530251164284,44.48811320029452,-13.652207388230892,16.111717029260532,-82.24474859779582,1
3.816357027243612,-59.764953542224106,-38.328985873537945,-39.59022690213197,-37.46749133081793,-22.345401840747044,-55.28170777753125,62.660690397137245,25.45121566773649,-28.316440913512437,52.78749708543032,-10.21314325551343,-92.50664426493138,-84.29032829993695,-16.123404324167055,-3.339505722962045,41.061922160353475,-25.41118963444997,-98.62315365050618,-97.00039715315118,-41.34011397264612,-70.1560878825986,26.357003399925773,93.44121249915739,-38.45939016152305,41.47760078080725,78.7546724569766,-10.168226461858978,63.84420878497551,42.14900431975883,4.871114179198145,-92.39277514092994,-15.704225291096137,91.39050768214992,-15.453071626673108,13.476295800918308,85.95108042169062,-44.71112398194612,-76.49026305983296,-1.1208764568521303,58.39904278785525,-16.702350380372494,-50.637452084583856,55.572117217750986,7.8419370824833265,92.4305608612436,-5.901358629328584,60.30641440901664,-95.45774964374918,23.333280070408165,1
34.25416504582651,-30.353872058526264,-16.201262937953786,86.3063602819158,91.46496970544084,45.34193718612357,-72.1289483478619,-56.67766836378885,65.0594822038752,84.77144520224863,-18.80766425808372,19.210458043108545,-95.14336752612667,34.928941929658436,56.31891437884815,-0.6638469393922577,-81.45565844369656,-58.2111315269374,-8.260659629555022,-56.6480242094322,-23.507144793484386,10.868168122537014,94.22113128781376,-74.60202321901738,50.741267646173156,-11.281034524438297,-7.921782753216689,-28.741520113641613,-24.205216551673274,-65.585928815134,-50.4632686801279,-19.12083552512979,47.97301765951167,72.48621778601344,-32.09217963166206,-4.740115434058126,46.946218100734484,-20.457390662360567,-34.21795466055897,17.808167521332635,-36.5835144195148,-74.09701248018843,96.02134921750539,-93.90085242358357,45.5434506796519,23.309880427787192,97.18765035824151,53.815901725858055,81.71950596031667,-96.8295293252342,-1
96.93394790490163,6.472046972262973,57.86008982163003,-24.249710311865243,4.215939220803307,60.569821397656284,-43.55916788963834,-23.870787653689064,51.849530393668545,77.29416939805148,-89.45320329218359,-34.563558437097214,38.38830944359913,-61.75791849416308,-32.718273240964564,-99.94774941141048,69.64063170796052,38.712713797412675,35.77018606935002,38.90127426538646,48.07284948722037,76.98616730446116,-33.0217807557197,-68.44204159855214,-48.81110090571741,-52.675365033069845,5.624484785771799,7.383275888736705,98.9667989107273,19.615566876039907,30.44353494622456,-23.508490835129336,-20.997675273043612,-20.174224569262236,74.0394280870405,96.1929629004502,-18.455988050474744,-30.267524368259032,-43.32846440973701,18.479191257506386,-70.03121983915194,49.143985349433564,-73.30298733980361,96.58059801687679,57.016741676104914,-42.4943421129679,89.96229202199837,76.56652975142407,47.18376648659881,-51.063795498750444,1
-20.366261281811333,46.37454745730017,-74.2845478406243,14.928414124367805,2.2717577466701897,-97.62271823052326,32.312666348107484,13.533576872930581,-12.021096039730423,-74.46245764456663,9.316979968735993,9.297554851918903,94.52695413128083,-0.11666938357058143,-13.723317160882857,37.08497795071273,26.059078605783142,-97.56564931144942,-60.35190268758128,73.9682176257545,14.657796169885671,-92.79510364888148,59.40529557566427,28.032734510610112,-7.3265471458482665,97.7334449277335,46.84896577521252,-88.63714929681694,-31.612481230283976,-0.9418144057450064,78.9777869988838,28.411116214100872,47.30297075193741,-93.02842084659757,73.1588821291283,28.666611560543288,-0.6308432659113805,-92.82588903987406,-24.24826737823726,-50.46626786559057,31.138368613199447,-74.66385422493269,33.99547514417253,-0.47173817103963245,5.312609070453519,40.81321463508061,-3.650769562979434,20.278773447872922,-31.598372250371412,66.36637560343675,1
96.81669383985903,-33.340028025894995,-82.20489282613232,-74.44340908523135,-5.9173047910380205,30.617450191275054,92.31585223183771,28.51492513731793,80.06382433267885,20.166999350538333,-50.80057332267835,-78.56181965669947,-75.18419904000673,-59.81709461778784,4.809785741171055,-53.85409698078043,72.52060385727691,-28.240739093152612,68.12608515147002,32.227944276799235,-42.783925143273294,45.387649613432586,-90.53433719434983,30.446825188901073,71.84876734899728,21.753849951686192,25.395674157331655,-0.5814167711915701,94.62740985843624,14.245750100131843,-65.00251193161957,52.48296218156119,-32.57392473902017,97.97796664477863,-14.670496925821098,61.67299804697501,70.6554321116422,-90.17390281288822,31.10002693657711,-40.859682088050356,-99.74965223232803,72.3771764055098,71.9103436323866,29.488885759400773,-63.999372131067766,-86.39987213634197,-55.1363570522774,40.13022810114845,52.68006326782057,30.522632793090224,-1
-43.50078680542955,-28.431768271693358,16.98722366780956,2.8376361842022533,65.25827298747046,-2.83674276531589,-88.13971335753341,9.14681723412842,99.02459989466027,70.20540656896145,53.73926636247995,-82.15590391403802,-19.681498812943147,89.80650232533611,86.26641249426194,-9.046288461806526,12.954000731347179,-75.90102867469272,77.02282457936784,-13.154966156194888,7.579653861331906,-13.45639454928002,-32.37968371476332,90.9999751022167,19.831193446294463,92.99643693785052,-67.00010425872091,51.84610738240758,88.4726076282013,64.6792483227224,64.45588132934029,-43.69980849918576,67.22071126901653,10.590963938097929,-82.8008494955369,31.5235874206802,36.5393475964168,-30.90741427694998,-79.10456653697327,-49.56735424946865,59.963178282584494,-53.78406327277614,-49.85864048066413,-0.0622456306560224,-36.42574283570923,64.91094884076014,97.29654133333426,20.896168763468552,-25.233656852477495,-71.34604268170489,-1
50.34939847916809,65.06168048459648,-89.88488678419793,-38.575861025587834,-61.866283795765355,24.761331885107253,97.03571283681427,-56.77028099160238,-80.91369304719538,-37.437833164672355,35.453885475104585,-33.58579136249993,-9.978476749609186,86.5409377027874,-40.46765898581464,61.46221938797078,42.89953507130167,-36.27036609152343,-44.10136416897099,-50.169886349736316,48.103047656443636,96.3507274927394,47.28616767401698,-75.69508418313265,-41.40179135159017,94.64601096485652,-11.79449961466102,-27.71256153317981,92.42602311713947,68.97464482841298,71.19048438653712,-53.01121054185569,-98.78932505206639,78.64288326994509,32.94836520691601,-30.168379534222822,57.589010787485535,-85.76580789455868,-19.490820678244944,75.60403197861717,-14.83504628862839,-93.55674079195704,-57.79576451612751,-66.22220376623753,-84.9697884499619,-98.10764181517993,21.723561521298194,-27.587759584050886,31.623350312286277,63.40268600606609,-1
12.24455765650498,-21.038543424348788,-28.45664701151449,4.63121262882234,27.079911495822444,-57.314773206317795,57.56851524969545,87.57344393036544,79.75581105004673,18.446267018215124,48.669496561501944,-9.726289250988572,35.70276823983065,66.37492400362518,-10.384502113535348,33.31372542162143,73.92111953985162,-79.12571360349554,40.38743051630422,-54.72982898229317,-12.694492833263425,93.39134858242065,39.9838669953248,88.71861321883387,71.57841393274848,-10.392797988843256,62.569481077448216,-74.74387894681212,-34.53661321096118,58.54801264210815,-37.481500886527726,-11.515508489868083,14.572400949121999,-99.19629039282842,-29.820765169606034,47.03110326109518,91.74087108130692,-45.589590528529115,-81.21301170465709,-89.56937767514619,88.2816190640117,-12.803319359223337,-89.7906255110914,40.21982194357429,57.66462264785713,-49.528997311429194,34.844890656907694,32.97326004404252,-35.586388866642565,20.980940022261635,-1
57.93970142849582,-18.260087545813207,-77.07201128285863,-98.70238324389472,80.62794809483614,20.70210828520274,-86.07549235494658,98.0016013513796,-79.33027049504493,-70.66238449390742,-84.3850219049584,-93.56040481093892,-96.1532324991484,-3.117429807162523,55.18830277469863,-35.32218342971673,-22.195522445879206,-74.8004014736145,46.053726720200444,-74.77036883957437,-7.0066272372966125,-20.16250350640874,-99.0845719501744,-77.65501797709386,-2.725930294662888,-54.969223554569965,51.84310305627355,46.86377760756534,-21.318970921467553,-94.30515675493845,34.807029503534096,42.52254991335252,72.40533106518566,-98.90812228378276,-4.075242593511305,-58.33753851387642,2.3586866421962327,-95.98198855416886,39.42798114143281,-77.34567647607555,-15.271881509801261,-76.57392010588052,95.3295063318343,-42.25159490537598,30.672493829511097,-68.97987655660036,84.1685736435937,-56.0586037627558,50.02289460726945,35.98888363126153,-1
49.61463588590641,83.70430608862424,83.9061257825665,67.7005050647274,99.93126179126776,26.209708705737086,31.072023965910688,56.8494008081864,55.238394337261155,-18.833299273639398,-76.30267329041246,-91.65590802832158,8.23876869724242,-9.526020834456133,-47.51261933826443,-40.83168419778305,-42.42302755827245,85.31183327103952,80.21655801572967,-9.574235144845261,-20.88314799162447,76.3937866228695,-28.50179564186928,85.71468699496711,-21.846905884548846,77.85259924275277,91.49449090086776,-29.736945351121506,-8.711468281702466,35.81272778729533,-11.265428078827199,-64.38030950998576,-60.301422550367434,40.53053789751823,-63.208362469403426,15.26140135921328,-38.0593078371142,-9.577107525560848,32.710954573509895,30.381587208937418,-76.95760192270092,-74.63420577411813,55.594347915807134,44.315250945114514,8.776622956095665,64.95402741683583,-51.2329472615642,-33.913651602057485,-22.009625942266894,-93.2462252744696,1
29.864464915376345,-63.74994888968961,-87.53645499016287,-13.566548965202813,70.29420277737549,-73.52540811949947,-34.76016402076195,81.78113015469947,99.28393523413769,-34.63130204549718,2.8075799744068632,46.97026353716694,12.410482789872006,47.82258642160343,51.46772840833819,-2.422867048106994,93.63654121550849,-55.75591856309738,-86.09701621024692,-6.3591502913728135,-82.34100618776296,85.41598949659837,-6.874092559598239,-24.19649979002662,43.54337831578917,78.44549410854265,3.7842131999352233,-83.23511017808679,-54.76459512509288,14.531989860744972,-1.8019824594787366,-89.05045733482781,26.365074028824637,-97.25777805075857,-94.40013552531393,12.722697134262887,24.15533162333672,91.63701240819441,70.53703979473488,48.54020121246475,53.89815841941058,48.91579848341604,46.779604534641834,-98.97198355514192,-39.324207757619774,23.7345113267489,-78.74533772727408,54.889786889343696,90.6050245062086,27.698887265516987,-1
16.731222370174407,15.862680557692173,5.725967507323858,-18.480333233563755,-19.010843840227693,29.46937169114068,49.77804546375461,-15.779081384566254,66.92494798172771,38.48550274343435,-66.30213233492208,11.179441366954634,-56.35586325131769,-69.62027391936827,47.724204676840344,6.227306103304912,-15.065826756892491,55.82177192980026,-25.261617724586102,26.520686974292957,77.03910680335875,-35.16762172478573,92.72610108473546,0.5631304126036554,91.89995321833052,8.072064882494672,-81.51906250066854,5.19175023600711,-14.948365925548018,20.873571096915228,61.00396343001583,0.9429286981022642,-93.18648080958295,-99.56809601152648,69.42659939658148,80.52103745171925,63.87628490147719,-11.913778900072813,-25.221241268775856,-27.059640735606735,-98.30903897088592,71.18805886549646,-62.31567869214503,-36.138094226203265,-66.6815297554944,75.84142138021537,35.62264657029155,-10.485774973003686,75.70243340910605,9.784256471120514,1
-72.12878518543518,-84.2746578020484,72.72460018399067,-92.17354910322813,25.8244438677999,-55.80365533336384,-24.793058081091132,-73.69629099615503,-49.45279861347678,5.001034412487201,-65.34759481177623,15.234640165908075,-21.34967028025349,-12.093027228158178,-19.579133176582104,-33.5506535594249,84.37447908624824,-70.37217919152764,-50.22410648903901,-9.993853163610567,0.2047627677827677,-59.48942510091237,-66.92479072980295,-35.3867360184764,-51.322871754869404,-18.520832772225447,-52.40103265906464,-80.01973001062018,35.77576764796703,73.18389453907582,69.29366470852437,76.74899606110492,-50.753738713542496,-96.2589332126164,24.756320098012736,-93.9077578579105,-78.6564230121576,69.96681080164379,34.99455741680069,29.619386285174897,85.6551260975157,12.495783909781721,-2.007265442204826,-91.42237020042816,-56.09810802419957,95.75929016465363,64.41237754182814,1.5289217349316147,34.299883892883486,-65.62648662317287,-1
88.29484750121307,-67.93819209688623,26.121694330121883,43.8542770138431,16.752284175597126,26.2286578578871,-33.42374778857847,-90.02027250851152,-27.99217378059791,39.7507125843816,64.51626284688626,-46.61543580017613,87.06021083437153,34.10926227060281,58.020841684242185,57.914153592011274,52.48664181680084,79.13367314576806,79.62877408392379,29.942375422971196,20.95913930501385,-26.732281672796333,-38.432219243198176,-97.15089411717273,17.504738740475716,-59.613993475879724,-10.057468014066217,-5.27671728919421,96.61803218684136,83.06678562021708,31.669692919816043,17.420764716443117,24.432087636821365,-15.004381285265936,90.96848852019215,80.44562380075445,-82.82414005857001,-10.655219812334622,10.409197419313074,-98.20750439504708,83.58646691759373,2.393996833184417,88.0192155072017,-1.7570316028573387,-82.03536413840062,28.69021347099627,52.479262618753836,-34.115691437502576,94.11270830218794,57.90921320783079,-1
-9.512096773461323,-5.093287475511858,-75.67542186398114,-40.183957668917735,7.265965057221209,35.229935684472935,30.775463619426745,18.110580206844702,-39.9598884704734,-61.23067531356783,-96.04196847330864,62.30630810622836,30.027482360376922,-96.38213029580682,9.952828151263944,45.22534852655647,-31.108755526784066,-20.77072112997149,-82.13175449918745,58.665978997427004,-35.09367097796978,-77.43261572392674,51.473404434697215,41.148534511116,33.42406402850756,-41.191733757008286,20.084963053250647,-27.659698948834816,19.567306699864588,31.557110919433427,31.775827835008528,-10.767771045897618,-55.960606085245686,70.93627237460589,60.23678460409937,-84.33197654800293,-89.74403108221071,-87.40891746011681,78.46206992435748,-63.508368497544424,-54.256387250272596,-79.8646105382992,60.11767022509687,42.325258273383724,64.71665778870252,19.039452950601415,-61.7153507526939,89.90631040115869,40.7238349926744,-32.69138572163311,1
-97.57830495302251,5.363433210082675,-20.984734922361483,80.43083773058231,-17.19441524892784,-66.92608778919977,76.83302076935797,-93.33758742174267,-76.10284137975432,58.207784075174544,66.65412983825013,77.33034901633184,63.869382695428044,71.4070859951241,15.306652807087701,-85.89829752184586,45.59127841216335,-1.5151928135225745,-96.46848758957876,-74.71077087274412,-84.68525586974755,72.17709045496454,7.158848322662536,92.30007804668298,-33.75758428550937,-55.164442903003085,-86.82092175607643,96.4090899676205,-18.951806679891604,58.58455169583061,-47.257495863345426,-28.997770483536158,-66.02460010082129,-68.31195994093441,44.31736588455766,16.816449472712904,-38.09235997296832,-66.81343655993825,-47.20061459247316,15.735998154773867,53.51128751538562,-51.20574674795342,9.634794661109126,-39.995667120531444,-34.17030100582093,7.223508155689757,-14.466202971765924,76.9277526129716,-3.9522258652114033,-28.24590680851044,-1
85.6364196227903,28.142044945444297,71.08323092623601,-9.449869628392833,-87.09043899522335,-16.184293990923166,36.10027386137952,58.328155511946676,-21.23753846793737,54.688312219932214,-39.54083532588597,-38.661602017123144,-24.890800807554086,-15.080664185150795,-29.539034527374966,-21.268182826094034,47.94504569725498,96.59416002004133,-66.58429582959782,-88.15990979026387,-89.19271508252807,-34.807519875892055,73.95416593945777,-18.288999518481376,-80.26235745130978,-35.89079023979917,16.544904142887333,3.367383685404036,-13.04810860788723,31.1515225307557,87.3457583361818,-85.91199143899041,-2.745460093249875,-41.81819244747154,74.71256125307252,76.43098083023966,6.6406413920629745,18.52085756181765,-86.69134163098306,26.902748930733594,-94.70008690233558,84.07494588601656,-72.13707665531666,78.98625750863067,-91.60959672454705,-95.5810830264632,-26.675616978453974,4.326322857586675,-32.90435708053346,-71.88885124354036,1
-31.573479977621005,-79.39166131380347,0.5063368514150142,50.84037317707012,51.21222240110751,90.35493211813275,73.19546340858886,91.67404657654384,7.455471564660371,-19.178458339879796,-42.97739507414631,59.39531418431153,-54.77845667408803,-48.167740398717406,66.88525006072882,25.596719076713683,-71.66983795403044,84.09797264891083,50.30323627121996,89.73221647475813,-14.338741214298793,-39.264492310097076,-87.96237113181971,-26.393818274510195,-94.50197518106872,76.33663621456577,-79.31870991966062,84.82471525021336,-40.37431106608551,-98.30042148586296,1.1351283185139067,26.547462737014314,-43.76351581873743,-54.038007741179705,-90.40568529288244,-8.727060190182016,84.4842252708203,67.33050172340813,-98.34925746293979,11.123707569944543,-14.809277684302117,-65.80364751201095,62.09273367294256,-31.55542092187504,-47.471595828925196,23.808566136363225,79.50800319394068,-73.06773630197081,21.73317460819557,93.13196935580007,-1
5.138036460537165,97.60279241308433,55.02921554571893,-94.89051977567917,43.45659438642133,21.522705206646947,-93.54179657467839,10.446876045813667,1.5250790851032718,-89.77368150452085,-78.39636364985773,5.061427781615464,90.05668979008675,12.621585093772708,-90.16357573281381,78.50611974929521,6.138150673620942,-66.72147929997523,55.36050361862101,55.57434880462,89.11904990479968,33.87897101410422,-41.376070732449,-41.93478237507353,-4.629506030129079,-74.68230727837187,-6.824570497293195,-28.935089355422377,-36.288920445598464,-54.142327765154974,-28.765926756743298,97.27830862910812,-71.9304189123912,-93.39846979737447,93.65708355004742,-99.67302280419379,-71.4422656639899,13.353874467483948,38.872883412241634,72.30673992814602,-54.62291977364633,71.65003960205135,91.35843933360692,55.82733048133812,82.03588227125749,-77.30670893584883,-13.605583327893541,76.75219823035329,39.77834451975366,-72.81284783056981,1
-73.65699428418128,-76.6391784532096,-23.298195101452194,45.56513383478878,-29.82993084630263,71.50793956657023,-82.4111150389148,51.821748820060776,-23.926080804921824,-50.776862918953356,-41.989224160168234,-14.283628141377406,5.448889787222839,8.384340119884428,38.133172881114234,-70.35430672045295,-91.21385756892859,9.13908439137876,83.12624328310292,-93.16603297292347,82.71032995732617,-35.51073432905123,59.111169105280624,29.576415782172916,98.12557350792463,26.337533142667624,24.157740683949086,-84.15166545927033,-89.92746430299259,-30.192475265229874,97.61341305069703,-10.00141973076758,-29.297916057962993,-63.53625398781271,-16.033148590445222,92.5793214074086,29.80785116891184,-88.65120385313662,-16.15267036715791,-34.18506788414784,-69.97076174016026,51.095370115940426,78.77412882369183,59.774519556016855,10.139642129512836,-17.979981501830025,24.784276906455332,38.31342005964899,-46.63533729428886,-49.858784973399196,1
-30.43815841956139,-27.666783360991445,88.39488642871805,-61.517792422572136,-84.05905211090818,-52.285895210861376,26.336140178578688,2.901575615681054,60.09282424277822,-74.31706084091209,75.41088468406403,92.88599766503148,99.09479001524417,71.9708036450375,8.92475000750072,70.09728876706296,53.38804020735779,48.33762821762602,81.86500772972613,72.58128807499943,16.094709574843648,33.70048647712747,-44.870830965666485,-2.3799860050033033,-52.6771102126103,-39.33000258062973,18.199972370632892,74.65742969802497,-9.474320650983614,-72.8888541684007,-54.39323768949728,-65.45783537087607,-99.59507266395025,-30.955683364053527,-86.19287217743381,14.505058627041961,64.60975596607344,-35.29115435622981,-83.07645942909298,43.24807704644965,8.750416856486837,-11.631938733066889,11.647519777019454,-5.5590827268566585,-86.48511668708854,-11.637360028527866,29.712449171472826,-99.24549912020761,93.02645785075768,-34.09113064835472,1
-68.84534788396597,99.10328971806496,-14.4597658361523,94.27925339789965,54.51042685324052,-20.348475980668738,13.559399382581901,-51.78197009252905,1.280145919544168,60.659094763072574,-48.77388127784321,-26.68394214510954,0.00755515475762536,-16.428108377082907,-68.46147859750509,81.14084287891643,-37.59069194376568,-22.752425599247687,-94.85844518294225,72.11135792188682,12.220370771542662,-39.362357400975554,30.849942849991265,67.35328703546662,-49.69835848978696,-81.62244793150518,52.45904001620889,-75.68709739573534,-71.94401464670743,-4.895916625183361,75.44175818331931,0.669774403048379,-78.98252797422438,-67.69332083575617,-61.574197608052785,-92.05578856890344,-66.72476505533776,74.36063831906503,-44.14745836392233,58.917441875963476,-36.25137256618396,-60.096798517974,66.06582708259447,61.56466214710588,-20.880121160866764,45.066584788036266,-69.32211192434885,-61.27121322729998,70.69637876560441,20.738508866417476,-1
96.00651505709541,-27.541301999959032,98.16027118918757,-20.348718168597685,-55.053671165660404,64.24604253385303,88.0792865148344,-61.23101386968823,-9.91683225323115,82.50481707704523,31.001015273827107,50.675635852306954,-86.16688048711325,37.69609938108795,-72.61194437273116,98.01921864440905,60.10119303492465,-93.61231717356549,-45.80203010046677,-13.092504944791287,-89.30794907452741,68.21414423761186,69.22780191676588,-47.27949271073053,-7.568221676082416,-63.333113134937705,4.210318048832633,45.288623845725,95.3806192331171,-30.331364913699232,28.9075688058968,-2.6258102309492983,-96.77714341686965,86.2787884106294,73.95495732282532,37.01787048444254,28.101766732088805,55.61705971089742,-71.51665848305385,-60.63652183038983,-72.85423615076033,20.091646159598866,84.72860584300304,33.7738684329351,-84.06267835552468,-39.07928959050642,37.78742924636805,14.030953105256344,95.56193408583363,-61.00218744894632,-1
18.84836546171944,-15.426318188182591,-30.520527649932234,-31.965809922302086,-4.4886800873639885,-0.622250339483557,-32.45801739488272,-64.30005698684738,5.343974912775067,-70.4995609842868,23.507666651911507,-38.12440713790757,34.85514767210063,-86.70580252649312,-92.85518501124518,43.41594983625714,32.21255170475132,2.278142649952514,-7.760642072485098,-42.989345350168165,9.355535699581736,68.44663196313587,42.6101778176255,-69.93098537942682,6.427694109602271,-47.875696858436534,77.42818220704851,-61.8779712510451,79.2034615934158,-48.669922438779125,-60.25011626313712,-36.46989528979088,27.850096656083068,-0.3725253138677118,-71.55302054083796,-0.9229277341513864,-72.29301468166057,-36.556943163062925,-67.78482265096473,-45.54532046579072,44.826879140488444,-3.4688423998883593,-61.81049806268888,49.81632365597497,-57.25979858208816,4.536958132014647,-30.30878952298808,54.76148541219686,-17.22639732405318,-24.3789241165383,-1
98.3065551654773,37.979200662672156,98.67217101094866,95.09809966621114,75.15715619194089,58.56211232703208,22.972569731043066,17.15917445766118,21.62384700061378,23.335904599160656,-41.29952441178182,86.51480539826346,-18.3615329088219,5.674051393784055,-93.29157036441322,44.705301435376896,-19.855113640574288,59.05606780332505,2.7705927324699786,46.79790828422085,53.57321489886917,89.66535854599658,16.77222361877378,-41.188569279036734,-21.405537458509144,16.706971154726673,63.27442968401266,99.05596251804269,18.924221936739485,3.196869575166488,-83.03881953625911,74.15668862338381,60.277688326711996,68.60716116618579,-66.86748720151996,19.42221585903718,81.08310564486169,30.152044266525962,-92.67462360836274,36.007720799630135,23.542693295297966,6.196944130345287,37.41099694774496,13.750288542503924,-1.3107749095175905,-34.32246872995286,-94.46882295937307,-53.67584637668601,-70.46050425110151,34.94898964845882,-1
45.78784002103146,-18.160671242870038,-71.85132732176936,-65.40609507938498,-74.18932269811877,4.4727895683805485,92.78760788720797,-46.60612161225109,76.90925737401167,-0.49324405880058464,-66.26996153059493,49.90447370684336,54.297292227165144,38.74354772321303,19.441228340229614,17.64096450372253,-17.855907931446268,31.56408555409311,-22.569989220000224,-39.5957964409654,-65.9600973140179,49.85948604529756,71.01732110159824,55.426237122087656,-28.23367636578307,-54.3600946740201,88.75469504569998,-82.84096490460055,-4.59911240198619,-68.20060299092741,15.217940126605356,-24.387429673233314,-97.22316673421922,58.96773175360926,-36.13150660554152,81.82575113002278,97.85774682194054,64.95850708821621,34.91150626192331,97.95587023009372,-70.16035539280415,83.91777794578081,32.876310300271484,-86.80213674045036,40.938336737281816,40.71336368235026,71.76761747336505,-4.744985533687412,15.938096411550646,-31.85878855209458,-1
-12.479375188921608,-9.31675387514639,9.112508833551587,81.65772469746577,4.612181794610379,74.14002217968414,-62.59355399883544,66.11335626578514,-82.71758957622635,-95.50378002627022,61.275717874204986,-76.50608272417132,21.862774784774274,49.9638415356506,94.46614473707163,-81.67206514206575,-46.363781912698855,23.05558964326913,-72.20594067999934,73.90502894678113,-27.395643742728822,-23.007217670588332,91.04090533115394,5.967074243916343,-41.644846231709074,70.98297700277479,58.32635956151947,96.71571540773127,53.92484257843125,6.14395396094875,-62.36849689461823,-18.594830076187236,-34.494357086378784,99.70129576430065,34.123511467894104,-54.086296607797046,61.246855557867065,-57.88675300125774,8.142680668527078,56.13014092934816,13.176401508784437,93.6467315845687,-25.338658059255437,-54.55719561158154,-10.277979280984866,-83.35498120784933,-7.5968788519404455,12.16179317807331,20.099617272804053,43.88621379599431,-1
-28.780654820430755,-63.17973532780861,-5.89898420153456,-39.78256390695727,46.86506269899982,-35.27635148913801,89.64841691616928,73.31459546279845,9.299683705131457,-62.02304347263974,52.748643506311424,-5.151815589630758,-59.87958028478728,59.59305254689636,9.911185734185793,43.58295078993629,83.026173394723,-33.09971587377302,-99.82460316361748,5.122638599546121,-33.52444105459152,44.20066582974812,-18.294924004757092,-73.38899360993838,90.14816104279151,-71.78302277928881,-70.84309277959446,85.9059444832231,64.02652106260146,-42.15609383460346,3.5448911584066565,30.248296507717697,-91.80633064386976,38.24078739542858,-61.88451503334092,-7.502756676121351,7.7218091461438405,47.02854676974431,2.729209226797053,-96.72702024495617,-84.11666995769933,-10.585588577915388,81.17851905268702,43.426220293521425,-50.18036165909285,-27.524706206167465,-61.20067913741147,40.23805537039027,-45.286284933024646,-62.80222637754995,-1
-63.09579612872454,-79.62424717208869,-28.471890082217726,-14.381424675011246,-0.2803935205969168,66.74978618413664,16.886087311314384,20.115505598269337,-96.4979037170184,-61.50871698288911,97.03458055321104,35.390935257477906,-48.402077906118365,42.071346699107124,74.96290451459402,-86.88430174671784,9.285931860419666,75.67990959079856,-39.66993721701127,38.67978693293978,-40.255481651601556,-76.3484090793127,-42.019837964955656,-85.0050327799399,-27.741454132587307,24.918538857757852,2.323861907244293,-89.0969396419921,13.039381442054122,2.2470095633873086,0.19581212722788166,-57.59463956086053,-97.52337484317977,-3.756378999756336,3.351881678020277,-89.63105286650381,72.92652754457168,-91.47047816097367,1.234269381893057,63.28337824521799,-14.211955046819824,66.21985390912471,60.12331568043504,-72.73027060051716,-73.52796509468358,-36.07021924202793,-86.43735458394713,15.25136367137776,96.57718752783495,38.374462359225134,-1
56.639682659725196,86.1665728351615,-83.06476895146201,-38.58351738333177,15.632440119892735,24.022802433725047,-1.2662678549374817,-14.970097295123864,72.62688787534543,81.39580264886229,43.71108554767363,76.35600015914088,33.96982940258249,58.4751100757278,-12.330512811537318,-73.71980872112374,53.35190409710074,81.54340607069128,22.4468451260569,-81.12949362211893,75.2568657098962,49.47565192161264,-83.34959385457843,-58.25721044399583,20.47766205963582,-50.438000056159815,-39.411632432612784,46.237665445357436,-29.935560106735053,24.653797097651903,67.20011589995124,-94.67371243033622,-16.273318245321406,-64.07176800292449,63.04379860721832,13.854986749297467,-32.07071519646088,-5.906886411631746,-43.85386410017025,83.59321415669683,5.258263225682754,-72.97165699194319,29.02420298272898,87.40792651816946,-2.0825130602557493,53.77149159565536,-80.14044841864911,62.370130263139544,94.75108183327583,-42.04619107079077,1
-67.11889418422425,-20.28815517117448,51.7527501403755,40.13446896923196,75.12360398813848,11.386633761409342,30.85746718086898,43.35626799850215,-91.51210466197072,54.64886666972649,64.8391910661064,-39.155392273616286,43.33726758220652,95.54114167105533,-21.147290561153767,-68.79326399340286,-90.24816381740781,-67.02557246009741,-8.254779465469824,-53.89658018644854,-44.77813781509139,40.861807418233184,81.58771507630499,69.91486930961543,-7.565185218254669,-95.87366981710541,44.5251742032961,-46.705394635169895,-79.62989611622137,95.88676280444042,-16.344651736597086,61.28561172140138,79.630630841949,5.277999818638506,41.59329290520316,-99.09208805825193,-40.7946844738635,47.299789570430335,-71.95530728954174,23.909355088971452,-72.07970047759824,-58.0449215515928,39.25015902024529,-66.89309484317238,13.955116077912976,-5.835471220063738,-97.25881300609345,-12.624201714766443,-35.05875771437334,89.67920088536783,-1
55.282592148399374,16.6211514559796,9.072570426728333,61.71723388581958,72.40129445371764,92.41168960552764,38.135972436499344,-93.57497034810545,47.31092840043826,-8.277484955269571,19.28276144319247,90.03739432047993,-45.01400411634098,-67.08881224196458,77.04243013842037,89.9946706748371,26.095782487240342,88.51775247031193,33.416386847732014,-70.2352414431276,-10.465379694359967,63.935021633813705,-64.13679216858222,27.403280141356134,-52.98506552942421,-33.37724320676689,-43.94346056355436,64.84992410635613,-3.601215327001867,32.64757703068844,-3.988134837962491,-67.18180558821754,19.123545057156008,-37.69004735203818,32.120331900503174,-73.90052804662125,-86.11969765136402,43.42060210301972,23.53507426034831,88.79121777072302,-88.98832061594024,38.08470741525673,1.0679760276176609,-72.56585361014514,73.50542373259069,60.28617125716568,54.44016016291022,95.21254770653397,18.56271408846854,22.668266944384797,-1
-58.93341225864004,-74.537624250655,85.52765983802945,-70.45433882988515,48.7766221885004,-52.08973018137508,80.5676956853392,-17.886610941215977,-45.40276576843154,52.97529711823529,-89.1772106848185,-36.13343362953347,44.86473358045109,21.131493434839527,67.81506698842662,-42.48899728096409,-37.78334299364094,89.29764390414371,36.66650338204505,47.29512637309989,67.87737830494163,-66.81383869648619,-49.179153696874465,-53.96169584895132,22.613788917040708,-92.44657128627023,1.6354197220746443,6.043549724161863,94.00102809339356,37.028092562177136,17.79361785770554,-45.39068058308635,91.3324550231057,90.78041683619821,29.245977285662747,17.85079885709348,-3.082615091552725,-96.68758482000044,-37.69287844037073,-48.066523274979936,-92.24133484096015,-41.07595246542106,-74.34457708949958,95.15248512716047,-97.73250896446444,93.5758732149558,-68.45276595873409,18.194021765313124,79.09076156939051,-39.7180736139509,1
57.85856966393712,-27.03638073842862,91.78092096904103,82.7844398132608,-8.506601539417929,18.386376844520626,-18.26211225701772,-63.283511259993006,37.673865053416336,21.024223690657593,60.68648294039457,60.58557014774698,4.116102418613437,12.954356731084204,-77.97179499355353,82.65982289115047,-97.36350050212634,16.057696886989476,-44.95215126391094,25.92700143249722,-23.7566930659314,-96.48291060707339,7.5685386572368145,-48.246610146176174,-18.780684068256235,87.68575253135796,-48.73719537449715,-47.09747112486744,68.73783731474282,67.66207714129717,39.93078320277161,79.47760845723812,51.427747973161246,-69.54892934064088,17.340641115520782,65.4218891703328,91.7056184099288,56.24541978966465,73.29707613339875,-33.81040693690767,75.0429219006931,8.8054499600144,-69.26189739771175,-55.98809290904998,-25.386603989812627,6.933522232603579,-35.28384574060017,85.21303953521408,5.674058498748849,13.94137226972876,-1
16.862862384620044,38.58404584495773,-90.11051266413055,44.46086586590772,67.42948626502346,-57.20473287218704,-5.491789192176412,-45.1007113093606,80.34185972054541,-74.34130150583897,94.5236957594019,-20.226222451923135,84.06297670872064,25.978965103972158,-53.91631316639987,-80.40227877169093,85.39340170626909,42.273640628682045,-71.8963970312597,16.359268909877173,94.73979848434342,84.182910578243,-92.68012301977002,46.65372750214411,-87.17898196818447,0.00356761659443805,-93.24705094992176,48.34738047470063,-21.494780661613675,-60.32519642595619,12.418261617730082,-52.2503597494014,52.74713118055496,-19.556077693279235,24.37116250918588,52.58673690214454,-58.69428090404374,3.7998709111785303,85.83992570232715,-90.82169670795048,46.688924981257145,-80.89765942545239,22.4259918631178,-64.77590682704353,-28.24085751488623,-24.785678800180236,-10.617830157493643,76.35176152548956,-72.79467160443949,92.4064645704656,-1
47.13262284783798,-98.58069350102257,38.87117779905421,94.4442741934011,81.55199824809452,-58.02497819245522,62.400787879758354,-77.66983866381092,1.1962716304863932,52.20192607342048,80.09435216740272,72.70966706987198,10.857841576003622,25.51021953890968,-32.061902350472394,-49.164279341715236,45.17347067152582,-45.74575696913976,95.11288356414062,-75.82212461915492,-17.833374817146506,89.9169573438939,60.5538409618525,-71.09990213414743,26.92450266610986,-44.360069465547355,42.89211349510097,-33.56269346376959,88.54565186018993,69.56567164385555,-39.593913553167305,47.952432059846416,39.20244756404912,-19.370661581710166,-74.23987979187699,25.00333830228027,43.46891205367865,-57.2674618103387,-84.46925051419991,54.47963538507878,-55.23172129534486,-82.64270705118719,-33.94329850799478,-19.565262440837202,-68.36424438574313,-9.685470899657389,85.35413243064141,-10.230286078062818,-24.366747190130653,-52.669070284818154,-1
32.35554649432771,-3.6325492847483645,-42.85371428684375,-23.024107823136973,-68.23217045875063,-41.77228650412614,-58.98315506673908,26.660208597668998,-50.048825545400334,-81.9342888952749,22.095196184176814,-35.288373787529935,11.18679721760077,-12.238675578348364,39.759733241789974,-99.10222174009016,-97.93179578751801,-11.484406063111635,28.92537591954229,-81.5003727821651,33.99103450947902,-57.455843284989605,89.90475320150767,12.093517748443759,42.23617769089836,-65.01350726191362,-20.246216897625715,66.98711758133138,63.48694797211576,21.894641673312634,-89.23879801698268,77.54679769989522,2.6286175263138034,-27.564610017537845,44.2562782751813,13.309499667908824,72.77000084456273,-59.798227593592145,-55.50253808121679,32.65965730483623,-66.68656343714554,-95.94275932460616,-54.520573165492905,-88.65255647255708,-98.39411179258974,17.51414341281796,-53.124131839899505,12.10688665467697,-94.48031837336366,49.69531172831472,1
38.24933275719786,-4.859184362188756,1.5367649270168897,-47.75315979634311,-13.767301373039658,5.354256663063637,80.08664548828202,-42.575801025553005,57.43196805731404,-86.77746827536268,-92.0431554710621,64.5966001861322,87.14510032269854,-8.608916361718343,85.68019404499927,-99.89215716342328,-67.96058698222167,51.870467169378855,-8.178714639508698,-99.38464729402729,12.257160108260052,-46.67999452782807,-33.29975449448166,4.204265309003645,-63.45138781825392,41.62052714751593,-54.873931014061306,58.910444525741156,77.19734390183388,3.4674772724923457,45.29697597265297,54.153575533558694,-25.531280898212643,33.38965334697309,75.1017636650569,-54.10372406881021,75.23315635130962,14.524663241138214,49.70205284876593,84.18810457771633,-40.33225723978702,-67.3158936478307,-11.714265214034498,77.89774527402548,87.88370843699735,22.43855978996234,33.478945644607165,-48.23356506008001,30.391445126469534,-87.78596540158378,1
76.48327368146775,14.379504491790755,51.999431666193686,-44.87292599676109,62.47904834920939,66.16925658167631,-30.295911131535846,-35.31497316209284,-83.93296586245718,-86.13828936893965,-85.79052838853016,-16.774466712789433,-96.14451280629991,5.786211677727792,50.01148710843489,84.79615984563691,93.79521890538254,21.98623943049516,-2.346564880940022,-16.751370405151917,-48.094484191285545,-74.85562311571776,66.23247012367355,36.45812423110152,37.163839817534495,26.083260779559396,-42.27086331387315,68.82109481224217,41.21275815457125,-68.65468486569553,-71.92331415548942,10.394413044713687,28.66345614001301,-62.80384131058116,68.63714415524495,-74.6066755366676,66.68771248114044,-17.79120932390414,-57.09193870019491,-56.099089384203225,-25.612650887986163,-85.00241902959635,-41.26613113775135,21.007151076108528,-31.919523219272293,68.53763185300988,-10.607221731292753,-54.551314969783625,37.79559371308022,76.01755684340071,-1
-19.136246379141568,-90.17032193096459,-91.08867367646936,-45.82278899472505,29.696668374025563,64.04423954830563,73.19618579566969,-62.49377059478982,31.515250301900636,-22.812069712566398,39.08296229089501,99.64728877950165,-0.993868905626158,-97.17019114271362,-12.515513449049138,-8.353288802695431,95.73666891691965,74.85897707074224,40.014956068189974,-97.34189998004732,-98.3939503779334,34.27635146718379,82.86236505047773,-87.26568905734366,11.139454291822531,56.33038978649978,81.01749913595816,-79.90379434299058,-31.402396262606985,-20.386098942762374,-7.676522511566915,-36.60043481670181,72.66979800974727,0.9829732852781916,-86.7320927684693,63.19816590131276,93.07187411484529,-46.88005169938021,13.304733336994644,32.65360363558415,-10.989247196102141,-11.056818917523344,58.40825599277116,18.364608085602896,81.58386798130365,56.89217593136425,-73.0273943301203,-69.14126109807287,-58.089622504203135,38.78989496164951,-1
2.533545191283281,-45.05899343857127,-31.09962897150767,-87.58597265829778,-2.2388184530116177,90.77621921963757,83.38877843390188,16.297188332634022,52.60004969080779,36.32740594028135,42.81334863181755,-55.80819124824452,19.224289109971778,-76.62466680741586,54.512940281081654,86.52190671566424,-90.40949623275776,-58.65603013909404,38.81316736189609,94.79459706961447,87.365471490559,5.270456432588148,22.875987820173435,32.5507048713157,2.5351250686663747,-26.65870204617427,56.47972240408154,-64.8614646017324,-45.05525504178096,44.97997669818258,4.38873317356034,-73.85232373168577,39.404322983280764,-51.64891921287853,30.794883605679388,-47.102834604567214,-58.245417286738466,1.484753652614316,82.68254523406424,-83.50222854988814,-27.695326858201796,27.930444395273454,-92.12295748374149,-98.73343896731694,-57.63452439540975,59.226894284624564,94.64143745801402,26.14773919829507,60.98685402459526,29.399366911721728,-1
-69.10805055533524,-67.5003169051117,20.024787987899302,-24.08127123551202,78.06590506847374,-96.25476946802733,64.47313997225893,-18.30233908401719,-44.41210798139012,-29.854043164027402,95.7705931341429,90.15959819525469,-24.030298293636093,61.03333133968084,-47.932485168800135,-37.04706712910952,-9.216377026057359,54.188298525771984,82.83038462322011,48.68513361519226,47.81016231423109,-8.195475554561085,-66.07306129455523,-52.57590350522594,-69.39422698134157,53.53794032331075,28.48186751290939,49.257354854722024,39.81714402314441,45.708580178029734,94.30152359314275,-95.74430898584451,53.26547673950327,72.47824458904708,-58.047963701598924,40.831920929317505,2.823289218960994,76.81151917770259,46.55182653763984,9.854723334757722,-32.165182475575335,-85.89751999731969,-81.08636077727593,-20.124666123708195,-21.071104513582213,-46.545450830277744,30.23631260964001,-64.10672198759606,1.0017046431096617,31.58587881777612,-1
-80.89293723306636,12.023196601869685,-0.9081614194111296,21.597646239307537,-57.32561852902756,-17.092297429748342,30.449880946213938,78.37381211861734,40.72156561401704,-54.4835260278476,56.07027791937344,45.76561015931762,35.00414380005725,-18.182278810621085,-18.81420727075576,-72.74179170987864,-99.25972180713327,66.23522363642442,95.996111215122,50.63967087607318,73.14546616560864,-4.719994269808041,31.592736163533573,52.99531155609566,-57.31787598418576,-54.84711298799112,-44.41335805456883,75.61154992182585,-39.50256013158378,-20.006434582948103,99.04408263764043,20.780417977211243,16.237531423764423,41.91179400860668,-28.88138754526976,13.722438948303534,69.44874199315038,-56.87388509706246,84.31966195593924,-83.75294971266396,46.803896486347725,-91.1626613180587,-66.54266792502986,98.86973024973705,-26.225114192636227,16.13525809386158,-36.690722689883934,29.72504782919856,1.0106892071686673,32.06827587957997,1
85.04966348313317,50.69512108929612,84.81556105885389,8.955923074019935,-39.99471890702087,-54.09342316556789,25.30575436237423,-43.5377595682547,-82.34624591109028,-25.931159570462768,58.734009644750984,-9.74831201896545,79.36793902960781,2.6307362547293565,-13.600201511562318,88.18421349474167,-64.80640606961487,69.45558214749107,-12.720521434830957,97.17725862561747,-23.599334718898433,-51.0928361197901,-66.4158648059925,-48.88314026915388,-51.54808037828589,29.12163901828515,10.6814408014924,70.0841025677457,20.2606100608798,56.20169424664007,-6.429711725238718,99.82791517180132,55.42761130951038,-53.62568249069894,94.1456066797123,-56.353965518697976,57.86243135268484,31.899504253969553,-3.5109674701547107,65.64110722304503,-34.8425451821244,16.415978264199623,-37.97644130159814,57.683226438136984,-18.62036385413515,-51.40225485817555,83.70354196028319,-60.69979340259523,65.93895182578035,82.45022858143767,-1
38.41011060794898,-23.961000404964494,-60.99395364216913,-84.21934548308356,25.52836028803462,-66.57062500137806,36.369922374432775,-75.79975666375952,18.117321209436724,37.85616964089408,57.85878439929496,-93.90609898469503,-50.65910194579719,87.44552650270768,72.54338783012409,54.08334263895097,-92.2377137670382,-36.144853732312754,-79.02921386042321,-79.61956340537301,21.41543943925717,-79.62927405949318,69.94871569837144,-22.149763233766734,-74.0418910411743,-45.402846916934905,95.46363853551932,11.836199298230227,68.95834358939132,-5.7160360672246355,75.02042165769686,55.08842993273447,53.11035148115275,96.41315767779261,77.1586225320628,-10.74934206557758,62.374970490976665,-81.17283469301864,-34.15812377807433,64.42494426846537,28.79837341697015,-15.096108231171641,8.610719722966962,60.26987025966591,35.25835354238046,-10.781524782349265,-22.64213117320604,21.76382939984873,37.91790731105627,-28.95856875636646,-1
-1.576741384092358,82.3637139078894,-74.52559279332782,58.925358205356304,-0.5126692953967478,20.526480070940494,62.912366319931635,-2.2174572368518284,-65.76150836539864,16.954995733305452,79.50030272034758,51.10519893002257,-48.14874267748892,-61.478726938153414,2.5120844124158452,-92.43131579584501,-55.50169358708929,35.643796062203165,0.4633444596117755,-82.36968909172005,5.989454861017009,77.89951500647703,28.02033748964041,85.30250969948446,-86.83846018011889,-66.06476381872079,-37.49225721620768,46.3749812564844,44.88936895313759,9.63627951386205,3.135151198819756,76.51340187654381,85.75054085594604,-78.58806942072789,56.73238659942001,37.768349625868865,32.476163424574395,7.379992700457393,-52.173050235985215,10.594059753273925,-24.310914771844722,-46.76011567027203,33.47630855928793,-68.07823235298028,78.00718360967588,-91.4234980262082,-38.52870363752328,27.43146403711596,-41.83256382872622,88.01949335492384,-1
94.6021109504891,16.661449636840914,41.358100879362894,-70.47863616848227,-54.38501211164193,-4.477286057780702,69.98786215114927,85.89823840884355,-7.707774195662623,42.75285355935574,-85.92088025325661,46.296829562006536,-50.43544333441845,82.02172759010134,-10.853770452516471,67.51245509895372,75.10460960302942,-96.06315574071442,80.32778537601695,26.82875813216998,-39.64103174842533,-74.54228844316788,60.71348468032588,4.489067067178226,1.8051930996723087,30.11909262250842,-28.930150878418544,97.78627265053422,-2.072928463740169,87.51215415836319,-61.848562812974436,47.69836469275651,-18.08294010742719,31.73233184772249,-42.96023663110196,-23.40635068047476,56.16539633644882,-22.831998494071556,-17.22776643394819,-31.274369939563385,15.681543857332642,90.95432170694758,83.24204508429887,73.97025042717584,-33.38703578325391,-88.12000543146645,26.72895908725708,60.03812230756341,76.20383546305294,67.93941981526947,-1
-34.749216391770645,11.409517238446824,-21.264763222195725,-8.863266699736712,-53.58418236239557,95.74342741116274,58.20966291095863,-84.40833117192155,-53.79736659271015,-71.29677330558562,-59.70908524317726,97.90766683671629,61.93590322963979,8.305924386714906,-77.60897050608531,41.97885984381122,40.668838205679606,-41.19711995155764,30.544087078004367,98.49956182515288,-64.85687135860532,76.27028584519343,-4.408866737153431,49.151756124026235,91.80573792738261,68.6904649893396,-28.762908400211316,91.61623351354888,-7.861013070790747,36.43211682868025,-43.2216734731097,-62.61863240503806,90.87171534423041,-81.87297211876921,75.83916416764816,60.491143652849445,-6.312621547202667,40.12427396359885,-55.54763430953265,90.89321981531748,21.323061341239097,-19.888215493802775,0.5409044019454115,-63.979194786674285,15.468116188661128,49.33474574241981,25.67095282142256,-68.93957085869738,74.4462283097287,9.119096558307916,-1
4.03397846215023,78.952397402499,-14.847677013938963,-68.23246092359688,-56.049747123186535,27.245173486325996,-56.954422824632125,97.10764263480888,53.827224134368834,14.731737264499316,77.67538861164749,-81.36010507967582,-84.58115991354198,-37.46065787013606,-17.482011443952516,54.881482961474575,-86.70532309187314,6.503706356536057,31.97352766896563,-91.37149733523458,-65.21462760309882,-46.47822501058314,87.46155136467979,-29.73069434572315,-80.26029028537866,-95.29432529790509,35.21322440192699,26.877943748251738,95.0564024800571,-57.48138919682919,-60.09295920833768,-34.3986708667547,83.45863506614398,-32.06350412216122,-88.62742003204988,72.62090034026212,-80.70443396844529,69.69989149701576,-79.3102327395534,87.27825670945441,55.879677753554745,-71.34614895869251,15.383412992639308,63.56791395531434,50.49274085704104,-0.5545255014749841,71.61162856193403,-25.700877065307523,31.403831789197284,-12.764427372852722,-1
-69.37109998320877,11.646350055932203,-9.454914674012002,79.1123460653755,65.30013339614561,21.541633474820273,-41.52263553714961,55.37596528611479,35.75254317571785,-11.443356363075921,11.097761760356178,-33.26437422551449,11.461234019306673,48.198730889571266,-49.058093489501985,-81.07737939273525,99.93355781630788,-92.76102933384824,34.83211585457545,-36.518295284875556,63.839793222292684,-86.28172051352196,-30.651119081498607,-53.510337299402956,-14.83502760802888,-23.721323836848,83.38985970862012,56.64163900642424,76.22098479796341,73.57262818361096,-83.12727002432092,-92.100884643548,44.615149851115774,15.185609827938706,75.20394139247142,-80.27323229307319,-82.8406998129436,-77.64659128897308,54.326918598708914,-85.07189343741234,-1.02973165223041,78.0280236000039,-16.115807578192758,-35.871121431412604,-56.786605100369016,6.354118373151124,71.29835591231748,-70.87093371847102,60.42836855947962,53.50898921683017,1
-25.905579441723603,64.10150084642183,22.95419063125246,61.10062225197265,20.78565687706198,-5.050202490653774,76.76716138626543,1.7114977812705519,-15.006497755829258,58.90638531076101,10.97232460723518,-97.20630957222112,-23.853504683096773,83.9304267903124,3.48473056350511,-78.2131053821372,-99.35645939568248,48.550809899025296,91.66238418714335,50.30762354316653,-94.9050702886133,-81.61833410599269,82.78121268787194,-66.92056329494606,-1.553868681724495,78.67072576872337,-11.714606732293717,21.126041757442266,-66.95122724502181,74.60127138238758,-13.27010136987306,93.73328208582637,96.464588056135,-29.605116624045593,-27.361722634528633,82.90711114086727,-24.05644583310253,77.85350480546302,-4.134746054325774,56.513431613220746,91.29610733324327,-85.35780029916017,-85.67261995650989,-23.894398396865867,93.65098087846698,-38.91005294357923,-98.30356778690732,-48.07135930522757,46.76950008968649,-15.113238361759016,-1
-97.97376319445132,88.12799983722277,-61.189223950879004,-77.0704393955647,52.90331220722638,6.635518752058985,-34.28609430363383,11.58081773567234,-86.08121291331388,91.30621180316064,-39.64401003148137,1.8774619790084728,94.04518380626536,-58.50206514392977,-94.29247808908157,55.48818669046901,-0.4058663341272677,18.46072288703226,-53.97913898067026,48.994394165723264,-83.10770668485901,-87.42327140943704,-38.81398117658927,-10.438016678410918,70.24832839543325,-41.19122553942549,-53.99353002657921,-86.91601818801888,30.277069553161738,95.24301065205356,77.89658747035736,-11.164865958532062,89.04105757489424,88.39961903378764,-8.672832376170888,91.77291378013973,-99.02151627203696,8.065657159444186,75.21885594459397,78.5572966396376,78.45654237838988,-5.241609101714445,-10.879614713543234,8.461896618068224,8.267115820511378,71.60470676634984,-81.21074288448466,-98.92707885715144,59.719242760447685,7.135851588332542,1
-83.54553514458763,54.40635719447096,-81.82021970509044,36.3363180224834,-19.418076727669487,20.439615939509693,98.84159798121007,-26.34639122656837,73.29730869409838,92.94049421200307,-13.760749701137783,-65.61774038878592,-46.421507039622355,36.57183403439646,22.38964146568567,7.632739504938883,36.905930221975154,14.557713405881103,-35.818842095679386,49.16295671178065,-68.91176651420813,-7.335684818581441,-24.21152799983544,-67.96259260934593,32.328398513900595,-26.604641851665008,78.45511624298211,26.005734337304446,-26.893482117765572,-40.14713987365748,-54.10854135814787,-91.27593808620671,3.3237279689482193,67.02424211725139,-17.71365135778244,-43.30794529618001,73.31592295178541,75.41285332724422,-90.83974853524815,-86.1672194156102,-68.25362149223244,5.166298455248096,-64.47022775404163,-15.37630508344347,-80.42529049420601,95.85544452280098,-25.35648727494548,-16.065591590510138,57.542128493798174,39.23662626517603,-1
78.61804103908298,86.08972010900621,72.79140562300461,70.52644655430797,-39.0373730771129,63.892716835346306,-38.67199352414048,-31.264542821003843,-90.37021499486306,-23.028440421161903,-78.92995221552775,-48.07238249488084,-61.4711625432306,33.86902745906727,15.036407061552651,-65.88791923151442,-69.54121633391826,-82.87663520712904,43.9264171312073,-95.61244253839594,-82.58073675537037,78.50071028940528,8.907112942581847,-54.44590639199933,91.7096021066441,90.40980245998495,-77.3116213802229,67.84837885225988,44.94955035538953,79.73818700342864,-36.47044240406112,41.47388722754627,78.83732362302106,28.2131073208416,36.62580139069388,-88.48629241776116,-60.779055521703015,54.543189841038355,67.48148453316517,-84.5591401083925,79.97582042031374,96.30689346354981,-65.12178173370904,-78.44819494582788,-67.78021497155927,-65.1494067875903,19.582972705867064,4.570270165557815,-67.49898768767045,-44.809637504238786,-1
82.12114344288435,76.08438057472097,-85.89314095253562,92.22488037034347,5.6142823473609695,24.43971713501392,88.89840922100998,-41.27338741460935,-32.932036137464564,97.96130316303689,26.39220758639189,74.60955112110443,-18.86161902908829,-69.72973384394649,70.35984329036694,21.968194232547305,8.817118503744624,33.90372518951233,-89.9819303094211,-21.332449939796703,-55.26114793039325,-89.35718579475882,-22.491714026914565,-91.53921040296555,52.50940485822636,53.277204251163084,-62.932150099235294,61.94104546765479,62.02332290961533,-22.92414571152017,-22.604080937718038,-78.16657214249969,-37.314917536437406,-82.52143978863995,-37.25785165347837,27.986305404633626,81.65661506318449,80.49339566641075,85.58214834505085,-84.08973273271172,-69.84473192178389,2.3242567478172873,67.93919223353856,39.12152298170591,-27.44234403823198,8.05481322103465,11.298701047513376,-56.57389984495784,10.173041553020326,27.671116561220927,1
50.255784874753374,30.739738581015843,53.58751032360223,99.65035803725121,78.96740934125029,71.3484964814516,-72.70953517562393,-38.83495650831621,4.151955062895368,-96.50166839612142,-13.686630578810195,33.21632448527785,-52.23430901813808,65.88148980974674,29.388313911274054,-14.32373563529849,23.168095230257933,21.549751555190213,-35.63185576894823,-82.46741326002103,76.13873151779387,-79.96884102109168,-96.10237024915311,-60.63496204988397,-16.75532693410051,91.8272413170254,27.857530527862792,57.67871128619609,35.865563972176176,40.742824840163394,70.29484924611413,-38.88028042719165,-64.1553908811236,-82.31902193529798,-23.230198808600505,-44.45721988990152,-32.37448896553683,31.02063068398064,-2.1065846093871983,-18.04676912817844,2.842683922777397,-65.51156921934924,-62.92613779511984,97.5926555633167,32.746864029645195,-68.67783589803058,55.14271017772751,-28.121717702387073,33.94424403899893,53.46238238155695,1
-36.61068244177614,44.07464254644057,6.701717226902687,61.97631714114215,-78.57749693697527,17.525135689552428,-30.474678146204283,-6.321481765790168,53.717200994520795,-34.751579500172625,-28.430714881853362,-12.377835941079994,-92.1317371892403,-45.79893220238842,45.76768210324187,18.407901454381744,32.60947405444955,73.03304795911865,-76.00132081500344,-39.72886950492853,90.97788996545802,-30.774390059465233,32.060632087778714,14.397726879862205,-18.442090211310514,-76.27005884162162,89.1087011033633,-33.90822616797686,-0.4983099044336967,-71.51509185710717,-4.621934747126318,6.908312695394557,-21.749873656800105,26.72536761545004,-78.5535162696692,-52.36465843339022,47.130229703193635,57.253934344399624,88.7610232941482,-89.86045375912899,-67.40535364588482,51.57787380047216,-35.35173019189408,85.59465161693544,99.4626660155574,-72.31975063430629,13.390602410601147,-75.47011522973006,65.64142594688559,-49.01613916733976,1
-98.60354762393038,53.20517990385929,71.88451817226087,75.96399534109045,-40.216168143184625,-78.0665922046494,-90.81697274607887,-69.66403853889136,-73.93519844240622,88.0891602314017,10.688674209391394,-76.71206034955574,73.5420743152155,82.72874576504,49.61417822268237,18.209610264495993,-58.084387982360816,31.213058006085447,-61.770367048694055,78.99556425593363,-17.700437870734206,-93.31418627142331,-76.19843365637485,-50.9351725417065,7.775719032490997,6.140093814789282,9.434198566615976,-3.1283456909256557,72.65207351241568,-95.40683128282939,23.532217463610465,75.13888173049673,26.76077337013507,93.81824882753926,77.89903086976659,64.00680037517233,49.66677202489896,12.097380142990417,64.32983313104012,-60.21545190730298,-83.68174657164124,30.98476458524405,39.85945383855443,-23.911947721438054,-87.9516609315574,57.29619315684042,-80.12622351375956,59.031243090017654,-17.74395950525775,47.27445955809836,1
95.46158159830074,-78.60174776507534,64.9893858921115,-8.274302513706829,8.234766027621077,-37.08658673473262,-60.403282110088405,-98.7197156285406,-4.041118296506568,-69.32395648442477,33.1079597470212,8.938614197136417,88.4344554808994,-13.650984461870024,-9.552563092176143,-7.26282025945963,78.69470690376829,-42.415124476396414,-43.47343775106505,-56.05033446495842,54.59434428747471,-16.212830322000826,-89.26571306713183,21.65238011942698,-24.242876034500043,-30.337627539889993,-0.23283814369148104,64.33584334009586,-57.429257233343975,36.434074486491994,27.677086665082157,9.317643281439757,-33.031199422726814,5.185065973867566,38.78467246448764,-8.268744444259738,-94.2726874517942,51.99536198270059,-46.6709497927178,-28.34395688280695,96.73143564031989,-56.69830966048907,-61.31594211190472,95.30835614826049,9.364641235023498,-28.968265458864593,-57.26465457687695,46.66199767612906,28.5054466990253,-26.742086942004576,1
-79.77546477544195,-87.1810577927649,-5.61252684894113,44.94189749287551,69.0773895184924,-11.573851545923986,-94.23296478420188,-65.88612862294711,-70.58118972062752,-5.257316970230974,-69.79997281951779,-61.83492871851695,8.981380653461898,-81.77922900610267,-5.877640567732726,-26.19173983982644,-11.386658344752831,-97.50620316195196,95.57111880482864,-69.11214552734668,84.73181645557969,82.08061870999575,-2.634700540752121,-68.92974719834808,66.75190640378676,-8.898944914169277,-31.129029423935677,82.09929594732753,84.34586597210443,40.7604339155605,-73.92264936769311,-96.00238099855439,-1.097009979357395,-61.85764632005784,-39.49011757725771,68.30415639795334,-27.57615283729531,15.301347940866023,-94.08283299687454,-79.4710355991951,-59.29917238655733,63.10378399125972,-56.877896306095806,7.616388672478294,72.31102165200096,24.00519972299348,-32.195599003372294,86.8101215067307,-88.52324886271848,54.11728247767792,1
-63.712912982040535,-74.12387660665982,57.97362147594859,-47.013822755518795,9.533646902469272,69.5588446056033,16.85558447153312,-1.2416644797869907,-96.54869889064639,-59.40552446318834,41.07396046314227,-73.94695659788437,-48.02164180497546,5.099314704341083,73.42547660705125,-76.87539153004587,-42.08787597393335,-56.03429690801156,86.05047392087442,11.122215800997452,-56.170129014304536,-30.01235553146499,-77.69787563765661,94.70437106700592,48.54781625893622,-94.41019905831163,-45.855307156728365,-40.41782707307633,-16.522135582535697,-7.033749045847486,80.0260965053061,-16.49542343455161,1.1216321864346668,61.26158248182793,-79.6304691950045,-57.44661705517093,79.80343054883926,-63.38134945397385,-34.06203523459578,-79.94657026123792,49.37532014024265,-85.7077749196581,95.57907447542271,-30.677043311804894,55.82853024719327,39.312731264931074,14.43900296469009,58.2252808391014,-43.486308492797285,0.9899474781622359,-1
15.996757485626262,-35.887355127815084,37.96825668719285,24.351877219079455,43.2773115769823,70.96223126345623,-82.29589005717179,-39.70895870027034,51.95413950423554,1.5742095261761335,-27.305402034444455,-87.88877715849874,-96.52581958525988,-78.58533763547477,1.2648811950894014,90.04251108657826,-50.98010845991434,-60.06074249408202,89.74544430370827,38.47872523364029,-80.76703677761978,-0.37998763618749365,30.753127589948974,39.366548826323765,79.65861078909876,35.37745620940399,93.97872313229576,98.28223506268486,56.828715256470616,-51.295756905028256,-46.61427131768043,-68.43213155014243,20.77884950251365,99.15251175095955,67.68690467699804,93.38137041450997,65.3705142439351,-55.00343162682056,45.86190072780394,-97.7160111079071,32.90136732583491,-44.45192183957296,90.43208259965655,-11.62466983830413,-28.63546690701635,51.255447899785366,96.78859938713751,41.89308008461305,80.7850220333753,-5.768256644619214,-1
58.315808745169704,-61.54841630638161,-62.51774240324461,-35.577480806172375,-18.79884534358483,80.40385989790866,77.48559089961839,65.20227009992422,54.31827096858828,-89.3591596284601,-0.4437441053439528,96.64545668611802,-52.098628419407646,-78.66097133844039,97.46302611396723,8.108172497963253,76.79741204237996,-53.79906785422093,89.32056519445351,-80.60687516346808,-61.04854992253117,40.25558752875864,39.66105358271824,-39.86534078767916,-66.52522406519788,-54.08566477856507,9.13727935526687,2.968810411456488,52.3197557183351,86.04997690501054,78.42488116114981,55.77151279626597,29.839010466658635,98.92934774217812,-21.767670049397523,98.17264187967533,3.462876790186513,43.68508628857347,83.62383874827017,99.90721860860498,6.697695195343783,32.21410061093252,4.840021458348346,-54.95210241625048,75.18484145196967,23.384124803957704,66.7834193939621,-45.39042389084935,-2.6528714866927317,-32.56350396961159,-1
-37.206656524529436,32.746872138787694,-46.53105756822933,97.98462848414567,-0.06654164371178695,53.89345492689279,68.14581649175463,-99.42869943656352,-3.8769759590583845,-67.74287170603696,95.6925090643773,45.07302223789003,93.94499811288316,46.79120448064907,-95.05900617736458,-72.937256467065,7.055513450303508,48.39989180495709,-11.04971805103743,-61.626907677920606,-22.794822116982587,-71.77116330729271,-34.84454868498055,64.84299769628825,23.910338801646986,93.66598928276218,15.696298638803086,-9.958137493490852,11.262993208337164,92.05629728208791,-89.43268942960346,96.61802575275692,64.90024472552517,-4.1834779166967735,25.96929708004538,-40.22610001265656,62.59519153005118,-43.38762707588639,9.74083335105837,-49.08658796801475,31.428930316366092,-50.711044101326564,-68.82989569977246,84.12459829455264,59.816900766333134,-35.65019180890319,6.153936998354254,25.69943242956289,48.05189512422848,-75.3230261559157,-1
-20.441311814180366,74.72676452694003,4.6356019679001434,44.42950374855931,42.769489925745376,-91.53231059763644,-54.97467457128424,-22.960466684710696,-69.23805950341719,63.82546641604134,21.054724368805196,48.97169439838166,-40.24643004328104,-95.05363333438095,-4.838387617853385,-37.66002910302066,-20.61310915319305,12.700328745698172,2.942525768548606,-43.58965902375438,63.837098713860485,42.98469130692004,61.37058332833166,96.25426269883596,-37.78750439253382,-7.3481612796740166,-31.799908331761856,-48.25825053323835,90.67517856711243,17.154656169522056,-97.27809651019396,15.946253633662337,-27.982650828602786,-4.84115639278599,-96.93470002396955,-16.341012926693082,-93.19711078113477,48.72798877239376,61.443254402088456,-23.00937212883234,2.12259074721932,-93.33439535859607,-72.09526503324017,-82.21478482851914,-54.25217172411758,34.68522564629541,-99.44345093500931,-68.70461676757017,30.324217333424315,-39.94904191414519,1
50.54332791152825,-93.50584566165034,-38.032045694464344,-12.071535895030692,7.026040063938581,-61.48046334770816,-96.3448970523286,3.2947736201409725,10.354933845352619,-78.97525552312892,24.545501537577934,-95.0533273553455,-56.023292287466255,-36.39036852344457,-48.60971511576082,78.85723006308987,16.651963943638265,-14.86812589429654,-92.40052493740858,56.71824727553607,-43.78618708755617,-93.19114426687669,-81.19638871717787,18.092029273008833,18.713236966251642,-88.55272828554625,61.29837892575125,11.02382932694394,-16.95479066280984,13.399214659286358,43.60632508184793,60.671695398504255,-39.09661931698582,-48.67758639330337,-40.71256951887228,-91.59835512063172,-84.18034084797632,66.26537182365809,35.027401190733656,-83.97438190941217,-57.41266319172813,63.890994891924066,14.657326461387868,-18.621124532489034,-22.88933809200533,3.735737796637025,-40.30995752618729,49.94249238854303,-50.14584458268783,50.89386982449483,-1
19.86042322788755,60.70835536528554,50.57388890071414,-72.92359133810879,-59.175543088380465,-99.28671346408109,-16.354368948886375,88.63032984220155,-2.6418751138745478,64.79547002366729,28.154476010311555,89.81774439639045,-43.43388103928065,86.99936313815013,-76.53753485725834,57.719198810186384,-26.610646958754728,65.02733520308607,-66.32453499375404,-95.35482921005354,-57.17124305023056,-53.656734072172284,45.62257201902651,-38.55644228720474,-19.05431906470858,7.763500066082955,-19.247059135304426,-47.34454943297628,29.556942415491392,99.17798431167685,60.095735024818566,-98.54435406734352,4.6467772161268925,-39.78829500434193,23.90318816736638,3.7611681419319325,-83.7176987964366,80.59923668158436,1.0528209472451948,-2.644712108930449,37.741140027262304,52.32899770049434,-25.36602935104885,-86.84881654395984,93.58291836312458,-25.393637306216192,-96.65850340392588,-68.23314031935166,38.06293260475388,-34.52049380229707,1
-33.119764202250266,-66.92591489736282,83.13827001032752,-54.50837790541587,-14.3053803686836,-49.898728937633386,50.15584843175978,82.6831667959195,-15.254991976308887,84.42552373579392,-7.236879206166805,42.66827970923799,35.08542128904466,40.115063520206036,66.81461980865438,-87.76088613602246,5.703750269135966,-72.39037434907651,71.99738147464404,-83.4843653367912,-51.19908388807628,-38.568022103117386,84.8118442491695,39.750592538665614,31.249837376162702,86.89046358248379,-8.847805690246872,66.23002936275998,-6.222172021303862,45.40125059228885,84.64349621075917,-64.63309826031971,95.89760190116053,15.05688853564611,84.17555511371702,-62.10899263426077,-92.16386737776949,77.15110293854076,-20.19516435111177,-73.81775343500887,60.492568846457715,35.159452951418245,-91.82733392142244,-16.45012068277363,-76.04234797753134,42.5265321902248,-47.87480226048788,81.45833924500039,53.42273058248949,67.69085136714642,1
54.694625137320116,11.450366663682132,-91.1209470061346,-91.84534513172571,68.91422953371344,-14.142209939809618,97.77751431761763,10.38346142445981,-97.68718226145961,-32.04531461061694,70.69447958822732,3.7178515091506483,-50.0830704797449,-16.693470080182138,-67.98758488101808,-74.75898724075599,-34.42490992472982,-85.6034652129471,-36.556994415928365,22.230381770920317,-33.68404175577257,2.997497255325385,-35.79364965298362,8.411649083206555,-69.02330566185901,-59.981662214758245,77.52626446522922,86.10736303927439,-38.44407984974041,11.591393625089168,-60.297236837277545,58.45524891106231,-32.296645827446795,-32.961726484519644,70.27493198226398,81.97724347554362,67.35794294333982,-84.48922151828117,64.49385216148679,18.14714401951734,-50.152981021837604,57.392628993165346,-66.32694175412968,13.50848323658586,11.455881709468144,82.91707114074731,27.46672068611673,-0.6562988221167814,-93.41731651905087,74.9783319082702,-1
-52.09796601809238,-13.190226304363861,98.40769475571892,90.68539668016265,-64.77177322516468,-50.88332634522672,46.433634174837636,-44.205009241505586,89.85314310970708,86.78817973374612,-90.29495398422604,-97.29212993987113,55.309490746436666,28.318088249770142,-92.91127350759147,67.70907304010075,-16.844361725496597,94.43530181845665,-90.26528215324507,-56.272074242700334,-25.741874368596413,30.6053855876724,-32.28973292212223,64.73494129985727,35.28267182458657,-81.60325316523137,96.16121140686053,-32.159163314880686,16.4158465331125,-26.790840017205426,47.120596187995886,17.80548712735404,-74.19518172573302,30.13917417882226,31.247468018662488,14.602337870308418,65.4095099569002,-65.01946153448685,60.482977506461395,23.545111932776635,-26.46331854186535,-79.20681407525522,-99.93349421611843,97.75480813526508,99.11326958249091,46.17577624782439,3.084576199741477,1.7992203721024111,-26.971517215723225,-13.23246360282262,1
41.00818127071855,-24.722492453104934,57.39801667696506,37.895918745719484,-27.801048241506578,-50.15269109423666,88.77976198963293,-8.356349002472797,-41.41462806338401,40.685110489644416,-33.796054993833096,11.612511035353151,-42.11539634039829,58.065641737370356,-35.24991455635009,12.34813401656578,-37.92125227728318,-18.376951211156182,93.87464756932496,-51.948065434676984,86.50192280818177,49.26349750929114,-17.878496519302274,83.74395930783766,25.775987839609684,13.486939680486131,5.553318096864942,94.96393581885388,-4.595442391454398,87.98735366788543,41.993114372156555,62.46744637647882,-53.33286159831161,99.4773997644622,45.140358498560545,-47.96898838848427,-58.10374047852276,-86.882638652607,45.006086116332455,9.616755313457759,96.84691119365638,77.89095531604687,66.13398757754933,-60.26319248383836,-11.847273753308457,-61.19426023441443,-1.5795943511862447,18.913519205610044,-5.471511540229997,-55.557137653917565,-1
45.834697509889594,80.18154605339814,68.177795342297,-56.507931279221005,8.755461767977081,45.12903765613345,77.87120130566686,34.83227344823746,33.48261302325096,-46.30515783835942,-63.8917645114752,-93.08672756796258,-6.632498603049484,-32.466550433442194,-4.2270827097636925,-33.14927387223396,-84.76537533337178,19.247221312149534,67.73872645402696,61.497947365379275,-98.56519040547323,-26.615571590392605,-26.027949295773595,31.886916243754484,1.4638726943932738,-84.36759091570842,97.97066067641197,27.46786654594986,-65.35158364369101,-67.66815717592681,11.465563789678427,-29.909636968986007,-3.862379046366698,6.407003982466449,-42.93666394641355,-24.13502689807561,-94.51574928799913,33.85923661456758,39.954817246671865,-86.95097182719387,-94.18254193974565,32.75586577986317,-76.62246180522365,55.32046153176418,44.4763233525463,21.831590423362243,22.597980419527943,79.41505200780392,90.1441791135168,66.25896067074217,1
73.2071350091513,-46.10198997332733,54.3784292650509,-16.47895053952064,41.54433200434505,-20.301482587119096,31.435387168993373,-48.55279824833636,22.436838982374937,25.99419136589802,-95.09962301873911,-20.529451066251454,-27.48624008718312,9.870010468269513,-96.46870986592077,-40.78954849994672,19.106774723317784,77.21792500366084,-66.42083284248702,-89.06370246719963,-77.37451992027285,18.72006247990595,-65.29689994822442,45.83973830600155,2.603390892148468,-76.8090550448184,-69.51401447064028,7.190063794400217,61.495494300489185,32.20715149047757,-6.57354189700871,-19.87581475134823,55.02098917310914,53.264985318815036,5.233860950607877,61.65245402381382,-41.34004149782449,74.66086530643,60.14292048324259,-46.30366376496475,84.12927487185681,57.652516645358475,42.503340834572555,-14.4243960875704,70.01694814888799,23.19249077928258,95.95477091682326,-84.04749948949974,-13.760353365417629,54.352999262311755,-1
-76.02178130545758,-96.07789350514928,-97.268432714784,-96.47949525973101,-52.79447896143496,59.21713925391498,-37.613926302461586,47.514994430451566,-17.741809261840032,-56.70944530313407,97.95715502149619,52.51161131662869,-13.18129281951019,99.4703651758997,-94.9547907934045,-82.73746308357879,34.79220060793335,83.85334819097926,45.79633294083061,-34.2386653753109,90.72057440920656,-33.01381208551015,19.673116587873608,-98.62897280729061,-94.5179314378703,-37.22729668898839,5.65799466120518,90.3967653975055,-75.3005660569408,-83.65193970664882,-11.491949920205144,-59.28354765409767,6.493021156448748,23.001008354717328,-67.41829020876884,44.29282009243971,27.300761693761572,-45.827343410959266,86.98980876661005,-36.04565863949072,51.85317383359359,75.90866141178464,-43.520795736752426,90.03249256646956,-3.2904716874343904,-48.7075914735696,72.51602476312868,7.198340296769288,54.20900371401737,2.8446662440374695,1
-82.04809988796858,66.1844981643701,-98.4539465319302,83.48138521854969,-76.1853148034518,19.890754664015972,41.17437135350659,-23.45791442474659,95.99647636730401,-26.379959097669996,-53.53042351849177,96.72618109852317,-36.47161938077046,38.28833834377454,80.20363258948865,-54.770587165046194,-20.725590944708856,93.14570926713094,-47.93031462592501,61.38168805652211,18.18970172734157,17.637992874801228,-67.44686322434995,51.74371878043664,-5.285702068012682,-88.57187105927689,-74.31467051655483,83.78882766492427,-29.883735891264536,34.48087991597228,-31.983674425412303,0.5717581248689783,-32.872512901399716,-41.176566253091515,81.91640225858089,76.0750265105084,-39.71312768549022,44.253121564366495,72.04750809681079,77.91144310188051,-76.3716575378188,-70.33628817150642,18.032040727296803,77.27346481837932,88.98028002573338,28.797343613810597,-16.551947318153566,22.354954729016924,99.7306449404625,32.61062765239001,1
-69.78842164381996,41.445665667084654,-19.711290147999236,-28.0726513641995,50.15763529080013,-21.485855919368333,-19.309506173424523,77.12854993027895,-99.25904073559823,-37.38079330106032,30.605984709712175,-82.99474632935492,-12.4636273713989,45.25578561491349,23.067737151956507,-80.64902539398221,-25.866392378580755,22.07700494010092,45.27197395854466,71.30626472906448,94.4598478459134,-40.58606339039959,35.09304738967222,74.16571962769063,-91.22544190041624,61.06510689923553,-12.10627720300188,76.98312428425407,86.05193987144827,-51.84104235486507,75.93974899666205,-89.0130616197105,-52.620179406887615,-23.090680573512785,52.813298961835386,-27.10166130301927,93.4255337217098,7.926534106738316,-36.659220643206105,26.577176453823228,-88.68665293424485,69.99599674271423,76.23137708757818,-91.3063331256196,44.744259247129236,-23.104483828735155,58.855617451210634,-64.42561992778037,64.66289882665316,-22.90753081872063,1
-3.341143006734953,-50.66231405120054,65.00778212467233,6.957375086623017,43.434278411653565,-41.41157731445433,15.431883517212498,30.456730340436962,-34.79765766964775,94.20984047273765,69.88884266533611,14.322783571994165,89.38579626585567,5.317071330136656,19.939233294921152,8.258133762402124,45.658207076173056,-68.75160356308882,70.53185050798257,-47.38436864511435,-3.5217726443403308,82.106839044633,-89.91994474283169,-12.889382825308715,76.20766650089661,-87.76411567898117,-21.29100872836473,-55.14295207170037,27.412164851892484,72.17292657549297,-30.543871907360483,55.65186994117266,39.49962451134584,-56.47009125722118,-53.38014405094802,68.0195407223701,-46.535379761605135,-70.17675120805056,-70.45235256411695,-38.44899992387614,-0.9894285277371182,-55.0511591133797,-28.11720085879253,73.99391177448251,7.677251273327414,5.292419027140369,80.90543970608061,-45.24158276530059,35.863206034029645,-53.168925855550064,-1
24.48272831319933,-7.321798239070759,78.94209108537311,-29.07458111137629,-5.328662591359333,-84.04481493811535,-57.50262035383433,-42.68287153917078,-34.17799975627271,10.633410850215782,-80.93568226287363,-80.02252992281632,60.783108194130875,53.195682175586626,-75.49712951922938,-29.862670607626242,20.915912031457907,-29.60193150904618,-24.168023075649472,17.728027298743115,-59.91607588285641,60.86479454034895,39.72177502493713,-20.054050691983477,68.83256728835389,-34.48071441284017,79.16413384852709,-13.540309201297234,-93.84988163815888,73.43688791679818,-16.44267573137239,-1.8417318802884495,-38.39220624219912,1.6090515644039556,-39.60624171089413,2.1334699384331515,-53.46287805006607,-52.78908041258852,12.627165496839268,-85.85076741037034,13.222195414711706,-42.23866267836458,14.161863419214797,9.458768909101963,94.75147169049197,-88.8417213756508,-0.7923801682397027,-27.336496759199534,-82.06196844903616,31.58466369693957,-1
75.70311226026959,29.503959114032625,99.71204969701373,-43.006344484537685,29.727473827657718,-26.261117650945494,-0.3289815398736806,68.8064699505016,11.298261499354851,-51.318634791776475,72.2314206843835,28.1279141026871,-49.78025401125319,35.61148322037994,44.694030421360424,-14.124084882809385,-71.17245185106557,67.28070716686543,-26.153741567097512,-47.88232202116307,-13.845667486318462,-7.437354437089368,50.45813878989429,22.609669731659082,-81.94202371724342,49.52497057168898,-93.63214073768266,-16.324244181484076,35.77620524719322,6.552960582019821,73.6502135322859,-92.2736824115076,-41.413957892766916,-81.89933167236137,-64.33778313215512,-12.299902260996888,65.3526965187823,-23.4556699401399,-39.23823320967623,-26.32949219428751,-56.67497323232909,17.50280466989483,97.8367717021664,-24.110882719466815,63.47015670898722,-85.86393088053049,41.33750144538058,-53.58344768952315,-20.360544653112186,-54.36002963292048,-1
-66.62795966024945,-95.06054046277774,88.14341592782168,73.07486241856486,0.9753602871199121,74.55454511068413,-9.156158643017577,49.78573397618271,77.50398387530652,-41.60453022061512,-74.84155637774876,32.472760768431215,-77.6036093540884,27.522409182371803,39.26685438417857,25.437705451419035,-54.291962374806445,-30.32260665491316,-80.85822147847674,-95.772739763664,19.006887677056113,8.133409988856215,34.44192628303071,-46.42652883512357,-95.92379619447465,-28.270785109134167,62.05074604262171,50.979221444788664,35.067474374401286,91.7711856706149,89.10312867516129,-18.600283325708332,-66.0948763289133,19.864492701554482,39.548603209478614,-98.7308685261254,-99.20564283233892,2.4378451653680315,74.42173499921398,-32.45062331516408,57.68282996497888,-84.31082503507157,68.76766552882893,36.56095970148388,-28.904045592552194,31.088724150261015,-10.183997621021163,-73.45588650022401,18.510447490977455,21.714165593012268,1
95.20276465584271,50.158046235957556,-48.2222516058991,-77.57727033236077,43.04859142422717,94.51159260938388,-7.272128280672845,4.4334489547544536,68.39654557445527,62.39407728766224,1.6035837441408205,-82.91302120340626,-70.39869555267629,62.43363734268843,-19.57854685638118,68.16897132301222,88.03895509473853,-28.52042455145572,52.537326203464374,75.6632796198115,89.01010894902339,-4.6456747410568795,-71.49065451185677,80.43176598873256,-39.079189414545425,-93.02622882279358,-4.144285297037186,-4.900126319055261,-34.936512519930886,83.45088737490983,80.32043381327608,-14.084729133924938,90.48896003957165,-49.30949430385559,-62.71449865208976,24.031609139031602,64.6245477437879,-84.80672044281552,-23.205453038584437,-54.5543555282076,-8.108675209223051,-77.11334588462411,55.525162706137564,-16.282356495901666,-57.70994110820482,-94.90305248380704,-25.186322033204988,23.733968371477516,-16.998008892508025,-10.019956817538173,-1
-4.301785978562165,-84.78305464689855,28.54343094911161,52.440154585216504,22.27401131191465,8.207829433720846,-51.15358806441426,-22.60535103636323,33.190136228658076,-52.48880775368079,-2.3160142660451584,-17.514348713091437,-76.26012207715851,24.701470112454942,-12.582135568799586,22.21737245522182,-2.0307203685796935,-88.60879438379283,-85.86818015173678,82.5064100832189,-69.3451410886788,-68.07422026672555,-48.769133551879484,-82.07738445419429,57.46465863490809,97.18868871966532,46.32811768308164,-67.65207615672196,80.04361901209043,48.82401744000609,-32.96793837352607,-88.21642767889763,5.997954948559567,1.2921457761608366,-43.281950529814004,-90.58387592045771,-13.760071653875272,-79.76099055848103,-23.421414027832427,-34.55363105326906,-20.726409444977364,-41.546217335532496,-8.64233059420259,50.34847232141615,-44.414063389167005,-44.97522575469945,-89.7262471435839,96.06510428851155,-60.409754765241864,62.1734286596394,-1
-60.84440286329078,1.6958070616052083,48.007188996835396,74.51330367159267,20.070937101816355,-71.68372961738916,-5.341852539622735,98.63415382524892,-84.27848524034525,-9.53637890988989,1.3859121258093836,17.299342917164793,-92.34885986958486,20.17438824965761,88.98230596741791,99.34081530130993,52.61153527498789,89.36002632529883,48.86063810809742,55.00825208571115,63.47419913087225,-32.28851247952295,-83.3575345497837,-40.21305487292683,-20.326932795922815,-53.022961635824714,91.64768992112926,-65.44848910157273,-99.00491568142546,-28.21445237091787,-6.838642708190193,-90.9399690986076,-22.909754745169806,-70.16723247447025,-97.40982083902622,30.460683385224286,66.62292965105462,-16.991268863738227,-48.87480725095703,-6.1039158676388325,-56.56637494492964,-79.15370399804294,4.2489840785463855,-24.958492992742748,80.50052215960807,-31.154623038539796,78.78446550155144,-96.45042363891076,-74.30337474981252,61.165518692407574,-1
-14.957299106153314,-50.90910749221391,50.03005625970354,-97.074292158986,84.38553412607394,26.818006872366055,50.41454709999505,-0.045805661412273935,-20.151359054675154,-82.78578475846459,72.35382684102532,43.26381082306747,-16.065944859445963,-28.78205708070834,28.832551486227175,88.31507206479893,-58.22798324395373,-60.20811634586776,5.209651131469897,-5.987852527471986,-55.459057569004045,17.610138154502167,-18.63410152676606,2.992486035791046,-13.569245994809691,93.14238209171492,41.03411370749521,95.06389250381628,70.39188166071176,-1.5313944928151386,65.57067292963,50.53902075397622,0.1641753996179034,36.039568166384555,-88.6083884787704,-88.30773391820199,-75.52548403010151,65.4392377499066,49.910683023197464,-37.88333567729734,41.29758506477825,-31.083209116544808,24.78272488627522,67.31586892726787,-90.41083675394492,-26.618574437544112,76.16863281232068,35.78843441229543,-49.96100699757182,-13.026034624164978,-1
33.369478261131604,-81.96085995995112,-65.24022857295206,46.44351201057225,-52.35718943417047,-54.48796738092969,28.827874746994382,-97.3860453882252,-14.531708441001172,98.57447108671383,61.858805704264995,75.80435813413118,-29.200886118603393,46.61843151765649,70.31556394739039,70.66139124882667,-21.664701142446674,-3.9484451852353573,-88.25840748580187,84.78953707635583,90.62931192280482,9.816022681233648,52.79804463990408,-2.410867576330446,19.829970854517313,78.90823439961844,56.05475661899652,-33.99926731288636,62.48229505711157,-73.70631132064491,76.93648726655496,90.38267196666217,-29.83934030734234,-67.37367404254209,-74.86431509133911,77.7229223506921,-30.263719183696097,-12.763129813359214,19.533376623378487,49.59437734157811,91.97733926912065,-37.199073822188524,67.50023443924044,-95.07281304670244,96.60219731811299,13.415175299237632,46.39358679507413,16.434927176287786,92.34798413726617,88.34073305306615,-1
-62.94462993329199,89.82249137764941,-98.28904597636597,79.02943179434556,64.83583706878869,-52.27481025747893,37.68490827912268,-54.01557351786186,32.85448177762342,82.90583854807656,6.370384704708016,-45.468648510180955,73.0669988170942,-98.8641874929725,93.06671396680883,50.47317723413684,-5.839269840517346,77.88117607512694,96.07568329495908,-9.47518337200502,21.98885344848398,-55.16383401872184,73.07428861493779,31.232372791131723,-14.577046606935284,70.11810951455831,-70.0363224181026,80.4382201119684,25.22404821128316,56.807257631663845,-35.33759165669706,-40.86349405120559,-13.181523646801367,84.2092350726393,33.90229091879851,-30.19212857692328,85.94412912534204,-81.37318291807193,62.95252336675691,-42.12869241513524,-56.888514223776035,-49.52251226493449,58.48691339585574,-17.633404392576963,24.80307952520191,70.12381252359529,-87.69599044541927,-18.008017847127135,-33.43692032169517,-54.29385292436037,1
87.24244924873796,-11.469030347913375,-60.46581262514621,26.202838700906227,62.902575923280665,71.99984375636015,76.44707032284981,86.03055452876441,7.277369468229992,-14.982541218808393,63.94231080253195,43.94189976903937,12.940600279988985,72.73028513895085,-44.920248504823945,-27.134808109347034,26.746917304084718,87.3996780814119,94.90800365925526,76.10759074285184,-14.603070000061152,-28.41774307645086,79.8734629688891,74.69344045532475,0.4375066594829633,-35.887661918357594,27.76313161968136,64.62437332177669,-68.32688769621728,-42.812389605304176,-52.986432712391874,13.237386250264535,-62.470612716067045,-49.16000459005707,-9.28027195435699,46.6948803155573,-54.67009851945206,-10.39187073675734,-87.40445330696598,42.02252058316071,32.42879425055662,83.01287458136284,-26.185395498085,77.80435443413543,67.67160734209156,32.00299868230999,14.460955344571929,54.89763331104865,-90.50954317999978,1.6357126807270674,-1
29.164477257296852,37.20484478717822,7.10517653911991,-67.78516438610626,95.25396100659046,-34.121981636546224,-94.86394722819304,-82.09298057543226,-39.76869980465882,-77.21498872244005,-43.93315773191622,-6.890500149635386,16.25755962333632,-92.36347875633864,-92.87013398403514,-88.40865272949858,45.346307831773146,-15.270074978421121,27.252503044049178,84.34426901264735,69.3815291600896,31.420649637044477,-5.707668147682881,-39.36882696042969,32.8037763386653,-15.71367738097618,7.143590781895128,-16.47149652336482,-45.72684455786615,-66.38929824900943,83.75830928971322,94.13210769507242,63.76411721230619,98.56971411051401,3.186533410436226,-43.984461072309024,98.59044729472649,-43.10001577889992,37.37570147458561,59.07229508824693,96.9132467640188,-41.07964489504592,2.784941536703812,52.029028728731106,52.055234205864366,42.34792849847116,73.40697580257776,-51.01979402365877,-1.8482263243560624,94.07793977679043,-1
44.45338637113184,43.7398531945592,71.0971909391915,-92.52967303683744,66.55141117420754,97.36608686123495,30.059261618135963,8.63868156206722,-76.21121508399008,37.816317647323814,-87.84716199388203,45.271366627302626,-67.0085743311484,10.457269061379321,56.607468578428154,-41.06950329778143,0.7953828770490503,-71.78394980529458,-83.60199356278446,-22.49910683111011,26.772868139431722,86.725505549194,22.455842670758685,70.23738322105297,67.60733076336493,-62.25839905128954,19.886248147133088,-69.84782111419048,-57.37925939481627,53.81929041227062,-95.55382566411707,66.46278478775528,18.102551172999796,-98.68648332312932,-23.988515202181063,-44.151724718980304,-10.153462360548133,45.802134720721966,65.61428382232344,53.420741330815076,16.292487722487593,-7.230617651091407,-99.22464367953494,-44.725979888202325,-6.293541210486552,-3.76453858523314,-37.2953273810336,44.29348252423003,-88.35023302445873,-46.311317129392336,-1
-39.506736507706066,44.46223366474155,55.5285139355378,59.39852479581441,-32.43138952662912,-27.968862088845526,62.224566861477,22.729839284032167,32.419443269172575,-56.51229643973832,2.4055071222745,-26.121956950267872,27.297659953607422,0.09080134151588481,14.69044187448219,-62.43854017268495,-36.822375948997,52.8523026551606,54.63868969370358,-30.049430701362766,-18.17824699243424,-47.92658220642072,-44.131225295918085,60.63069011961491,2.6015713543995105,-55.41675149421956,-41.48162617373254,54.832511063806066,86.12378004575402,33.78471357311915,32.41791944151083,-99.40427902288363,80.04247577002337,65.27540340949386,68.81396631335025,-69.47372116475759,-17.71683552177808,-97.20959797603561,-65.02615278548743,11.109419187207223,62.690354821637555,71.81423392439407,95.20031081244596,78.04947462144,79.5264247584955,74.83598332086638,80.29494029002274,58.959026679755624,-25.74158169642149,62.70027810086589,1
79.04136753743987,16.487015377659176,48.4915128427113,-7.055608760250109,36.91921002326538,2.0614528422451457,27.18217219334062,-53.5032496534295,-83.98994694940339,-11.12286243201126,67.2138612586194,98.4988851577846,31.120120643051166,-88.20595993347845,63.574781115271065,24.159499100689246,42.72132765144977,-60.61631077132017,-37.51407450533859,-93.73455925501209,-57.522745338326466,44.84855473565946,48.65847008827174,88.42940776593778,81.83395481460599,-34.10345366624121,-5.520163885724344,22.58033805250055,25.956633744733054,66.06741456118007,-77.88091614201124,19.125089652891788,-86.92413195513844,64.53726095194114,-9.603783184382664,-1.4816926501516576,-29.877490707557143,74.62713479108211,29.134475987839238,-25.410528708394864,1.8789958972105296,-47.14516331552618,-66.367619883483,3.153091826101047,2.6346490728828655,98.25749542295986,75.37742733900907,-69.36788626858538,84.30001322906648,63.82496002138424,-1
-66.1014506627815,72.5919246626037,87.04356203417501,28.239926646429637,-11.973459076466028,-48.383907728415856,72.61348016208782,-93.99243738237088,60.52397049020621,54.69197700260935,-24.706819027767793,15.702612232075737,-56.71332024363043,74.69441118870151,-59.36369124379877,84.33581495280114,-24.239752552630776,-71.61349910909065,73.1719460501208,-52.68266256129104,31.855108117377142,48.12839278826519,47.95393692980238,78.58824438263889,21.941572875246678,18.668510528517217,-53.42806348276001,-24.39428883245263,53.67489873814338,-82.40574697621814,-62.166066702279956,47.20744053190214,35.57912107402203,-67.5398291552091,3.4652789044020267,-62.362411020266585,66.8299787384513,18.730994154288055,1.2117182276273155,-16.000336659485654,-72.87158242578487,-81.5555092104584,48.436355165577424,-72.73423593161718,-17.00998797582092,-59.95534574007042,-19.271798149173634,70.56781154458022,57.916891865062894,55.57540938838892,-1
0.5132152926884856,-56.443839646486296,14.148748346663979,-36.6924537330082,48.118839895237386,-92.54855786244008,-21.39434834339727,-32.316861780978144,-87.16971052695304,86.21865580901977,-42.0972408297986,-5.462527271839818,96.55956993341923,-86.45294567859546,79.58507676063857,66.98049272961615,61.90703889581434,-49.43179665941129,5.45391243396341,-50.81322790868168,99.79887334679191,-35.85158888131433,-69.36055623093569,55.23775628106844,-4.293912803230143,99.3524348529377,53.19623898823002,70.74042320956667,-98.48922452058413,27.154437688130955,94.01334149071607,22.121599136470934,-11.737571645018093,81.3986031602428,12.81773349403332,-84.13037351593107,5.015652719186335,74.39122587828126,63.45492989323361,69.39702899484374,-44.24169584391549,44.01800098152776,67.72896077371811,71.81089805308741,-16.63222313407708,39.98165124815375,76.7833518083768,32.51287488867749,95.06489774400899,42.90065167436353,1
-89.60868448914631,-73.79707626990688,86.11240540711452,62.49022634411881,43.64840525442409,-39.32614849425355,-88.66103420587514,68.05830615976976,-60.819739058711875,58.126675767680496,-44.97236294906668,-14.685189483095812,-72.44647901059464,98.40215019192999,6.5725628502359115,30.55919116172177,-84.51372891216826,45.296082006476325,-16.235347833070563,93.33586681985616,-43.850472024601395,54.230933097737164,16.891479790834367,-25.97781349294486,53.403806850764,77.83973566410353,-14.788672878846555,96.87061497301625,57.23003693616312,-18.00869299556844,87.9144697373606,-68.3961123337973,84.35268019731072,93.76779886055806,-50.39237856509915,41.84280382791792,-12.003997308386744,83.52657682895023,52.08763440940294,-20.02456013517302,-83.20774472984544,87.80311235467545,-29.390702991769587,38.00489885952658,9.574303060735105,95.6653153497025,99.78078446541065,-19.579993128200982,-24.572595295049936,-5.148747698353276,1
-23.372294350100503,24.509398092456337,71.75025183817837,62.06062746669417,94.12416913736914,-47.7306173631328,-33.05104682818924,-98.79846793234456,-87.86637192436324,-73.3200299276497,19.212980331610623,-20.94328389989724,-7.55438144510893,-88.47487207940883,70.66643657770274,58.42080790959392,74.75451460636236,-73.1803987963329,47.0399710473028,-86.35117075292204,79.14559018156297,-40.80614278111663,-9.652871513248428,20.369442530435734,12.457534245347418,-45.2362469796544,-86.57274598117961,-79.75760338585599,73.99433488182117,0.38412429519769375,-83.44331946325573,-0.44294182774874,16.43995289503283,8.470836659068382,-64.37385633670962,-35.67517309970407,-45.62606340983364,-16.898368013265184,64.64797719049406,-57.234909536620314,-87.60454596671966,47.56176716282482,-32.79741817375421,9.13039117717824,94.02776673564296,50.156365369368274,88.89608617102837,-49.26510579616703,-55.650759399541606,31.516086972296762,-1
-48.419434591012035,-1.1258377908483794,90.86919032466017,-98.1049737476607,-19.852948977263267,-48.077438081280846,-85.60381366985462,9.184090278494224,-66.87369583468549,-24.89215990944342,-50.60268499992495,-35.76064926187705,-23.851951050703406,-93.48283276808154,31.26072564341058,50.13082135870573,-38.22808188760505,-61.687474786044035,97.75115227489599,44.35308736836694,-1.6925442798872297,49.46669692011781,-17.604477765908968,-29.648135999737264,20.514861171018467,15.977899550767432,55.84810014903769,73.62436133483948,77.72774946446083,-54.02276005687787,15.311721605728664,77.86304566688867,41.472333194430064,15.805752254300927,-61.55221727470283,-68.66332990359432,37.74897501803255,99.13240199237393,4.19770498214082,5.284206044857484,-13.80906857603999,-42.40508522147959,-61.030704817968726,24.379754959179948,-26.32803307221924,-68.39423700538114,-16.488071759333423,-22.74486730220289,-67.92747884215512,-91.78141327053024,1
56.74765021504729,-73.29688972943609,83.46062909281011,73.28975612685284,15.064915748612734,-45.48138880328088,-80.13578704364667,-97.22326806173585,-39.01676046925515,0.971950194508068,-6.884882002074264,97.33534993266537,-82.4335707109314,57.490118428855226,54.537352747817636,40.457118043809885,-21.75998473025804,10.12447053993715,75.57034576427907,76.79377272642265,-90.45373019928151,14.927886006616149,-2.2265505978369617,-14.817377320707337,91.72501137041607,-72.22117775096946,-84.35906476859016,60.145140514734805,-46.369283443896194,44.581501872450644,-90.83141248400158,-23.921473383734778,-45.260019002204885,93.46505953811513,-98.6134114864506,-92.89841206306795,49.51435442638942,7.230504156420324,-76.11311215480588,80.95927696823153,-26.404199674919028,-52.272746917779656,27.44418891000302,-2.5412539350499372,91.2284644040441,12.553874418249464,-22.127788814426168,40.10045146253938,36.797951390763615,5.126907254502271,-1
-16.241336185167725,20.760615768750682,-12.10149748602727,57.864602072232714,-40.75694766965889,-94.57335502638678,-89.44564242574256,45.96857206359823,38.279336900595354,-2.6336712228177674,-32.51583199154204,-64.66465169322854,81.69812009667541,7.897912924922636,-32.055828593159646,44.368089633814805,-57.48229551941599,-10.590134614366733,-68.68511287873558,-53.028270685083086,2.9592120985259385,21.80668202449732,58.69041333000726,92.64404303035093,78.76725433316963,47.781992828170246,98.72703814231761,-63.52539559231969,-55.276529636914915,-44.178307604265555,88.35913996844391,48.529033937524986,53.94877540714276,77.3021165094259,-64.88237592478016,42.170098370449494,-4.137501082460048,-51.23038850007362,-39.66808989558055,55.62883072256247,-52.26901879548813,-38.65982528402863,-53.38430492249855,36.697347236041225,-0.1716213523136787,95.081487734283,31.542850575338065,-43.26149059404489,59.20632386169302,82.54910039720195,1
30.392251900520108,-34.75589860381369,-76.26885936074954,71.56018745651812,-51.85751404354673,-49.54527412100791,-18.950734418721595,-83.42230577093554,91.81185473434272,1.3489159675775397,-57.078377727267046,20.938453080350456,-2.269464310006768,-35.30670478322655,-29.957813849626874,24.29159886433301,-62.65543779601819,89.66482280585467,43.355986292583424,2.7162402316795635,-21.949573660280407,-56.16263242476292,13.82528359079869,-63.16054882849467,-8.907142222121848,-57.915687313806494,4.663645663345633,-40.165727898473925,7.502776852173582,81.16974867866395,17.15103967161187,-82.4665234847548,56.732309165221864,80.2023345927202,12.023316418213753,50.31279012429101,-34.99702917364233,35.317057417177466,19.3520207597154,75.80296469008218,38.08679736385139,-10.859059738212167,-22.13799369194271,57.96898498182429,-51.02232466346066,75.50076626857381,57.389534367119694,40.3277135133097,-13.934916563060924,15.929851595111714,1
-83.28913249786206,-80.4762478929702,56.78330193584057,66.3442240559836,-81.1706495433553,-20.250138149788285,-56.047108455433836,29.098538472287515,-38.03799017390954,-46.13573595737919,-0.5530053576153051,10.441081935840828,72.97823835120906,-40.73544770790281,80.77810324200786,8.16732939015128,-67.9298130198521,86.94615171836412,28.950230282907228,-89.08544733763904,64.33878882008594,11.679393571291001,62.44619437815089,45.40216273976648,-62.92813974036613,-72.73302877321655,48.559756016457214,32.583644169390226,53.97494850231445,-80.47086001144727,-90.60257841620376,-88.35859360791628,61.74827149430564,-16.11493452213422,-37.682477596141496,-1.367159411427778,45.27444702984192,12.0559507807707,52.44648211001345,-18.292274122870708,66.03356838769625,9.476778922702195,34.99736371612994,71.2002628048624,-55.061084669765556,68.2639374012162,-28.5309300074196,-85.15732061353502,58.666981595256914,-62.826106201930166,1
-89.95139803540357,-92.8775699454317,21.78097220600759,-19.71236760022701,50.677084803121886,69.9385306620521,50.029142838435206,60.27917086500878,35.192659236623115,29.519862462187973,26.17551899988264,88.16782973004155,35.20369959135459,73.38905124153627,-9.74609210728579,-45.07124819880912,62.1283200506839,-75.17448298967533,-59.87285306788495,45.47715768873175,-79.11835261728424,-38.772281687453145,29.040898705134254,13.66202926272291,19.684184894306583,-26.339705254407605,-79.17928900473869,69.07310527076672,45.517818661814545,-2.21641636563848,-71.74720347840861,-44.975684481169175,64.86011711695858,-93.51254957299335,46.54024888714494,37.69868452536463,49.076368303825944,44.14043399141394,-10.027084153145978,74.07017089202682,-70.5996232452607,-29.80390340985906,-39.64520240184852,-82.30821167396027,47.34400636394068,-88.00423708637793,89.68407084612426,1.7617697102232768,51.386832358317406,-57.882710600978335,-1
-99.9545923563489,93.23560496690735,70.50212725784104,40.078715927059534,-91.76454020739683,61.41658396052409,38.122241625779964,93.36328516795683,-84.76444628869133,38.41820780262944,-33.95655579111508,-73.33117210815523,-80.58417125890757,80.60052842942048,-55.1765431490681,9.62522731607865,40.489857324401214,-74.34344058623827,-44.96624754370282,95.66020759880621,-74.29935120453801,-27.77654246966111,-2.2151664082349356,27.499735093453552,18.209282825785806,-82.50567891020397,-34.448531211772405,-10.742204482471962,50.72048226936582,6.587902678233974,-94.16572365276079,32.999263993238884,-95.83759186815426,93.64837412045742,-18.74685315612186,-17.688716031127868,30.878562326775523,-13.531222596436393,-11.608662796815466,73.07289987487616,38.200463184584805,-4.131833735864319,55.31655607352744,-22.104755467556743,-89.9800820306539,86.29824253577357,-60.61499706342695,48.433567268171174,41.1845468375773,61.2994263901756,1
-67.86372534808886,66.89165057121932,-50.94198127127141,-93.56071558253262,-7.997580583858394,-4.791470611211949,-64.73704516261694,-23.379422025122494,4.767048077244198,60.388046929481476,-89.85695693175106,84.62053059648414,41.91835944003216,23.768916444793817,-92.00632912231008,-10.442727720696453,16.363900886621096,-76.89833231533217,-9.13761375436863,25.33723308418196,94.37563061866322,-13.224335939642387,-14.341931009598042,31.2342044841771,24.566753549598545,-93.67057935982197,39.96591180217271,-76.45688214546223,27.604119230435174,83.84832529657868,38.5745259248508,-24.73247534256116,19.84028091857182,82.01095856040072,32.79627198652295,73.47567271713322,38.63941181201142,-43.34151279326637,8.775529625322548,-61.1733986736358,-58.4566104710668,11.822511107651707,16.116687889262323,63.59362676963141,94.33004697575294,-41.4791588262506,-79.18517344220464,-41.47504735301277,-38.8405397207527,83.71119717795673,1
-71.34370825947178,87.55291186364485,97.19233688028348,11.321179636058702,89.9574202616013,-75.15232067268009,-58.799978761815,56.23209474494689,47.819058082026686,35.912315537099175,-12.54536682211463,-35.400315517817276,47.76524484756223,71.04586990406631,97.69545006903203,34.0274071635111,79.32708825460386,-54.66353195513136,-76.2649918302557,5.737502902504104,-43.68254393772703,36.02901868312466,38.47318339668405,46.907951841008384,-4.806994057939647,-46.51916799446782,40.04718733389859,-80.0134471346997,43.400768884068185,-3.8112395373493655,88.73926796465844,53.72298956200541,30.81072927923904,81.70874675747211,-36.033458540132976,65.68964385851771,-54.050835749416024,-1.8878284889398742,25.267265740291748,1.9106493716248565,65.01784896952066,66.23733926599974,-46.47959262036294,35.37038592959664,-32.419932351491525,27.175607449896773,59.93798914877604,30.092500180671863,-49.82771129258718,45.03178862094924,1
-75.95818892587832,-3.5013878944674133,-22.175398076993957,57.98234004456103,-60.410043390209964,38.08282817904259,89.81144692822514,-35.869517143060364,52.233202228254356,-28.086986799061947,31.236685570276137,-85.59401893436582,-23.55953399053557,-63.05816163573914,81.16976477634145,-92.17300036730576,-97.5148849934937,70.28166391087493,-89.97231292217194,-51.23811282633994,49.066473618492125,-9.439611722248202,-70.7982523487114,52.245490318247846,-72.3887085972476,23.50594213519682,-54.8443876370742,68.60253345215926,-7.530894963422156,-75.85752820503684,99.06181103949987,48.37515029604265,-40.20838036979322,-11.553414317684727,30.010807813322003,-11.25493316601667,97.16087804825077,-90.8161755521776,35.456873012463575,33.51560439466215,0.9544961558336666,46.39294611042345,-20.056636888248008,87.92474426483994,-85.01229453562031,-10.500544490308613,66.57405857096421,-86.73966513689098,8.060146020340525,13.338799775772742,1
-65.53602575967403,36.50234602324002,21.913706779692816,68.59448040971265,-1.0321864360250288,67.51704462415583,65.38443059367998,41.117932675835675,-24.75804752405581,16.976806793829354,33.769940921080206,-36.526998738245254,13.375471689616262,73.73931730590803,-55.92804743452504,77.97905155371308,-11.493029450095761,-4.634079617640552,28.09533793639642,-57.02194937380716,61.4206858096297,-68.31635675861054,15.80116383896042,-83.42979743756851,85.49731801410292,52.857520729445554,2.1108606389221336,62.16456941351069,52.29950295561366,72.49178374829546,44.44419571398694,30.097078927044294,-26.880802154047416,52.38803951448892,-96.58464830023752,4.593633538384651,3.6231887877001583,-63.63462406458267,51.040866465472504,-66.93154485042747,-69.18190124295907,73.85693750721146,96.09193159838688,-36.16842002310419,88.51600054904239,-66.48832736633332,-84.4178437770639,-46.126441518817195,-8.468539845953742,-94.10516573079629,-1
-93.2647192251072,-48.41209864261988,-10.80694591911886,-24.3292793476176,84.10155789731647,21.725239859737314,15.761379640915067,-47.847844046397725,-36.005503497133475,95.9517788032021,26.746810173759002,96.22304594131813,74.87333706836444,20.272385143400285,88.69544841222279,-35.994954230082655,77.43356259424297,-20.491468270345976,-60.13804149634443,37.72122254154752,-61.191870255944345,18.84365269125152,87.00545466236045,98.89969973552564,-6.479922187182694,31.377162305996137,-5.622603083922442,-85.03455353051395,-96.56159298404991,-7.278631770126353,7.722189265266792,-70.03276458790417,1.0642513411760035,-94.54983811011563,46.17394803763219,98.76178599974344,-24.55199726962674,-14.04714417158057,67.98404809675768,62.202442090156325,77.19623998324926,-9.9548144313748,-12.417110618692433,19.811550778853103,-34.558014618274655,15.634687518940098,32.59552324693405,61.579677066309614,77.59666438417199,24.868406104042748,-1
49.04294853816691,-0.44868727862072433,87.19481694214485,99.57957055084339,0.37860503203039286,-74.12872675752895,76.10655551801315,79.52700214883146,-93.92421833116866,-39.9022537169768,43.75155239100545,-95.89431458651501,-64.34569073483397,84.43754678433177,-63.44196441828414,61.068813059723254,82.59379346513828,-48.17115671438885,19.04145779598565,-25.400442739675327,37.23151201596917,-23.18728166181397,74.79673673470157,77.88599333739282,-20.628756901263287,-47.3744611993062,-14.307148166450645,67.63243526026318,-34.78671465626884,6.577767159782638,31.796557151709777,61.85125455592066,-94.27516420628048,63.636519653681006,-67.64191991537663,-39.02487246871775,24.133008454559814,-79.93925104185415,-28.343598632931972,12.007272958549464,20.226377700625278,-17.977022375875904,-27.17017630264587,80.06728215594242,-39.90419788265991,-96.95560511581742,1.0045976957563312,-64.9808945827651,-44.595037782283086,14.175529502352731,-1
-4.516762103929267,-23.77989727763719,-28.370626719661374,-53.12568271923885,-70.35617803929668,13.607900507351232,26.774505261295275,84.29369574523116,52.37992101744297,-31.115134942157965,-11.810597992735921,-20.040718109465956,-21.797007211461732,57.276157486730995,-81.16513776178942,-13.512085438287727,-33.11897160971813,-82.8846993610388,48.98274425189544,88.3139987103439,-62.283133081520205,-85.90537900952877,37.58751185204838,-71.38297565286003,71.58825185068625,71.40222691259527,2.632879457650205,66.93536028870176,52.296743704401194,-62.73157295566592,-22.96849772497862,45.02740519074263,90.63279729179834,-14.080395413842098,26.689387459494313,-13.749516203521608,-4.237199933538463,30.842352820113234,-23.521378582317084,49.85279416241909,89.90464917732368,-78.75248985340767,-71.22846305185028,53.250869678179214,-13.274396255303984,-84.62618958542197,30.694673445757132,-47.156449510389045,-53.84600368085726,-19.61288815747622,1
-31.922579149098866,-54.49322461270734,-33.66194966532288,21.235461156353523,99.22303403858245,54.85825807623203,94.50937608795721,-8.392889134043727,-89.68980420150845,-48.1639902784506,88.3314770141996,-63.35950775951331,38.375734468802705,-79.24199923386696,88.04791101990807,94.96237830881594,53.16111669475873,-69.02408283621135,-89.59607720524627,-53.20936407290952,8.268520121802808,36.95748120205374,68.54015644376122,-83.76760252539219,16.329127489997305,77.40134015475951,-70.25393115128031,44.66905083579519,26.522708605317533,9.861602361134672,-52.30788281832923,-1.821584178902171,-86.99325711418666,-62.006023846454305,7.4418376781359825,-2.861262723290352,-47.917893202483874,-92.72193221654534,6.602150615826048,-87.1326133854118,84.22474219316484,71.32272949682178,-77.98446068489235,61.41599257559736,-16.279986027464233,25.120670753393057,-17.624467853582317,46.433608763886525,93.05797130369456,-66.72209676890301,-1
81.60370908433248,13.014758296021057,-86.97255226582081,65.83028063103063,1.1188803381691201,98.48966405988187,35.5504920546565,-42.16634664815919,35.95803602650781,-79.15989140584418,-21.2001188934303,88.92467696390992,-57.67138626168067,65.79247139035022,83.89752249281955,24.169804325265048,68.79407033844564,57.62778567264186,-2.309247645260598,-28.28452937595729,-38.935909661506905,27.293163042730356,-59.80820064899102,-1.745194930507381,-20.486714202825368,-34.51944997423814,-29.688865011379974,-11.24490521778749,-97.22324076722188,44.28887642341883,62.70382220307235,53.70549116502491,-95.79093147243414,84.40154864865201,99.73526356607309,-53.3440639801654,-43.29878497615043,33.17198992709672,-85.17706164803785,-54.94400911199033,-57.82517142881727,-61.51702342662158,-51.37213165771306,58.89847793560506,-33.87529263266802,-94.07722929039721,4.808864321578014,-98.35368279109528,89.47962234749443,45.87070344272186,-1
-14.5027091819464,-93.99595485653273,-32.42922286093926,-72.59779426231432,-22.827837331679632,-58.639026289006324,82.81282890649129,33.269068684958484,88.51625444462462,-50.72864527349592,-50.46804104052845,23.02784768514934,-8.58643654258853,19.678038582012377,-10.834135082230006,75.11237341535758,-89.18055013063359,61.709587470735016,48.04962221606527,-19.585700677929196,-67.94959111648768,42.134657181079945,43.659520174523635,40.09535626676765,-31.73232767871599,25.739363960352506,62.16209082882989,-80.46783623824972,-17.79326816643389,-76.97258039555423,6.63937521085694,20.5760461464821,51.82203881367914,49.11341662690566,-24.72763493854913,-55.55137099922882,25.357895216241076,24.35207125706765,91.57202856455368,-15.851337683924655,-22.74172630522419,-35.7846953269747,93.52452200194213,88.73896709132501,-65.25623726912941,63.57973587638557,-58.21438800975321,64.0111805031519,-58.85119157654317,61.61822686087538,-1
-31.808285712888335,-4.86899381501658,-35.30653305390068,-7.210691655597373,-55.36934979165184,-93.57770754443573,-3.3711401462557404,-24.816961362938386,-30.58198737609237,31.146211490481733,49.687176633832735,36.726869868861,89.2104724667164,-75.91226681287665,62.613046935039876,-9.045653360765954,1.2742476668984324,-41.236515644184514,-84.21109425695134,18.261867281760047,-16.56206641504258,-27.784929794068063,42.898375175950434,-29.180268136295112,-21.76284277380354,31.71162074480776,59.14967382761421,37.77584005941907,-80.39346294550955,54.723958819233275,66.9949102826248,8.767069330686297,-16.108116601025912,73.56624907092925,-88.19905487053796,-45.70503001769324,30.82016483119142,-43.59045812815323,31.916134825288168,35.194929947397185,43.61451731670115,-93.63069559799551,-75.13375184974218,-19.751974958038204,59.57143722117701,77.27114946711154,48.56980162789117,60.47886900401048,75.98725141030954,6.897142359426553,1
75.33015236564012,95.57073870035634,20.66157567778862,32.91588560180796,-49.29226749616493,72.96618654092651,69.12335337791501,85.89812241795025,-98.36578151845721,-42.057908036200445,-73.92659736552434,88.69030251805313,-39.91666185648599,9.791694484041486,6.588186484366005,8.141794708612608,-21.275340848212252,99.4947581060411,42.54990559579062,9.62161295050008,76.44385233534652,60.4881603493055,86.51558933416212,4.133133594591712,55.35837722758049,-93.57149443544782,-21.999929451777362,84.24102000539716,62.21464451152812,74.29010836931627,79.98718121420922,-35.478341000883944,40.353843390745794,25.28408425820257,82.26659681730766,-52.95368598983436,40.36161912392495,85.68236592612863,-52.71664791115869,-86.14648044084466,79.66932648815242,83.25440921765701,-10.832998606633865,90.29206064977947,43.37191020529673,-31.664487478633333,-34.85474753898872,53.63603419886863,61.59240121544289,-15.871611560106658,-1
-35.26415271915127,-53.424170769636994,45.08242463859409,-64.55276044552932,-33.54605625069101,71.12592323181514,-32.888519991599736,-13.295270479842472,-74.4016151187027,6.79723342891559,-55.31520199141313,-33.61286402377644,-2.7050157096359726,-75.50106586157801,35.45163859912341,7.009228669403612,43.235308410239384,85.8283792055035,-31.135970556817426,69.83794135845861,8.601076087476088,-24.370174972482687,-69.16720134595059,-81.6667526110151,-91.99785048307261,-53.6476691389995,-64.85781560429045,33.21664778193073,94.41526322148988,95.42822747197812,-87.73943535375814,98.16076633910569,-98.24393719362897,34.29280912702748,49.165717967365964,99.41169612792692,-96.08645808064833,-1.6995522851851064,74.18615063860878,42.07435973311462,80.61658619647446,97.56300188335635,-9.486119602645488,-87.5208327066491,-81.66084203140454,-45.359206287303124,20.868346910697227,-90.47187364889457,73.0285409190578,89.17630651570511,1
94.9381192097103,-98.93516188578715,94.1581981138059,79.19979033618267,-4.962167991571249,-7.200555126608975,42.46464218525844,66.0332919319689,-9.405379800922773,-57.73750819431258,14.55089269112284,-28.02895862176196,-28.629389508977823,33.329448864835285,-65.80335160898096,-6.736418842704367,2.9698044553307312,54.864471493552,-75.43045309154515,-90.09419046335255,-6.127102078974531,57.52869993839943,-3.8345225199576873,85.8225138841751,-31.429503989641063,61.730544221555874,-2.806695883107693,-80.6260651547963,59.244727636058116,17.997587253555807,15.013790316946412,-72.15094013301135,46.47052144330496,88.39718370286263,-65.60475633330272,-24.75021025534241,-51.61362690738203,-56.85600229693279,-84.36651669247432,-92.55914531500922,-42.79701536045864,-28.33563129367667,-64.51962582834628,37.62011504622805,62.16334920760326,88.2178695893412,-63.41751374084106,30.047955042532806,-13.316208179151914,-4.78313938444785,1
-44.00418126794317,82.35702247635427,-85.7586564917535,-76.41873763594316,-36.76438982475831,-45.36738878395459,28.386827953144206,-87.15735666597688,99.2920028838569,-72.93177995084619,-13.49224913686433,-49.53095852094644,-24.67859531025698,77.7783070020881,-62.866091127567294,-11.2671008258517,-45.10961605218387,-76.7513711393049,-57.14167264761827,-26.77073393563782,27.670049287568872,-78.2085701032993,30.428549206626087,77.61988178917488,73.28884896394348,88.12154021802348,10.97582550246507,15.21551415931566,-74.97945621886862,6.3981448958273575,64.92309900776797,-16.35240025019229,51.44537952102735,57.74919506955126,68.47105154606322,-24.14395850836999,61.700050121789644,-45.95208179869638,48.24495504257217,-60.90697064419055,-52.66681207576227,21.379896986545305,-57.46300876884294,8.96540781749438,15.612363391658306,-1.6456593045951422,-31.56152837898307,45.076361239323404,-24.512117536812198,-29.329006547090756,1
-75.13083171382593,41.664809815594054,30.75793016734457,-56.00458386919609,-12.582826808114802,12.925226242683223,-94.55832323807401,-63.28178593911158,-2.6416318566647874,-6.9862319856903525,-82.49062274789678,-20.500290992333348,51.47865668054996,75.49656585249821,-9.928618860625065,-57.20378571330722,28.12269448034931,57.92317564858607,77.42237966387157,-51.2622266672371,-4.835036338860462,-0.14546537710022278,-48.64226716335571,71.33583310675596,81.27125356296136,-0.17713748797388007,-68.79310094589519,-92.96941387835425,-66.40397011302339,-93.7038418209754,67.7300090563023,95.54074281144963,-99.06030690937962,-87.979889171541,-96.14038347463342,-40.56417187001167,-86.81936922836644,14.682661567772556,46.79105542853975,42.674270449380145,0.5621616850478972,84.65912153618419,17.654120389668606,75.1834834001902,-66.4726354412094,-58.90606749809828,-94.34072938871687,-72.54361989033838,-40.436920997374926,2.9221714333650652,1
14.789973213802085,-47.08057762379401,-45.32321637724428,27.325823689009738,24.04096638817184,44.08806276842216,-63.589190268954155,-6.1464151025495255,-67.32132186830461,13.894797076117442,-28.432874914066346,95.02012861036272,-7.3184750388663105,-17.995776368145627,-84.00572371141914,36.15034735197082,73.45762114959905,30.604582464228713,-52.1400972427561,12.994192333750235,47.85013178796663,-85.9536453030227,14.477481445974249,43.0552658000027,-5.593181737479995,87.51422082012922,-87.826670176826,14.004257055910557,7.1691026324788965,-84.1668448761532,-89.18622149425089,-25.948344959535774,58.54625298758302,89.29926359891684,-83.99219033335747,-28.627227204257295,-7.613628635154555,-87.8285072670044,-52.153332044355,62.25205382028861,-74.3014120042584,17.14050891509291,71.06538359792805,80.24467253066294,51.48378874682305,-57.66454811263557,-26.519933297816706,-63.2629347410278,69.18685722656869,-28.110921296746596,1
-13.596214481098798,-45.72372098408308,7.466964968615542,-6.952136964012794,57.544157459221,26.597294045721085,-39.68696211808318,78.42292863369403,-83.12781301647846,-55.49461321128162,87.50176370832611,9.736878189407435,-70.39585599726057,-77.03790244043962,99.02253529370745,-69.09689217617355,-72.54473204107637,42.88075602223557,33.46365073090209,21.03349812485618,52.92974435725915,-37.90033011692549,-90.91548556113713,-61.752960492720874,60.12038736862334,-2.5267401696250857,27.3625439414606,-61.938745522238456,21.441323716401328,88.58126803343438,-38.21962418934637,10.561139532956673,-13.838647714556089,21.056012291191095,9.185591725546956,15.989763953115158,-13.982617421676082,81.35014993106202,-28.2437520432439,-19.176046954381107,91.4796818333734,45.477727882255266,32.38248188756373,-22.348155302040013,95.84333630880636,6.143220947921677,-40.74606920051069,-66.99705956418092,26.70688554777105,52.23824796402195,-1
-8.146960565357219,50.762742595673785,-94.34705979000447,46.58652440350451,-41.809914889574216,91.46367319707244,98.49893537921454,-29.349401164018673,-84.3779126571685,-32.48647424380529,-45.910022286569685,-30.3960958466148,-47.95459278638854,82.30364276206333,85.31318617008472,-45.707998797090625,3.976234699323868,77.19213010622877,-48.968136763390916,-54.16024040643042,-37.734113247766764,85.03034575160987,43.32197816208222,-95.30758485457724,4.547713814820284,-49.8639274876854,88.08968908250742,56.40703352659122,-67.17019318684405,59.6300459062345,86.66208357652195,0.3230820188371979,58.06489277194734,26.21423475372491,-30.018352183865503,-94.45301841632666,-30.81471814005225,-94.87518317280512,-72.47216517979012,39.111420705060254,-7.954432523940568,86.83678688934455,97.991590608059,-45.73410530474291,95.94765547065754,62.71203324491961,-64.68665428678959,-7.535214418292213,45.801059465353745,49.09030930081951,-1
20.862596448063968,-48.99926949978486,57.800976912138935,-84.88298151891054,95.81388067669457,40.51099739253016,-91.91176267761836,-60.924822113329455,13.338404888251347,-14.62049169667445,-91.40496567962929,1.474074020927631,28.75142961986205,-59.51907328172792,93.9410981801064,-86.49303692105914,-13.54821805363791,-57.89557165287831,-21.87015086968887,95.26170171121368,-28.382907681850256,-88.99025863940228,89.07424503919196,85.45944121315927,-39.46125193292074,55.719876647408796,6.249197944577148,80.11368602460186,93.22323654083732,48.908799689061766,-55.1244056024333,-96.07803565509447,-26.419695836070403,-27.82973628108512,-62.73571733130496,52.87162184070988,-81.39227373034552,46.65041430417563,-15.937534319841802,-57.44449040722246,92.11711101667396,0.9780921698023519,75.44819927327407,-22.58884002611545,-86.35208441802,82.86345839387548,-1.9227731166424462,61.96146087219731,57.17367614525142,-98.92423349895058,1
21.34634494348728,-99.95141311309746,-95.53064231462854,-63.671352688456786,-29.935625578755534,-13.96120907974688,14.403228296859453,-18.89844165129189,20.78077417507798,-30.180092581890207,-22.43089726575191,-13.228190717992618,34.75208835583925,62.17867308384095,59.29393822196346,89.80962710428392,-49.442962891309605,-36.53048549641238,7.973701484418115,-95.47400998926692,2.0057979653129223,-70.5530701443122,72.48077692828295,-0.9047767861491707,98.24909783078428,54.39031753046734,-25.545759079741018,8.483034234682691,97.94332829262743,-78.67519289804692,45.901742608678745,43.49223713611383,8.245734401884647,-80.70257075510327,89.39087627696222,29.28255841556313,-79.48568645359428,98.63741119002654,85.297563786479,-49.97215854139825,-0.027851566595032295,-41.984636189255184,-10.851837368058298,84.39480959473195,44.407990926064855,29.765197226905457,13.560436565723947,-46.0497226793261,-94.81248185375632,-72.94177636997254,1
-25.498213689306823,73.14544742135874,89.44540546934218,-97.95916254295096,-34.648864933596954,-5.242552159807687,-87.31268806897832,46.71292899264304,-48.65960537339815,33.975533549178124,7.467284448202349,85.37856397155514,36.717706889218164,54.782530792744296,16.00546811962083,64.27958800347793,-38.33628029448726,-48.55919080895579,16.798347802140384,-54.42533193025545,-29.71668451725904,-95.61725813671109,-67.38101873419504,-11.357539944399846,-86.33147654641911,-3.681095479428919,38.75674491016591,-67.91341382871485,39.239072694359834,-88.47516741726878,-21.023113927271027,51.74334700940463,-9.787206027973767,-24.58019700476588,38.13617295584896,68.06754624468613,19.368574772495208,-39.40758424148281,-41.33828645471793,-20.298160316936873,-11.08345298024777,80.89876243495121,98.57412276652772,-53.142407107355915,58.51665790741745,-36.50609342716309,-71.98691274057647,2.1501982182947614,32.27641063843757,0.14669876982999597,1
38.72361149475904,0.714014880710991,3.529617803521006,38.85542341592782,-75.08892232010214,50.2362322998317,-36.29370627403357,-77.85409779209682,57.254662646241826,1.668265617311107,20.44738156733183,81.02322261213311,5.286110411853713,29.039177009110688,6.914540693357992,-19.311561129460912,57.58014669530661,64.01077085201078,24.799953231985967,95.79678005288105,-29.506506588092464,-24.23913586371249,63.98254117444591,82.7660016766545,-59.29478026372934,31.777875103025735,-49.12455668834848,17.306626744406103,-44.46151925737172,-27.913989577131986,-57.06358328732139,-86.01756489458758,2.4008419256128235,-94.02668485975502,-50.326811271164914,61.02610232894892,-85.40893922121418,39.72509938920604,35.654805814476475,-13.03170103239178,50.339016144238,4.974221967503496,-94.76494060907119,-73.40351192259945,26.551845884237338,81.55868115981383,41.74666269411324,1.4984990954690431,-40.87239028512886,-87.11047000769838,1
87.36594786495161,-59.817732062895516,89.31276859574874,-98.957496304615,38.42107956278343,63.32167027094329,-47.62807609689234,95.55846318997916,-61.4480889298582,44.7698877391104,47.29887726029867,51.77060057337809,-9.70306649984856,-5.890753627054735,49.03896153175015,-22.797190759207922,-89.76334605314584,97.75407198318263,-12.97996230940781,-87.95811434374185,-63.63874338735429,-61.83727578169713,20.770719904976048,39.39777286706061,54.51966129217277,73.18370995251087,-25.66460081765993,62.30304305827116,34.616808570344716,94.58899375216527,-16.769104747078174,-83.57926897777446,-19.089198013659782,-77.15724451093135,-17.53915386693376,-36.50067192482824,-48.07620552513969,2.597345869424018,-59.04700301805838,-80.01501793063701,83.16467552508732,-42.78622189765085,-23.08238245272038,22.517235434628162,51.58105692890365,78.16497018404687,-20.69977975964295,19.232698008149683,96.82707051235525,-96.43010750131612,1
33.51154770420544,-28.943205152615477,9.54798189382737,-74.09467801992953,-19.124759856750885,-70.06286657987235,16.166451850384234,-27.69191690031532,-50.07820962403782,25.207289664110036,18.715555023989182,-76.33906518242301,79.65545500943927,-32.63264152663399,81.23131047956844,42.92082933673257,-9.223485881495534,-99.96393944782382,-3.411079385570986,-6.269498527649219,65.74483097476661,-81.23724152120693,-92.1171085063124,26.15234792258572,30.489543122415512,39.794520204573814,-39.60443665355906,-80.12386329236884,45.833649119009834,3.5338846418692356,25.452293934242093,56.00371418711097,84.78079649494984,-68.68696572670515,91.6639258670715,-18.195613438341994,-15.290531665049855,27.178920365516078,-66.40694812760381,-53.72277794258957,-87.25683788358423,-3.1720829094863348,-48.70790652808472,85.6985527007376,76.63690758442925,56.621821988764765,-60.82690030700335,18.00336705550653,59.69860655137887,31.8918234299926,1
-32.00562724135037,5.0863996619284535,11.37812765461888,7.099943084474731,56.67028002484889,41.11731601290299,56.436679062641986,2.594694562058379,-82.29072157719082,87.0896310004035,-87.26714294650543,65.30956137883985,-75.95682115155662,49.82591473237329,36.60578633082929,68.73621877124413,40.93227340490523,17.75734826858391,40.01863806428631,-70.37074053653981,64.14124935454404,-31.185145128328713,-13.443759772746944,18.337433159160028,99.19215550556095,66.5009853639506,-18.248741371159966,55.64891802027711,81.10105280863871,22.856566113902346,74.4681118553265,-70.84995959023044,-24.75316803556757,35.998849686232575,-74.46086736118538,34.305231364294684,-15.199342593916043,-42.513618780690734,77.01485066076214,-17.049133749910567,52.032764719327645,-17.4288089910698,-80.43723590449457,-58.65098591187328,69.89575091574497,55.08600096237731,53.73105815750344,26.99127461197513,83.57797011268161,59.17980993877302,1
-82.27991406407655,50.54542756519521,98.67455763203498,91.65712562889473,12.273803443673344,-99.95182320256649,8.45134582871232,50.2053387226656,30.02230608803228,-72.8602084166498,-22.801598555980334,-88.85120743029682,-22.572014777511455,-52.79452277902743,23.31622258587028,70.96071953081668,-16.971054895928276,-87.43213676698002,21.36285231289459,11.883194152206471,-94.10596007508684,-75.36726854626943,9.538737286583881,37.646231516349474,11.467295027977926,51.48493324243091,20.35480537168972,64.57980436226137,7.930551272892956,27.488327090454916,-87.30778825812226,36.071314775469034,-57.11771236377676,-72.06872846214243,-40.13703997700231,-9.586766522605956,-80.72034455969197,-20.27343952208325,-35.84461039150409,-25.53150817569643,-82.39521284651619,49.7425459448103,-94.80967434927818,-38.05803703419717,76.75971268474623,94.91931650944724,-87.91771962544999,-31.154142247875,-21.283927570971727,58.2100278707687,1
96.99793122817502,11.341851310570775,-95.20772297514604,47.8579257492874,69.6549201334457,-12.605713273211677,-85.62202719377687,51.62530643991096,62.88205878747752,91.8759813484335,37.424878109247004,-30.58560727688942,5.34698439058144,-95.63310473423492,39.99015449559596,-27.084925504279056,-94.5020123673271,-24.259651227038788,-51.312161804863536,94.00242598870395,-97.51418819668247,-32.493296000199905,-7.923506194907986,-91.57002996724333,-76.77326421517006,-40.739436177611935,49.73518131897086,-16.62356704689934,-56.97492342946655,83.51632760454743,-32.96011402571976,-78.98241324862671,-86.77966724181124,-33.17716891933402,-60.53394758829987,-71.02131364639905,-96.4924588145398,-65.62888089410052,84.94129121768,66.75091613737675,90.21396858161401,14.846564872407896,-47.98268712344815,15.249431927459241,53.67610163567585,0.22660036270376338,-21.41129511949748,68.50600301236136,-82.26257170612985,-75.87287547052233,1
82.65738951524736,-91.5599062837403,70.98513130221426,44.13527181850364,83.49304511096076,8.392957485220222,53.32429565070515,-3.507110167208083,-14.098615512901077,-53.952829338025076,-57.2012771673895,-51.26079284264722,62.753037899930035,1.4408292221283148,79.60629389553952,-48.462193000051926,-47.12591773607166,46.48737909841759,46.22424965684587,-37.20301197151947,-19.648566432862523,59.79415288724189,89.71469211503546,-99.74364206338248,-59.61097766728734,-71.31252368228054,-27.562546700273757,31.12322575143986,-18.625005273305277,-7.095295686338929,62.895296392211094,67.89082963399099,93.27225176755363,-11.104987344416244,86.62709066772817,16.93719406627683,9.314224867346368,14.90241024413126,78.97229342535505,-23.80387629241673,-65.9674523748353,-12.239376856068802,21.211356342362947,33.43684460292212,-14.088934071925578,72.77892565844047,-29.625761124282818,69.26272109187062,-27.956153574878883,-79.39445386353512,-1
60.99779993615394,-4.965826795474342,-62.879187208913365,-9.343070732468362,-58.0145145441014,41.016806922821814,63.981359680775114,-2.755897358488852,47.923633257394926,23.577283438974746,46.41471854665568,71.90296154038151,49.953598906887265,-53.1257461560362,-4.442227374831603,84.96116098497814,-53.1926583120921,47.27157877490751,98.5446093391227,21.22556550709109,-41.91275717065317,-27.75146109285889,66.37371880589035,40.300113215316145,65.49082160238774,89.72882697349897,-97.18654287711476,88.86820788575167,-99.59433379738067,-0.20016918670404493,-39.574914705123085,65.08494222547355,3.382462516523475,-69.37193986858773,71.51285446064665,17.5145697796046,87.16760159670037,-80.78492302358646,94.23710081811583,-93.7424727320894,-77.19852662920017,-15.315882187251347,-42.137922106860024,-24.677179578574425,48.47377901569905,-7.358395568717597,15.029417776822427,-25.868093290119404,-97.71604162646565,28.77540130884131,1
-20.267394445537377,35.40756297640203,54.430500961492925,56.41290431448621,-43.078557634591604,68.6157040519713,-40.392627840580396,48.97645735999109,77.24627567649523,39.3994641758205,-97.2497848844944,38.48244921848115,97.64404330740209,15.968655709723237,-8.273713571910307,-51.59785200808385,7.102830681586099,58.500712721350595,-36.406400174818465,19.74233350849677,44.60359937711837,15.769400711079527,-32.57336604224686,97.53421357921312,61.89295598918372,-3.271664147508943,31.159700616226985,45.01112020174236,-2.4405955021798746,92.66604245476188,-18.306753377824947,-98.41557480545282,91.72228650142645,16.13613810861125,86.26338044752902,4.203895198860238,94.76167440883563,15.460342447724074,46.40557974025484,-32.32389321217323,82.57916720299505,-91.4309338000491,-84.08056275107884,78.83891398401579,-17.980685872064043,90.34143158974581,68.7012523862721,40.41917581355773,12.338776803077423,21.060369612708115,1
-8.083188557275392,65.64255157731884,2.9534748150885832,86.8660016433889,-25.363308027263656,-93.57764185268694,-28.504482128370668,35.00681495413781,-62.7737442647343,32.21581952149123,20.070576211516425,11.328738284032752,99.86951831477771,4.701793678585275,29.856771152000647,-82.4092285000215,73.45528773719201,-74.80653055866091,-55.237014991642106,30.60738948700427,-58.672048002252964,-21.793380051397932,-49.96886856934284,84.05757412601204,-92.22831115718786,73.62529829770006,-46.12620567547132,-2.0550532209878725,-4.829386759086532,-71.73541287709318,48.35648205855091,-87.0244921510664,-44.249725645089086,-25.651753919167746,-15.416505144603065,17.087062258362977,76.0147228947491,62.13661056793893,-75.34712497930904,-9.074949573772756,19.387329286447,-75.15328709303432,-54.922604351236345,-88.98850539666516,29.932700272790527,-21.971556828803003,-0.5364666209581372,-13.51556122626421,-57.36536336528739,0.12158072870734316,1
77.49378804257648,-69.01164293241283,68.47135754367642,43.227012630713915,26.879451899416893,-22.790446688537912,2.1660224262508763,27.115307474915,34.95351455132561,-4.52899127619817,-90.04368880426783,-81.88733460337703,29.438838626944403,89.01338787080121,86.53484628925946,95.68186901459632,-91.16346264953232,84.53990772834152,84.35843747830285,-73.21068076772883,-38.69933088136188,11.374273289086204,24.0545396503083,89.48404407301777,98.83095838123805,68.33435321537198,-57.621355369736115,-88.41654478509835,-69.94970761666309,14.934662019471887,68.18405144530095,47.25948836966771,-86.25230407993017,0.5703232773114308,62.127187058266884,-1.8014966603693665,-18.655580458640245,-50.07452044164751,77.33321276606424,-20.785118693226366,-26.735402398031823,-33.24881746154156,-91.06259174384579,54.48673726698533,48.17394892334255,98.17898844291807,-91.08885399066881,36.78872094675819,24.427462648505596,54.88165636954815,1
-28.440346934911645,-56.188165388023336,-97.01794716903842,-53.166262760671515,20.29859059498827,30.433825418351375,-95.86226343158214,93.37894127799811,91.09247760709513,-23.324998790128703,73.25668052684227,82.73803470734987,54.504774380121034,-28.496142240605053,-79.59780794352771,81.47778205504278,96.8003921716203,-93.13107602853081,73.57009292097766,-34.65182396721238,46.76028016258488,-97.30130888626856,-16.597673865653448,-69.94073478057089,84.70016410929838,62.455488178439225,-88.86180304651941,-44.33047868797155,1.5697729353904037,3.692700305428005,-10.736483495052184,-66.13154695984937,-45.66916785383308,-59.04673026097211,-21.8451344871293,-53.46542748048053,-82.98337252896974,98.28599937263516,-86.57897688430292,-96.56204179000187,9.683110905931372,-57.33064058152022,-71.14588692889086,-72.61516873752959,-12.313151101258683,-52.179570572256615,22.7105028518489,25.086386461755737,69.66782145299015,-73.72849975210518,1
-71.48868899337688,6.960195383833607,22.533705947895882,-41.64107065525495,95.25401264822437,99.42309434242031,54.28180236863619,-73.9434842704801,49.25217355955442,-66.52744150336804,77.81993818108589,-74.25791844826269,-3.8047570108660267,5.022366673924111,-56.594843816382955,-92.05715250785727,-17.413235485014496,25.363072277231907,90.3779589275575,96.67783997903658,-99.21121991335377,94.73378151899087,-97.29865139107086,84.72197057375638,-35.73874772424317,20.271357490473903,-59.47654815104117,-54.3532498197544,96.45264676217039,14.827162692078488,46.10501546406675,13.938813955546905,53.94300351422106,-41.24941445623958,49.769812175058775,-10.109315107641123,-44.11846816496914,-66.56434147566188,-57.344494444520876,52.812131033911186,-72.6004764966122,74.0586834566233,-5.035609034246335,7.658581195836007,59.89726926800628,-65.28644291350096,-53.05439621088625,22.48179832303488,-41.725564897302704,44.23075004376352,-1
86.749884600294,84.03939721485477,-7.289555339462851,89.56100367249365,64.39726553714422,4.048913322038857,15.358490640112095,-2.411624214923137,-74.79876562421175,-63.18692210017307,-26.62908646874034,-9.642752508644719,-65.81898151826726,31.085460946900866,68.36945443097937,-60.520922455657946,-46.454864188223844,10.961711556965952,-12.915249292900313,66.240563691837,39.432147028306616,86.50036541742509,65.60370013778066,86.87887501277538,-2.4800688046497044,46.072734363540945,92.08376173162222,-76.02890578967445,-32.05893786355361,-6.6828610247338815,63.34470928091048,-8.271114453614103,-49.4518514426457,-66.72580886517324,70.32709029474532,-74.85275804789539,-18.106564220765577,-78.41441287179927,25.60463145808798,95.54197270695926,62.216291675698756,56.99588762966064,-92.35344289699034,27.61474660851293,-27.53248944952969,-99.09625638087573,-41.24877409676904,-86.34375768504623,37.01104346103833,-69.78745745604853,-1
-19.937432765401184,-33.172717624765326,-16.673629976117695,99.76521190284967,-41.33433335869796,-42.52014533610839,15.557260646135347,-26.587311624727135,-56.72259867158998,-40.260623294789056,65.75472201256864,80.20059034478962,-46.022009378130704,-90.35300832029287,-55.13392180286887,9.916113587577584,-53.417655916206016,97.67523360579722,-84.26767071166437,10.015590899464797,-94.28092610851657,-15.372108785307347,68.14042002554746,-53.73002652678818,-57.721260843110485,27.433188559878573,-43.896459206763524,17.01973541483352,-39.738393249133,85.02953354447396,30.812941213945436,-29.62104589532595,-25.483922650141963,-56.94173851646169,-18.01085136129697,-62.496428692768326,6.6114252668964895,69.27722009103354,47.15028795787498,36.886476378934304,80.25223780936003,69.5204831439244,-53.43558859978999,48.42050360981159,-47.70904975748942,54.55754519221503,41.90176920624535,94.59874880323926,-64.18081375748199,-97.0318302273976,1
-35.58649296085406,-51.974675909696025,41.337541692108715,94.43659363740821,5.6964001919094045,-79.4508178921158,-71.294144985629,-29.105549912329167,-38.042097265505824,59.78790983934701,23.650994225137566,-89.09929915243251,79.38723688625723,56.39851273198201,57.98815621046515,21.089127861649914,70.06518023072417,-52.81086007072957,26.603325022464915,-27.042048802526494,-87.7137266719325,1.7576952154384884,-31.861410372862025,-64.99708293954924,-80.87468690048104,62.23239186480376,14.892132862788927,97.69233664719039,38.58391521420515,-20.566553248855726,-92.17449317938092,31.151899796266434,-56.35718847860658,18.40695745145655,-77.41647094472921,65.87431223959862,-39.44775623419643,20.144883885277906,72.01416990808542,65.10851161818542,17.232604696516134,-59.780136618806345,-1.1460672509812042,7.818374600696984,6.669187181970031,91.73268132893807,22.36401285734877,-5.3350815591280565,-22.473489014581574,-0.08043388355307002,1
30.549221570374954,13.170357482134378,-88.90321158641788,37.521020198758634,84.43896772687413,-40.80140356685427,72.08332231626912,-4.223729563487979,-1.1693552803808416,7.21345337772506,3.763024987382508,-82.63292149605567,-99.73527426561103,45.333394810103954,-20.381044050701647,-34.79657616667649,70.11688533254511,-85.23320157467877,71.95325680232276,78.59808616834962,51.35568008100475,95.0116385024163,-5.348334660202767,-31.42534217614572,-9.42215411198228,95.32467884292322,89.55191913506167,-82.45394517341683,93.83748922053104,80.48762388007097,65.43356821415628,-4.890836867799493,86.28457031108408,96.03200661116423,-95.8424045331001,-96.81553313254376,-97.82161532924198,75.95112815748647,-6.1428734230953665,61.29187384285254,4.070971876755209,-3.282747314363334,-34.84804981396559,-49.27792848417021,-42.64746230518968,65.37263009131149,-25.88553788750052,-16.80493178748455,-28.16142826162033,57.45285601781464,-1
7.4213083637095565,35.04616751240749,65.38980501682218,-52.59169821626399,28.996452410628365,56.987869696913634,14.595834261251554,6.688136570787194,1.729772323200507,75.05568995818336,-56.403415738882344,-80.55900092911112,-60.78372335323201,-17.10143721941246,77.67450626219934,-90.40076375021123,-86.73875378944538,10.714903158057254,25.239558604887023,6.757668508389742,65.35099699037977,26.58380759581142,44.7969614535877,-57.76337461804513,97.32695686009137,98.08091218805214,-35.009135236788154,-96.97845133546407,49.064474628394095,30.863528478132736,25.011735956375418,59.63177700279218,-94.13160326989079,-42.02315352546984,64.23547114679485,-7.078501978977641,-46.35479778700899,-21.612993888404233,-44.0658066479372,66.56914286766428,46.90419958656628,-42.98173683191171,3.6849789788134757,71.3311674172476,97.22874457018384,-74.68334918845883,30.906329863872912,-21.583329363044385,74.51100380598018,-87.18672052054211,1
33.560936645281316,-32.28919451258973,-5.381092380125054,54.154537642121426,-70.38243239196795,-35.415487817865184,-58.89161979196296,60.17953153328355,-6.657939442954813,55.201324268411724,-37.81519440282628,-20.440536703185657,48.05928210897375,6.408256832163531,-66.1366453257321,34.14294780883111,-78.23816121907738,-52.54961115529255,-70.96173796008873,64.25560663935812,-49.24158994481169,-81.05130803576907,-33.730000886533134,-8.322441571548467,50.8336999977268,-17.32038848460971,-95.89693889443598,54.01094006625442,-88.53388168712372,50.79372028821729,-92.8379146861668,-48.59699594304354,51.169901883732564,82.49884140037202,72.3157029568606,67.25081520793725,-22.013911909617605,91.02244979645525,40.8212719253371,92.78556907814053,-60.337258850543776,63.16423146890821,71.06920828287636,-1.8344916330333092,-48.57909729262915,37.122008390755155,55.77986903313496,54.473840962086655,-75.5146528996336,-37.014282841708514,1
-20.968940505538995,-3.421112680280274,49.31333476067857,-1.709171286389605,-64.63652844404143,-7.683000187570713,39.4636678774865,35.79889604906771,18.96497521304825,62.699073007408856,-15.891443948536363,1.8428877811604565,-10.236458388459198,31.90661585472364,47.02855418406824,94.54838736601653,42.30568145335309,60.48884103118385,89.12781385720382,95.87966589260941,-45.663192995177496,-8.667607354035582,-6.712171944043803,-82.81922228197655,78.20411575857236,34.467329607082405,-16.872471399551415,55.396969093265,-6.58187595284565,-28.468356060833173,-82.32166995469494,8.60171691936462,-84.54868182836822,-56.78714693908991,7.104137222673728,-66.87679311209224,-0.8004789928630913,-98.29475387267838,46.63924373213885,67.8699395975411,68.28208112613461,59.33480375695615,-65.48725773442837,13.797792032226397,-81.21901324921484,-16.611266327904545,-56.06795248385079,60.17504836553883,-78.50910198186213,47.39412045180072,1
65.69385988982341,-76.14566559205132,30.654313166548746,-21.15245277413979,17.42067101260747,20.797550766451778,-82.0504324623233,-30.654929223314696,97.77415659593828,80.69924183883197,20.800559808903003,-79.21089193398147,-13.91941212925596,-50.42043773646072,51.493963928315054,-21.529660595806305,45.99572481941502,-63.88276390383689,48.44947061993534,-99.99413000641549,-79.50519179114555,33.25888669389823,32.44187801884863,-84.37056345071379,17.429037008725274,-85.09882738333758,-9.451613572460431,-79.84550952941333,-32.00398841913001,-56.94052153593503,37.909527562823115,-70.522085813676,53.543942982203816,82.10819472751547,35.575376513793316,52.272707338101014,-12.652329266193746,32.97153705013466,34.43987725329896,87.78129035853567,57.30388922413343,-27.337856513173847,32.16792566313427,-4.48465298252701,44.92743842451725,-75.000664692881,-84.12419629835568,-30.889594100817177,68.6050357883584,-5.6556438327931176,-1
25.13015788545529,-67.46955636201989,-34.233390623761935,79.37564836598955,-49.9026316797555,-88.25541312513371,77.84609320708981,-25.43720561579208,-1.9932740874350117,-41.797881016957206,65.89413658475328,52.94549070022367,85.0405488056125,47.47870222807947,58.2326730468138,-45.47154532918427,-61.86745056424403,-69.68346522523817,-86.14385361881311,-75.38930008489872,-54.75551256117019,32.23737753958869,-35.33008595049709,30.970460285585318,-47.45847813568298,-45.49337411211809,55.2603543202317,90.80907739260005,38.874970599354356,73.06446121480215,-94.88344045515905,38.69317830841666,-9.230562343443992,-84.48676317818,-31.630916434777404,4.797288907039359,39.32871726388103,80.65407778458959,19.088607822783075,87.9156694615273,-92.86334701420738,-27.385218161557944,-89.7476187424207,81.49695006427521,-18.52084273083487,56.966511642272906,-27.81655274448775,1.808082050164387,-20.665618504360154,-94.93971352107988,-1
32.982344897443596,33.15304805307346,43.135296024515384,-2.1640076905927543,46.81518313872573,26.060895512039167,-84.7812053900339,74.82710139895909,-63.3156295260539,-43.86779060386503,-67.95154396475567,-84.12147973317872,66.44761624555392,-31.49105920903213,75.54466442658739,-76.69056409832001,78.91201582658249,4.690335510789694,51.71607969763846,91.54959778067195,87.1092543849035,-67.1865655930707,31.480357830474304,55.17467744830543,-11.530234952886431,-9.082607312857434,3.750150173840879,17.445359017881003,83.35765992967745,-78.68512221870698,16.59974515568979,51.72260949623012,-99.29530979160148,-73.7677400584636,82.35416994294974,-7.224372896326628,45.818257798354495,-24.165270225252655,17.772912725242378,63.50954349841106,49.206211564433545,3.2291901790083983,62.13379307468762,-50.903634689611586,47.1107367789991,70.61705963393447,-32.270182185081595,-29.113268545166846,-37.80057912682471,-81.61339565030357,1
44.41321284075707,61.00353864692556,-74.69461719018486,-98.8733443237235,29.237436802976305,-26.018753600713396,-64.99853414047763,-97.38615298708204,-64.18215165246133,24.239257157378972,-15.634478114372001,-29.838715590971177,-86.26418541843049,-66.13738373121956,-67.31599737601493,-18.348616927676844,-72.10204435269485,-94.33211931139931,-77.0601769495713,-47.184152029155825,26.371418021753584,82.71837776503295,-97.74453470177538,62.26550603780075,37.69988824595441,-67.60510208829133,76.4362939912597,76.7961557822129,-57.20024870286131,-42.972075706987624,-10.272599594445992,40.53150651767825,11.627154606200364,-94.17481401602848,32.180027988023255,89.09052031827184,-12.804136859304421,-77.120956395367,80.89091007616801,61.09542958037281,98.89294960125855,6.5742427101928484,-80.7834086786944,-56.74647852280699,86.84569721186466,-29.893723492525638,56.76579655045927,70.44178884832658,-15.803759127846703,-15.014175204247707,-1
-10.130051592071581,-75.96814825287561,64.48446200325546,46.44805004117782,55.37478244376433,86.64733824796858,60.0097833656848,37.28583345315295,65.39303944302549,62.61108516240327,-62.560411286934546,7.2446378424615006,46.62518496176949,29.22014608394582,-88.34866553335922,21.41644587367834,-55.295277612101245,17.63381358086511,44.33304678421749,-3.531276953481992,-57.18240957673104,-14.174278110727997,71.25753577486492,-81.80801302085035,6.88252195252403,-61.00372878255014,22.090190305464176,-50.97655022627477,3.510859024166564,32.937964404997444,-83.91318497032026,-32.731830668573124,-50.861329537978015,-12.264185925329201,-66.92397429763884,24.609146367918513,-17.762776627794906,-54.48408715108401,84.54238520069211,29.39808516815785,41.903195465787235,-46.32901431846253,32.7278667883557,-18.365501568308588,-6.0910394766070795,-27.17772531945313,1.170903512806575,-19.115355860927878,97.30938840986178,-69.93212339082875,-1
-13.436799558106145,-94.85151805055676,-16.122032406322134,43.46555740817391,80.57295875832818,-23.10128371853601,49.57052530497069,83.33438182743598,6.307304056521488,58.089217338379115,-93.1652612121493,69.71463624327984,41.29476341652156,59.665232511523044,78.5901533721825,99.82070835856717,51.37084469279736,-97.03420912807363,21.071286133808158,-40.64018481658185,-3.820770227743637,-30.527191983854877,-2.6469060854144715,36.92444845713467,36.053447525153814,-84.38667684427436,92.40200136532809,51.82916456363475,49.31429589529327,-73.64789313912735,-94.13058669006102,40.62694701043836,35.592249434458154,18.131237433344666,81.65799635711096,63.75946200434734,-78.40839827133861,-22.433914096358933,24.81157468882398,-30.179117258563636,-36.092881726762705,4.575512510207986,-72.55203732332012,74.2516420959468,25.535834835009027,-75.57459406291301,-97.18157008506067,-73.31261879252857,-91.05865031684166,-61.89829680528245,1
77.74961597379544,-89.59524899411062,49.216431314578614,66.02338226162453,-17.76867240893867,29.576034702460532,90.55193940433082,-35.66897459343599,-16.853173322269527,54.427976023683186,-44.64554433705437,-74.24491080914343,83.35862643424113,-53.59387523092964,60.31683345936159,33.773469417521426,-14.896826499452914,22.292636422338873,-61.66366185735135,13.302172290993468,31.31571416604396,-4.5181886978712384,39.88493774217676,48.61943195641601,28.159027195223956,-97.16869217660138,-97.58396206883178,52.42312265412903,35.60812265352337,-95.38848921568194,49.79788381647168,16.833756448298743,39.411973976914,59.04229561857136,-62.3288589442802,11.95170731408038,24.13913515321471,4.686413205191627,15.227268498558757,-15.655062908057204,69.88004145288059,34.94270614482278,83.62297531106503,37.08553331249581,-6.6624796810184534,52.6961833289225,88.03609180553366,85.05052210526821,-58.51096492518635,-25.883486417269054,-1
6.060426649831669,62.22091326106363,-41.90367887821127,-84.17027581005448,-35.65269673740754,-86.9456002863021,0.23656944903282806,32.010948215815404,65.80121152787589,29.781190900398855,-46.16942111611966,64.6753296613839,51.31117405455129,38.30300051614756,58.50451027865057,-58.493949297728044,-64.21758149935553,79.01531483707589,-95.85751460629525,-74.97731709694911,3.671080139900269,-57.84073041924527,-67.30079315855535,-60.761721350696995,-66.08463734532816,-96.7443151658124,-67.29828674429265,-68.00275989058446,1.8482645000059676,28.976359855661087,-29.01192829095767,-88.18161457344107,97.92197890954517,-13.856327907858173,-31.367540412318945,4.8363488702028405,92.88122913321658,-0.17903284523501384,46.45301102955469,73.95375722634842,64.30641291353655,-51.607674887450685,-2.908716882927081,-70.32326897707392,98.42420187947175,4.481474244816681,15.881357486772842,47.785721727249864,19.01164537387956,-66.9194197703965,1
83.52945558088669,-33.58522183523591,17.586746606852913,90.95073578919138,-2.529125824272853,40.69156862193401,9.793951782363933,58.7415665375986,-65.37430105629,0.9709497764094124,-1.3221875017724045,80.37768563026205,48.419246033343256,12.075650738974986,-59.838491997527996,-12.618091809555338,-3.78034988103866,-86.5189398316018,64.04610585116112,-73.7589145415456,71.33403161395171,21.372304716685292,49.004738833874484,-48.77663052926633,-57.07638109873019,16.073069005625655,-44.1274184893532,33.26961693489906,57.321560628851415,-70.4122774878551,-42.76708685610331,88.53074905973614,-64.83915117431576,52.07128827787406,-81.2341061056577,72.6853535228492,66.13134023326805,80.5714364591212,-96.87793578300334,-32.760426923577455,-69.67505256168542,-55.08533774538231,-31.37185436659415,13.295967654086112,-40.377360247303606,85.02341702569413,24.54377628679329,-39.838264789097046,72.39666813140806,29.396731806192292,1
99.26678321134838,1.7411968432533342,45.954527467231486,85.52284702961131,32.463104888425335,-89.20977354517956,-70.07942817182851,96.71440035440389,84.55405166736261,59.084762111940705,-51.94492790032339,82.24278218763473,-35.364493544336796,49.88469867912005,-46.98183417951374,44.672720032210236,30.274119068964808,1.016523171839495,-84.19471571350302,88.06794897802862,-82.13617953648264,65.58939947903454,-98.9450816598205,80.10202830692842,-54.17019687843572,79.69752071749483,-89.6013146862372,-17.896788055427535,9.158746526248265,80.54208006911011,5.44492014207087,-91.85769747291619,-40.02236807388182,-60.69579213423959,-48.79345214463069,-40.00491814459228,24.09686351872371,-22.3751334953904,-75.59134292621867,-17.54109121622527,75.00562353758224,59.60974884400255,-42.18945828838401,14.530768413637446,-66.27679921985172,36.62396961732577,40.04989385487431,-49.17487033419481,-87.12698751603489,50.17316256934154,1
-81.47490338972656,63.24557037256005,-59.0357505848291,-84.7111982099435,33.9610082476639,-71.88802064606625,-69.527055205024,28.661760545925915,11.738585302986039,7.4559191615650064,25.849160852865637,42.77021340803245,3.066434589660801,-57.08573101722598,-46.38319148422914,29.31690757330921,-40.42007482673677,51.515292346493084,41.941904446777244,-44.86291103244022,-70.5699601168283,-86.63530430054772,-9.57361556483687,-24.827774678872032,-51.20695661499588,-55.398802176573405,16.087835442899333,-21.871025694313985,-57.57843424126121,-40.04582477050451,84.0327795037027,-17.10714833364287,65.96296974534462,98.75681337104237,72.65219312132831,-89.45049452428921,-32.46193108504127,-88.64767804751206,48.80142414052358,83.15400576170771,-96.17775394365245,-40.18891651859151,-80.57437706301866,-79.45741673489073,85.0905441618489,-70.75361157770159,73.1088976659212,10.068293232074637,40.204485780138924,31.488619700169806,1
-61.97424673625886,35.16232714854658,-71.87883918469464,19.424875435509833,98.35571435320782,-47.71384322618501,24.68428038457435,-47.79988618401836,-55.80595155661796,-19.694394541490382,-1.6228729690624988,-37.08079119761574,94.9792044205198,36.29239268958926,55.24324480459492,22.77014102357036,28.419596750671644,-31.56499145221592,49.90217040494244,5.102109120980018,-24.430157158247127,3.3689054456125263,88.72329570219432,59.5410181924679,69.50233655360483,-71.689225537025,-96.87109470538395,-28.55561297629623,12.17491036164293,-65.7901927313099,-46.49083445677687,-12.636617484310037,8.073191001549802,-27.039459387198562,-99.64220297878006,84.79971810076032,-12.809179102869535,-87.78347692148816,-46.013623221935184,16.814592322325154,-10.070041453435195,-53.77347386831839,91.68526024197385,96.08707048404705,-2.9475965949947778,65.10115155002183,51.30346420484494,-85.72814285937287,74.39202438199428,-51.40398317247623,-1
-98.13367603458134,-58.62562491554244,-51.23218006081191,94.54199471227727,30.95250570125009,-52.165048027668306,-87.25820583233734,27.434019893593174,14.44599652678609,70.65149186848447,-74.49330268540307,-48.709065248800165,-1.64236538284554,31.58562775025311,3.005618263454153,-63.75702770513823,90.22374321884845,90.99167211804564,-17.057483317844472,-77.94085958621899,6.373524995622731,83.7533710983395,-22.985081964055894,-67.87514808269135,-13.708432320567638,77.97106292579988,53.12883952127552,71.1072810593441,27.834871801334344,59.60670151106703,-40.03921210838111,43.44196234342999,-92.5628614554249,-91.67269981006628,-41.169484283959214,-61.897244617529125,-33.69091063069922,98.67405977439444,90.67933563627676,5.978357223774225,43.59380220354993,99.42920892619023,87.00536339335045,-87.21296946046704,84.31576523104852,53.30873712148497,87.14328028655481,71.63114093631086,41.20515429604862,-25.649994170103668,-1
13.170112062649338,7.6652744019824155,-56.550685503823914,60.50530697266319,23.822939060684178,62.7806944544987,59.77071131130026,40.25371588834349,88.20361533043649,-29.593695632278667,63.58481658083315,-15.932943897584906,-70.3493159333182,-69.38810294046995,-48.468930226488524,41.63115162107769,71.10298554935534,-15.781636685138324,-64.68122356728448,-38.86168094274811,36.22017855786282,88.3238228435493,46.2560743762555,-9.004250937992822,-56.279497963823566,45.74650915932125,-5.680046497857688,-88.7163051981587,25.60425919944049,71.74026846604664,54.621900273515024,-92.3688218203951,75.72194141353955,62.81703192323002,-46.335505354819006,93.77701989593513,-29.941759002245377,-16.589248331932893,25.863953941345528,61.44883940477038,-4.932089119192824,67.14692979122594,-48.82292278028213,-1.4770064731075507,-44.68867557702288,-46.44989617041482,74.07796985568501,-57.00131148818626,49.516172786672286,-97.7804193526661,-1
-42.55220166918365,-52.23096791927861,6.469545590925762,-87.36645381939378,22.323576550832612,77.43935334443125,18.965741241122558,-55.77611508693931,91.31576197894847,-87.10297705243994,-9.911152804842644,82.16379136441498,-97.96012942614132,73.13150156869449,-9.70261520066245,-1.785305457891866,-30.661338067170036,31.452197154204327,50.978819546128875,-88.58208487287867,-36.04565856364044,69.07828888870432,35.700768395167245,64.810874042841,-68.9218138788745,-71.17547112844318,-23.28298186275795,1.208036080125936,47.782998350083375,99.91102712892109,-97.70922834560554,-64.05298923401634,-26.20597357891681,74.78080355603794,59.724563212800916,15.929241687666789,21.092664964755997,-69.98717123400118,24.844622587819387,4.512088087599707,-84.4427208546054,-92.85600682791448,-10.10628318845481,79.71052902388936,-74.56193634257839,-31.359080861618764,-12.355386956142695,45.002785215417276,34.73213503350166,31.619933927213822,1
-36.95211307010984,35.22835772029143,-30.566632065141476,99.73885060608868,-83.71182653561343,-73.07435851940306,-34.1368016655387,19.932832258217132,-86.44353185740914,20.803618507802184,-97.5430656478091,52.110046956904796,-86.42935245907894,69.69035372095203,59.165103775628296,-51.36075255134433,-29.095665663117984,88.0819708268935,-24.737977949187723,0.06533002783768893,92.52863416946286,24.206511943187053,-54.10950704464932,55.100539832041676,29.8496193365186,-44.18270654596077,46.00480520843976,33.08184662194438,39.700391577784586,27.248102638023482,-44.334384467313704,-28.496979884171523,-52.02019340265955,-28.184570666324987,23.34635932954903,-44.47989625603812,-75.69065019527625,-81.69375736615218,-3.456314994658854,-29.261030905620913,22.07452600356372,-9.789165126229165,47.92002081909817,85.44598192471301,8.57988919304151,82.07618687081052,-52.26420754817269,-54.89293166576685,99.3899202768317,59.92540289684493,1
-10.938948999466902,48.261741670152446,48.86074346747321,-69.06493937441746,-57.71739684481918,50.90434494697115,76.94019391894116,18.83387127048462,-39.541464452185046,94.16059768370829,99.83252243057237,-5.972158157585255,-59.14755935374809,10.419097260567696,-13.249350291865824,-87.0622937482302,5.576835374526979,-55.937285083158386,-8.156300196867733,-28.424184247486295,46.61938081269514,61.4047110403163,-73.3679134293306,-26.445603809941957,77.09036714564257,44.26216958139602,-52.86667789985402,55.0519241924153,22.523619711000137,-93.24627590404768,45.3765625121392,-4.944888483599598,50.733244547060394,66.41238060605065,-66.53928140605214,-46.07558692871654,-20.887870786219693,-71.28564028633522,-31.50892884244965,78.2352230768856,-66.01178201656572,7.648730003403401,39.40709666033047,-10.715049384696002,92.20461430104604,29.004303879064253,10.273572261634484,5.925142223953415,28.408101182549046,74.61869681736582,1
-6.261368041005937,-93.12462832965495,52.84912417047602,-73.9121090933307,-75.01921107456653,-87.71041679114822,-29.207373781517518,45.26729355575711,98.52763516949136,-16.796651216951133,-7.954871070026101,-4.797179616627091,1.4632791013378323,-40.7703265252938,32.99393107056872,19.35437142439804,27.798424573097535,-20.670109790565206,-48.600449965140434,99.68799772831966,-32.73808434654386,18.70980457770797,17.145014396701725,68.65148584368646,27.211307094669863,1.529272082882386,-32.244056427236956,50.080723792253536,71.36327612602875,-28.625729058023268,36.892487914352955,36.346545196218244,-0.4667918092054606,-54.105869689590506,57.77535834004786,55.06757439030224,95.31756537247679,-70.17575946402192,13.970710179540106,78.82523008903269,80.58560849673916,-82.20822376641767,6.883173007001034,-5.267996588817468,-27.728567586987026,-30.42760913192484,-64.22400453383135,-32.03134206734461,-82.36093278167438,-76.95321674804214,1
87.18744964971191,76.93499699066999,-95.57334488837638,92.7617939241999,-13.959980651468484,51.84153954260901,-99.74997449630007,20.07500030486355,36.908133639736235,47.82827549664532,-14.170295825749605,-27.207218523273966,70.53531848241144,-26.983294030617373,24.758137020965194,-55.06958313917809,80.4541540718514,34.34255527495108,5.440807248651055,69.2861689731217,41.51883061823344,-83.5005852548235,85.5962952748456,45.654352008941885,39.51139515871637,-5.436472526045932,63.24943692923628,-62.161335817492834,52.131963440502915,-11.953919306000444,-6.157794062712156,93.03343526024074,20.645205794595697,88.9518488479984,51.56120144555075,42.39547132227608,-87.36251305200031,-22.082399769515987,-90.69823926585269,-11.188466104469512,-99.66010142491848,-64.15300772965647,17.913380902761133,-69.00217451541153,54.793472626520526,96.06210592080836,22.430273182487866,40.64035281746405,95.13237663657699,93.5942894541898,1
-13.500424333973598,49.07954782830791,-0.8981645338723467,-88.8905533024708,96.4180635048576,-74.69262331623625,-82.28446801400898,-10.86605915203043,90.323881982436,-55.9602165654395,29.632203346748526,-21.279579521053023,76.16580330578944,-35.466845106791055,-9.465869632291017,62.56680552160577,-0.08159680716977391,-12.688402213649567,-93.84769401492055,-94.41941058480472,14.819070530774141,76.0146122132322,62.504767704940264,-98.79567784007457,-73.23867720872697,-60.79648834640348,-85.11598087868187,-51.25501879044223,49.30780977538552,43.52456610593251,-54.62608832463243,51.34472469250716,36.18171185531412,86.94396558137382,95.58863830811069,-73.85606625697267,52.352703660074354,-10.91130830176516,97.92054890967381,-86.63826279106507,-63.60579089854856,9.777578209782618,85.38122420409303,-81.86633644205654,-45.0231841530031,5.47765796472288,35.75229727032675,-25.573185082111635,8.096755193645564,45.142545636958204,1
70.1149056030232,90.624922501593,82.25395779670222,-18.237717521536936,-12.228994366398837,25.088399361202264,-99.39311441941543,45.65986312636187,-6.468277994535825,-96.62501909204808,-25.42334617611901,-74.4075855195893,61.22718621228725,-10.89961595034022,-91.1449466678047,69.7919391210983,39.32515232685941,46.18953104726188,-14.854140571458487,-75.2284115323634,38.10271324994156,10.797137460068356,-74.88352297749387,-69.73845970325654,85.87942678719719,-54.93947536106636,-73.11410998816619,-38.429085242232915,32.86787398678129,-22.584049406380345,-90.560386035953,17.361687323120137,-19.54726019606923,53.298638266324474,-27.7087278292816,-25.013387750863686,-14.829698027372842,-60.57390783317829,-70.93055594362143,68.72598745869496,-6.357117708841756,83.57317075442586,56.00859321355989,9.226969842311732,45.03700370576365,30.460149013202937,-26.5637204689027,37.9929037477215,32.92056855337202,-40.280222364524064,1
79.31493169380204,44.064583295712,-5.7263688597018785,-98.06549223061616,91.32130109271438,-42.75925190888206,-8.681587556756341,77.699509709909,31.65451994332298,55.78925543782151,-3.8393222654759,49.2381657244573,-20.572511414310227,47.01581730014337,-33.55702100403779,90.09651223717825,66.56820981798762,-24.151640626637132,-14.932186795712084,-38.63508526131865,-87.81525816785687,-33.45411923346214,58.489305955807936,54.09413153863386,-19.550117806659244,2.234519492833641,-83.25413392618202,8.673638444396332,-6.5025265901642655,-98.88924697404332,64.25133364837734,-31.140399732101542,-43.263517440998434,-93.70064360415886,45.775124662273356,93.35482598421271,-84.15121949973874,79.78221404219826,48.25920604920722,-62.966494393312814,96.06188159972942,-26.576038747512726,-96.82795881935418,-43.50505622057534,25.932535903877806,17.424557457594574,75.29835272885,85.40391952260589,-26.82853968624353,50.283488868336946,1
-5.543639167403654,-92.32768904240507,-46.75434273650636,-1.8385501094594332,96.8618381725071,-42.534920118820764,34.43808412522438,93.92736380026147,-45.66558900975568,-41.17116078282537,-48.6529575922134,75.35651013845956,78.78087801063492,87.99660637218679,30.49088891342305,68.85357508100788,-66.46076434013412,20.859056863412945,-4.745402344226164,9.791688536737993,13.171622667133988,23.97774632545952,-96.89049898204011,95.13688951962106,-67.9024773063108,-15.845389967858537,-41.30444257768424,-28.518658936116267,44.763220937854584,48.53571671253496,-28.859309927791216,92.72437849089516,-95.70739274877818,72.3909976098752,-5.108111273423148,-36.54616799661517,-19.650175687184074,61.234633708419295,-85.8448427420174,94.77957170317072,12.716500109368184,20.4258491040694,49.339924124860914,-22.845305325462007,58.14387859399986,-82.36389054477469,-43.03713333997905,79.607969938748,97.91092636677331,-1.8976750560218534,-1
-57.85900722655937,17.075084558191264,-97.46843430316756,44.4466512374388,31.90939901852792,18.602991854457173,17.80065155812565,-89.72899684817865,96.23488467209691,-28.233116212463557,-61.522596739309506,-69.29761423452405,-72.59092428709818,24.708833678933146,23.453712647405595,-9.963612956543244,79.40980744995571,-40.73243921395859,16.71889176363355,-58.20564724558237,-50.50666670562405,-98.3745555146047,-70.46161807384897,-46.40592500420093,45.14554900412685,39.76863626621113,10.519627507167456,92.7087174452665,79.49013916767115,-22.855249809695238,98.2418036547304,-31.957577879773936,55.464964137116056,-37.92221433235861,-32.05016629475577,34.95121743517299,-10.377741045896727,-4.754618565423186,-74.39416222687734,-63.54466236695595,83.09196180303809,-35.68347265406753,43.529956285867,99.13956818700521,-60.149628843202784,-98.42037908920665,-10.470812687777297,-30.967629405906735,-72.07599330290624,31.005187248864615,-1
-66.60938225056026,96.71945994775484,7.5846062535771495,27.9203497026232,87.30099618036908,-24.68793368751645,-65.86832573177267,-57.82312928357782,73.38777015857812,57.10505955331459,92.78244183456422,-72.54775705844722,-20.554954652737706,10.012251520152219,-15.648400473944406,-90.19822325482491,-90.52359668811624,43.121838756227646,-88.37177986024159,67.65800737276675,-15.0296290862929,-74.11748038016219,-40.131867130755964,-86.5345093108362,-38.61185458678378,-89.34681935066395,-81.63856503672568,-15.247167388530329,-24.429167549454718,-55.31820580831119,74.77139871162814,-96.53250557226265,76.93160814858504,65.23307377940353,-74.21220282890006,27.913136175327224,-29.538430085648315,37.22766726316013,21.54196650365772,79.62251146787358,-11.414909048404454,49.06923562027899,-61.35897243380146,-22.656712466970234,-45.68667402513644,60.56350850517029,-23.09429813327219,0.6575892211954084,-90.66060807435142,-32.639097236510565,1
-70.33135980758223,-47.54513563700302,6.017699382884786,42.944440361885285,21.485752184230165,23.229125281583848,75.20442517365652,-70.78048310936602,88.22622168877751,80.5163780049148,38.52846475009221,-35.20671717996886,-36.059486726925805,-94.8484370254966,52.273581070125715,-26.193555436521578,-34.7080021932684,-36.24412196006131,-57.99267112740878,-71.61327032535544,40.962181584903874,-68.41093919831974,5.393398685201149,-8.773712721699184,-34.09952039977901,-62.457575166369004,52.86732836685843,59.14911286489806,-68.89590552169827,33.12523969863622,42.70965652287674,-92.45046174547018,81.124206354085,31.364201439201366,79.03703408092767,-21.29505495575779,-57.439717007793135,-73.36647158051818,75.57657650824069,36.984416036246984,17.74621074955367,32.70957381631817,-23.242792723105453,-67.5489944839141,13.307286035611952,32.91646098920003,-65.40755826851914,-92.97708414611677,10.010772313978705,-8.546259558929606,1
89.45666792236307,-57.71374840021777,-31.112342314298004,91.86478090164275,74.25752714693326,-58.81356993753093,80.68865804310715,-73.70842157673805,2.4508126752997157,-10.253480502381862,-76.21797962499663,-15.909027142393597,20.105695942275375,0.9620862398205645,96.4351659147853,60.70080517933073,-52.884659192234174,-4.097982948502505,-18.63445455452863,-30.325285097204898,87.17811554376806,56.73933284678753,-32.50362932535633,-53.76261737637786,-9.828025143411551,-87.47011272327063,-12.253257976628134,71.81282750888334,-35.16845310040327,84.33776515872103,-43.4822301700039,-21.518491137572767,-32.02167809210536,-61.771071721156545,10.455705503336276,25.988711369818887,-27.959754513744457,-53.9632119970854,34.99896294731434,-27.660202640852475,-20.464639362652463,0.8043422788223751,-89.59868494515966,-27.01353923978101,8.640687414554876,-23.592074073243836,54.85541010440758,56.93321125603461,17.74637206759766,73.24314263350126,-1
-95.00566757659008,-49.55537315387624,79.20310459232448,95.0384822143053,-97.1115791529709,-59.660488769630724,30.784898013462794,56.0676876899727,46.36046659965734,85.27919358847785,33.59010970186401,38.88280895205017,-15.497172205968937,20.553417760593803,-66.00137205906759,-40.869131921229986,37.542527254868986,95.53159712786515,-73.58696267426808,-88.4572225955413,22.125529522197212,75.12874592205443,-71.70681600742196,-9.327055849704863,8.80426766355626,-71.14191075066338,94.87594636969473,-24.500361868092483,-25.992914322421854,4.975309179221867,98.71860751753763,93.88330760750202,-91.69336459593814,63.98945806398768,-88.28546846209007,28.56390269830905,0.5452252154304773,-0.7238338896652436,-67.95085793971158,40.44692328398111,55.99663035448742,-25.51505251189073,-60.89679032830377,49.305579161857935,15.712505619522801,-5.968665946477273,-64.56668707715754,84.98292949284115,-79.18671229367524,-68.26090379098473,1
-42.84328889482596,-78.12881937810423,60.87928938304037,85.9305755581112,35.01038365839756,3.2434679953118604,55.50946341303839,65.69169798793598,-20.546619601833214,-95.9618881791438,83.15650138926114,26.7171092203031,-91.22545755645548,67.23779693435435,-35.046449822761744,-38.841746381027754,-11.131541860149625,-27.232670885155713,-99.68901705795655,-53.51744164619636,-84.92287208887119,28.596827112708013,-30.141095708053967,99.0608666573986,41.3928988809478,-3.535675259133342,91.71665796907325,76.49241331534924,70.16003307585467,33.54594870637487,-90.96161434922641,75.15840359302467,-53.93478776520444,-7.556563815804651,-70.16998768552256,39.12185142170776,19.51686774485833,27.190638020479227,60.69033223574783,46.56693945167041,-32.88135424051622,69.79235030913728,-96.06285845006259,12.65563048999195,-65.89749580724038,-56.75754229715202,41.67356343093422,63.761672277688774,-81.33210470518335,-57.66697393146338,-1
89.69066139243134,33.2814609389838,-0.9656815506667442,15.15001670406211,43.94516712014172,7.707353753484753,-23.36908823294641,-69.43471574892817,-63.25212714764874,59.8753396373304,41.46341440486083,53.92334382120032,-39.132101772855556,4.572856355016384,9.36211840467081,-18.3529416320725,48.05069365539259,67.25703310391614,-72.2488026835546,-58.46987509916857,85.24194263476866,87.25870178499628,-42.68077637018066,1.2281094584490262,97.33530845298469,49.91438444783347,-52.359612656225195,-28.24864709671803,26.741328631269184,68.846194987785,-36.165074194319516,-78.83507658673483,34.93493860798901,30.042422783644923,74.94039588263809,0.9507283901791084,43.23219797146939,84.47738060099348,56.29506869936094,66.87583402316673,-84.40646275024406,72.1579341766697,-89.08695445072732,-47.289011440176054,8.328269753990284,40.19656504241206,-69.34822888656107,-60.05932521659649,-19.33793498656418,91.79741987121673,1
-86.52987970624567,39.48632344743851,21.52471517678775,11.880423179648176,-37.89408613159886,28.58824240499672,-24.064558418917855,-43.75781291513019,-72.29359894787466,21.825702067528738,75.46480918494959,67.56429361928906,-58.29247369056469,-74.77306780190631,4.481401118687685,31.253787482618662,16.440705822888063,-90.46773097447189,85.5591196486435,80.84938038655437,19.865128817111128,-38.11725955844143,-13.369447889860126,-12.11672712924512,-63.74290344183904,-40.18807677550495,82.66832436451605,67.21351979274934,-26.713791163191743,-25.63910186206857,57.104016622903686,17.416236309018473,-49.97921562441236,-93.79086013311921,76.91456063753361,78.05542901401114,-31.844113572411786,-96.86899164516632,73.50040363796865,-2.3472067845102202,-33.3498538491271,50.10842919015849,39.60029554230363,-96.71630723883848,31.932674333314424,37.85818800611895,-19.54030011362397,-27.30420699085954,-83.08971252565587,-28.067333963146666,1
-95.1198436886924,1.2279705389288722,-22.716887633883758,-69.65867689922032,50.65534542626071,9.810587971533806,-87.32302074009831,-91.58637154800866,17.673197325054076,-75.12835572636725,10.159785451976532,32.81373949011959,-23.94725214456352,-91.61242605590967,-4.550872321920792,-9.857138834355837,36.907962189116745,71.78547427175988,-77.72784820582808,12.683484500478315,-70.02329417043723,38.10614715214058,15.933509470666294,49.12892262895289,54.72448224229828,-1.9346215256889252,46.002143963013765,77.43266245840803,-43.872074936649376,-61.211265280614555,-32.565553480147315,88.60943914165003,98.82849021061503,-81.7212907761668,-52.09657260316749,-24.323492332996793,-80.22332137385737,-85.23377974023303,54.83338655502439,-99.07866529615545,64.41746544719317,50.25764574159521,-31.323402844304567,-16.870166657692167,-17.64036234398128,51.02336630302611,-74.45657324204807,-11.02331880056117,-38.48293167112558,-96.60233851347533,-1
-73.82526785633004,48.5271979363381,63.50648319162414,34.45430152683849,-99.12587104279756,-64.56975609879345,20.485478390837585,-49.655304348017395,-27.012226562963804,-9.795213647209906,94.5494575922551,-91.8400904888778,19.790149284610223,64.26545833461375,13.678866992475406,6.259156562882225,93.13279798351584,38.51033271815436,59.12739861510545,8.32423230864579,15.508842092621492,-32.409276314045,-44.15037198881491,-18.57583294955208,-54.36534888761451,-38.899276166433985,-96.58828961429361,-18.665249024414976,83.6268915459438,28.57245446935474,-64.91341663225467,83.32260324803696,-15.00614763319625,81.47904672092562,40.40148898609138,-6.3497320500885905,-15.812706274524785,42.336684484609464,-92.56729778720296,-17.010014232456825,71.04584466657019,-57.596207647115214,-5.276037554505791,-21.177888656040153,81.31179364295434,-67.86101817263155,72.53434498058468,39.43324314035027,-36.19134973362264,58.95194532987202,-1
28.174948960642922,5.063652890144283,25.169333210122005,22.04979565796097,72.16024066644258,56.30463021237122,-53.25289363829073,-21.325071670221533,-59.75777658725296,39.97344875295104,42.69205738206986,-75.48524284274644,-68.76685057399925,51.62378010375929,20.077559142521537,-65.85953236444371,51.86949946565437,39.706852503424415,60.76076071482029,30.984333572520086,-98.77255638609755,-84.56537099985024,74.23265068886144,94.95720077703456,33.213830007907234,-82.75300026799732,20.543002499038636,93.51333721025057,-6.139328596545468,33.82964137415553,-0.3137109178340296,25.827402072057694,29.503171575793402,-0.6055223168759767,-10.834723937280614,-67.66871415685473,-54.730471717323766,-95.19519439489838,-46.49597900438334,-19.758761835966766,-6.630494094111782,-0.8480763158624995,42.01729838237816,79.02698900361565,50.26054024640908,49.24207857766362,98.00234406115916,40.22519787433038,-77.90186879634251,31.13348560252618,-1
73.45884019196046,89.23737879825225,70.85353853150613,77.4814947937927,-45.781011384023394,7.639715664365141,-78.58523005693303,-46.744892014706664,57.72212555106472,-80.91481587148465,44.40606952757767,-2.9210733975124583,69.73276429613989,-57.03199157335672,-44.80903152914841,37.08846358724415,-38.334805904625725,93.40728372080963,96.13370326853271,-98.61586371853797,58.32737239762588,-8.540378309024248,-1.3023934282162486,-55.0789683584143,-65.65114743261466,-51.80436011963345,79.2605768595111,-12.422063789281964,-9.44129431112448,28.25672207926374,-22.50141426312362,-13.878289781273722,-65.6294385335618,-58.507797930115025,-15.494511605101025,5.119167834237558,66.98243612558093,82.83914495075902,20.936155582711365,18.75596735516865,70.04187627734257,67.96850981876884,-81.81494615281899,-85.42560015856692,-52.73459380226695,84.1590385193089,-22.075270635156883,96.60829116597696,18.75933221379293,-64.32360339702217,1
26.524378626789627,-76.73365457334775,59.11604995886532,-10.06766737741549,-87.23172420217986,47.92217748015361,-95.87563985142233,4.824783532799316,2.0886846057851045,-4.624188878470719,4.270123954781212,-37.38001098549879,57.28668291822322,70.25061378880054,-32.582331559248345,91.34923535675966,-4.076553764314994,-59.44085474404348,4.53756499034354,-80.42480664774281,-28.553654266395483,32.45904311156178,-63.86848112929842,53.466162745641924,17.941278671566337,-23.0157106577838,-65.4495387536,-47.916754308934564,-67.02573374187119,75.0888823166573,-36.840984393484646,-91.65616219096422,-50.88078925252182,-75.84636101930207,89.78557441333948,-14.38035114709568,-85.94505700053467,-81.97912341946534,-36.40240697241832,-25.08108864551042,-6.510455351784472,-6.667210453807343,-16.728921665517632,77.60887816793007,18.418130257314232,-44.64674919521761,-17.709935412861725,43.43947289685116,-94.055863533096,40.8460039246242,1
20.182401131817215,-34.82197132127145,-43.50023263053191,-28.01841450126534,-40.37688932117931,-41.38389108171248,21.404285674132822,16.307311853992772,-79.2989537162619,73.45464394183853,-35.30500401562344,-52.75790087052863,64.99764982546114,94.23852489086056,53.29951184906801,57.65676513192773,-72.05252529382201,-14.581311820171791,-95.99325958326381,18.285523308833888,47.762723106042955,89.22466044983366,-54.37966382557025,63.353517825276924,49.802309173102884,-53.47416397096041,-32.667237797792296,-7.474690719346341,-68.45191685476041,58.03905258847465,-73.04850979010274,5.4057462070474855,-10.500593781428975,23.804518857912058,-82.31717476266363,-13.302877354833171,88.2310171357625,-34.038202623354195,79.48062065307369,88.0256100623294,-50.66230216179386,-80.95060515086037,49.69231866003054,-38.06512693976298,-29.994926815649947,97.97105744517708,-33.69076674108631,37.40405552291591,-43.38859102369814,42.55239402781879,-1
91.5868242113541,24.940133881321586,9.140603206589688,-37.72473261893523,7.475837582741505,39.10951688310587,-69.65336537995822,-16.294390646441585,40.98247368693259,18.42805136728694,-28.956516869820575,-40.53862590393926,-33.27026664582371,38.427709953296926,35.28406562729717,83.19755252871047,-65.77725564484795,72.15946596211288,55.2360778040692,-75.23695639479486,-46.83088872441537,99.52605297832008,-21.92670496950629,-21.470236096174105,70.21142423034408,-1.268086359445192,-24.07211331930381,-63.96513770658363,85.62391728006554,-80.857105044412,-74.21982542666214,-27.09879627816359,41.63863920872882,70.69083615019863,-82.92591403083473,-25.7228698068418,80.02761772454602,92.7947298146521,40.001513229318846,-18.09361135840315,79.47650867783992,-59.833467462612354,-70.11252567986779,50.86604349359101,64.62580317080386,91.03236595537169,-7.0545051031920565,51.38204923281344,-27.042805557515436,25.268018773105695,-1
-77.23232130467972,57.858130935420945,-65.52077134030947,-99.77080987434874,94.94738945150146,79.66375866559721,-22.967932473101342,47.27890413056167,-64.58504565998906,97.39389101185373,-78.872051925224,-50.78863364039803,-40.42571818472949,-32.700503730502135,-13.29154189116035,98.23199163024483,91.89992562557242,-89.57622520644435,45.56092298742885,19.482842163643042,-24.514286105309907,54.469768088711476,-15.66186188953651,73.91909100194286,-36.320891594443424,10.929436299505582,-19.306389423085292,12.841993125714964,25.245856127167883,-32.73978750537232,-29.18321730706326,84.19241490789784,-20.958286127898518,87.9906212987757,46.744742146092534,-8.644031443832972,98.02057530347577,42.443218479721224,-55.950485813157535,60.204066454597324,-51.68091218962856,-87.43562953620659,-73.21809191258531,63.88502245190716,-4.917178411807129,-35.94883712731256,-44.500624628612464,36.81697266539993,-98.58218895268695,95.60172017041498,-1
-75.23079465883652,56.97659667755886,93.09163568796069,89.30167565838826,1.5866534344125398,48.482853056518735,-66.14217419934499,37.801844250962546,93.70987633440782,19.90146861408431,-99.70906309822409,-61.50047973593895,89.98959647716077,83.44446614343101,93.8820888553982,75.85251292029892,-53.91496772016098,5.248139631960029,27.167327933862097,96.28344794392694,-5.878000404070761,-87.99113904986359,-70.79188977833101,-65.90102481136802,51.432865336676116,26.303544542335004,-73.46658243332449,84.80685338626779,64.2712043279584,10.414458416426854,-86.6044695827664,62.250531051250476,-36.93552937108782,61.00096608946686,-89.72477316566203,8.325538189613653,50.652536599612375,70.58560171097184,-49.29882943614887,30.39533537758794,10.455353816926305,-50.08940284065362,-19.104197004159104,-8.891929223908164,69.14414334234107,-81.2209318579971,-40.081934335055756,46.17959984474004,-76.96053745302918,61.71091219713176,1
-84.6040180342414,93.25485954963716,-66.47568723188311,-70.58601908993131,-8.317233641560449,-98.0609663331251,-66.15395381997462,-80.26554679466503,93.98496892764405,-65.02929337721415,90.39528420026417,-39.75622328235951,50.17184269079419,-87.21497823062066,-79.13735977585532,-97.25013013389412,7.313075992465031,29.27498207060944,-80.23708648386679,-95.5334097132905,54.14088082966137,66.96403476276325,29.707114367908815,-9.694879951836427,16.35599158424266,-96.15401104986576,88.00622978445938,69.02335741176938,-86.48059878933057,39.26280300439302,31.836823253606582,11.219723569875256,33.440502985504935,3.9219192487972094,-70.85749788303974,-62.8936024820193,-42.89625385591469,80.39354764791983,24.37448416324972,-45.41873064168871,92.67967227034322,26.584829892478496,-62.157686041946604,-31.36405433850436,-7.314347228803058,99.97593701265325,53.216771342678186,-11.95467605285016,58.5828464777324,24.1206754839139,-1
8.899391820773019,-32.55959296620945,-32.303897926404474,-74.0214347402489,87.8138384202137,71.48083389271821,64.9155838037413,-5.741829793161912,-58.72004008007008,-13.705936466887962,27.167773789700988,24.271980319128716,-97.6826222647274,98.30224170980034,4.541125411033178,92.37546921470019,35.708548286717985,-55.047625216439286,-41.761432895980334,-33.39522936156891,24.807085669358344,-95.59091098050436,97.90026877148563,-38.35586963081226,8.8815141563162,-6.900016942521319,-78.74172411617872,71.87592667048986,6.21520664677557,-71.3824109751742,10.961168207077392,-11.360071279604838,-2.1997561047129466,14.016165742829074,-84.61836219828098,42.60368437837121,30.979289687044144,-61.899088396921684,29.222628426474557,54.61707313248999,-15.797295574821163,-10.431285675722307,81.48256193980023,37.017876788090206,-84.83676683923093,93.66131249723907,-94.04504147738028,1.0440944133691517,86.52945384650235,79.08557915827194,-1
-12.629859476964086,-68.52568333001791,54.94432452186834,77.99292150018181,-13.141646113940581,42.9554730869246,3.884643579088106,-53.95434331106477,-56.20739083676265,-61.438215422761154,-47.10259682564839,18.117547307381443,-93.66577365542197,-20.389943945874506,-99.77839475390698,64.97572946836343,-41.109254338325975,-4.13944876238827,-72.17194232047792,30.85765440471502,-9.775110228414775,71.58808663448482,77.52087354244347,76.59374188330875,98.5668328801595,-21.352875347147048,52.35914523735596,-85.07419894783351,-47.15745816557981,66.94039435973494,-89.37356130990328,-22.429281160952556,-54.74967384694543,-61.259645671810816,40.57155488065348,42.56671448249426,-29.083471441309754,-25.322998922340005,-33.695611410586835,6.977165206909206,-7.9429761369654415,-46.244816729687614,12.703957589507425,4.164147702533569,0.22193442699163768,87.91056633840054,94.61253852837223,79.55914275414045,31.834022631113868,-83.72277873721485,-1
-82.1420950948854,77.937482514333,-28.247686506772453,28.99275414903923,28.342296456857582,-16.402395162225304,54.082797373481725,-95.34293586661249,-93.7394361279384,-66.63823470193086,43.257657137992226,62.28124260368742,39.58957395749087,-68.07964326303626,-11.357506269519916,-3.450980731108899,0.3788161533475858,-32.70125156289885,30.204973883648478,70.27398349019762,-21.769278802260203,-63.14778099566023,-73.89455869506587,17.94169748762981,-56.26387148208782,-49.59579071620577,24.067536260518366,64.12697538454165,55.174381566359045,-9.228126588572366,60.166839300505444,53.01879622281683,-25.126863261420908,-29.85594662793875,25.955439188350212,6.319174632762881,51.0384154750823,14.532123702152333,-29.026668952237998,-48.353355815738986,56.161138975586056,-9.669634963276707,5.443520248723232,-8.161429210221115,-2.430789094801227,-0.43952572134043066,-90.73337199539557,-60.56204276243064,16.198558407460723,-16.496858995776932,-1
45.62328746723327,-35.040216923927886,58.66896557219519,-14.836570697659695,45.544219265342036,25.72813033476187,-66.25790864861028,-85.11293546054044,95.38827005923,15.641328264325821,-49.09858171837895,62.583751925654354,-13.535926543250625,-14.90864479373893,55.33715735110002,55.5412079770924,18.786306189566687,64.35025510342444,-7.481853682486133,70.39470093635543,1.1845782320344824,-62.28316399880165,67.7763798158501,-55.112968755221246,74.02899229342182,2.6321854718261335,-96.10405826113978,9.029841625777863,-35.41309323128526,65.55708561557125,78.63282589302315,-32.521392417087895,-52.56282548736342,49.02978583711723,66.39007275575466,16.230238563301754,9.328672709608753,-97.75208219889421,56.264477004842945,-5.977706423408023,91.989314668177,-19.183343998015886,-55.02345185217388,-10.146855887703694,86.43507895360867,-76.63185807502572,-81.0342710155757,21.181816360472183,56.37931839217919,72.11243785582027,1
-25.462296597537204,-69.74714310746481,-10.411516564567137,81.70480610010247,-57.56430897821843,23.72239197796138,-41.65613522452518,36.490203725717095,-80.51460600455957,52.41474460773679,-87.49032535291693,55.544509846621594,-99.06282918431093,36.943928612962935,70.15480482298543,78.83284707721415,35.705478560918465,-54.280033876294944,-70.45906981171626,-43.22113280476152,37.94516512831183,75.31845707466977,-66.18079809159501,41.79124856959814,-51.977863041970494,-45.2808804010862,-21.11496132160366,81.50158920053136,-10.868051398140423,55.4192305818095,72.50934788956377,13.416363010306668,81.12411602982849,-83.61770018157367,-92.02167229064011,-23.85911789120621,-8.143953680920774,68.38616642500057,20.945043468971306,-48.84857818382577,42.38269750957534,-10.9864937041839,5.353358021164752,-21.83569028121002,74.39243457344386,47.52458836790049,-5.132447336368401,-98.95167964042346,96.05895012490112,81.08134558954316,-1
60.762909038689344,65.7060519163017,-81.4309826938759,49.113590347070215,-44.257579250610846,-32.46885736181528,-33.22746770508583,-5.9191148150871555,-67.61164906576427,14.06418418496223,31.157414637935688,91.61015419755228,81.41247420826565,78.42273240438519,62.744017964321785,29.16221207325924,-14.350699548765462,-30.80108757961837,-16.400584295171768,-32.536262470857565,23.928716794233566,52.15278761782125,-79.97402645621057,13.421963031781004,95.56028299775491,48.47275091324886,34.35391746365275,-12.911640583069726,16.820142741345066,22.049015498115438,-41.343464251881,84.13983687580085,22.46968442333987,58.230404732646775,8.370042493479033,-18.408697180955613,31.981664929084843,48.79605134017652,7.218514851819947,-1.8806504198486351,13.769800478637762,32.8712295566327,-13.761248466526837,-13.856002159110403,63.42588851631609,7.8539958277123105,29.97111396199446,18.528621409186357,94.5399973197955,-22.57402032825395,-1
76.33812236870162,46.102930805265316,-16.1599985458531,-24.542855125752027,-39.14934331804758,-53.263943117104695,-96.82635052683655,25.27531926510285,-73.61250304814513,52.80147841890985,-80.3643559797659,-78.28930082443787,89.6668820283488,-5.24782273871223,-24.675538320821104,34.02078839271135,60.4676278166863,29.69313033574852,-76.27855303215523,-25.82942268826936,-28.949767506246317,-86.4723780653194,-44.75201169849778,51.58095997051282,-65.87438696723642,-93.48812674200279,70.82658884208772,-98.09632559024826,-75.88691258882429,-51.084782830448795,-8.452838835686663,-60.97006378896654,36.74639063998035,13.36099000716007,-74.06917100790864,42.91947361880372,23.851993853615568,98.0983658415511,-0.8151826133190383,39.66347980425752,38.686245201160915,55.41117252238311,-48.58842077366947,-70.19792780811478,48.81184948668738,-68.61588019998493,98.62174309110367,-3.4375843141994693,85.31031855384447,54.4268941983143,-1
50.68558445139382,-19.069251670289972,-48.95375661628692,89.67274620429606,83.24676666264301,-24.054557681330863,91.46288748158722,-41.035276795709244,5.348542744323325,28.28749338720374,90.56256184239044,34.90771601006574,-26.211118144854396,13.324730396118326,-50.580575404324414,34.71782587445222,80.30086735556611,-1.8327851803548185,-81.5002335241413,-26.85641176385755,-57.6669123390773,73.15457458638065,30.181033374815712,12.24791116012716,71.00185267705896,-11.636056236128226,-64.65096010463014,-30.9800859974511,80.97042142598576,-88.41433484344674,62.453503295274714,79.08664300921595,6.109829760688768,38.31823319801481,43.887569574768776,56.76291587675911,-37.22676446283957,-15.174077222282989,-9.400869510823,-67.41303455225096,-78.06151107888404,-49.74842426575891,-93.69401711067142,-16.484020419408353,-0.645108950211366,-35.27901257027986,-80.80738683506732,0.3793183671800193,98.2816976055677,-20.506585231681655,1
59.88317579379586,-97.34375930828398,32.10648308729722,21.702468505069334,39.560616981055716,68.7128584282618,-60.87684569999578,81.1498347882717,53.34627812346673,2.2698155481614606,57.761207749671684,6.325186078731633,46.56268425243164,79.07440269854408,-8.391842193015293,83.23470468527807,-49.499118807524354,-62.17438595294229,-20.266830314221266,70.56730002022934,-89.58407450760217,3.2677859688043327,64.08086307356095,55.72717268237122,81.39677393630237,28.136058884217874,-98.4799317165409,-31.86412103664655,63.07115294326317,36.16158333560688,17.42876737628292,52.14361968585587,-35.91031032530006,74.52992637384145,-0.04172591777830803,2.4438672702743673,42.32557026719371,-95.89858913734237,-2.668473096838426,24.99756833125977,42.005140669914766,-2.4630261974997154,-38.151482383295864,13.225687521446858,99.53825116619817,79.12796036205341,24.49216520044017,24.78230326410373,72.55433915857509,-86.74913477471979,-1
44.68402273771699,-24.80575561417217,55.13092706520669,49.27453495847075,89.67688525452334,-32.05184635251983,-15.23598902555463,83.42790303865684,97.64562218379143,-96.14560567224308,76.64502534276758,47.96753191025854,-75.87143593441989,1.7648941241147327,-80.86249101404815,-59.45492228890244,-79.81898533135809,50.40266242312131,-54.80558827481654,25.166410720135275,-64.94321093737477,-7.552312101325214,-52.36714303043646,24.088472299546467,-23.599975321707987,-61.1201387406531,-80.83238520532731,-42.93273915535691,30.898727271115376,-13.042910973109187,-84.73962021373396,-72.9223460562703,49.220859880294626,-81.26131819421126,-48.8477687995448,-89.19709872077395,95.27067738873558,-78.07249393045679,4.39676647001707,-67.41150098416806,-36.69165439178899,-61.20338870137565,96.75990818857841,-82.33583260933486,5.225587459348162,69.29896138908671,-15.857025871963316,-53.61939892200374,22.68285969898332,-85.75779338446449,-1
-95.13680671370923,32.26853578894489,-33.46540269393523,15.531599213201403,75.46123806241152,24.832491181575065,-45.37202487898999,-67.15319909674554,82.21980736173148,-5.5845222941748744,-6.3563752845410875,87.49691323753228,-19.679663620298626,37.37216324658928,-48.98479588332514,-78.40327351027815,-56.92835088255421,16.817204961766976,-45.482961033486504,79.61589524217595,86.11852748646521,-51.18969630322978,45.18863791414452,-44.185392962807434,14.928974504231562,-4.559947977085059,56.28844584959083,13.560313192177787,57.42140525606945,-30.446233852812583,72.73344083640444,-34.00832158944385,78.45898518895712,45.450326849702094,-44.74045916716673,81.99101958526609,-82.70660257416097,92.66365386277158,18.45846180941946,93.11835791978865,2.9201854364195157,-24.84319128211132,93.0238795038565,63.87181201347579,-7.60619587887399,89.05234538573686,90.66822440807053,58.02161877379018,49.065995656038154,-10.321669103074925,1
-32.53089064618146,-81.26850947850511,4.254161378373823,18.236957423214648,-14.532722017989869,-21.6061075300166,51.7182912196767,-96.21985453371651,57.904324095589885,-64.08094372007602,87.78534032124571,36.456302688352594,26.130663159519855,-93.31146966597628,64.2102830483177,-49.8699354185461,66.70092302441586,-49.25264241959755,57.78159919293381,-41.22957390794966,-76.52973964550442,-69.47564720416315,-90.88533165090985,-2.220050185563565,3.434629719706294,-88.11565510736432,98.23836262765448,-64.33103602798519,-27.293935634512707,-8.884834554272686,62.41816668395839,-54.81261729363964,96.94273163022476,95.20774180246647,-63.67511708897431,72.77582282304652,-56.19933113969569,84.90660094954171,60.18049564623311,99.97085703933274,10.660051662149698,30.325751933890103,12.949825026016498,96.66867149654578,-7.079352720486142,-68.53021843035201,15.61183270560214,65.34142088621905,-11.173206583566682,74.52893860995451,-1
78.05161060356042,47.70780789518153,-30.465651706217727,90.42477562617412,-38.461551269385374,85.26400975159393,-81.47270745531685,73.5527828230627,-56.663754241674404,81.66766425850514,99.95183729824856,49.537510780740774,90.04991475732945,26.792024699621848,60.60529511326419,59.1306152614614,-84.28731483760166,72.47557555961293,47.22608738259848,67.73651871356395,8.09755585579228,-14.157728502982579,-40.2182511215214,2.964262896660472,90.59848711406386,-65.77340053258902,46.07502120377643,99.00471277365469,96.2662854586894,35.06398492364832,-80.89055361532971,-56.08160290288791,84.5436706169497,40.760084462339194,-49.78788504647429,67.26193296243832,67.00068604138283,-78.55828694270663,-53.78922793493781,35.24469394040031,-21.61878623995335,-61.192459417021674,-78.27105408693703,42.07011390169845,4.706175194425711,-93.1305852364572,30.542516777090896,42.73394230128906,-6.496233029784108,13.718923268606261,1
-32.22787013224968,27.87728429081959,-23.416718534045188,50.637540769634825,69.38468362195906,-82.52398749610181,-55.3261896684226,-9.1306565261618,-4.30600464758993,93.87161156958271,-96.19269566203768,-15.11227039283412,10.169432432217818,-24.13090384059049,-62.6573613483888,48.685238471659005,-58.606491971496744,46.03280052766837,-66.24614415298072,65.52155587924403,-4.26806172050172,8.75216416635898,-87.80181480517777,40.440384423808865,14.334730866461996,-70.08784965974897,-96.99481095749218,-98.72950778845662,-54.90853933279567,-47.952478925341666,-35.59580177536077,21.552740486158868,-41.37044494191544,-2.842272241591459,-12.37233385926335,-28.76207390627323,-41.46162003606078,-30.342728454089226,-10.668865532409555,-36.664658060973565,-77.71924805818078,-49.18286631365025,94.48061169073989,90.53104124420597,-7.5483415882949885,-62.8303692670652,10.740870067419237,-7.751121338162875,87.65038429096742,-39.18529631398102,1
-31.63019161654836,87.71711915570103,-2.9254209661611554,-81.60708653649729,-76.12329922826532,67.10198557589433,43.5601268918588,79.56389836821216,71.29902162470603,97.73013964573244,71.35472459935528,-52.35007934826783,-34.43348832323771,46.52281890811216,28.314383559781362,-41.25490519288333,-4.601410248378983,-93.31919833153081,-62.50535202483696,-69.9533913240927,75.7615735140235,95.00799904143727,-38.88629686240521,80.40153546176134,-6.762662443787676,-71.5758085313293,-75.24821704970783,60.729699074310474,20.5759470368521,43.45040559796803,7.949323612048104,10.827685432293933,-10.51665129929411,6.312372902256655,98.76337631279776,30.68059970050828,-31.990202265615025,-33.41043327473659,16.852592496042988,-60.046203490516014,85.1879076582535,-64.77254583130545,-18.138085257090836,-34.343487767707174,27.593324089187576,20.781752536836322,-3.804300325293994,25.196673532330365,-45.65744002808485,91.34945756164436,-1
75.56601563040817,-85.11431631229686,91.5638647626518,-35.68321192750699,-99.30630815130093,33.99426978018792,90.64633927284359,51.58070711680347,36.92380530385438,-74.63369296406061,97.0023652923962,-48.40991466089859,-51.14330131959408,-23.918076855607467,47.53653839844131,1.656596142825677,69.48618208760436,21.093316842323247,-23.030525666167904,31.8472531185254,-58.055057123540706,49.06361204946285,-33.28308448451682,-8.322378799752727,92.56603459484589,97.43310872834516,38.69742298158323,-57.50034803683657,-72.4459670272889,-62.3153920156299,36.30994840194501,87.47758533404311,26.520770576737277,-89.86462638349178,-9.438974800995354,76.14162264849372,-30.54956703202984,63.258904228019844,-52.68853105306653,22.586641788128972,-77.49737380822681,-68.31294156851581,-9.301771025432743,94.38542260120269,-1.4368741460219638,30.482905716043064,78.73402753422081,-75.15776407524177,16.22344364510839,-15.487118876599993,-1
-60.71615682559652,34.149440094354674,-52.5736795233354,-62.214288910261104,-32.52383090337088,-38.51918006796842,-63.49658203081346,-95.90090072837287,-39.69467973425624,-9.907672253798026,-54.62491131650804,10.980696838997048,73.73474245219066,51.74325193031589,-78.3189084055114,3.9420034342316796,-95.90227107185795,-13.889794481672197,1.2854663388129666,94.43284536933069,-16.865890440459722,16.00506601782878,-69.66175100846974,33.906182118513584,66.93909176892461,59.23919205600612,-68.1116033618179,22.49243744510929,11.592179156852353,52.42441289850376,-66.22293512388164,11.533023126586727,-53.221441394271274,-70.20177232788708,-74.88284000769173,76.93647655825623,-47.03578801591346,-5.288710244586198,-34.37589291948011,-79.69505256559238,70.58739866506843,98.24948323838859,-55.8326865376072,-7.562901571662593,-54.53545053264561,36.65817443838327,92.7790377108542,78.22777054750631,87.8953692274618,1.0675411212473165,1
-48.281681773043196,87.31312233160122,37.77329688511122,-78.37008039734748,-47.2431795103452,-62.81843292920921,61.73843123782848,53.615406050047824,-59.22533815357698,-93.43748941098275,-21.63540096540673,0.45638063549083085,-60.237570693409914,10.506946457076992,-10.020179394584801,27.770142136735387,2.1715351893977015,-12.48154933857532,48.93568071044726,-36.59775651625188,-58.96809405399199,20.12008273716546,64.16012078450598,22.03068618252111,-68.06930407516725,67.33705353258043,86.05154171880153,-62.07401056955171,70.01740070977613,-84.85734309067503,19.164596158681604,-27.509413221361868,-98.52375158179916,37.339316880661215,64.0080097690714,-90.58263427861763,-78.23448992463312,70.64179798353075,-86.04997256373052,91.42317708310892,5.078172615157612,-50.13996990029177,-91.55181256043787,-73.15994880942635,-53.40618897460337,98.56915178769003,81.08980418009918,-0.47195414226376897,2.6261053786050326,-88.77358613458581,1
-31.917688777148072,7.4338643208057675,-27.70433318114489,67.83456210205944,-53.70936573607192,-56.07240171301906,-38.2464942711287,-1.6872576156346213,-29.13438884630341,18.701478592586355,-12.359260579734823,-94.97165924441127,-20.716016708318705,35.41444492870701,-33.6164929911466,-49.839572593860915,-99.52626372662434,67.24493651432556,33.66039712972798,24.428095352923734,42.59838721690812,17.954361985608003,-11.412406678997627,-86.93526179074162,22.03995177309821,95.71751194247707,-75.15751219559343,16.156790854119336,-8.220851398629847,51.69686209531511,-39.7317832018437,20.844162567173413,-4.512560793966941,85.8868394807152,-97.02964120744745,-13.192155206007186,38.991877223944215,-98.09745911557594,38.76135648099307,-79.31641285455282,18.692502349607537,-12.491849615404035,-48.99675686046405,86.73909352716939,-87.12806537484828,46.115814785112434,63.81948985222098,64.58590889524905,81.25725256585932,-38.96677643996034,1
59.65903579335503,-66.76300007805017,24.74844909990823,-18.583005436923017,-47.130976454660754,-29.52344817870693,-30.49224534749615,12.16272063207002,75.31210037261889,8.009648306552535,46.688837147186376,11.548276769440363,-40.06950420003095,68.82214888196629,34.62671792285704,23.886343970196222,-57.51606914049474,45.79720899006665,56.74970635340256,53.90753980289858,-3.1631722171911747,-87.72526007195435,57.71764613806798,-43.36122078819089,95.98143378655396,-57.97187951105516,43.54770253424559,33.2100299979237,71.30568710818261,-78.95387425783566,-88.20865981241401,-31.719610694967272,-87.42305240216407,37.904661751304644,9.736547614334185,27.560102643747882,-98.67707779595125,23.902722773503854,5.5716400276798055,46.22554683492183,-28.942704173109846,67.62012523651566,74.28173106859614,11.78313822513428,-68.4826876565253,-12.0223591048874,-22.75881196900839,7.218971902327979,-15.279137596570308,35.07390749129556,1
-40.40455290083125,35.963625043994,-67.97435196307195,25.72624311377858,11.776222820431187,-43.83749056335249,-13.767055722217663,-8.888302181061476,80.03978038225944,11.817739773470365,-47.42767895654667,53.24746047888601,82.36113228880424,-45.441078653556886,73.99475339312295,75.31047122833482,40.04410146796053,-70.83758567071443,-55.52842726382246,-60.543316667619074,-20.18087554447561,13.551997189444776,27.68146945846668,22.186316684245,-72.66998855731022,29.235678050176062,32.83272452286687,66.2956843685966,36.82603633440337,-53.14063588246025,70.81767553386746,-41.865644301337746,-10.891077895924425,-81.66982382510784,21.125612600086853,52.44061888555774,-2.632809944976458,46.16204597043614,25.685109537357235,-20.153901874529836,-98.39909474581769,6.537333339467892,94.47351246827048,86.19346352775642,-51.151314474722255,-52.51631908940526,-29.437092774369816,62.718048615679294,-11.359302360258397,50.10065064209951,1
68.38671335836173,-92.23741043763958,-44.99194821185333,31.232361288975454,-72.95292490103841,75.7180848751679,71.01880735056957,87.45865601017783,-17.57271419418602,-69.61063789056624,-90.23629400189819,29.29214265449508,89.05683349107213,-16.887133484454694,-25.123382924904163,4.618079830442284,60.44126430188942,10.847135141322028,-97.08163681667344,95.3926388669984,-79.68600537176967,53.05457484350612,-74.42894052032969,45.956273115828196,50.77210644428391,-6.220057979976758,-49.752660137425806,-90.5419029803713,-31.295289989356135,7.561649188514792,-47.62255995261051,-15.74669938409761,80.11654479575137,79.17326391732828,-9.293305244760546,38.5750567867872,43.68540000418045,17.321740688792048,18.15980051903611,58.61353491240902,37.39962799531722,-60.923830634699684,-9.193130269713421,13.010385676522446,40.3087472345502,-96.29961563073337,28.517764186872313,28.081471637295152,29.7819190288362,54.039021008154435,-1
-13.119336198678042,20.876143816561623,26.990303152196347,24.552238468037714,31.201621694183586,24.12264878919477,6.541813219801028,34.69608417967095,45.32265583669684,60.44501469400501,51.13359092074191,9.401450508153573,6.291060975304134,8.436587739875549,79.95634302731676,-28.785584859581363,-38.974438626065464,-40.44445858895174,-14.640220211809549,47.10425198992388,-82.46850767296938,99.76722265597348,12.912645763961834,-36.985460613672274,-39.26875338866049,58.513530285732855,-59.12644745428188,65.35149820828579,44.64449297900518,-16.625626390424884,-93.1745710884899,-81.02372156217058,84.39729391616328,7.731933685939325,31.525935710408987,-26.28970029974829,93.51485982424606,96.16590605512948,-69.40100258248034,-65.73280235623575,43.53558441288078,-66.00142587539383,-88.71643569204275,-44.48814928376714,11.45112627150094,-4.358166509325301,-32.328081002981875,56.98480625170953,3.545765289219773,54.52279695940152,-1
-82.44235258836801,18.63119910542686,-34.58006691998415,-56.186635628080104,52.910292854098,-1.0899619805631886,60.854577094206775,-99.74082401764439,-50.70704708616303,52.86579638251601,-99.73836009498062,90.92615203981694,36.771718629991284,67.57770213047306,-24.713097490749504,36.42776216673005,96.92657224799379,-2.692978982977664,-68.6316448594998,12.135359347812823,98.85632393870534,54.029665465185616,-37.059368395497216,-15.525792298843854,-96.08658309822935,-88.23915721943602,-5.690882424338966,58.170316690053994,49.634256529500874,55.26804600980253,-8.848853746938602,52.987902277421085,24.2628453239585,-19.14733422311683,-61.51832120086349,96.16461837577123,66.62750422120371,67.77729391750447,55.897786068050635,73.28255783887269,87.98809818085584,9.672498364048849,83.90019929892213,79.77556866478221,60.52570842572703,-97.2090403362994,82.03330707333058,3.3471525320326663,64.67827579533122,22.263864732826846,-1
-93.92258806063263,81.33065939039977,97.19206042306996,-85.04067040061214,36.43536673990101,45.914219371415015,-40.92951875896511,48.545975352257074,93.63589939489131,-58.43573254761236,75.7372308762821,50.02682525678634,-70.07673002385289,-20.189035785406162,55.47204812732548,6.7994491257014005,-50.95287458719759,-19.7377745703087,-92.11306753821596,33.4133002754362,-96.01643247696809,41.10407702535636,23.01591007544323,-60.44349904008046,-53.041523543810264,79.5012544355213,-95.2062258261353,89.58927337014327,-45.64113068941826,-14.067883111473307,-94.40270788733646,19.085350804897544,-91.27422079431243,-63.25663737848777,99.95066105851677,76.40004561672606,-94.39729983197356,-32.42430437407209,58.12716398816329,46.27878587350318,-19.109506873778372,-44.96769653843282,-84.10760704413498,-2.7064741054457357,14.41552826228562,68.56913510582734,52.95663752117761,-7.537338993496462,54.25434580911451,-53.39149631971418,1
-40.01617769860306,-15.328394529842797,-45.74628270336465,-81.78672880250548,-76.51918752728002,99.46390543234921,-46.71632581264462,72.44171435258798,-27.141528516925632,52.99167897977637,-57.29441371894839,88.0217782898057,-49.21812913057892,-68.85653737228019,-5.14069354255588,67.82894015488205,-87.43143105509361,-18.644632358955775,-71.93598456458376,-82.29187092305503,-4.0178540950767285,-3.1955926868677267,92.6729186945089,-77.81107444482873,-52.60448766077283,-93.86461698267155,45.03798285876735,11.411522181908282,-59.59853544789455,21.995861405270972,-0.8903392257639382,-62.864096675220146,-65.65422561966267,52.39848929519229,59.34708093868076,-34.803364982781645,-57.745441761892295,82.41500865408443,85.75020855494606,58.87333451825128,-29.560619927862604,-42.74028071958493,90.96204429255613,18.6931000061532,-94.35949014338401,43.344416666756985,-3.2793976025295706,85.47318407322302,-52.123861280635644,55.52011508888194,1
8.710572222797722,95.9910894716557,73.54947801634611,-87.8779285764373,-62.74656353742123,59.78263355717061,-78.1309585372994,0.3533841568007574,-62.590230632583044,-33.62335241593108,-4.489432482957739,43.20543872316108,-93.97224425380932,-34.03480819833766,-44.81546277125459,-90.92943639342445,-99.06227076342786,-35.80191544001576,-28.11594959210244,75.63066653009196,-36.10547560090447,92.79525753857612,32.39792635182016,11.62686984585342,-52.85059713349871,90.26014664542362,-89.72648583530601,-54.797389615019256,-0.2261856612884401,40.74087895229991,60.95804417144237,35.392604256432776,-67.72909113394925,-36.624376613258725,15.954202025538947,60.41148876169805,-90.93020137217226,20.81113891291531,8.075862241732708,62.633574825919766,-25.077747930463005,40.34187861924602,8.779387835206464,-81.45595976166666,-93.56711049534381,-4.99094697847913,-12.227681119318135,38.4135795004494,19.938052392144655,-54.20571544749262,1
26.801140619922265,2.3877261363855666,88.08027445243712,99.4641223279541,97.81479527356944,-18.682918006838165,-80.59499218457759,-40.09258399701172,-44.87439620957976,59.1979990280351,-94.4380048142484,80.77597848367034,46.24168791052088,-74.98487220286707,-51.14038481966976,56.68454381089245,-11.421796927475555,-90.61615818464284,3.1721958598942592,75.90728574957942,-12.401707844466543,-73.25776742651327,-95.21498691647714,30.84419523388712,-18.563028257580342,-91.22668965077546,-10.049990702158752,48.490054786863766,19.471007571748174,93.7926095892519,94.74013874818718,-3.479980467536109,-98.81782879308902,-56.56765743910979,32.15216399399068,-79.35806172813608,98.03285033240036,95.38527912656622,-10.454485030958566,-90.79984251386209,8.12645056506534,-29.368373694869334,-47.59217368654278,75.95101737223388,-25.214116609090496,-97.43096168159906,26.359649293877112,-42.21096565856741,19.1600347689445,65.47243365518588,1
-73.9838660342106,96.12964391280991,-57.00155528232176,93.43281102721045,-31.614739084387196,-77.68898420715978,32.06526043634594,-98.9326878161908,93.08438436177258,48.54455014241691,-86.31903257555544,-14.507633548099491,42.392530492201445,56.15261092325605,-19.211738497470137,-80.21218722283663,-50.247740905758675,5.370112333124439,-30.8805672490774,0.941325528764466,54.93484635506158,0.18515718668045622,-91.75839610470553,-11.963921352997176,11.452229574232462,-58.234925768458034,38.8617730610446,31.399686154759422,25.556403435860602,-33.9234703789822,33.33638878100908,-91.28136633197839,75.74641347937109,63.843741912418636,4.024905680999552,22.819222558599677,-29.264771226728186,-38.17544438932616,-27.911946401991216,-75.98063577501682,43.84038621847117,-32.70495274715559,-43.677795005516806,-24.810430843842425,-38.00933580014081,33.39654788737428,-60.63232070328806,-29.363362946217705,-79.26114213523809,-91.90827370911454,1
26.47925129310171,44.178643810419544,-13.32383037701183,55.57849516663083,98.81442760986499,-76.02798931726878,85.7523676449893,-93.9720613645842,-99.59688517995595,-18.70068631224609,-7.70318476758392,37.23419675561132,-85.0903733515056,-4.518356445244919,-1.1171587177498168,-87.33830055848055,34.855965070987594,-38.624072373153574,-77.2400122983238,94.71145318354007,-77.51303805737611,42.19217229016104,70.60038345723919,-2.8431375937666417,74.177839884266,-90.93245250732942,96.36635687669005,-27.67771537242851,-77.34782620296126,59.78436656818826,-70.27502106209678,64.13399402188978,6.564375447018065,87.46611531604677,89.46416017877834,-15.570362226258652,65.31715927228754,-25.510260739649098,-6.288949917119396,45.084890548858,-61.9770312521519,-30.337807743986673,26.02096872717246,-61.920926551073066,-12.719023749283139,11.335978795255969,-1.0131579853950257,97.2735979978554,-62.03958987362566,-55.75554570747816,-1
59.74283833091491,35.218606832915356,-67.05179232734562,-78.65700562632489,49.81112244168159,98.82045664214522,3.231929343281166,-16.862354464672748,16.245052775999127,-53.32994900954966,45.227256075964334,-92.67303168414671,3.1354416186719476,99.45848255181997,-43.77574072180563,-66.93763374713804,14.819398806918002,-57.64593926276822,-30.116287299260975,99.66707240963783,-57.926223337067164,51.17339226134217,96.7400436568673,13.197438620594397,-18.212481307469602,29.230497593858473,-84.56782478036627,-75.76958016158059,39.44406515924695,-97.38689212058354,-97.34278997356083,-33.138153664732144,47.41317730951462,-31.283287216036882,35.3995237794542,-9.17479509582175,58.80009533367328,-10.475236688042571,-63.78786327285313,6.8834690654989,70.464499235114,-88.92267786739738,23.715816179711098,-34.52890610313628,9.056112571884995,99.53233390566086,-22.50468950003797,-96.17318479519454,-79.04773263722794,-42.24090823490505,-1
-39.16025607274383,-21.044936645663427,57.26191054205597,15.712011039823977,57.49791372587475,10.482089343105216,40.04197877125432,98.19576318857332,-65.05199487362054,-35.39862590123124,-50.01792385876291,80.2634351190926,36.357039311279436,-18.43952051694791,-94.87934166753375,95.1996713289592,-83.47107449554781,-32.74074655846792,57.247079400197634,-74.96880117509443,-92.05740916460967,-13.606294795778211,-69.93893292604656,20.269218792444008,-95.94567298607308,60.99263130868678,98.60832458501335,-12.73731002775473,-90.94193610670717,30.88420057137452,-5.542002424030443,-16.40414546225874,83.90788701558549,24.527753617491044,-95.01515098173294,21.71280885092881,93.76041581061219,-51.0542498059485,58.01513941178783,-23.48188176031867,-10.576782728232843,21.415656982608652,29.518725212814587,60.11807066627631,71.19901065755403,-12.31982527326106,72.11678241373056,-32.48477758823999,43.474689099112,-4.76437152957439,1
-66.59321078158496,-58.80236316230536,12.000797845783666,74.20285747874985,74.00450543783435,60.965072723095886,-27.83628309133394,-97.48350597969218,-91.70454261000798,69.28081688392683,-55.816862687217835,-26.922439751414444,-9.717224343826786,10.806161134330594,-3.469210212569223,-62.00194191417261,-28.075540985013788,-52.547723977558206,42.64519245905828,37.27379003260856,-36.05665240944567,-23.84874407686415,-78.40992614043294,-52.7882205221907,-39.856868779248565,56.75221280844258,-97.37727084047694,21.882510999275013,-45.499594436584154,46.288960317511396,-94.1742634936267,20.498177020282498,12.919278722115067,-71.53486491048974,-31.62846488019173,61.643047315221395,65.77873734049788,17.771092717186548,-31.380220672621846,-29.98975018922347,-46.61761184104263,-16.013293644164122,90.72834212372916,11.76212470558906,-61.35009110743699,3.6658166773221694,-54.27626354096952,-19.44553225022021,-16.847697661518765,15.035461526446596,-1
46.921660142107015,-82.29553695705431,77.05656581938007,60.85869275542282,-80.68255394621087,-5.02173883544981,71.36953292059474,31.86657405809686,-49.2389989376034,-78.41171426568386,-69.96401752648329,-68.64075688720382,82.27840615761505,73.21449198705946,-48.26948490356433,10.75826102542132,-14.076667785779833,-9.22047343851726,29.060493964962234,-43.04169563398068,-62.76134592636438,-19.59433339620469,-12.50327152219674,78.2919805944542,-26.740498613778072,95.76650923803714,84.47689943729904,-8.511052740131419,-47.2590745479281,-48.95413602170544,-0.7461958817522429,42.39165318306624,-3.0153307540996934,20.552873193565674,-93.8841282108337,-98.82134835646363,71.48459184618534,-4.342275680274653,-19.605316627705506,-54.39916223458858,-70.62013556444076,-28.50015319419319,16.263527864515765,73.95226394586601,-56.69657074375378,-34.743413912985304,41.843807899570464,-12.08216508551969,-74.63579940276529,-7.882885920860488,-1
-82.5814466408457,66.59882771060009,1.02334369413488,-66.12017487347855,68.27191979186645,80.58194764686391,37.86216163221184,-20.835029276542997,52.49121983480251,73.55580696379934,-78.9775271771459,39.57515658679199,-60.48994106697516,-6.30740710024611,-34.23699490057027,-7.085701240526035,33.41003520577641,-19.085963802564137,6.885533796339203,91.3036321940304,-92.1110037152414,-45.95811942261656,75.81372569608763,88.53324151004628,-18.375846755458596,-43.7666705752521,70.65172754735258,-46.70088587960384,55.005532576122874,-89.27437000003732,-24.68553502780553,-75.64007583198915,35.73049119557152,-3.1568921431635033,-60.336660729438776,-36.10089202451052,46.83831726377426,-47.09504698150611,65.86167686408535,-40.36910687303785,56.46867146006167,63.18847655724662,71.96883420953446,98.8963779316467,34.24188674803631,-17.384056166637677,3.7793387646157868,68.1341227789741,-15.870101403356003,95.3301556210065,-1
9.123357863186982,38.994026624295174,73.5410919533376,-83.51911308319112,97.93857355730444,60.50845143146833,-68.04027924219487,67.48352176819375,94.35566584127608,-8.876431675428222,57.581532748889344,17.16384343189314,-64.38769860708675,-2.826475943503894,-8.564464275246792,-37.63785507439492,-53.8465941078134,-31.905877005584543,-39.1329254122877,-51.7163242544824,-74.44554665246635,-75.79126005088004,49.11865657877547,-65.1608824836533,-35.71879912637522,44.396426896308554,68.59266500635283,-8.570898554724977,-11.854305873523359,-79.20285831198217,39.66865996137747,55.096954328480166,-42.660359970718446,76.53265460338287,-7.870241786715255,-43.59326763837381,10.546979764741835,83.33247133137871,-17.05201307949531,91.76517535654725,48.524059412942734,-0.9282400777975681,33.42865253247413,-4.767268202843013,-91.52277692239039,-8.957519757852793,-59.27294619421715,-18.732923012969252,-11.270497498392814,64.46965666915477,1
-88.09505993044566,72.32499001679568,97.12672401754082,22.051691038046243,-65.16646381577573,6.80178194810081,73.5271156455737,-37.50177334262792,28.746829399031668,88.78697374624275,82.5863609548021,60.41388760298764,8.53608950228815,-14.299712947460335,-29.222720211506186,90.28478247118571,-56.19280107306748,53.59677248236136,9.525555578912929,-88.9071650405036,-89.88881863280437,80.66408251471435,83.46174344598313,-53.628005220708715,80.45468224395015,-17.21526853685667,19.484419858535603,-30.476325913441784,-3.6067957179512007,23.390439860819924,-56.806093905156295,7.185402394281297,-31.87445083925853,-60.211041245453444,-55.819012484313646,90.50738499893225,88.68968415756578,-76.43231181261254,-85.44694512587236,67.29585815776662,-2.1080012208773553,-65.51172408456318,-61.809990923570865,62.483842368870825,-91.08684746700546,87.56514952386843,-7.775207497172659,-76.40654729062891,-72.77220568759905,70.57227529461508,1
95.43483684426346,7.624202007962637,-73.32015296450211,-3.701264290121145,-96.35719381360441,-68.23682076528644,88.72041914246068,-50.98482770139092,-21.158047243577187,51.93058369076894,11.830677515402542,-59.54430053383928,-10.42878796881213,63.34007746935313,17.16643507971989,-91.42761731954639,-52.44046693935485,32.00369740016038,-84.04349950018874,83.9776596033399,17.499924008024294,69.8905133678555,-88.03327794518756,84.48052042390611,29.189066647859505,-42.57761008785923,-29.232541673647304,85.08787823191284,-99.58184689168512,-46.01127151813411,78.5235570177432,-88.3964969505678,-50.08157159769298,69.1938122067167,-61.09355937716319,-79.66685266381901,19.441628743295396,-46.12829883035492,-36.76584725697851,-81.17559484141954,-83.88466004185346,-41.88461327571662,-76.42528765681782,27.310888672744056,1.0804732196203446,-97.98668842779772,-23.070810833870212,-49.01184438032025,-42.03119261083612,8.644115496816184,1
22.682277842141545,51.904029743388804,80.98590339636306,14.39653706880253,98.81119135362272,-89.08194458976068,93.43484285894166,-57.72725070927023,18.27904883970612,-42.99979598278894,29.29869705524237,-85.01229560987792,77.97160287434076,33.56408172002571,-61.724792646504234,-16.386175528969147,-45.94213364120894,-98.45315419051619,77.7432845069896,99.72235146305547,41.16767408566412,-8.477712404637927,-97.52090757629028,-25.339535557329086,13.120197889208058,-64.6945439010835,-77.31898293256285,66.63874474983731,-10.612970178817733,-52.2281963688453,94.3031298059878,-71.23539027699874,79.47850788872174,-17.780635444402463,43.89947036337773,18.848666419249497,-23.323933681379813,-63.366350972617,-96.52403183712248,87.27470805599799,-61.951076057000634,38.87005285199152,73.61638870522992,94.38214678725524,-52.79640962976071,37.20523803053837,16.306465404233677,-60.3092289837313,86.38344232517883,-65.36743195654165,1
82.15403232878305,58.93257847957781,-53.48107260722992,66.50088000647091,4.561189934462689,45.733776352526064,-81.93517258894245,-78.84155104169272,-37.18868779674636,61.24448239239621,-1.9859895703594077,4.098789033111231,22.109222841503254,-17.250619085350905,-10.228540729171627,39.20372881888011,16.406444576849125,58.080828036551935,38.99245154694222,57.62812529081134,95.65266308109335,-48.17009740795777,-26.32217143754613,59.64152107471676,-72.43287436386899,77.50512418782043,-67.81734996334201,-80.63017955611711,-19.38875583554851,-21.670226744125642,15.305038157393284,69.06058065156998,-24.08010521370234,91.0382253752363,2.0051518236506354,-83.82420149586855,64.74942271207513,97.44893258392432,54.563428051521555,-47.1772995010354,-37.73713855924963,-56.466804888159075,-24.954213144010936,-17.489097942756842,-54.987987814414296,25.842492793047228,-7.665646928631588,8.762460099247775,47.74598641472829,51.45455288466775,1
-53.25184159265115,-19.525892091725126,74.67388792988373,-50.09562848276954,-50.08952155697599,98.80180561239663,90.70505258681158,-53.392598688180385,18.068647585999358,58.52162731044987,-62.564310264324604,80.11735273970882,-90.01276803522464,45.11014332700714,-64.62862776310155,55.67418045584796,54.8711574470731,76.21286115335923,71.7859168332798,42.94841747270894,35.52800211490455,23.549777774586133,44.21280087026577,-1.9800477983328761,-16.81746163237608,29.02230703022758,-40.29361902142172,-45.489355678377684,58.37348116244763,19.00969684297138,-48.726208020769015,88.13014753828728,47.16018231527079,28.37853234611265,-7.47806062175664,46.83921468818741,-44.702675518496406,83.78117155258607,88.73748163411403,69.58542592013632,-77.01676415900643,-75.38415810353183,5.107002959160894,35.327326767034265,28.67836460562313,55.4800895017182,-37.81142676597877,-63.85301940810009,18.6888109987497,28.828652328852883,-1
-30.059354050830095,-13.349813538194425,98.96260586075445,76.5211247457683,-67.7831506165777,74.81890402786803,5.201080721718824,18.519887737963828,-54.146914069238484,11.014245845906487,52.57656808872929,24.213839744210915,-16.69727368560521,-9.526985997093561,-36.09551784173186,-47.06340774918081,-19.763866219537007,51.15531108756815,-86.63964472548453,-48.17580485399093,98.53271276659436,80.55377234841481,-22.522204616951484,-15.061696202997709,-64.17076094061494,-23.08509411163881,55.34619953730825,-0.24973051106647404,65.98908917840009,-93.96958111236857,-10.03714720444799,74.24859706603314,-90.83450657457792,-4.974849420738508,-77.13085382868348,50.667563037785726,-47.386941780666334,13.88339654489586,-89.5211419514969,-82.73674366663204,89.24870460772615,24.712248038660917,58.62666508634004,-53.29964013635444,-11.568694403176494,23.96832538713234,-20.525960417528367,17.985820378821728,-33.87917590504557,92.9419551745284,-1
-39.7907844331374,-15.873952624236125,8.697891541726761,62.36215388783896,60.1382927148571,-44.24345082537391,6.6778567940821745,55.592126791115334,-62.20522184057549,-50.27366473895265,80.21744126812874,-24.894774892152157,-65.21425651326084,29.72906313374918,-81.47748239506043,-26.5785342355273,69.69517107067358,77.35082968330983,-55.38681732654833,-79.06470291729006,-20.6434680499719,-29.148386283233975,-46.71562722053451,18.072287108211754,40.15467226973095,24.430105300273013,88.82294792890119,-68.50427332214646,80.9831136319792,87.81327256179463,-26.44178957981738,14.330091714757572,84.89886857210587,93.08297556152192,-42.887837356326706,-55.835102564743536,15.53616241696993,-8.02062675579522,-43.730414971095044,-0.5543622079119359,60.95545653313502,-9.138330493270928,-14.602158338277405,-90.34233648996832,-39.78265369489806,84.51102059918264,-94.80902431866281,-53.357205143708896,85.92218093465377,73.50266307260563,-1
16.324458597838714,25.451680127195658,-19.860143751349412,-69.58805444439353,-39.39065033628268,22.891785194672593,-73.11217881443466,10.490145126974042,25.199701270630115,93.91370730425595,46.7311321914178,16.434612554370858,84.01085010153918,-31.512209263182996,-62.00058439382068,29.3448554405048,85.38946335291195,12.324603904966395,38.85069342704807,28.210897859957925,83.58428082820484,15.770910445861475,-95.85762924319057,45.915486258126066,13.093006833015181,-73.28493367811305,-45.524345253479815,67.49148600066675,-38.17359928439053,91.96702929036203,67.94799602554164,-7.191824456146762,60.40264750370645,-13.030884044683418,-5.397019160023447,63.1396160385913,-43.48591848774055,45.87949036867437,50.139206674410985,80.97913380906093,59.799060091530436,56.64304037423648,35.519777367824105,93.14684295110206,86.3550029657361,66.99153538989563,74.23055127572312,49.19821175248725,21.02757219280855,43.05345624314077,-1
62.22475398669417,-39.471931872637086,-64.87689313376671,-74.67577566184539,-20.337988597323346,72.48932529104047,-26.476597038117717,-48.83662333148704,7.457637241178958,61.10603078269418,-47.69965499758233,-28.41723951421362,-13.909735203886072,40.39558628164107,-86.80466476636941,81.50291915457422,-0.5196429236522562,21.82926688882914,-77.25183673149604,-59.36119044294623,-59.293894816115554,86.8118353009589,47.40391658304392,14.275490309121608,-76.32920849732967,27.74892157665181,-34.14950697418287,-24.085097815315535,-95.30813537254747,-65.73049818680454,-27.89165171343187,64.05156195874306,-93.22539203722886,14.750361156690573,12.091768744559815,-58.98806843776205,-18.79752265022958,-37.55148983505763,25.92179033774191,-31.573247812501307,-14.908298954385529,58.893526723481074,13.597891811219952,94.32592259199976,25.786404082763113,72.17110408492792,-38.05375517032934,75.27026656317008,-68.8515440766185,77.90834480910308,1
-58.74957723276948,96.20589782301522,-30.62859781422209,-38.70845372990988,-95.54997490095496,-32.890374098738135,-31.34031894731031,-43.744056788091676,65.29751767439816,-73.59754465491798,-71.168777902745,-10.245595140421074,-70.01401556939804,41.091213690690296,19.16909621087106,-4.056931098868446,35.52808534077212,-67.83686491632461,-39.51198871248756,31.84141241180535,-98.63668949178953,-61.640087882694395,-66.23244917949279,-50.91015293996652,-83.19117233049963,76.5166575321573,-71.65899703739007,9.510866487553344,-88.07049208971233,60.22093339096756,0.05468640890346421,95.12657781714492,31.66964360738126,65.2926416725737,-46.12299568282896,97.99131807158369,-75.59422797734616,28.3580652952769,31.297383842636776,27.107172314531198,85.95382318289762,-1.5863320293878473,-99.94908750750713,-99.30354966559574,0.34247876888409223,58.609086074196625,-91.46575305749236,25.74927841968102,-23.245478093485318,-38.38189811867705,1
-75.34324414021063,37.3854833548605,-92.36927881292456,44.815284358080646,61.13983706705639,-86.97906149901735,-94.28406190989529,22.860205035844274,-64.69420466967753,10.967226925040151,-37.85766999821756,-78.80236565218044,-92.52431504898486,-81.63239969620977,-66.30843484713236,86.19587961998491,-15.354349324075272,57.19972867575339,-15.19208508907785,-88.62527875261013,51.79531334255242,90.44762794717889,-30.528424895782976,25.70377592742041,-99.8386518406841,-75.32620955010172,29.95565683966265,-33.15565910102353,-79.25457770346733,-48.55589393807349,45.53162073310256,99.62805996010232,70.98660376783178,39.25966909480621,7.3563872963848524,86.32678781312907,17.880380874443972,-11.92401562245928,-14.438741877320922,69.13034435930544,15.880513127962573,-99.34807523785669,84.30687258352623,-95.23191852214383,-86.19353589851345,51.56743471395879,73.13678326456332,75.32464138314447,-85.05416749526154,-67.29537228754685,-1
14.521446576404486,-50.41351003883856,-98.37981167053552,98.1391131798361,17.176448997918413,93.05156623104239,-91.87810193942185,-53.99753199696708,47.26724530932887,67.75091559799026,97.06530719105297,62.79591339351788,34.49599429273189,-92.43285415250317,66.41219344531444,-59.3393642973798,-34.71593666543784,-2.6814691373888735,55.07556910270921,85.78700221122716,-25.567739246277526,50.321098550095684,-18.164641782961127,52.46198832829546,-69.45877990319245,6.567140532920362,-84.54486752161321,11.492953201715949,-54.735591311408726,-75.69812748747391,-50.91774794272932,-63.402326503630576,3.7110585032349945,-82.72987895659568,-84.19879443230323,1.7489204186543361,47.712493212814195,43.291274083532585,-58.993352033389826,47.0297314834616,-94.59017960177043,-6.49171992746696,-50.50697833388335,-83.7171249458768,33.370124437860625,-95.0613209432392,-61.71510460844309,-4.5443655695584795,15.214764546351091,-25.90831500555082,-1
22.19619777019834,-26.742722758695564,72.1860965157392,27.949542407535915,-75.42244210772219,73.62311464469607,30.514156387492676,82.51639207738526,25.035832935048035,-54.90115572029013,66.25722637148547,-93.8307009470929,70.00931455544722,-52.30900258970274,-58.550468374958676,37.55690485855777,-53.1928948103634,40.34592439601343,-4.895488081012573,-60.167288016596586,83.00770493032186,10.196118129289161,43.98840888597658,83.42119296818757,54.18511757277375,94.46233334099213,81.12132209839857,-6.063247009342845,-81.01192273637996,59.10204894323826,-7.63379846665498,-27.257571057137667,58.239037258425014,-60.250739546983546,-66.29520333167373,-91.68611452273706,87.02252357043449,-45.879068658717735,64.73049956174054,34.612084870625154,94.65039503316376,-24.00880118279744,-75.48633126170151,57.61577110955375,61.93050740889248,63.970674008155584,-16.645654524732507,6.056332498808899,-96.64484948116339,-44.87132699184551,-1
3.615753247763081,-17.33150802576155,24.518759312537995,87.46791262494,97.51076577231308,39.95878842496333,9.653389373495997,18.863662229447,86.79037748056948,5.996103721936748,-78.0755161287716,-14.190756324518944,74.41104233399972,59.19530883183879,44.0923857035051,99.65504739697738,8.129628903975032,98.06779892155015,15.248721362461907,37.90895178722181,76.00606948147956,27.996527977099504,69.62572742274128,-32.289711734021125,37.98026225780745,-48.581117813155394,33.093886681923806,79.24935233672312,-88.94182844253172,95.39733038152534,37.93151572724656,13.68786196622196,-75.02288511184275,70.10332804710413,93.78959048359158,80.75174599545124,15.305958141991354,-27.7946665377999,22.846173530988054,-12.606024790814828,43.023320739146556,24.00812381708195,-29.745084305306733,27.626717769459304,-37.30176384522188,47.19977689609132,90.54632086923152,43.11742725709814,-41.94380613648745,37.01109312194447,1
94.87896153323331,13.860996882440404,-40.3916603306171,-88.38733222178175,20.579267889281397,60.06808153476845,-24.56396244515868,-77.50324904272435,50.704630739249865,15.015708941078415,-70.03668540604791,-87.26190506889716,0.9907536472942127,-73.16911405008149,13.683307123432797,98.60514897625316,19.490639791509977,53.36918414132339,-35.09577279768234,92.71675673827048,80.29617544348574,66.6614855346591,12.701396236061129,-63.90787456528524,21.987861128338352,6.179629458358534,-17.020718022507168,38.530191091919164,-8.149316852380977,84.72537037550157,-18.23913108361495,5.319895054814253,-41.843069914388686,24.21179086233822,-66.0601230051665,-86.71095191801163,79.94123973674257,2.9641307518906217,79.74108348259327,-12.71277025656454,-74.72314505787614,63.99110683884595,16.500948851058723,-93.22966826886766,5.790127822725296,-67.22843944480128,31.64356230897073,87.8983030837611,51.441091337377856,95.23506536450216,-1
-34.61179513266495,12.62531877840938,-84.54130136990683,42.97408213547703,72.55598226050012,20.934871233758372,-84.79397847253472,-54.651929895350634,-72.53543149218653,66.09133462709548,-29.80723795089621,-30.358233922503004,59.53436189956821,54.43357913911058,-31.057764522384332,43.341057227369106,-5.882111168619943,37.41939826408182,-42.21794655229238,52.77884212503619,-30.24515062067215,63.88977314608019,-86.44750731377454,-98.2435376526719,49.316671764676585,-39.1451934405733,7.235123328299011,-20.28524005816901,25.200660893292053,-47.14832716034667,50.49682208070206,-61.034029806721925,6.99891223576148,20.598776595800757,-69.43312701400934,-71.79192319345091,-43.03309835491718,-95.37128955442373,54.36772407483343,4.57400614993098,11.277794460679686,12.293112951229702,-27.142418830487742,13.301491703703007,-81.89198770136485,99.47791310147454,51.44758542313602,-35.177245300157864,-61.574617484204744,-39.63071011005523,1
-28.437183177290223,83.32862053878324,-22.430980062830614,-86.56844352343573,-5.258758462138303,6.4960413721176735,-8.41800436296974,-37.037424362145074,82.38955613449511,35.43824344810059,-47.32068358386545,-64.21694228321405,-98.58157311905622,13.561598671473888,-54.996955345724885,49.09737358521136,66.44441091315605,34.00222276673716,-44.999955127139145,-83.02241192438096,50.39309851497998,-81.4109730659746,97.3763385393489,-22.60537665453286,14.734463779699652,-85.43274331122834,-41.447850136911946,-81.35596675405732,-26.49255807326618,43.40277598793182,-32.104287564813035,92.40768179511102,-79.69932203859162,56.90534876500209,-57.91425520357858,-5.345022155646248,59.21136595046764,60.381447410349466,-78.93159577393097,-32.77258601075633,67.99385403884705,-97.82736991128186,23.49524960003373,-12.473229444077646,83.93614111166391,-71.74865427802465,86.20162642139272,-23.105572154870828,33.49853910182594,-98.4256574463966,-1
71.58698279946577,-47.957726412849276,37.67934098538166,-51.657253581736406,62.19825461104787,-41.75028494598851,34.299051058318156,63.194421555619016,62.590280605041556,-36.581702009302084,34.377349518927645,-47.563661922079724,65.28770979532183,61.05237493261154,83.16667644827555,-10.792525792273253,86.94372763155633,-40.06227330655665,32.946375281658305,-66.25268249457716,-83.00009122218034,-49.95286786172417,-93.87020275769467,-89.62736334906718,-79.53107209961694,-85.29021230171377,24.836858558147682,-76.29894442006761,-90.4955107458756,-37.137969753833985,-1.423621674316962,-30.040428663832074,-52.963359887287396,-82.67670127952162,49.687844284303765,81.08430340476184,-51.30807891974038,-45.25362608422001,-22.790502415515988,-34.665994796969656,-5.1650730039239505,84.77966870205256,-7.21248790910829,-14.424709125608473,30.006691153935094,40.65265856883431,-91.7048030468451,50.77106258524981,-32.246973711093105,-36.36507355536936,1
-25.655186719531358,73.81981374494572,-45.85544836080333,43.05642626543539,-80.33526658160724,-74.19422063218633,34.09465996063773,6.269488117118868,2.11006064560344,-4.080999440179966,10.83191874649141,-15.770855940475982,26.018704564357932,-81.82485850161268,-73.70093458833631,-71.03774964220196,2.6455226340824254,54.84164520842117,-27.642970263759352,-1.2353925846106506,-2.337771741143669,-86.15600294682426,-24.825085185492355,57.19123564164056,-35.383639523166394,-63.36689561379425,-36.55996226255422,33.28638124064719,-61.7301498194835,-93.42006442000684,11.936787178984815,-56.511945912450365,-77.40681877031419,-85.14370736868963,-89.01409311907838,-63.59840706170456,84.9292538997976,-20.113391352915784,22.22730487166433,-1.9786226920228245,-98.05429858074275,-47.88671291396405,-88.83660880479258,-17.235071685220134,17.584798509440418,22.62006218308386,-70.63230073617024,-1.5128441730407332,-63.7569078950409,-40.124077624416344,1
90.012393410161,-45.30509692500404,57.040573582565,11.363023593878623,44.71185839888372,-17.186566684632737,-58.47772688631143,-15.990744973813278,-32.61539676803284,-14.511314698531507,-2.827499536611228,-92.35649757374655,-12.093062743197862,19.31010545960072,49.64383593630174,-27.319185122593524,-61.518289842284666,40.44090730373051,-31.84814227478195,71.48307911045904,-60.72859156720831,-12.586889823220488,16.713225510285497,-69.70375641661005,27.921556801815157,86.22454710432862,41.839046440336745,26.50134225912673,13.716336733587497,14.272890480253182,-5.638819459643656,-9.813578762146008,-49.089672886825994,13.036082598042071,38.284066021939736,74.2821173107672,81.00251300795284,8.313005846940882,-67.51070616330267,32.462006922116274,89.86058750700408,-74.91112643694098,5.278085274628054,-71.75283540019743,11.337781208932071,-26.7751836469223,47.74490936836253,71.3228052667337,34.1263154403498,-99.77641469404772,-1
70.45277487823628,8.775584232223508,-57.574920255612014,52.24230303309477,78.89572495335517,-73.20182184854735,-81.94944766335652,93.78181752373106,13.193364765709632,-17.48536013698589,-17.93684912574109,-80.01336201423837,-26.57161627974429,-75.1836996479651,-25.724085756775807,-41.66535967544907,-61.71952862958947,-26.369634521679615,32.23817746261227,84.31633722733321,-27.278609867776282,-31.942472775312964,-81.94403507941912,-92.05593624901694,-72.2663648318332,9.53397012600783,55.1792982377647,-17.031206106154187,-26.720616483132204,-99.27924251711188,-19.70045772617364,49.573967266051625,-79.5280502773644,23.85173611683055,-19.933506104847226,0.8044800511182615,40.57678284273155,75.75706452367763,-59.703745421964236,-4.469084600018846,-95.52069957268567,78.49887400355416,-90.50312225088051,-3.5884920777814955,48.9781273600357,60.62133664338515,-32.51017985102335,83.76986288935021,69.4761608379657,16.617582042556876,1
-79.49805440186415,-95.60363703807542,34.26070261870328,-71.83331446939754,-38.723421234859124,46.28438947228656,52.821048114321144,62.48100101027944,-91.42239282301196,51.04946394976531,-45.188031137764526,-62.13908102220387,-75.19456397528477,-87.67603806706437,93.15665105204036,-62.3899871467418,-10.038622346386589,-16.176683097033944,39.16831349572743,28.201174558274033,5.777547746434109,25.660683793225544,72.0737223083145,-65.67714438870316,11.892916697367738,-2.978369262883774,15.087879634918295,-65.18222311021398,-35.41550893922158,-34.88734751365608,-61.78337973728949,-69.36620358356589,-66.57001916002127,35.92060409967547,-82.43726655182904,41.4432388244376,63.67705910994977,91.82957123265382,54.920469246023,79.33813821573995,16.80156878790578,99.31546893954402,9.571399631374959,30.557623360483603,9.723550732322252,-85.91243492801331,-25.954477578545948,-80.94806775106365,49.55585765863512,-3.0997351059711065,-1
87.70595669462608,-21.256166069392492,-28.38293962132437,-17.712752514667528,-82.66851892116576,-69.47573842995394,5.658146340791433,89.14435098466444,-1.4652095461017183,9.354095391559582,52.72449277065286,25.141725037110348,37.91476350898091,92.59677712017626,-99.38977941533449,91.63439032663808,22.463495596559284,76.21292511824043,46.55245226662569,-53.591460206860496,-76.41637209170045,-86.0807125283209,85.33929026428885,-91.46850199106404,-3.4476011060630753,52.17146848749232,-80.37982129600785,65.42769054116357,-26.882337465821692,33.114688123965806,65.64787561987953,-50.77559724854077,19.33579132629528,-47.639959187375695,-61.82459956526905,-74.75534777001212,86.14738553317505,-46.413001966925506,26.734648366436815,89.2342973056841,-17.08722804568295,22.23949321421044,41.35763220133683,-8.303355957713805,47.32319862454332,-23.190881697363324,88.15313311232796,19.6654377540671,1.1823144515182236,7.112055778211371,-1
83.61531043983013,-63.284074528970805,-97.48147746650105,4.771121408564525,-87.09551778047104,22.531179045674605,69.23827531696071,75.5375698957717,-71.01675032244567,-26.7977157071942,-92.03384193785851,-45.69578425342993,-30.047457126751013,29.80644200367354,-7.49906683284965,-81.21038365003814,11.587897289198139,0.13269896344630183,40.494981527658354,-47.27051532612323,61.0179990049738,-79.34565292623648,86.20875728053025,-7.695184685953421,79.89002027762379,94.71049534751253,55.426747873342805,88.20599665442779,-5.049892085073822,76.805807385733,11.249504617960653,-63.911909126354246,-31.661542659166656,-34.0594191344354,-19.92419812438027,-67.20400870167256,-39.74564432579093,-76.14208737692701,55.33496324532169,98.2767727132217,90.0940821307722,-6.601559617709185,77.35322367719868,72.11213150582546,-39.22329893235488,-72.91862734261261,88.71522243495741,-41.085393864102635,-64.58840763768896,48.17518037134283,-1
37.77706041001812,53.446678831844594,-1.8780623376521106,0.8190229352054814,6.484067106660831,-73.9192230039302,-94.4481861558603,-99.13333670344355,-0.5542598543036661,93.46213201897996,67.81403477303093,-73.70270009309093,84.66400071956829,-17.14813765275771,86.91625176067217,67.44289787949805,2.326649972460288,-51.91550187706946,-50.04015506513107,-0.460383043477691,-29.088635997549943,99.22062972244993,69.80630295603294,-33.078335549637885,-34.359118389654,9.980875123772563,-64.97624604537782,-13.291780249359334,9.78820111906029,33.561454187606955,-12.696863638447681,-8.352784552158823,-34.55874986533571,82.31716268079686,-98.4228865095633,-18.534697425773047,27.125835538990415,89.75973605093932,-73.03373475269939,88.80607162152398,61.509843949711296,-47.771422975521304,29.536226627474207,90.32984750715286,-13.738989293859035,-10.699084249889765,-56.19238591170228,20.460947912258476,-14.611824066235485,24.94979114400823,-1
85.55045663904258,81.18233424692951,-27.56424848837078,-96.53997545180604,16.767452100464936,-29.149539299552202,80.92069670880457,-11.187289731152745,-67.43006211559295,-16.920858737363844,-40.8575085973286,-25.58404618167775,26.988158087962375,-51.778344415528,-19.945368889397912,-51.33911841401415,70.29858512378462,82.54493078499593,28.32883632565236,-48.575708812831934,67.65472283247186,-51.603088927305805,23.38668089325992,32.87632474747278,72.70376974568163,33.434618588602035,-41.11842146745461,-87.9238488845133,-3.831369454900056,-10.799067846906425,-66.12127124394473,9.204809486711113,79.56585894122469,84.37738990603472,5.883413008311038,-93.90700316631462,0.32266015545144455,26.916972467178084,-72.17389836595927,-71.31985436779895,-17.628121727655227,-43.48925415207354,-14.275461728894584,45.60893349910626,6.444129501697731,-79.07964281482577,83.42233865888093,25.93719899110856,-99.36952467664844,-3.336001927687107,-1
-98.89557657527952,-2.996402495191745,27.118696401637436,22.88425964460589,-6.114649668208315,90.81747060714284,-26.225920659803933,-2.9055699520533125,88.61260142218447,80.0228964280486,89.46571272572362,-46.1894223815061,-48.904173515173575,-43.27325833706273,30.79440725502579,-39.04904435342962,-32.93976093885922,82.76480626844341,-11.326509191794386,-26.085396814519186,-75.65559537481674,40.568804920463236,69.14106024806932,69.8787268463002,-28.471187218012247,-93.44617565604798,49.916715320805764,-73.29928810608163,-38.47857703423343,-44.73160840772379,6.28727279377965,23.375428291528138,82.89021910381064,-85.65511706801419,54.522438841175614,-96.8648445723336,94.45911368254002,-59.29689342135307,-54.180151448029946,-62.19499808738276,93.96660287245032,92.38160811495845,26.158857234784833,81.70004907194254,-5.356725266367036,72.67481989139611,-16.37285456847475,52.58456379526501,-83.78116233849053,-24.1200846521443,-1
-11.93531632633021,60.87488282754012,-5.392974983259947,-83.30614096360856,79.66440393827386,71.91847824947706,-53.93613663849839,71.41093049459906,34.351935680884026,-41.3932507307095,10.398261262353387,41.815741469259535,-68.73771295880644,56.38173377576692,-76.77416433010202,-76.59333087263742,73.42546437653064,56.454842358939686,-22.59275986135924,-20.64817477926944,34.750703063863,-96.70873758753844,-93.65632116271716,46.29382386596612,45.015161777860214,-15.159951979199178,66.26032078065941,99.645831057137,44.66981270550079,-8.712613311532209,17.482012950612756,85.30613813562641,-47.49930084009488,-0.3989741933683604,-81.28652103310728,15.392469905084539,37.568359425445834,66.1301740070738,29.549350454381567,-77.95462266937956,83.20593493473962,5.509024700009974,4.726248722501538,-54.3845861448436,-92.1468267530511,-40.9396237635951,13.79963781847573,-78.24897154784102,35.88642055794429,49.09164855492577,-1
1.228372568048826,-39.44647847651499,-30.883825330260507,15.357941699447267,-27.359411044669017,-54.7776178731483,-79.46940359763792,-50.50393481177879,-73.26104148356931,-94.23452896550137,73.97863526411831,-64.82302127945815,71.96323407360617,40.46237874503734,-8.723497541988863,-87.43625082918646,53.24832456664882,99.94070333071986,13.789995273173943,-27.07975074874834,-43.949878305684734,77.05001398589741,77.84058308269215,29.460712982970506,-8.355277314275028,-90.23544527418821,98.11918311481898,-58.85436152715686,93.20299978266334,13.896305796709044,-5.186049760633608,-64.84784798120724,-28.05016796802981,-49.81685448654491,52.382333018583324,85.99181684128996,97.6980301810184,82.9335281944808,22.616187783388526,56.80854249337892,60.83932155308801,-54.820845046202685,86.64483835961704,-1.0087493780570895,-28.404096348580524,79.91723281622654,-26.17325721467887,70.25852626173784,30.27693852271534,75.44227037669827,-1
52.20755805015659,24.6628867518115,62.13315469670249,-65.18717251853832,-73.18344560900336,-51.79547228846033,37.93079281518499,-13.083273008194013,22.040263994513822,-83.71558365399032,-89.48173358136663,-34.213342424646555,86.615835534383,-49.6318303665898,59.402543626106365,-6.101993918019332,-71.0092208354555,59.60638348675707,-15.643529418009024,84.31504391491072,64.28425372763272,-46.51820297129523,22.793032856493696,39.34119274023138,-66.7414806692979,-88.1717324912185,-71.03048487838062,41.69941842935165,-44.729947407368776,5.784901277301046,59.956608690520966,-48.40841799155049,25.466311292459594,-63.14465482472566,-56.397248188544104,93.35792280541432,65.459629876274,67.50690807464693,-63.06940245749271,95.45036702053403,12.604656641638726,-67.20429478025062,99.42241318568469,92.99851719636015,54.69360741968589,-66.89707207061005,-76.28512709835813,-77.5465124856771,-19.507942686611358,-61.1760713306279,1
-59.136723320205945,-82.88008943544634,49.354088923885826,-18.316258500261483,95.56229782763896,-34.65426188249876,-61.1075024535437,-53.766608116916956,86.95598148472615,-99.88818121941507,98.87601350722724,-23.764965769983476,-91.94621920011319,69.76510964493357,66.77973056093413,-27.065417855045638,38.58524558791538,-11.098458685503587,-98.57433994150493,-69.234172439307,-70.55676952320628,59.39457974715481,14.013104520478436,-5.433920663876663,-97.63059734508168,-80.51363451202994,93.67459502666361,-11.329096345912987,66.94024679985895,51.57701169343591,-57.59667801496639,-48.68968485560059,-20.136369885710437,27.02302958953176,-97.26383343764815,-96.06584831276972,86.60570429893417,56.992182993141626,62.75621346735005,83.46468043061327,45.49482244690432,50.18902939062224,91.49048251714942,69.51738955173155,-73.74946572609474,82.79899555763518,-85.73210599307286,-60.01662501309693,18.136742082703705,-95.9573767975925,-1
-17.17178635686676,75.28418872089856,-45.66107676614814,-84.5946607257537,59.828877794332726,-58.56461450271793,38.2888854830623,-4.825660708826888,63.27344086343288,-93.04647937375104,42.45871730165541,17.142915941089058,-10.452610769671097,95.5892569653536,13.210001134492614,99.59686466389749,17.471805311562647,91.51193898968125,32.7137280385154,60.73281635990949,-34.05313660472427,36.061921422788686,-2.3789851415776013,-35.627923058392014,26.68168780552682,-93.624450727857,84.29677481264227,30.97463712766023,-24.36188596591245,96.45697629578396,51.1472886472927,-34.51460547977116,86.49434631523442,65.05369808223531,61.09323854684675,0.1322957498730517,-54.97726879843447,-14.464423464838788,91.9336190439264,-66.25062389512084,18.551925443529015,-23.454655553315646,-66.29742662749521,-55.48021303501336,52.780010257780305,39.55513509516376,66.65937234769547,-41.04470885211078,24.540289622398845,-12.649937802825193,-1
-73.80525140116518,-20.19190959033918,49.553055428006445,-78.82419570523956,-79.65631119207418,79.82456596167759,51.43236976441929,44.50480389357125,88.65572090281935,66.66249753146889,-45.29000480796099,57.83596285733131,-2.856877433191073,-10.722852034004006,-69.85118669137518,6.691438776006748,-94.73551754339522,14.224029008115636,79.05751591571993,16.96026999513856,68.95256445391755,-90.94252761474742,-61.60556382260489,70.46574297330778,-51.26851670552745,82.44842902400342,65.56186908587037,96.45384787616638,16.859865948899696,-50.84687106252828,13.144211014308965,-85.98245703840375,76.45494694352053,21.167011827926373,75.387389798595,-95.48910163503047,45.566420448380256,54.34258989942188,70.44106451410605,-48.076308880327254,-46.86006926463602,78.39654588807915,-25.971683405187235,9.62876155463806,-80.60932959282228,-32.541096966624565,94.66618224364004,-6.054266309035256,13.739575328100443,-35.02483012654703,1
-44.923765148916296,-84.26046496092019,50.18567870334445,63.036646458550564,63.15031749142298,-56.6743824834639,-42.74860552804165,64.08989138453762,-99.04566031396445,-55.36348858945346,-82.68492822718574,99.91221630002772,61.61168827309416,93.02252466117403,-13.088971369476269,-85.7267195871482,-80.61336284930309,70.16259720974554,-66.84856140755701,24.88256710473091,2.36788912885946,-51.7692427305918,-81.50309618618257,79.95696299020611,75.3537846602272,62.47970443103782,-58.05812196594935,46.572288491020345,-15.030295482626173,-38.23459687596971,-64.62160081111477,-81.537822394113,-54.778796471862144,-6.217564674683018,-27.930039591916227,-69.63492880525561,97.066075202317,5.871351085242253,72.16405839075784,64.18997166885006,10.85732998403293,-81.2442179669552,4.331669823063862,-10.408155908765849,-75.80665908517135,-39.02845335638816,-28.0643113487196,-95.00455492644436,-70.39119777479776,91.6538773623987,1
22.683039187157974,-73.34314838356536,-75.68253009329462,-41.59717991185319,-64.20991194056454,-13.146367787265788,-44.8299749701559,-90.60813933549775,56.77373882277027,57.8136928059057,21.63666556153119,-39.07229554738634,97.85474690376336,13.408841155231784,-16.965617302914993,-67.28200080362983,21.088724749960974,-34.07940396266092,90.09929966144543,79.55229873657487,71.98921922815958,65.80933521954694,-36.136038575611494,17.346954044348934,87.35493801537407,59.18297262043603,-35.03514675656416,-84.21210538041205,60.305127974716186,-91.64432928886164,-91.23849291371869,60.101893148696234,92.10134696002098,26.59779178550592,58.18900609642631,-16.502851638578946,-73.08258574698257,82.02000175161129,13.77398222908397,-58.99382827465143,-63.64360691862081,-73.93383619166806,1.7325021276424621,25.535804882512593,32.95952917283685,53.68315337326405,-23.890908420145692,18.67738715933973,94.68246545285493,-84.49760236609265,1
75.49217252607608,97.82506382174668,5.7610436313532745,-31.81282393716087,60.468799796390584,-10.28618043384752,61.04645536996841,28.014384897430944,14.854824045097075,73.78351401779253,-79.87222161560396,-81.8439826709527,-36.17078767900048,34.08780242612929,-55.66940895175616,79.8686790636635,-61.508649771978426,-49.04366699893388,85.77084238468663,-15.284405230758196,-96.01417626127788,-10.62841936595224,-75.73734802997534,84.14131355535531,-81.15035789136734,-89.65796164918574,-15.6714511685893,20.466077943117142,19.536776879994903,-10.982195321722571,55.396668972657835,59.43776284513842,-15.749114999122568,-84.35856240680232,83.94421827584509,-86.00183563813295,50.58934973965529,54.074611480159234,-51.052211383387956,-51.77917833960246,67.65814561197485,15.239537679829482,-57.20833856741607,-42.014835229985124,42.88595592930861,43.939371651859005,68.12622442609955,-4.1471689306419535,92.58913983850047,-78.37338075205618,-1
40.60379177903556,-84.056985362543,29.818348107709625,-45.26089680673022,-64.39681055569474,90.25295979674516,80.78581056921766,-37.998207086015825,51.945371882536676,-34.10614039061046,-65.80640961132815,39.331488935072116,-28.22695893515808,-36.65278512165357,-63.64339962779133,-68.36584965352719,90.6783457363768,-48.877216188614184,-4.032420255638897,17.21749352301049,94.29624954408976,-4.8105784414013755,28.270221448152625,20.53735794156748,88.59829388301958,17.874987591294072,26.272592943087105,88.22871053755682,41.751306282957614,31.092182560579516,-15.261780922284629,17.92803923515291,38.5700867809571,69.80959176520548,-56.145658732184,-38.865640126687474,-91.38111068221411,-34.146538134538645,-73.76545327980133,-74.14078692005567,48.625825132768824,23.577221440654057,31.522657963086573,-34.06413473805843,-44.94971704900761,16.03797416952179,-97.73298885137453,68.77912314141844,-72.96550107966144,-48.7024923629505,-1
63.56684323500431,18.498695835281012,20.68351569445666,-25.515260764998587,-10.177911826949511,94.22074879783185,25.175194537314823,86.10520014166661,-59.96918328623546,-11.497329277088525,11.132185137403098,89.34864092046297,-58.53536964366632,59.927755514704245,22.666116354047475,-90.9545511822028,-95.2664715781045,84.90451832312672,-27.22064398669815,51.14037783489519,75.55679181642856,-8.85012722236236,31.430487758594182,-48.68159793994191,-62.05589626991112,-6.51535306381588,-40.646702139400894,-92.45311442987834,2.4661348391664717,-69.62702790316031,43.49804507991425,-64.26201611754556,-99.7272091938225,48.100614118214935,30.079039652814032,-92.22056995569025,13.5434254803519,43.82358307473544,7.483795683620571,49.234879664914956,13.79920599169067,-18.57735985347857,43.76021913563969,-34.123232243962235,88.27962047645957,54.601897397008145,72.1686072110596,-91.44803466890276,18.734067378187476,-51.08515182148241,1
-37.62722841662336,37.906841781083045,67.18982218231366,59.31924828158165,85.9863197963291,27.62787979376391,14.627751279226104,90.640415750621,-52.71980003490844,-9.744626467201229,-19.440785657594745,1.6351363197475166,26.99159633239603,-23.974717471337257,14.211431991090222,91.13854561075675,1.0865075270798457,0.16163992698467666,25.606279582220964,-72.82155448482281,24.092415250142636,73.65401596224334,52.537829591838005,60.03175296676497,49.93400410567904,-68.05484305417093,-17.73943541219971,-15.465008608812354,84.52604253762496,49.43523582408193,86.60201048962472,-30.48291214670003,-44.40220260921186,-39.10588065296623,-45.05645924477919,-39.55562632444012,89.78906645106406,28.038774017107357,39.5873825655122,65.52713555140139,-62.931953193997714,-96.90757057848904,-82.96820631221237,56.822298911986934,16.649071189235528,-97.58468803801132,98.74581515293062,-77.99289629335516,-57.897065627901824,-72.06299553309759,-1
-97.12130227404883,-82.60659594881339,-82.19936440346407,17.25356863865362,53.09168944937278,-55.39996379230443,-49.601693970023874,-77.5507984910208,97.02541385649997,36.320492961360316,-34.707047243051974,-48.81919964984678,17.425012281371394,-65.2514835995869,37.256997080768656,50.87243916558245,-5.5950047818339215,49.01938295319229,-51.729596205902915,-63.320301335125365,-11.076258138272337,-89.8118483342457,77.86957847961551,1.2313991938326438,79.42160247494877,96.95510722762694,-51.95298158917705,78.61387087077267,-0.38841942892430836,93.08125232319497,-43.905315736041885,75.76693466707025,-9.67027971871697,81.63935173767857,-42.64390743215003,-4.214723350153534,-61.97421794756048,65.02038516767831,10.31396553231339,-50.669190825034896,6.6360319573743425,-33.96700361886586,-94.68894347867831,25.33014892513137,-23.118196095843288,27.647879936994386,40.70176925314394,-96.19668470485574,-27.020445313247592,-55.440043049182954,1
86.54569667080264,73.54041958384781,-34.60447535145215,78.79567837662165,98.88603584005412,21.5053724350677,-57.6219688572529,17.66263794787281,-24.696329790065747,76.99663077581425,41.34526854419323,-11.9179152755908,22.873803768870545,39.18946682009158,-74.48834149393878,17.835061242942515,66.83923284153613,-18.004130008386525,95.04550657399352,-57.184853883290884,-51.74220100668758,14.487932499288462,-79.8795880911666,-82.97748204322157,-70.28796832276136,17.84312062088935,94.0821473217868,-10.42998541385694,44.94882183246128,-51.35507757138305,75.29084276200891,57.746625912064786,94.40659757576094,5.0640724504334145,40.51843037499415,42.44268655617361,71.12959572414326,-31.807097349100744,44.175289824444036,90.25923021207808,-98.32042434258719,-67.9283548106394,-59.754445571526645,-61.272852854800284,-83.91460515917923,9.3324778750588,-39.594396531111165,14.958474194061182,87.75257288561465,-49.88022215210861,1
-71.9831969526952,11.53773823709055,33.816003372456635,14.764813837788054,4.4520809058032,-47.51400298853638,31.165446785368573,17.08576569301586,61.14339014338151,9.108190426686647,-46.255109080038295,33.15724468775349,-16.434757232932213,-19.2016297470434,-34.974035652752306,-21.74988893146812,74.89605858339431,-10.38378821269366,-48.26583133574023,-20.873969201539765,53.82132639765214,66.9838186814311,68.8065162781026,-67.89195563783979,-7.393853239826953,76.95082010318185,-50.374090154402616,-96.27128024006892,-31.039788465506234,-91.05934294902511,-14.760332885751453,56.9177772140477,20.735521944440748,-20.508401539146817,-96.85851075978233,97.0645610494033,20.828329916860028,24.345585260525908,-94.44736498355866,-81.51479605159575,-27.427783465196654,-11.765244820724078,-90.58059421663675,72.90493456111065,86.59835016674563,-30.52721065257377,-27.914466161045652,36.81341767537819,-3.3159160388120483,-6.582534107053391,1
-86.79803117195169,40.78733340690309,72.22604860895626,9.230918241439284,-21.904311894778658,41.979959545574616,48.811447407130316,45.64670475262332,-9.010767000513354,-0.8248370094186015,-31.199416803947685,1.0774898813738645,-95.12877322049644,46.458447645688665,-69.45883845397674,-81.09615398585035,-66.3806164154035,85.55942451308755,94.96407797351984,14.76673172227818,-5.765889203561514,-60.37063692134379,80.79040084316372,-25.314892653074537,5.454651346955799,-61.08312515372345,-50.41875367381125,88.92331779275779,-71.09123141551939,0.5952209196424292,-46.58463514642395,-73.09565016126112,-20.510017671759883,6.9774881613285515,-7.86620832208267,35.658289703794594,-26.23065033710435,-29.009171124957604,-78.93150493311566,9.99810032366861,-22.791878268817854,12.429050594599971,62.34517647261541,71.95008707791314,27.146270137980125,10.242501006250194,-19.905210018085157,-23.649460653915526,-95.04543185404748,76.97146178092387,1
-9.560194343312943,52.386875148619424,51.57162441442003,45.713042326654175,-75.5606476341524,-14.814844128384607,-90.21857313901045,-94.04867871645699,-94.77917468657459,-64.4155158469122,-57.0507029157763,58.05834538778467,-13.573345870841408,43.94727579920621,-27.375057845311176,-5.511691536000242,-98.88657096314095,48.294546970775286,-24.53059983817198,-9.982281159895166,-3.8842764519963,-71.68252585163233,-94.02419061480816,-93.57903109878072,15.577570770776575,7.41052952621142,-9.2953952227097,-22.94014407253904,-76.64382314281116,-46.03871098827887,69.69731477714672,25.15367255268073,-76.93038888564818,47.30503682550116,17.92864211271514,-6.742358087711835,-41.18159428361996,-8.059867411367819,-3.6017280587650475,-39.18075035171835,-10.729289339452691,-61.586379436096216,-86.52409026296289,70.59393896341899,50.123368565431804,-7.35430365095668,55.23379857670267,39.533550061361666,84.7862752135419,55.84312126139045,1
15.656028199234797,-7.928925373034616,-78.20000202740478,7.286079357898416,-56.17100635348393,-98.7998436652036,63.72940712015907,72.11644520915584,13.48689428485281,54.723483290671425,-2.272389056171974,-43.29493098160293,-9.565836291153246,81.0324799764179,40.0469111236404,68.67091964878185,-43.896078179334964,12.858267594118942,-69.94634518326347,47.793583521155455,-44.36646840118814,71.82920639563599,-3.3448024249946826,-44.74054967585186,-48.67072211908776,31.605760142528084,62.57456640858737,-76.69183092283136,35.87777170515474,-6.322140685418518,-63.04052711823627,-31.546743954352777,73.63762749069741,36.387583591535446,87.27005790236939,-55.407650043330946,4.6451052195101425,-84.89128360521676,36.95527822697352,41.648111454066395,-9.897999466724869,50.02662115851234,59.764021860122995,79.35937256625519,93.23209169089034,97.25032327289728,86.06432330537586,61.403158887329994,96.84102101733978,15.125451560397437,-1
85.2388136863564,-29.115201602522774,-70.63036618531477,63.469264676557884,-68.11171767595752,60.32587909257512,-91.48584243935214,-97.58146103879837,52.95574911915318,44.26836580441696,30.427227232123045,-39.908073315568494,67.77865499000441,-18.266376854602285,-45.713843802842916,26.719404476842158,-67.70060744687174,38.34607382797256,-54.28074212302177,38.47540326133063,-37.97436885560419,-83.42184823648209,-85.08650680313261,4.437573099363945,54.91942336956839,5.528455482064331,-65.27413487216916,-99.33840023971608,71.4608209992563,70.2353807366853,69.90921625427012,51.68859502917664,-59.25574394603339,-57.365737813020786,-97.1198122792468,-71.62237631630816,-48.62808032630574,13.940309551514105,-68.85957374900556,51.451691065362496,63.58750636615315,27.007743912813282,23.131886977280573,37.93779486087416,34.04105173357536,4.1900864903773964,-51.69113670361296,33.556794485083344,99.47344974425624,-36.72124093145099,-1
35.820463828897914,47.045703620319216,69.53623959244334,64.12511861343893,-40.25981973112256,-67.29580976050822,-13.871583565235085,23.28730019991289,85.78365211118205,-95.50141632383213,29.698185244974837,-14.085627128061319,-32.70078006943065,-90.12547662382282,-47.077126747533015,59.73722667671947,18.19841882255011,-44.35701789516986,-96.20686942691059,-77.53118776575823,33.14532090631883,-7.31226046200355,-44.23398688497298,16.61018438477761,59.3490004614263,-61.457287438868846,-72.4764718248959,-15.705438540604504,72.59707440366842,42.635667251066366,-15.821074162424082,47.07760662781439,26.67888235129037,-34.045185168417234,36.71749279197809,-58.78155201441475,76.25030302221617,-48.727826204584865,18.486969094596773,30.019094351464588,2.612852476727184,-6.309344400437041,-79.64467473189525,-22.5846727159215,-27.986389337576043,21.205735476993553,96.44676344251965,-48.15582548724484,27.063050516617082,64.8945780286823,1
81.40839208300437,-6.992935053865452,77.81924854324791,-80.38112675180372,-25.859563877060125,-95.07739887931474,72.82477607092648,-61.07733786490144,43.29307547919291,-95.91738135496814,-77.36243555562876,16.20424269669583,1.0677860184494818,-82.09199737874853,-13.669557747524095,-88.46399964680649,1.761095695242389,-72.31265770002302,3.3563166705457377,36.99018168116862,-77.41285337517814,75.34348016237493,1.841038481443988,-21.197008806932587,-27.767150540748958,51.274699569205836,-64.58551414486212,1.0109290181228943,33.853032897356,-39.7279334699767,-62.30772102095019,-91.2093166053205,37.133596078044775,-37.08076665020379,-0.44298620702763003,8.868482335942176,67.2170885191382,-51.92443350201492,16.595504672632956,-61.20083908229665,26.368692125885772,-50.7467992027844,87.54278083101889,64.03023850160184,-13.849053625533884,23.57035375892565,-72.98125623795882,-29.251233083572117,18.51447652437153,-55.229256174409635,1
60.51713591596257,-74.19271822211502,88.84473489475735,-13.336101953420638,-43.74104089435102,-78.31603091691332,-43.79051980880768,30.28804631636467,20.50459533745581,85.83025713598488,-79.338266060531,-86.35825375187032,21.118623838346153,16.8774588698829,-23.696654897950125,-17.351838314006216,-26.879712101074432,-4.105257696479384,17.86357526810569,39.79264651855536,-72.88865248539982,-78.98937741198094,69.58107555356315,29.008892076518833,54.994691861234486,81.05087973036845,37.36160998460221,29.770934851614214,-12.137451269937998,86.48929468905337,5.3775985992474915,-87.31408234060581,45.55442214774277,-21.96410861363232,-18.80223195888371,-89.60680368576917,74.9186836587009,2.023318445802545,35.06716863439726,76.53382445739791,99.04462890164615,-10.687124289669029,76.04508180724002,78.27717069146772,94.82341162661851,-23.877755422767663,-0.8345167818582411,17.996991271124102,71.75482405932644,96.84606505793053,-1
-53.333435470134674,-6.030913003265013,60.12473128256309,53.281004713688446,-73.61921223383982,8.544659740995343,-17.49696924647452,-49.21963899875712,-10.750402137165423,-7.185810507953775,92.50859675882612,-97.767132992854,78.16096385136672,73.71390036252649,90.8189621428483,36.471336213505055,69.36152988769365,78.03260656340655,-91.91718110171558,-76.5447179871882,-63.375930512102975,58.37063024419126,69.79176414765408,-35.41575927363158,80.67818063650216,21.265827809678612,20.509970997298325,-1.6871897235589302,95.78261893053474,-84.49313651897722,46.59508099051081,-59.97915374274054,-89.03603117309578,-83.15721245858383,-61.9056121475092,41.29400329123712,78.30520810694549,51.74413845357324,-31.728837546014702,35.78899867172822,18.82613921093818,-90.2286812711252,-46.33093682324607,-90.41898758180929,85.60935732577795,-81.83335828605547,-94.51829364922453,4.773378221879597,22.493068783371868,53.20520393595359,-1
37.31798269852135,3.698594988448093,91.31278571223379,81.02677496883715,54.10979613871359,89.13877697650508,82.15629146228758,10.090910686265502,42.19711182130226,45.1408123033049,-45.90672915422671,-5.597982438933741,35.97688404539511,9.445297960347503,22.564304501777983,-85.14934582268332,35.430046979662535,4.467481409916886,98.47244473169494,3.698437489161009,-79.02860651862112,19.392084044277368,79.84333208184034,-66.40418022899959,42.692122882002906,60.05767182392174,98.0809989162116,90.29316771666646,-44.80208254024001,-59.31809264874555,59.46998414282456,57.101172691377485,-12.521321387658986,-33.99412400594089,-5.6972393503871785,47.280210270341826,94.24483254561258,-17.550149026381675,52.9200123815788,3.8952764378679348,95.95904181427886,4.341377962215859,39.070661256637266,29.446714040606366,-90.35488966555678,-62.892871480140485,91.22392897072109,42.98514962102968,-30.665015807669874,-7.232826259740932,-1
-5.684762289968319,-9.423327916897662,88.03521266021133,-80.12344420982798,-12.876037446010116,-68.03130239995392,25.44178168871693,61.264814697705845,-79.22741465981078,-19.838142331743484,-95.96888952799232,-23.701585620998713,14.523410715573263,-16.47461204086065,-67.1463266703826,92.75330015180657,-15.609005539045654,74.77059420875241,71.90930150609088,-26.404832196873727,-97.40116476866278,23.156384879098752,-45.77851920833436,48.96061207382854,-30.477446836419503,23.586462765802963,89.11520673369282,66.00869835941867,26.15602023099568,44.38835729983987,-18.336348674882316,-23.541100903511335,-32.66508400559327,54.918083502204695,92.80342659240904,44.455545129629314,72.67013315591592,59.912482697525775,-60.729814116768765,42.8519995228358,-38.02373227209146,69.42204618000105,48.328748329203165,68.98442234875856,-81.71224826056256,-86.54748747677156,-45.773315434064024,59.29308644001185,-18.65109556077155,-70.07190740019107,1
27.0646693416642,-33.468680035821706,-6.290610041705548,-36.044542190220064,-86.56543262099821,43.763469385452936,-13.400014699725475,84.84756648416868,-88.31772384313598,25.545507114768213,78.12828194547356,8.42641872777827,-64.52372975076366,-87.71989487932066,-70.56360603869476,0.16956578169032355,61.401708375077675,-33.414892656128686,50.58355912964592,-11.78170117143975,89.93824348731022,-6.33737782102655,-42.30092780792971,48.075889101115365,44.30118031757752,85.87528677233976,-38.71857367863443,-38.57811596539842,62.040046941031164,-74.66369045033366,-58.50078062147912,-16.200303607146793,97.9981071510741,49.70069523441302,-53.97646969180436,99.36161407329632,-30.9557522017232,32.889917099263045,47.89959853823976,-31.26719661069886,52.47256606218059,-81.64530240833028,-16.31692319266446,66.25524667155011,-48.78973098862727,-28.294313495442893,-28.23157605169196,3.6508194525967497,-75.32585525960644,35.272223118092654,1
-23.232223391004098,-53.18844499650017,-78.88487155610733,97.91741482813396,90.22740928835728,-71.20300375703827,91.6245889123542,-26.47906424285749,-90.62132666247487,-75.26805556411362,12.043977412246008,-17.98657239677199,55.350948774717466,69.31965193342396,10.33905221070684,56.30553838641674,71.35200251333319,88.61441041970221,75.87600296889661,80.42337515187506,30.422990177340637,19.34658260646445,8.386836358080089,8.578804127652973,36.55348790349163,-56.530333518860274,49.761178699823915,47.735947269919336,1.7709034266905945,-81.71862803325156,11.788707428508175,-21.24428631563397,95.16117219318622,-47.163342462826165,46.66580255457529,-65.34917904807716,1.6106829188226754,-37.85050239522847,-21.28879108084945,79.87661231533409,-60.19198135322505,10.597902063715253,-78.61776985365283,35.745649060623094,65.15500540655847,-85.59698208741739,-43.615422810005164,-46.85995275198689,55.466541737230955,32.05900347437017,-1
71.50612155038473,26.811011202196667,-8.254235159951833,-21.089444321270932,-63.48025009429197,12.404236460837438,-93.78107723506714,69.55083231100991,-75.20034783302307,32.40878278206222,-73.14141988554667,-43.52992081102378,-28.548014412597894,18.408446307223997,-3.700798127359988,-38.33269709865541,3.7479262785239627,-53.33326971054173,47.47482036260686,58.90597002469465,-60.55651812556289,33.307663225356094,-66.94895339420945,-1.7596930003566769,-15.663555518501312,1.4778594559085434,-74.16046873493019,43.033934915113065,-69.27613153749385,31.226465729223065,-38.64664545042653,12.044583634733485,-39.896349324741024,73.37686582845362,-39.87663503449059,36.96633526483356,25.3082385078321,-85.00669088883399,81.43106940266836,-0.6331566008559264,60.07665121114613,-0.44265926596651184,-28.060646174835185,-45.55434045588478,97.11622851327616,-75.6595790184114,33.60618314023759,27.40480044955882,-29.995593492375107,-8.174748886902236,1
39.285961407221436,-17.65046648195137,40.407133696428446,-80.61831306443779,93.44069116843869,-32.911318699952744,-80.55240618088366,-63.17058704305663,-85.55386533727001,-22.58013091801392,-90.3591082464327,25.3533305855899,-0.8595378241816434,-92.90995260962416,-69.35288373961117,-26.61326327274638,-83.2739294217628,-61.792851700420705,8.70758676810975,-99.72099822293386,48.00655956389079,4.22252221772969,74.94464417743495,55.57658705242591,43.10498490487004,-87.5212566951154,22.94433227600672,-7.155621806013784,61.23034503907499,-40.65846543885734,13.014970955470801,-88.15538659480603,-71.90414597945683,-41.87671080617794,-2.6890563416959594,34.74716422632309,73.19156930739831,91.07011446383032,91.99220372302389,-15.34157567830556,-3.3004143668825066,-14.947576403191093,99.47262704026616,27.724929425306527,-91.86986307974632,-42.918641795698285,83.32854684414778,-21.233519240940637,99.9680730330011,-77.7394839977345,1
89.53760519289415,-7.029043837345867,32.485994684270366,46.78729094665684,0.2881494283105752,-96.07928639074359,-32.276064003672715,52.66717605859651,-68.8347233392841,-52.95134162941358,-64.5448964186152,16.791725228981733,72.61287463903892,-28.395616428234533,-15.062197867978597,-15.186659024200893,-47.54671178053918,89.13046827453792,44.740992133909174,-44.0292816581104,-52.07993263701904,-23.42262769563837,89.18436558710286,36.504475449393226,24.862903528515716,42.43308394782471,-91.2639569685558,61.97081213753606,62.34104834872059,-46.05368730084647,-30.882831614041436,-27.48339105422599,-44.96516148372736,-45.73768968448475,54.83571663754881,-4.745719568442141,-43.751531551749046,26.223308264719904,93.27192402790118,-12.758847766898711,1.2266669724517953,96.52388526004572,-2.0034721983012815,-22.553946039933166,82.46847494719916,-98.42351029178289,-29.356367831925837,-93.10731722392305,42.366405890431594,-92.99983819754584,1
85.77190996911312,40.432865729662495,93.78034342280759,-55.52276476062232,-9.694357024182622,86.3908096707031,0.43060374030663695,-9.635296943860581,-51.04951020451756,41.363502145628644,83.27359332016425,75.18760966719927,-75.27718967758614,84.74999820332175,-31.69032851880887,-13.054382054566432,-3.7857532274182546,-86.61019483374835,48.261918393097204,9.070796378317453,-74.41173002707318,-50.9635405449123,-69.8914299498179,73.66789604047202,-20.889748740089757,-98.46139423786519,-82.03349878219133,-97.14884154453371,42.87057617425003,-66.47337540790221,-6.10393764526745,70.7430092115683,-79.76999119258672,71.54705014931,-45.275034108725556,20.964692059855693,-66.25849708263084,47.92292233507342,14.511206567671508,48.48929981655911,7.758453144089543,91.2381040418287,-61.57137869114444,-27.357798148131025,-67.73309407341293,-98.97535389251975,-85.64636716246244,40.92448875343342,64.25992987384856,58.88517216629222,1
-9.55641182203857,6.959893256238487,4.851585580767107,-85.40802721740903,98.68334102142578,-44.62781369068705,12.250392502192398,-99.39840788785573,-63.67222202440512,-90.55833670082332,-99.87550588696561,-50.08561195947667,-32.803606989358784,1.8675726116256897,65.01411019963052,-95.36607307109766,-42.41991004338417,69.94001301222937,87.29788035030901,-35.777057979178835,74.10940544454593,17.545369671280113,78.10262358132141,-10.70644578197701,-55.56111246557227,23.64766605596202,22.750614112441653,-75.20544365996302,71.95365237574111,84.50034966009443,-33.06248970431773,72.37187814354894,9.991007227093604,18.842435584753872,-4.391688235043716,7.72354163765263,12.908891279307014,94.09558848056045,-33.441863114608466,-62.51566134993198,-11.560777349553803,82.93054385915818,-56.827864724738305,48.323157362122885,21.330435232328938,-81.4561790754548,-18.272822680061466,34.082248174653586,-5.664741782569166,71.29024858877904,-1
69.37744488579057,-73.63792530050816,-57.87088047289266,-76.36063789700292,0.575095531828012,68.57853478937935,45.61628257251874,-87.63978144408392,53.1111442082522,-14.103450183773816,70.22568485821242,-33.61177307409923,12.948294045161262,51.3676056419248,-25.890333162615107,78.95947504267718,-55.03852299554595,84.8633610311118,-26.995971107115224,-0.7871755450295552,83.93773113985111,64.05309965893008,-62.57905476413197,49.61427817988297,-2.4092991852537864,46.261521441671505,-87.85833359241819,-45.755619813401815,49.6607705846377,-67.54075615007665,20.95053631432191,-94.78182834376798,58.14956649670668,88.08447884814902,8.696080514644038,-56.93202738879752,-62.77670220232663,-59.69904308986391,76.05265264418864,56.1365823016495,-27.11573458669791,-58.172565465854966,28.666352682755047,-47.61429688525658,20.85157455017108,35.13355640719203,-55.859336712717436,36.793987583101114,-34.78729162306247,-86.84930484748263,-1
92.18402938576494,-82.95990448806761,-81.61241281583247,13.238217479481378,-37.95071506247789,-7.025511216125466,-61.87146443933103,-60.32727875198307,88.37293809996251,-19.26805682272588,96.54993647685399,15.859627423777994,95.05027794933721,0.8069849551277173,-95.39985568827372,-30.599827214904437,77.78359449740503,11.00607342516382,82.27745093385181,-68.43513147531375,81.65481196691175,-86.01741091845321,-63.64872834431141,-17.231998152314105,-41.25445009370476,60.94818434966734,-75.60087578665211,-85.14196680804216,92.12119569656605,-33.0115668682549,23.291647077083283,65.18359984238259,-60.72358738047079,46.949775266593804,40.8416452770725,-80.93883844572932,-14.194909515907455,75.47168088818327,-11.674863173817101,-46.9698544385057,-18.56849810967087,-50.150395273911805,91.61501037341398,-17.169592177278957,-41.4098140283454,-21.177161654758308,13.574987227772255,1.659487719844165,-85.00723750828982,-55.20589608563855,1
-55.90247211705015,67.09723112865925,96.65152219231396,47.395919144230334,43.45217029532614,-53.526455152070284,49.102027437583956,-13.205326401239859,97.64396566243957,-79.64258294232826,-81.2938101502404,-88.51097318012921,-78.23876734044322,-48.735083403160615,-29.510498423498774,-21.13769821861615,-68.4554199121478,-25.84000565539786,90.73545030774895,-12.081348817980754,-70.1281219789031,2.632394495889116,36.602845536004935,-2.2531991323067473,-7.509180352141158,-74.14535299148412,-24.033098239080857,26.249639344215893,15.928692283670756,-6.615830448534737,-32.69893351694158,28.780213651150945,-10.202958972296187,-77.36456702339036,-1.9852964625597878,4.477173448234623,-85.95326841421802,70.88182880893194,61.452180245108735,-90.71896876422458,-25.635534190408976,-46.939456871643735,-0.6170000540879101,-85.97380093684055,-71.62927035203484,93.39508235882366,-3.3839730841046105,-34.87655198590349,-17.541392589493142,-24.70962738908682,-1
0.02255041532539792,-56.77283753781586,-32.784322451552384,-80.29698530629324,-64.24829930578713,-62.0392082667224,92.80568119079675,55.402802612363956,-22.679479349188327,-6.222141103408887,-23.282273260554476,6.9868273403348695,-7.352264220202571,-11.924651838515814,-53.24113954387539,84.10092015921848,80.67524391853814,18.413116191358256,-11.521802567460227,-54.1182995554711,-78.72217710097314,-89.06688027446721,34.03666982964029,64.15810045064495,38.565342097534426,31.62999374033498,-14.699638399923856,87.8831491852473,-41.59556953540575,-13.857740682945405,36.03345127853024,-27.734004301946726,-67.89658103888796,-99.76121664100084,-7.3151304433410616,34.21829895604159,-49.59056595182718,-20.334514298898256,-23.47388562858717,1.204489852733829,0.23772336335994737,-7.504051747448543,31.662181183344074,-75.07766273198438,-73.01535634434433,87.06414912737364,43.56797003009663,-98.99828604611756,-17.430294963526364,-95.06090152251613,1
76.73679353759795,34.67829580596705,77.94274402487952,5.944989361733491,-78.67738273775784,-40.697529672656515,53.98165983597457,-30.805354767386618,12.892984030142514,-88.75711579864108,10.313060688670703,-37.769221615841865,77.58945869930571,29.509351365721557,-17.143900840410737,-43.71875205316806,-8.661460111978855,89.2797485337955,14.810971769872424,-23.09038495796665,66.12004005297092,7.081615747144141,26.11753851021146,43.933609552095675,-59.815393058357635,-54.11244858754301,-7.839006989176653,57.010730599193295,-58.89712190766685,-53.78842857353759,-20.654285619904016,51.60507269439097,63.351945973936694,-19.923228294407863,-89.96101380186268,-95.13878210457626,-30.88927685341416,-27.82291549369586,73.49645167293914,59.894849157257454,6.305011190623986,21.77478312031316,-34.45806844565436,-48.608880063084925,-2.8768154918130904,44.737426642947696,-36.08980109112938,78.5384597268228,2.812478094830624,-0.6056464318111381,-1
75.44010816262164,36.53423049255187,-58.01363366530312,-27.374311430785596,6.740299435310334,-38.39274501435304,32.78884793611138,-30.443010900186422,44.91814364218308,-94.50146842348863,98.78157731010276,-80.42132419141907,-73.7898252645902,-10.624889645240685,52.153599629302846,43.18757558492001,83.99786169302536,23.787712633051257,3.944649760949275,-26.98784342310887,42.910648674549975,-66.10988469564413,86.84895148939205,44.853894849132956,-82.55642060863445,-77.34996694462299,-9.872373298833594,25.353714357360488,-88.47240882802046,-70.85316869731614,-60.1647537931417,-40.10528459686613,28.21840107787216,-30.745183129252368,-91.89602131472255,-77.70416356023446,-54.011622491436604,-52.98850460409459,88.92254804483753,84.16107749772712,42.27301641307889,30.488167834215147,9.950490494543814,20.52365565284329,-69.63752841696918,77.33705218894403,25.90874345521705,-38.181366371720756,25.216145020207478,-82.53698852039687,-1
46.48020981167582,46.68036986698115,-27.924375688686084,40.350954451699664,29.936167589076803,-14.028554196501531,34.32295267744698,21.72860175816527,51.72992047075192,38.28047390507129,-0.20032469763502547,73.05061216159214,-88.10663027562273,5.138348629509238,-60.263227456705025,-50.9076856151069,-18.749933910144506,79.05759393730634,-85.68953484271016,56.6646655501267,28.192373923716104,-51.26290741439414,67.8836289128277,57.0125202279726,34.034084366033994,8.554960186597029,84.4697813590617,-48.312469159001424,30.161383101469085,-93.28352846457848,-72.91005423932344,90.52087060561658,-92.58770107056276,41.95603204417782,-10.454809376207791,93.29731346571174,65.68339168725413,-90.92461007265624,83.44906000172543,-28.983320730322177,-41.79669747863055,62.31360541693985,49.285437344989674,79.05418622385355,23.94121621714116,-83.49540629415846,16.934390854736094,37.38991214394915,84.14575730011305,-63.93803516631067,1
-25.055605898524718,-34.250802330078685,19.937262845611883,28.804643327109574,-38.35278981401162,-86.06084408617083,-76.86299595640567,-21.724341281791553,53.07594186373038,-49.01784900624841,-44.56884990683634,83.17317849323138,35.23550367874685,-39.30526469666056,-62.9418561192993,15.767902123504612,-85.74368868802036,25.028944906281495,59.23334788850153,16.346770622255264,-48.39173411032529,41.04002985493051,2.6904476811088642,23.179482573337353,-71.44061699913797,93.48882962166951,64.23060452525905,-84.57701845536809,81.50202647051498,-67.86983651782283,-56.807341916030566,90.29395839414445,-13.388845926894803,38.47261176550407,31.36705472552333,45.57097013800754,-91.72490159951468,-30.473366645652817,-26.782069162652263,89.85399468884049,79.0584187852167,27.800958776002588,34.83344767638778,59.38476159693977,-81.87318791016769,-86.96038430071182,44.817225607887025,42.67581512862654,75.16313175289878,-68.53185252761642,1
16.638160855419514,44.11728387412748,56.18663595809886,7.4691176826001,-42.70703657099564,53.5268964312331,-36.36561182545772,67.84176292577823,70.98331830538851,-16.603329570228183,-69.73192256347559,-79.46823726805641,34.8127637405662,94.24886530419792,-54.20257012027716,17.26959891630429,78.8972504196729,6.569983281150044,-72.56611111432494,-98.94420158930038,92.9051981828488,-13.98159148239742,56.10827216415598,-38.71241564693941,-90.19489840261838,64.17456181940938,-80.12817120289864,82.14137824131583,-32.27721596419528,26.086262614050185,-34.84855557003705,-82.63312401053241,38.98359318527653,-63.14775091788509,67.5460735115663,5.064672466238832,-20.978322885563443,-53.23751508241066,34.35911143333914,96.82916744535095,-48.954020122837115,-58.021002856450906,-54.75685622054021,71.85164840604762,77.26531914563051,66.90821261529251,-17.817668972608217,-62.15322355549182,63.81346181738624,-55.68219920591393,1
8.139695328982071,-51.05688059525981,-85.3278480966161,7.462051800722108,48.43580765903127,-0.09292045119195791,39.604942151900445,-9.506694246237075,-41.768891340864386,55.210499795771426,44.26442260429491,-42.64232838264501,-43.93840182547479,-98.30634783981931,30.447033019861834,-29.948446397108427,94.50700571572378,-59.70358508257303,0.48516800933799686,13.357940285337449,46.148171193336594,-29.355133391756965,91.23066785052887,-35.127773491400745,20.186759778061855,21.193567497342386,34.12752111114952,57.2010908347587,-81.83237333400979,46.083290567571055,7.116828095736906,-56.89212663228722,10.357780244584177,-81.50214475243034,74.68996830031162,82.74092253795737,96.48766758607817,-66.68195479965155,64.66587507157499,78.94810032466819,-72.60727509857753,17.945290885762148,-66.60340864925959,37.47829938443948,61.227299393078596,21.848729610970025,88.79244217274936,33.10577895516593,-21.98737236996358,89.02031759684917,-1
15.57822253881767,18.15074427061296,74.2340663921945,-22.412984864226132,64.30170337961837,12.596012120389673,77.66199329618226,0.9079784101510882,-99.15881574339723,53.14667500329037,13.143835638471629,14.450910348410545,-42.47127586279817,89.21463159037228,-21.342455468868835,-78.66779718881891,24.01452498337933,-3.1014778050118252,86.57972344288336,-10.581066415775496,64.24057532527397,-75.55720438464337,68.24126886366511,31.941329030456103,16.065724715974852,-86.39577600817275,68.86906366142128,41.31727694192088,20.133536956425573,-82.38710894469943,-17.731674543883287,97.12587093268553,65.28558095771356,13.939700874772655,-44.501684554118185,-24.60708261214613,-78.5983108499872,-57.91117724136499,-64.40762163356814,-34.30222117639548,16.251049265615023,-19.610012640678562,-58.86888136264146,61.670643528327645,-56.4287043336007,-1.7940386871751315,0.29802763530622656,13.650797165630351,-27.187034943032103,62.16208071430876,-1
10.845302826403326,-54.05674326335366,-86.99080845257188,-42.89141242609331,9.47624669388702,49.46491369034453,39.833184579147,77.8506485869743,67.59031465314888,-57.89576649537316,80.6254532973239,-8.833597496097951,53.60148437774143,53.31126750581578,-51.80067530845276,3.413333401721303,31.28548658994174,-70.8284363776126,-54.11822612180903,30.902664348476918,-71.51946263979795,20.859239384075124,45.81107949641731,-63.68303877834136,25.734689422687282,86.09301464542992,-82.94729850591037,-86.02578284679655,-8.672903258368095,-9.461237428506635,10.982409452094103,39.04451520407986,-27.769082365150993,4.647230422252235,-25.480422464460844,-35.83817841581987,-2.888812690374067,24.683791326349862,-1.9053496477584133,40.92512050463114,-44.83345207809539,-59.73088115783849,24.631681219651185,49.687634153701765,19.463367864726138,-57.909176787609404,-20.852471484753494,64.74805938273295,-16.106060580043206,-72.25703443113372,-1
-50.53037965136047,75.42551237970034,-81.9362879401854,30.788734435985276,-33.3163997107967,27.40688181454192,-10.32395201934439,-36.1338385676218,-93.0734363872617,28.298660319005876,-17.930151868038678,35.9734390184035,94.51753136197775,25.952791655657137,75.15312210169282,46.51585255213874,-85.42302702976356,22.4709791317443,47.57904677811493,25.770288965244404,-99.17739421824412,-1.4073851249615217,-40.370284965411926,-97.50711393027703,-80.62334605462016,-72.29045978151088,45.97917269939262,44.96318893623598,-53.03888339327487,-25.897819904701976,-52.448474375996156,12.515617140873687,46.20803275296598,82.7727562156631,-80.51259434385038,95.30542966443889,90.99694755619853,-15.195974717080844,-44.84063117532791,-63.786561883463186,-59.33406935105088,72.43686590876231,-42.0809425179677,29.83492723659444,-84.43237847169138,-75.45464407548306,6.542912383192842,-63.489018096569396,22.984342448501025,-7.178107141765523,1
-26.44812982454208,-52.37503134920025,42.81086613109147,66.60992621379819,-54.035915894991085,-23.942950333092043,-80.56284487599414,96.78556581285218,-92.29233332061249,-83.29090708782319,-64.43282838910429,-16.93482047441219,21.748875720133583,-85.47857523030515,-41.83186292393064,-14.280459037948702,67.88204712015772,59.6465251095033,-2.723159548376259,91.04753068632098,8.488710352332546,1.7070168605525424,73.85306656249432,24.892372056377752,-31.182202845782186,-49.869954273345755,98.3719664879628,-0.3343814395829128,87.94516342118214,-2.709467775967738,29.2801340523543,95.43605222756278,-17.29164633247761,-1.345773309555426,-87.89628658687103,23.605082070656664,24.272068578316564,-90.02954695445018,58.28846013338526,89.98778611803186,43.19791770357946,70.89317696071862,9.604515456798453,-85.66837968070868,30.95831350042252,-25.017747317484478,-9.45190183992382,2.6486452184656883,76.89220775300208,-62.42868067928169,-1
-49.121683831630605,14.062501565300778,-2.437303638480202,-24.069196826265355,11.967360570717943,55.426810613154004,-64.26735893375923,57.57741343633225,58.84677712948306,2.090603524874652,9.445157994956716,20.075057204346052,7.715633132606058,-69.7255934681429,-39.90894799690188,-52.355533825893616,53.6732910504698,-97.77958673166731,-65.03771042588508,53.798122710936696,55.724011968774846,10.040972834109724,-62.263866756776665,-78.61943697360154,-78.83328943610115,26.120184545548298,-9.565173642498308,-75.20074545801091,94.2510973054379,-81.19261021341535,-43.06903269993869,49.71122552841234,30.5119171844903,31.5487915087474,91.27019309455824,21.240923313491678,42.59957878343454,53.71795737093643,57.405641810364585,-60.82582158928525,-50.04529755177205,-5.799116740787099,8.673267868128278,21.219885157398835,76.54448462613698,-67.59259586798971,57.83905356951777,-25.31145477725741,0.42479770706778197,68.17699709803671,1
-56.46652008389279,-20.85103403052912,0.018467156446646982,86.92107761545066,-68.06209750758319,49.95346517016753,-61.665698829836614,-76.47807761604754,-24.820329347335218,-17.415933053147967,81.16301120975774,35.71821985519557,-18.011631129344252,-71.16530248777377,-59.305402059819976,85.30002077845435,-19.011059648724824,90.67112327466461,-77.85218036697637,-68.52403085844222,-49.14880736698819,88.2219905998924,30.24224037310438,83.13620248083811,-32.74345188506149,-24.322117398174086,-27.629055496801143,-87.88319204709853,42.991739672297655,55.9365987218404,-94.9631382701562,12.306611585113657,41.433330668633005,-15.841086039656432,53.47903542270532,-47.811980188085656,-3.3659051727027816,39.74324788816372,86.13663500816224,90.84072180137952,34.37759853110276,-90.87792941238658,19.31698067874987,40.07659711429167,30.412354166431783,-73.49656592197016,-35.357940605077175,57.83174126599485,-84.38718856774288,51.65437571480237,-1
30.458329718387944,34.83738976592278,-89.97119538563796,-59.23610125669774,-91.97298991301146,-43.469636298825584,23.99476465622297,79.17128514424437,-26.341748968257377,-15.617737575135365,-2.4345384297572963,-94.50949038772794,-79.62055902486662,56.43024287839742,15.646126083508378,-51.21851942953146,23.403841702715255,62.672723384943396,96.4451986096739,1.9941859330379543,97.65198307875528,53.04413159677753,75.14128282637785,-86.0210049791537,50.15079292753737,-12.98034658095024,16.479922856792896,24.159676420116824,16.3671439676975,-30.432653696576907,-56.81009381148845,5.71529317940589,42.17123058926805,-91.52078501077767,-27.850853908274374,83.48338484558343,29.92954019054531,54.47781747368535,36.39877799978265,-72.11422279684811,77.29671141871245,85.69206873254112,-15.97315523947816,25.573917194953438,17.957513599408273,93.23705332054882,23.129316247386143,-41.81512259485287,12.269948937438286,63.163629425454985,-1
-71.82859592404003,63.21135142286471,-27.321504113574676,-9.525164595339874,98.07490459344243,85.76919517525087,91.5705855513655,61.928908039423135,98.3941605530454,43.71121014751549,-29.48174112879542,52.142642081339574,93.73953401515527,4.784193734548396,-58.10424113546062,66.98509404862125,28.042943747251257,70.71162609594353,-67.41250998083495,80.62767399073468,-15.84879995247303,-59.84159763363719,14.869500698516475,7.031060199247733,31.44161747355662,-29.711337692554565,87.57230670727017,40.81041160644111,54.10023444758835,91.72101642670168,-11.214322694088551,2.8946842633481396,-23.281798967403475,-73.24110327498434,12.138286400449601,10.798346550445984,-26.257806484831875,-74.81183326011353,68.09109971956786,99.56476996965108,78.94701408947847,31.42575602720777,70.0547062979922,38.81226748325045,-16.757886399062215,-63.49349907634907,11.301262587288008,67.62361513309682,94.30519262674929,-8.187947575908055,-1
56.7306025482286,-86.94464848670722,69.08384034015398,14.110570989994443,-67.67193286584515,30.72588646346307,43.18760497680887,-94.40045143587463,19.162346883794996,72.57836454578779,-27.25375131820533,44.19082852682189,-46.93452667866917,-28.316330358042848,-93.2658476886533,55.9930148525487,-9.68491635110631,8.438735840127336,12.259820826563427,28.96136708667629,-96.1887435710091,-99.68750158625434,-34.32628635110247,-92.8475047273446,-84.99429139123885,23.512301724766644,-18.491962398983674,-63.277539320322916,66.43788685323636,8.04618388057095,-62.99005103155852,-38.60117959746972,-13.623191961398248,24.239358505125836,-99.90189156586406,11.032324079538142,7.5604191082238685,54.05135883776529,-42.041521905233225,0.6341847235091507,7.935681974158257,-4.725733692297936,-2.298943756839435,-89.63156351744463,56.465556490205984,-20.75855306717041,92.85107994719715,65.4481446804059,-74.41771613526089,-5.373756273347269,-1
-20.691443535745975,64.36786455058049,-40.63995898963222,75.6671211775174,-97.39494393741512,-57.883221183471115,45.29028869368727,-86.91149953498922,-98.02581359215449,50.521614513860584,81.37124722328477,-33.1368195009843,-33.2142012397439,-1.4898359852604415,-11.190800652552355,67.80826717833747,-31.026262667111595,-29.8761988801068,0.9414895224346225,58.54907241087977,29.747533899535426,-73.10532949541886,70.75898619809536,-62.54305370026194,92.74378020192157,5.531663242366676,85.91560182602711,16.392409337785537,-56.249069823933965,-86.72361933327069,-68.1886125479162,92.24889093666627,-54.593293050926015,71.45180257754288,-83.56025784303577,28.674777344706484,-9.442671343979512,16.255492275358918,-46.3360026775026,34.41706380136719,29.926283691192225,49.7736569608536,-4.488462582017718,49.59129555763977,76.39716494554705,64.1230925145671,65.71733645872101,-4.790165987697108,89.53164851866654,82.45045833831662,-1
-18.11758563659633,-21.18327029799363,-37.83076889652135,5.282722078975638,-84.20903461368636,-42.826432870744526,-76.12658601691982,-97.46471648830186,-32.72140021479177,99.66935627772457,-29.112681495475144,-17.343334595262434,-10.725445458183572,-10.380497942967267,63.48414379569064,25.16431711514153,-27.5372224730111,84.05826342113863,-17.94975413382589,-78.13907984927914,40.258835683513496,-37.918155525282856,-41.40212623280419,-2.2176548197903685,87.94021869801767,26.637980369215725,-42.331918485085865,26.542408432101467,-31.554203346150175,85.93036677725655,5.30070323952944,-86.93481702176653,-37.925316011820165,-0.7146261043270385,9.800881637259295,-8.374007090019589,-5.98439759384047,-98.32800261246564,36.838402540532684,-72.6824569759041,43.46219530901661,-10.446222848101002,-50.56998617198274,62.67808849220211,-52.262330644154595,-89.15664237332817,11.126714778203791,-31.868393023956116,64.24100585760581,-91.99984196266146,1
45.86196009544125,58.20081481308145,-82.06014059834908,50.717071799899,66.97069810735036,93.29573458090451,-60.26116527773095,62.31578889016646,-35.202192696132,22.413999722638067,-23.211396073474106,61.47639975371112,91.39217327185861,76.61193411817956,-7.040018989163329,-63.33816113894986,-8.66240440728751,-89.0100730103999,39.50528611091116,52.02330064100383,49.38771543525536,-68.00141949606288,53.91454476041889,-91.62971997285054,54.64661931429197,95.47727634284303,56.1857452622902,90.37561892264796,42.108113760258306,-96.86183573615044,-78.63409543447199,15.3476279299543,-98.39376297205011,14.224777193132041,13.582440455159954,11.860849942644563,41.29448145312463,28.34394084985263,-41.789422782772355,-54.81521438343919,58.10173421647761,22.14171768660765,66.20920665304067,97.94688933406087,44.31828716116547,-17.203624873175414,-84.23614511824226,46.57414057071588,-75.42606652257855,3.1591883406429986,1
-88.47048356019502,30.165590097865618,38.9930537637278,-35.7641482065072,95.39463254510383,-98.15608115781946,-29.97928648508426,13.621332618192213,-50.45393252473593,90.70150491815332,76.34837669092954,-0.2515659662844172,-21.966743819162375,19.67339123032255,66.79336107636934,85.72385938286175,-6.847424014626299,-20.77112580330281,-11.082114998456944,-91.91873153770163,-45.972380762270014,16.049063168084558,12.133370334132223,-59.11584781987705,96.48693188868492,43.32296074230254,-44.099674364455296,-6.125670927018106,31.08809580262391,79.35076469264021,-69.13148576507189,-22.617368421583507,23.91304360624069,-96.39861603050521,-86.11369541835697,3.0148970591371977,97.55557345497289,-35.6279034477288,2.019878334432917,-14.478247273826653,-37.05242718716746,60.05591829892413,7.619143938238594,-50.571951149745686,83.20545073688905,65.14949589325636,-47.54029523932242,-19.230794168896963,50.57131730607617,-15.436107757476549,-1
-13.914517935801967,-91.22378232625128,12.222021753680139,93.88002251323735,-23.065875040513205,-91.91318089696856,-71.82267809518223,16.763933589355545,67.82912509218218,97.41759681076408,9.276662350419485,53.5137380006791,24.520700139224402,-86.94424844842605,-73.18087630313912,-96.9133501906318,27.744643012373587,32.29881557920126,-35.00620401686483,26.52645618094951,-75.2257416659464,-10.311843112912115,-46.10527477194315,-78.04398125741854,-13.337861193652941,-62.85623912304843,73.40061565263412,10.700403922661621,-70.97757913497804,-40.75790512778574,-17.17704843991868,-73.8597345667232,17.34228618239635,-31.545376145814046,78.95686389416585,-43.5441323194091,26.498645353811582,-56.66668617806192,-56.65934286094936,-54.245608740780284,-1.3948949677846372,-39.11385841042645,87.98427996758687,98.06002316608235,-4.186616050298085,-42.89833891563095,-38.92952126237081,44.103153850484034,-41.26880492200986,-64.30430957771667,1
51.858501383694716,56.271243679040055,-43.59152904206578,-61.806220448150114,-14.82330710699415,-83.01325564569734,59.612273060978055,81.87245893654713,10.58416337035186,59.85588465497142,25.994612809372967,44.03794738556559,-63.075560183864354,-86.47134210052548,50.16860311961858,18.417116766537987,39.16502466876139,45.723651072988275,-97.60854197190089,34.626685561030484,-34.90248744512205,68.8476716483556,8.735031723302384,5.970243114821102,39.001215772582384,-13.478322421413623,-50.66856066481296,62.49220264090866,-93.54048491792388,80.01862911373826,-82.51066815203046,-43.06711088929702,-38.21343114116762,27.42996342161237,-23.93452910637386,-15.461416020465222,14.966568972244573,57.75000872981275,25.281145715444666,31.033050266919133,-4.343889281818974,-27.989926319983198,87.54998411038008,-46.82092691649209,45.44451517157631,-21.644370692618125,-71.40801450338745,57.49157781644806,-92.66502446281184,46.55883877825789,-1
-62.94592892333526,72.24644545207718,-5.507934229210477,-79.5173753746403,-44.76323711869925,-81.19118480466929,61.415716167148105,67.48752456434269,-93.12058376937289,70.35818231427123,-43.020648574459464,93.31945845816549,13.131724066659146,27.50544996552304,68.03032477994276,-10.227353934037438,97.9014343210284,20.79698439727578,28.55946065546027,-8.877407721505719,11.95660245419441,37.49606149286339,83.8670559724431,31.738393001002805,-65.35418149315987,-6.668744906092286,8.38445246313573,-83.99259695602817,-41.57898810670526,-83.35564445126468,51.61532585888068,-17.12373099429827,-32.28943687537745,-80.73604923591581,25.325237695862143,-93.27890015428106,79.6303319998326,61.41970645080525,-38.486507276362445,-23.978171373554446,6.045950012276862,5.364010010773839,-92.67147313880693,-98.85259061542178,-97.17915664367072,-41.424906925115245,56.128144723467045,-73.99331068644199,8.109625538219916,-26.131379105318132,1
-35.29391750290169,-35.4197862844198,-87.88954875174788,-89.80558623622201,18.555938795349775,-58.331527131390445,-56.680863574215515,-55.2183117622443,11.13330443570672,73.11426629311583,-57.21104256516845,71.80667729591599,-97.30309982319561,5.5472899880037545,91.41559817222566,62.05676744925577,-27.395574025577957,-45.86750393522716,-28.50718163310499,21.69108047828152,-48.152863100082996,-67.2773340786901,60.53850724158326,60.488437292103384,40.105846826451966,-35.62239292712066,-92.89682536902953,-64.69971425917724,-85.16276233768663,50.19788414608465,-55.82645991294095,-92.24950345199798,-62.92555007379437,6.640524573236178,-34.65221735856743,-23.92969794225084,-51.23213586820401,79.06544333063147,60.08508637425618,-85.08657494809175,-18.39482642487644,-83.83393167550261,48.91712795991069,13.005694405321222,7.480891128371667,-34.892158507348796,-34.713017237518656,-14.483068678374337,0.8523917928124405,12.630244416006747,-1
78.5116454972949,88.03596694584829,-25.765175862177387,90.57390407161674,35.200312188381474,-26.41554060834406,9.609500567708707,31.08862504691234,13.230016923405685,57.85600846390423,-58.85938489493674,-2.3712485201993587,-18.49255372061178,54.16229443708221,3.8515502198708873,22.85460743643486,-11.745952397871065,-28.481463677879518,-64.62373926695915,26.52849060772367,4.25105075526082,-98.1904692139298,29.75269904003258,-36.486271045842145,3.9285927930761346,-78.67694664146111,-82.75177084995747,63.71307058883593,-78.4331181712561,25.018995750560876,-6.89400705316541,18.473370800060593,72.44555616617095,-74.0214630935509,-49.27764709543667,-21.178133475626353,-21.21027073146861,51.20409276642843,88.77807440589757,50.89336727155148,62.64079367679929,-59.360796749081814,91.72522022953135,-85.66399827913554,79.70560917708548,15.44027962635846,10.961840057345682,-12.582881346763813,-25.613694087378363,19.091489363204488,-1
-52.625888205103585,-35.29507725259242,-49.26063400083785,52.63487712194777,-64.96042915236775,-15.483486259217585,-90.2057231428958,-66.2964388323811,78.90458004123238,-75.88564465553216,38.51611672214594,-42.74378112123098,39.05585008476319,15.849983988089917,-93.31019316182423,8.946885081049373,43.67112948002162,-55.47482296937301,-81.12688287831426,-74.58574804129225,-35.645741447841274,-50.39767434243447,-34.24068919350907,-62.42484774230734,-43.85937398231188,-29.127828762392994,-27.16575047839808,-94.62456122197472,-70.01179502143458,14.037702588121775,-13.842122099900834,-57.700020675468046,54.79224379203035,47.124530716895805,75.65558541700017,70.33871192237913,13.827209864176112,25.887094749988606,-20.244146337301288,4.537841033521445,69.3125841901711,-11.974691730134367,-7.879484384911734,9.25488271569634,-15.544429675278181,39.32867846026619,67.59396834254304,-9.65185344942141,-0.36186728815741276,27.147384604777926,1
12.132018883234181,-14.577510716133176,-84.50284050990172,-67.23726728113692,-99.9385849932489,13.179392671000073,-56.93411899930627,51.79181222320378,19.81250266223182,56.71660099215069,82.08208461562202,-86.0117584920405,77.24996610524227,-86.13836615314028,-88.56093832860805,-20.26197981177971,-46.87327050737036,-80.80743632738789,26.669636172064486,7.730370113551444,2.382419468816252,13.56545778579165,28.207555559648824,91.73990465478587,-88.08376600433449,3.5878624613228993,-25.183732726365207,-43.65773232702483,-58.221009905175066,-44.28355926280827,62.32465699880558,11.248986903407385,-82.32012977378218,0.7884573922112565,-13.558277106989053,11.876094145432731,85.6399853239416,-49.241036579947405,41.70015430153293,74.85594370232906,-1.8734407002535534,45.640983651770995,-79.05338492594905,-31.54085588961719,-60.93181856721923,26.26966253154042,36.97054580747471,77.16702939111309,-54.58064901446049,-46.349585727957596,1
-89.63529263551462,-29.090358234278526,-11.38481341331024,-76.15101773614776,-34.17931379044627,-91.3273399663546,90.62657186150244,-55.49598944242926,10.573840752534352,-70.31251927507189,28.319155564459777,-77.93705266417538,17.63671183134376,-42.932189183460444,-7.16748474638365,49.486750142638726,-60.71298083160948,32.17183719125771,33.82991392332704,74.29686639668475,-44.6634343438296,-10.499147966286287,56.3044492726938,-19.624987195105035,39.51357606713907,28.583891478384686,-41.42204985768792,19.27218035549822,-10.039749182605192,-30.805947058475212,31.028913616678125,-23.701986746306687,-15.853603774689162,-64.19264978394948,-57.10940265604538,40.80834838958839,-79.61575818831199,-43.354907525949706,34.912376083015886,-95.95719622604575,7.959636197808308,0.43765595134968294,-56.804037345105755,25.878195622281737,-19.278337457576143,-67.61060251235415,75.49515680315483,-64.46965719948145,59.276772399338654,62.97679952618864,-1
95.45676463538587,-29.218866557636588,-48.18035892357775,77.99202432306365,14.900865500279565,-55.36845431941468,-53.622475798554746,13.856763527013854,53.451810528531354,-57.25544601315964,-0.8276638599715511,58.21022519415558,48.50784165012817,-92.42260145948293,-48.99138403793488,-64.93474472375962,-85.77878649044264,-19.19740001807986,-69.45824749751995,82.10499841263092,57.96233328030425,44.161287296986075,-57.94055728076943,-28.7764927868499,98.79240131872325,-25.611360076113442,-37.009032523399576,-24.29864873949363,87.46398795594305,-75.944402367019,-55.36712338252805,-1.4134103709414063,-13.864270258762645,-11.855899837212775,-33.0009998607982,28.04491109869241,-97.12636389242542,2.919164958998806,93.20907744701756,25.135276224288575,63.39074430598711,-8.251451210300601,-56.0868388725203,-96.14244638678299,45.88359160728504,16.195452202530532,-38.227816553916625,41.206292759370086,-20.324934611988056,21.610752611501027,1
-86.30825613328439,-42.42409933303109,-86.7018409650467,79.18182774629815,79.84443039494548,-89.96516558681418,54.642507736301496,45.3102353744562,72.91316325197508,-11.974845009230634,33.334850568766626,64.75965761288322,78.60360227641453,-62.66829771394959,77.03751606481143,10.505204693226872,85.17753698820877,-43.19877032885218,-63.29103119978497,67.92383141004856,-17.827897883234982,30.658181720608354,-22.98176837832328,67.35841668618963,41.411565014680235,11.070516562497772,-34.531931204334796,-68.54230267063753,-71.69474238867215,67.10333318463034,14.070585359021834,46.812947680516885,4.372258331553013,-66.0621682538755,-38.15162802699825,61.19246574828452,26.431996587315922,65.36026586227058,-94.36297906130908,-14.932792532767934,-98.8597214933011,3.5670952720915636,27.717832790239697,79.39212764255308,-29.14824204693089,51.869055089248405,-73.66548073346968,68.92273468081805,-8.846307808740221,-94.15823967446624,-1
50.47490588753601,-35.853283537685755,11.8603744153654,-28.86252202112513,-35.712850938596574,80.3862918185863,43.936630616537855,-58.633683786970934,-3.6567361494903423,1.8121376600693395,-46.12331015315305,78.58380143300752,-53.87501284323499,41.47630920529724,-27.657453001872028,-16.806997057619782,-25.05553412683072,77.07853598053907,-73.63262403070848,41.39663166339824,-27.364538919200726,19.400658455377425,-81.7587167230684,-22.55885142018255,-80.76400649729645,75.76466510199563,52.005636436736495,98.46239178926811,-17.542267499368876,60.338160309558106,-27.373401203228482,31.962216757829168,-31.04819545345275,-79.31438461991213,-61.85799247437478,56.86003488675965,70.57412647660723,-25.01013710386728,40.44878373144877,-0.42152919606526495,72.63879473729008,-11.182901308757891,-50.1674593850523,-21.492048081409635,44.69074801882539,-74.66491356406586,-38.36602377472425,-12.480400785282015,-20.36948217639494,87.51736431635436,-1
5.731320797855119,-99.81139149450193,-10.91891428443303,-60.857317014346954,-19.8273522390147,53.310674067946195,-87.7322802241496,27.719336938118346,86.95013625193283,-15.833242799883806,3.080570131847921,-39.20531201904514,-85.94427085095424,-4.246622375550132,-98.69150524707908,44.86156629040329,-34.28527995692447,50.08804665987165,14.282554863658305,-90.6751709985911,-78.90511790723707,77.05622536715012,-12.997835959233228,-74.39631127132847,78.31877634555315,-98.20194938724143,-29.171987103486742,85.50002302026661,54.253612306391915,-42.42808635139317,49.467857618917236,-10.36605332710765,-20.675773174163936,-44.430190650562174,-55.024637709212996,-11.527233630936706,59.004428839826346,-90.94808646027846,96.42526719466392,-0.03377094489971455,10.579043506967878,96.12537152577161,-64.18321153226054,82.03304959747263,-20.904658900661843,86.91888315591333,-3.7289435097565615,5.4659673155168065,70.34232082617908,40.86266033677242,1
-91.84497168904721,-59.29302522262072,-0.36985594977032576,16.388728301156604,-8.740071641888832,91.3270026955226,64.3699860792378,24.130447395877397,-52.23698459736414,74.6657905819851,-14.824221741669732,-23.514005351532035,-37.71804421209745,-80.13070971592806,-2.9592234850617842,13.60824461520977,-51.63539200718059,0.5545377329682992,-91.43776724209143,-16.660224072173378,28.175335996898497,-12.16397837720875,-64.28789899104586,-14.829077414168651,-57.977633898628376,64.46859265082927,97.7768460302444,9.492622092390363,91.71789855437547,97.21183905284661,-16.875914002337453,-75.93096017877762,28.653453359815245,21.99707131670563,82.28518876375045,18.534542427721945,-74.7265357261183,13.40996848465214,94.65910080878962,67.11259408775683,46.33868147860966,-79.7643216090978,19.514786557726765,2.013329518501706,24.60679073342527,36.090187538098405,-20.071968927953463,-61.57300756137944,91.21809499747653,-94.11965056477929,1
-56.25687740041454,-68.73371232143228,70.54599305570952,29.55115225720084,-95.63362472951538,-42.48808698186022,22.81253567072325,-64.33565074855048,54.39863914800267,-99.1943460595613,92.92042640358517,67.88304135482736,45.269708300484325,-32.59365756638468,-57.67330703970539,-55.89671635986815,-56.94887128594126,-65.58711430616313,-49.78321757845088,-29.672817166136923,15.539988724708678,-93.57190124914305,-25.614359534361512,-2.5490927831293533,33.366187329267376,93.74219141522545,15.255164476476438,-57.42442852123742,-14.615501300885029,-25.413330266723094,15.068933539519719,-31.64157392350681,28.077815594809323,28.58426472958061,25.866083276625787,2.1425681921462854,99.07547176422437,75.58960323938575,-13.350089039353932,92.67229947575566,56.51395451427942,63.500869166463985,28.239149850007408,-84.08136328491676,30.335526243012993,-26.937406303768924,-52.73385523268248,37.22616612790267,82.08255751195,41.45203657687864,1
40.22791888349474,36.61391503802483,-54.56174936355678,65.08738312099968,15.423431445190246,-57.91966182590351,-89.63637430641779,91.69858321174755,85.6425369038339,-33.76603024960443,19.969193427494275,88.76324926334479,-78.45150446284055,82.90532769190457,30.818900553703116,56.72083131777225,29.79057715370101,99.7415446688687,44.59750742787054,-51.16300038824244,12.046126565661467,19.62068593183936,-10.989277979641955,34.12156032832084,81.85904488226339,-16.331488739319795,41.89415534334799,-35.28001905671994,65.35080174952537,-38.771051048684235,-99.68296577675528,-52.18757848788675,-36.142015273075145,11.147324461148685,-16.67475859308483,-81.28551819738044,-54.27971882924947,67.89943527738683,-32.9552438737545,51.9884706328979,90.79568496484723,98.73053907555672,98.30258364717284,55.83681774280865,18.79579070687288,75.28813811333495,-98.98281703802753,95.50311391628884,5.598217721156161,-67.1241082993937,1
18.339432461265105,-61.70207701837611,-92.12196742206267,-41.530515156969706,30.159428344015907,18.690347834112075,66.18462507135152,32.08401666877501,76.96794949993361,-96.1650917492431,31.220193304469973,-37.132178321255815,0.19854890698509564,72.63753957430026,11.128620359198791,94.06874119477564,44.00940483669336,-2.213397536486312,-22.582663235934362,69.56367557554825,10.346492773551404,-67.40561877722797,-77.37136716786846,19.730339495966433,-12.537476702792773,7.9692532986464215,47.99512471316842,86.46362864574445,-48.13836973906047,39.91874579674487,-48.178146907032904,30.663934502479208,55.37945481815481,-94.84664615698337,-82.91646923671897,18.626695066235314,-48.790778223321986,-7.64789036941194,95.3903323376669,40.88828407260357,-99.83277486550641,69.35913484768267,82.38534931629275,-40.14308982076666,-10.309220041968388,96.5353649086803,-57.8695399307368,33.716357469891705,-94.46429993396954,69.15381456521024,-1
13.545463586210914,-19.42199378999028,84.07796630000738,-26.825659370204875,-31.99814661841893,-34.004874314461645,-24.9523237746142,-69.06297471867333,16.881935413328193,-89.4834876356249,-72.53554818032126,29.39226398929756,-54.475470085053466,-90.08378301545564,33.89766905528904,-68.02885423078875,48.79905914420161,56.438173441507246,-26.355748624716057,38.916327574636995,94.75072197548656,75.29131354886499,-9.827052464245384,10.615085355511013,-61.00198904508276,70.76834961462342,-41.690330107531956,-63.66869061063862,-31.42443295735069,81.2923034178645,93.26496460229313,-0.10324391772296337,-86.470978355745,71.57226274478069,-45.56155532223589,33.683291974852864,90.26710829622954,-43.48735206111587,51.05498611485581,-50.36641364926566,4.646852571086896,83.52752638128973,59.56574039331497,86.25561307964139,44.71995127800622,81.66713428590006,-19.143748501814486,-90.43247704993256,64.4438537387376,78.11943029994737,1
-0.6073034188339506,49.290425771422804,59.02814450230446,28.66486273515764,53.32349282586293,31.435301054695685,55.83323950524121,13.890273497500644,-24.125876832100275,6.5273143530370845,-42.66657574840569,66.26834973980996,47.33198235267355,-33.31020247421239,70.75674816289245,-74.72175912790712,87.01782423454725,48.71115092129244,-94.22200634912565,92.95182984797032,5.477207162068211,-0.581682675126288,41.64115977732487,55.15299017809514,30.80141925417402,85.431190207861,75.72105266614366,-52.86316573840946,66.69014961747587,55.325888012895405,-19.313546916662034,38.39207028667522,-34.80166988685083,-41.76306392924198,-98.59273670295995,-78.55475920187817,91.59314274299874,25.590452221403325,80.68406813037365,-20.128308390609135,-58.015815021799156,-12.504728786678783,-19.651002696171744,11.533368496000506,66.40192566435337,21.27219927061006,-30.53837645430019,-75.76904309004917,80.85548191909751,2.917232584488815,-1
0.6264945103080066,-18.518945677730244,1.8227384977758305,24.51569804425975,-4.584565688157312,3.2708325332991848,-82.85529545036381,-62.904099328715546,-18.676338371275563,-88.66291727582654,73.85412079906638,-27.26608856384047,-26.936550043194302,-0.2691918190741234,83.63766814039363,-95.95150620598254,22.200147998837963,24.990109378017266,-46.191426963659055,-40.96797267918162,56.8073736572716,14.71979810035782,60.91841939446104,99.1649946942467,-69.6333182439548,-25.9028356125216,-83.67169574252738,59.442779532267025,66.62501654489938,-58.196588111171366,75.42025253080769,-47.075810121587345,19.480315510565276,-27.28275320094278,57.99397430648139,17.29031887906511,-92.47378450812936,-18.784882789326602,31.51831614957831,-97.69617086128453,28.390965424576052,75.93939369425286,49.509359097079795,51.15981353383185,-87.24456997705244,99.37134039272985,60.42595765366988,-17.555253859808857,-83.78243077510356,-83.71044820347919,1
88.81186793732266,95.78947117093236,92.05046504028752,-21.712795955428874,65.11047588353725,-71.00084688710791,-94.98052890060038,-26.56816942263633,-4.160909160886121,-89.38602687648198,-89.3409199687853,13.642821861624014,56.469833785416625,-11.673899830075513,12.640979796719705,50.62634021157547,-59.39804378942719,-35.23100671360548,58.368692165430645,-46.897958162501574,15.430800000400396,-76.60781134035716,-14.701744995827084,74.4403962394602,-14.133377040143387,-31.481327665190477,13.195127854766042,95.9037498939467,-46.519226637289044,32.84168570106786,-85.57055157535464,-64.66190751674101,0.3453219344238505,64.68932382092487,14.784337834705696,85.18555028584845,57.210976401441826,72.53998707240436,-10.641654281564257,68.8674556534861,48.53515613820338,-77.26782066164148,49.47826775051672,-4.134146347907446,-77.90408353119702,81.67409043714451,-46.27000575869735,79.40232687628722,-27.702444541003544,76.01868347960558,1
58.903108898149725,47.10414115871623,55.720271740111286,28.190443969635112,63.67461077397894,-92.72583325055346,-43.45390600161223,-64.30046400511624,-86.11990066152886,28.10569627931872,-93.47306273438687,52.914802137748524,72.34590171102153,-85.54547805886719,8.825433496468293,-18.424728910229035,-34.56862250283696,-49.697829273775355,27.767949546380237,69.00308682362981,32.577445308139204,43.03219439259186,-37.69817379007427,93.00686730440168,-5.414148205478114,73.80280501447271,77.18542412615315,-84.03920272434662,89.56340113019425,93.12397736934105,-47.18095911018227,-56.50036257461019,-21.184909803271353,-1.7572368500086384,83.01324368544348,-73.02474171966908,27.89624231723758,-80.85484066663466,47.83074135964648,21.60044118944728,-0.9185030501885905,-89.88036426619949,92.54175372085388,23.921958307862496,-4.37553561580701,93.29530932693078,-4.036168770867633,-45.013203216388376,-60.43794450328903,-79.18447317072497,1
46.297271940623176,-11.417180391607289,-6.761953968893238,-18.29542084722749,36.59639846539534,43.47417867413796,-96.09293060209785,73.95125974507476,-19.573109289449107,-31.901402986195748,-72.1655798455628,-18.174498645065043,38.7555343404332,-43.53942260030581,-85.69162999627046,60.374563774313344,-11.654307927113479,32.94361591738658,86.53271644645727,-31.845000447385914,53.472638801245665,7.826144519217323,-84.74407452696964,-72.27396801307087,-88.65104195157608,-88.31555494658146,91.94906285558798,16.64778215289246,-60.3164656080992,-64.05559682329468,72.62483248029866,-42.60030460446276,87.41615806675011,-53.552094876542135,15.397217151850313,84.82483584928562,32.30462177136292,90.93841317224619,33.14645306591274,-52.36959829953576,16.00234012324158,-99.70703313921341,31.019145213235845,82.7331649672033,-55.45208985911885,-50.30205781934174,-37.676449954397874,61.4991649451008,63.80993469434986,64.74733725374958,1
-16.110401208537283,78.41487021872413,-84.92902075422164,-44.12873535184802,39.157261284685404,98.01962384321033,40.48904888002315,23.072451280185263,99.1632437211735,-54.180353711153415,-50.93737002763263,-81.23397449160035,58.60291897097122,-1.618813941289261,54.03442493615819,79.26268933346074,68.43870971109473,-31.912336986956575,-29.906957517625557,-2.4557514072772904,80.0136116718987,-27.64502217503339,-68.6027402846444,-47.47014139073136,-87.71313385047736,41.59179323110308,88.04992644845711,31.04474782363664,72.43274945119998,6.19854944698028,-57.764891790759634,-83.0922427015054,17.766787341899516,-4.48496716665538,56.23438448105534,57.37797752555957,48.21377970209514,-45.50398772472237,25.893220227037133,-35.14410638411513,17.1001368187367,-93.46978769752047,48.501282268917436,96.4368947817556,15.26201818108683,93.17810594502103,99.5492632742083,28.66043404876018,-68.54403127223327,34.182561002966594,1
-90.88296841026624,45.39597426916308,26.150999608153526,22.061556308019178,-79.24996461589322,61.199690911341406,-8.876673831568183,87.99966352608752,6.263448056003,35.37453333369146,-28.626600146539687,-1.8350939526639252,-33.37548550326608,-33.42747938721267,-90.6164098089,65.40424633002974,-21.979291918106043,-4.926942897278423,71.57651107503901,-67.46423066992588,69.65504434357149,-18.330653539817646,-10.706572893391979,16.129697604057,-69.63475705006846,-73.87601118533178,73.48483004473016,93.98387293060765,91.99284390040592,-23.112549761879706,-68.7791812138409,90.98024759356363,0.10823764150016757,11.984311551139612,-82.79176384022722,17.842821636657376,14.939246001865783,92.7881292266201,-96.93189921184494,91.87208774404766,33.0840069111899,44.51788649336203,-61.18507265560862,-77.8358872750247,97.08314412818814,5.967767978595418,43.03110078839788,26.094034464304457,49.10817830226293,24.972167458923707,-1
-59.47347317293137,-57.239757867453434,-3.2018499334920136,36.34568741102686,89.81736316387466,-43.130979611012535,-82.59906190778004,74.91728306378761,-58.736921011257316,-68.30218821530445,-66.8390339910325,-54.00315940548066,75.22289412712885,64.44192431272728,-37.57203171260499,21.972540402901657,-6.540700143265468,-67.84458044594419,-1.4918658842098864,-44.683854033775546,-49.211187523260676,-34.13805015159619,-88.13227434065487,-48.99462558154652,-87.72883889810964,-10.723011258427363,-71.38545836472602,89.74998760195928,43.86832944576847,-6.134780577237223,-63.57298892196748,77.0681359196636,89.97098428362241,-59.61699511683489,-61.16567862264037,14.9364526473736,-80.09090031646807,-89.76190192165991,-73.96313810294235,-26.46568362944177,88.37610231833551,-17.614114162754717,12.883651734548081,-44.8717049860317,-38.44182088882597,46.454473997183584,51.29669019134954,38.24456270370604,46.43598375431503,68.44741741259966,-1
-59.73757843551335,-23.293097513204614,-51.03820771757333,21.89231720215288,-95.6117064804872,-62.39656928928443,63.22372732373927,27.898535001096008,-5.155770999453807,16.198021549894378,-63.87429290841802,-22.975028856257396,-82.07033902636866,41.70944248924209,96.9295673883689,57.110818857917764,-50.2034772430489,-2.3372039431213807,41.18740176851094,11.868231427825762,-21.429928083141306,81.0113364246917,-92.61260954232822,-23.759490577469464,-44.12819923406324,79.24414404403203,95.6095016156051,13.261699992041542,86.97307406078923,-49.753029594751055,-55.08421196773712,-69.27184644661432,-4.498493714959579,55.761014540132265,-45.01476713838046,26.870221202956742,25.63517281858981,45.67221784007302,-98.36939404508217,-11.934251315384444,-34.23750124455138,-9.02030493868584,99.86982536925947,48.46105641508453,48.76434947707139,-90.23267477955639,97.70726901924343,54.53808844033583,58.919665693806024,63.04803686187884,-1
-16.970869201450853,-30.778551843520987,82.84175793616237,95.5694174656114,32.43307093894151,-3.5362839864805835,-87.54281026338045,74.00739363954577,-56.79801326058795,33.55755037122927,1.8531380278548255,-38.665789221930204,-81.42412630854226,-82.76659893610821,-30.971360103062366,32.16132638627823,-79.97051086047247,-96.53640205608689,19.87439692912946,-19.606185713261624,11.138347412582775,92.74626318890498,68.59297777333416,-4.958628402187443,-46.74854890251987,-31.826526324647418,72.95796046881924,15.15256430214231,-47.07638789249571,73.7309089180441,-5.5317008321694345,-10.017328190637429,29.805481625344243,-64.19880825577007,-33.62312575228614,-30.37067260075345,69.66591809506119,32.66648251563274,-86.63995356808753,-75.01686410340994,39.498279309379,-76.2432578858511,-68.31183381407043,-29.09009471181649,82.91170519766362,35.6463901829793,29.559892515588558,-64.89624125193322,54.11993869447218,-56.58332492731548,-1
74.38261225610111,22.189305140530635,-86.05845070620776,27.010214040497843,-33.23608628947976,63.40925088063395,30.572412956082417,23.77511054920558,57.77746566912765,95.33308643748165,-57.08632360250261,43.53835445236493,71.42437445737423,-6.4426436751976865,-78.27447354923058,-71.99108352589217,38.84331690387296,-52.59687419629504,-50.729724471629936,92.2075286801524,30.48338849376927,-65.67124948864105,27.737176016230492,26.119129946731263,-4.774333623523262,-58.330185086660855,-3.6212341674008712,88.5571617319531,-1.758143774781388,77.37640998992435,-15.091529462536585,90.43187016538414,-24.46769122344159,-78.19050083976786,11.516142429257144,-93.31699430932747,-46.01346245444455,-71.0947630292435,7.857517233340431,4.567192514242379,-27.70877972119537,-71.28756487995057,-98.58818204813669,-62.40150054443605,-87.02869318617333,25.73120435245164,-60.39321076009878,75.59703893534518,0.34763107330331877,-62.987417340794785,1
18.64431402147686,-5.313013281190251,93.7227630691859,32.688878727793195,27.147871506037433,-21.260357388470027,-59.90058586298643,-23.76256296554773,37.89798434250454,-19.420898660496434,-38.9330675227143,-85.26689026276195,-98.29098961806935,16.154646502026708,47.798348142565914,-48.39922608020393,-30.648887167798307,38.77328220677626,-40.61255424750787,-91.44113065856807,53.21381337385594,-97.86295527709889,-65.2476845503798,70.13842320995167,38.455178259694975,-51.13245443265502,47.165426317698206,-7.181581975499213,-21.07100224537571,-97.28424368121522,99.48952562956072,57.261449708842036,36.720986254582215,80.78470776116933,-99.09442551164074,-81.05085819884444,63.42199526373901,60.105301560828195,37.31242621129718,-78.62036486804654,49.43566319787871,-86.18130785798841,-74.42492160755636,24.80210547122543,-47.98285187033717,10.085763960467716,-59.23009941608643,46.49598180524117,-73.94880771246636,20.03457934084139,1
-47.79029475303038,-0.8565979843449014,-83.06603714494211,84.3510490053786,-80.47435207829511,-81.23421976658305,-3.4779658812727803,26.10480865572636,-80.46046581246884,-93.35358766101032,34.39292963512878,41.76896223984821,38.91294053820192,-71.93602554572959,-18.246455077175654,43.5388896439099,79.59101856879002,-86.46789519305527,63.64953634704642,40.6577494012202,-19.156113877524888,-3.598005509071072,-28.571072745438528,-23.31039678851458,16.950328708423385,-36.255983469498034,-49.0812411397948,-0.037439424264306354,40.56287982000367,-95.25710985007694,8.264937322333992,-36.27127698532937,-97.09217708050363,70.37733552224711,57.45128691070627,-80.19061781476388,87.30861254078869,-7.4051767067193595,48.536330829722715,6.1349844968580385,-64.49660260146788,-46.07581174109132,44.87864038118076,-30.967120417143093,8.73857843982762,41.92968878688819,-92.74465810119298,-98.02040280433297,-13.760974735817726,-93.27286978709657,1
31.356020944858813,23.71702981442307,13.237196863475049,-48.70389472637881,82.10320198640127,-75.33719754493109,47.88115414365021,-89.94622976507738,70.69871436934972,42.07979303858443,57.107583269243946,66.52714808616642,-99.05776763893013,-18.41697007645722,-88.14750266015045,-70.00548654002176,-41.531348342779275,44.048842868826966,-31.706930631191383,-62.9946671594307,-88.88381356746964,-50.853271901574026,13.259023089669626,-71.94784565898813,-98.6037190835126,75.52143197229177,1.4190534877658507,93.81559863036398,-41.9356420522129,0.9806757432664739,-49.391867598531334,62.9960481635041,-38.40440366985256,-12.737534746270867,96.95507190235756,-17.943253932820724,21.255586824280726,84.80038005766454,1.314550104224253,-33.230814719039614,-99.89964197462915,-76.81320629347661,2.8813904610762933,-42.06893095564978,-59.828916916850126,-40.14809972998721,-30.14773254753807,-57.574422290013835,52.67972704362876,-98.13847803333498,1
34.0868667593835,50.78753688828482,22.10123480836384,1.9500823227534454,61.28007202626594,-85.71193987823523,-69.19905890357751,22.06182369363509,88.2272085883863,4.518482625977754,85.34730535234965,-71.91021435579128,-83.95591293672211,-57.797946184413384,-29.97247711733681,79.66421940165321,-14.048431954763501,61.4684186526371,74.22972764292174,56.65923236729836,98.73672134688911,-70.8616588038253,10.546276445495039,-92.58568750238265,-90.8466498308584,2.1183601121140185,1.5359851610642323,25.621000496522612,50.03216104848275,77.12609505799006,-68.59819673784634,63.26309977815342,98.0307719463894,44.63065760867164,-69.57233808727102,98.35074271629844,7.667675591307429,3.6354996189921707,-39.219430593186935,38.552991228653525,37.48156102965666,98.98151059280724,79.23452892747753,-89.76898330926547,31.66643541688947,33.98221069052693,-52.21219752801467,-74.55689149732416,77.14131916069309,-96.84832834957975,-1
-33.30016566177116,41.716709153565034,90.92750267201114,58.517432006713705,73.08340705922407,39.38872516794069,-62.74996310815679,-47.94823379464142,-1.4325881923492574,-51.98700734800183,10.80942090028995,-40.45594797282188,98.49993439687273,51.62698631616891,-68.25143494615457,38.69910648203637,36.48546336469303,41.57846331109428,-22.91962639275826,-9.749062842646893,17.508754060494,44.43979326065758,83.61678458865711,78.42437099238447,-24.298529666997055,19.501270880707338,34.237605214860565,-5.669279951264826,86.61896488142432,-4.718359950146294,38.12886844255959,53.39410919972843,-98.13865718892099,22.588566280063986,-94.4987026668418,29.728500117144733,-63.95417148987341,31.615979324675124,-2.9903304814157536,-5.057780799969308,7.524626940337669,74.21126427257451,-22.920287407061494,44.75240099176875,59.28189376069207,86.73712586106831,70.72978244606438,64.62087851885809,-30.45773482519661,32.17108672445522,-1
94.95863242935661,-51.375093915466266,-67.06594749853897,29.37204480344434,0.21406414145542385,4.154847727704308,57.372544748093105,-49.34854610754527,98.25981573573068,87.8848817817811,-79.27674926785708,-91.15150858043543,-40.89857785905553,55.381439209529645,-10.140459599190137,-56.65157604086863,56.68537111814109,46.25757535092137,-76.64909091415575,-62.13376053376118,51.59485898881121,-73.94549118917257,49.839180682655325,-27.69644034872644,23.128795418906847,-8.505134389129324,6.972504832719736,70.70784026283656,-19.163613771327675,-74.25260893889676,71.54463896221114,-16.396367870743163,-47.01766680456105,39.822381831629116,67.07802257701599,-30.36023198539914,-64.04385523720853,34.235468321160965,-30.04604388435628,96.96872641555211,45.851792696529316,-41.82505898422384,40.737173130588445,-96.48421806217686,-3.95850678043314,92.44408239068912,-83.41036219149034,-50.67029580843769,98.14973707170046,12.679805178902441,1
69.81960399173522,-55.022643954893645,39.49980720741891,-51.478596609309555,23.27910495537185,-90.64162984641175,-68.38913961939113,-85.66182394091362,-60.063521081608926,73.61768592761706,79.80106216276553,1.8553145145147028,-83.0457945489799,-19.71326808621616,-36.71934780476356,50.45044914473374,-59.323222561643306,90.52074838885085,76.05185075027939,-0.6669080299971881,-71.33004730987886,48.054846381171586,-68.43692521457665,-88.23165294330273,-83.85306545860442,-26.83590511480709,87.47756048979255,47.28017077499604,57.35504376467938,43.00308433758789,59.70887232769573,45.746954569600746,11.60374840465363,-61.259442452019016,-62.01130869794187,-80.19138513814279,-68.72161548783487,11.870359380875414,18.46221218054886,32.03527030937576,-64.54475898451035,-39.61890479749288,64.00415583964016,97.02203724646233,57.77117067973586,-61.01595970419187,-78.62038027460294,89.9756360259968,-88.6139886522588,47.755557728095425,-1
-64.1810121343637,-76.92002834383436,59.63416052356905,40.19640120436537,-99.71055589580014,-85.13681723281647,-18.370837656506467,-96.45225181828299,38.33586852262221,96.32984027441015,-12.932915734511298,-29.239693015040842,-99.2419839123108,74.33690010025015,-44.69717292467883,-75.74463242227586,-32.83540196810202,90.58251854348035,-9.817059272172642,88.23854753780407,-50.090120432512244,22.916526478153855,-0.4950395532509617,48.41720229533229,28.4572639718794,11.525449469594236,68.69367529766882,-68.41869491766923,31.249663889438438,90.99372226509047,92.7273245734437,29.17952598034657,64.26458508533923,16.872365604394872,-47.63499029606169,-86.35632969047357,67.54619732884407,51.006991656587985,81.01259295706745,99.34276653946353,87.22841490067557,97.5720072674454,-39.11742160522154,76.8762152936929,79.97516568298235,-84.79097286537348,-50.29105961953915,-19.50970228859832,27.172440594391816,-32.36276227334321,-1
99.88274515413332,62.293187830336336,34.41687812121262,-55.103899753454336,-47.841722895109015,-48.35912143259,63.08824929759396,-51.50443446640311,-10.626885152285382,31.439897348128483,64.37629672679788,51.32677951681859,81.47299635048572,-14.649602524651655,-50.8633232400306,97.17845716357459,3.8145918892506216,26.00314576517664,-91.81308254700875,67.62689762281775,-96.38329245375093,6.480118003460248,-43.5195397610548,2.404643177772428,12.639543010626568,57.7916936368552,-8.360792139454503,37.678666482841464,13.242419860595064,18.364730364742428,26.18223374355418,47.27007174766956,44.19191894495265,30.30709469395495,-45.49648963406598,11.129964327661469,16.614449920319657,33.38913356204597,-68.10562907705197,79.65581601606164,-56.00480987155221,24.29841063467184,74.80310563228858,-23.73854297212408,21.44886034352858,-0.40369977522007616,-84.0942207871086,-26.984456110428596,-13.968968811485013,-30.985784273258247,-1
-34.70773835120163,-58.4977009230242,75.94410661204316,-63.837872992472946,-40.86828563138036,-43.89059534245621,40.968513894567536,33.73918589494474,85.81696410159512,-5.394287949323058,64.67546698256908,24.871623895287968,-24.230119548208975,18.89072701107351,11.342959952902177,-52.47221680245169,71.68772018026468,97.532043801653,-90.72028922529994,-42.334491740857814,15.632154453407082,-15.901713311516048,79.34114516884668,-93.46800829001403,-94.86741974973603,-88.57059413131503,-50.06292893192894,-47.993540225850936,-96.49399473083436,-39.81844522369129,70.14131090770343,18.889759956453034,2.553257641787198,-3.060799327545567,22.669033902741106,-81.59096679879113,57.41280684811562,76.46178592739963,-39.17656695430469,-3.5105228175720526,-17.890455015752835,10.572054366821448,91.67563759659575,-92.4974839270734,58.544453704273025,-48.60985209402608,-26.16590900117815,-66.37880860436883,23.781886172301924,75.44508233487943,-1
27.190941432745703,32.47437198255071,-25.620800091764792,-26.049498405394417,-34.176917421034545,5.594301961673182,32.92814242036741,38.72086838437582,-32.76899117958865,11.89725152530228,-55.71455616314849,-19.780686348496417,87.68730373315654,48.78646877993057,-31.135268836222124,29.87447071834538,19.766462806900137,-36.2588410137566,66.29561274457586,-59.24637758535509,66.9715417951393,-78.63495855428788,2.8411158354261232,-20.856399961062877,61.52236227950755,-13.1397681759331,-62.902693096410054,97.55132266566372,-21.94111720257463,-31.426935609892183,-91.2212497585287,79.03811824410113,80.1168805430421,55.15009655034004,-46.484494542300304,-72.37486922839847,53.38130297554969,-38.88354772064948,66.43574596906652,68.00213875199722,49.73584966686789,-88.87248439747637,7.577166160379662,90.12227461747474,38.578821722542955,27.462641504574336,-64.15468108617937,-21.32691659362456,80.95429444236242,-35.54150951904265,1
80.23160209819778,97.47369446244,69.75054011304701,63.01479813652199,-36.39871612111993,86.94847259539648,12.084503723173668,74.12840748299288,59.52078588667712,45.27317223984858,-92.01180612248947,-90.44417276098127,-45.076138857707384,-8.556971687832984,74.57369725432807,-95.50886378883953,-33.876762682704125,95.31611979991848,77.28530799021277,22.111303957991638,50.04538802535507,-93.91423773483704,-14.437787254863665,-26.61853674629677,7.829730908577304,-76.50389204321564,27.693367669452115,69.0716858052354,-83.62167453566747,52.901363421171624,-84.62901755781287,48.756765419674394,10.363961834620653,-55.72788844880587,-87.26617339176373,-96.08784439677322,-54.742697804434926,-63.01582088736375,-44.766056753307296,-76.41611245127493,-0.62088955220527,31.60330994766096,-68.88309303829878,-61.144795664813145,-82.30611344936861,-73.59766127366265,52.58063819646529,-4.756402634264219,-57.55169771828357,-51.96232468412867,-1
38.43226833882639,19.212786220119014,13.886536618970922,47.11163965358341,-20.00477018257159,62.32706399294133,-42.226054114142464,-46.602259753724404,-86.58250856636714,51.755277877761074,7.914771863665649,-46.813047593958146,56.65555421298808,10.445929869298581,-41.00527014179398,-40.034078253239635,56.723557683584914,57.296662288415405,48.431725953821854,1.4893750175911435,-69.789408120445,-10.844732465050086,50.19023297211223,-75.31747773872567,98.10657910710489,-98.53557365466499,-19.456904899005664,-87.62062347879807,-60.70551362311558,-75.22812880476428,79.9981759872621,-39.404103994581895,-15.030857903145204,-14.21021267500852,-76.39414249163616,-20.287514674431634,72.44721765762952,77.82219868442073,-88.20702925612389,-81.50836645530579,-33.05893500802897,95.28046861158111,10.493467162410468,-3.52347635292611,62.50765978034843,-65.02204805195018,78.77517770370591,87.18783633132603,89.09063331937298,-11.482391452263641,-1
-10.31089560433604,-22.74245897089095,65.1342891958956,50.58971993262213,-58.34288278715327,-58.02883990309211,-73.36390745902743,53.50184941936337,56.25475089868982,-42.63363777363347,-19.816755154852288,-51.12942144588253,-30.56527563334545,-62.923837629968936,18.716528584845577,-84.58260857674193,78.44618136976902,-75.75462493984475,-23.167671569203634,-16.410231963871453,86.14643569344446,-15.054949559512337,59.02293256540224,47.24662776122756,64.49881279240657,65.14752186671106,12.052293437735244,-59.59963702409705,-34.06306508074198,73.72372680286173,-40.00433721276957,-81.75929508865367,-93.39076849100951,96.873273711418,79.4496974021277,-0.19905230607331248,26.60359754894708,-52.11459227799868,-17.29542771262878,2.988769989582863,-75.3824841362377,73.55908667973699,-6.5833928682004625,62.40783350826996,-93.64065701305495,-48.340989730119624,95.44532704463384,-65.126269061653,-66.17258898385374,-55.281780620099454,1
54.584296375223005,-44.548316730162774,-72.60697523814103,74.94530104424163,84.32284465608893,32.47341903733613,-29.820384833531293,95.73957695820582,-86.46086756310785,-31.167994077617607,28.274170287553773,-23.91074154737396,-34.51859791840852,-81.67230104658879,69.701621619864,44.213077826288185,-30.920238426197727,-61.17430958918428,-14.098000944622655,0.19683143884392962,55.06225717948843,-57.0536037533351,30.242762725013307,4.125131881929448,-52.771594580840286,-41.123910234163084,-61.525541340129266,-98.06086226834603,64.60096390748663,32.40101013081224,10.934300340050427,-4.6364578448460065,92.17713796690418,93.62717218310442,-27.59061123736373,3.085987285580231,66.20779953333383,-4.035881261251006,87.42919070238594,-22.68953343889703,-27.219173950759597,0.19905968428723497,98.98280434161441,-67.12552608684506,-55.953948576097346,92.48407734147469,-63.124879588868296,-41.93494894697156,-56.840924738469,-38.85523640131756,-1
-32.40096862969284,-2.953908846928769,-25.053795492848025,69.60558053145627,80.98368406885339,-34.178143787453564,21.23368532895671,16.615538751738995,-17.558887496311343,4.740401986396776,-61.59344951337646,16.45447887264497,56.3579757289813,-71.76457011174035,-76.99573818947133,58.88619176998046,84.3243282080964,-46.061277167070294,-96.5041466083782,-29.209730401055694,1.219596468196542,-66.76483980455487,41.198565479337276,-93.96522498219167,-33.47463785619797,89.81838627681182,-85.60865790482389,-16.17347013559609,-67.36530422748802,-15.250996925659294,15.865217464780088,-87.70399225874306,-65.98399982843259,47.07906281678237,-14.924156273809501,28.061028269431574,80.56164299513352,57.35036469681074,35.498940400229685,95.52630702213722,-35.37140317879073,82.60312299232666,39.010589870802136,-90.53721631649645,34.34403744067595,93.84870496210092,-63.03920068155095,-88.71618770571493,40.236432778002325,27.413083472720828,1
-91.9428962444003,-26.02227487037503,-90.23167533585121,97.13320460490141,-76.7962977441721,6.522442928200633,-79.72121227455855,-18.607792336197377,58.512928179530974,28.725402386135443,41.73968628008146,-56.311245721427206,-80.44934564936716,21.940346368384,76.52888831588186,-89.6003123611562,-62.21042019896408,66.59835285070949,45.313390056727,47.63795125786311,-97.96225608552076,64.68566540312986,81.57772411219935,-85.3760656222689,31.099709397307265,31.585646969237416,-15.499635997379869,69.95740266368495,8.622394411124489,24.676902830960685,98.32913596962197,-44.68687293070537,25.971648267043037,89.19998849259994,-24.430436180644378,46.30348266202668,-10.369988213243687,15.798617102944476,-59.66377147117019,10.198275619590731,-82.41653924973423,91.25503507198613,62.05631909769079,77.98144089791342,-21.631440402591707,7.272110522995774,-26.11812305285393,-62.22485636197141,3.767029721850591,5.505127499317666,1
-31.736270809989577,-85.79508647013468,-21.744628918610886,59.792505051394244,-7.985601160367423,87.54265673059493,-46.707513641557206,-86.20272151595243,-2.8425183643478107,64.47810168861022,13.526988030742132,40.25882177287997,-33.6904565969359,-75.33316985524627,-32.74317507066948,-66.31702749580751,43.45826715760455,97.45287481363277,20.2443248029263,-85.04487923155908,-84.14876810145495,90.50240041369932,-6.0492770933910975,-89.08681543905614,-32.28368403241792,29.859764759129035,-61.77630221045616,-28.505342398116994,-65.92270738970291,63.10208572164706,-3.30016020445791,94.6742452137232,3.3283266021754514,-20.741731431120144,91.49788395606916,22.994977804145094,-75.26550448087315,-10.691695774475903,83.96149347520273,-11.743515673717809,61.81118690856064,16.57724799048519,-16.39338101081003,-7.148109240379895,-0.3999429002752919,-20.352932025420372,-60.9158117930924,22.216126477977056,-31.04964366730934,-17.025770173048826,1
46.174069155232075,-36.26054854292053,91.29962495541969,-46.782452826210076,-40.411908254192184,-97.0182422233963,26.056731164437608,36.728486097231865,-30.370130470607307,-58.64668895411329,-41.75746915093568,74.93713500184299,10.529936068715969,-73.54504320175104,87.06404216479692,89.24526106624339,41.36044471797413,-56.101529309473605,73.35886680782869,99.16262907231263,-42.765200415278585,45.620760975763375,1.1349336818983033,-6.648141199625314,-78.68172948732462,-51.563276362581554,19.09006954676842,20.077543195307854,70.21859722116557,-93.66350034311735,-42.26688568872954,-33.27831805074403,39.438770043399984,22.84068237101397,40.10946565965358,-56.2566389379687,-15.37986443964489,30.71623566848359,-34.31170411651084,36.0394555933828,-5.115091311300674,31.515143887369504,-75.97443380939906,54.19278988830857,-38.14275518190706,27.787077559408146,-18.190260243103126,28.2749147288755,23.702370181236915,32.82728889866374,1
-6.267871601174747,-21.816514631767546,-25.93596490989556,-95.63864137512088,8.74779123278573,79.29689873623434,3.9172105934247554,17.24659783051436,-86.29107769464889,6.046000994427999,-71.99105637432315,80.23955208462536,34.67827213742501,32.41488395124506,24.800764108026,47.494887725697566,12.80525311570102,35.89428265205896,-9.846425190309986,-64.1733679090037,-46.00879733337342,-73.47694014704288,51.1611988301392,-27.468581157248394,76.03558046004522,83.2890480728245,-10.160649983642884,-21.108853664392896,31.70630733327897,51.499427139276094,60.362494264648916,61.774828985590375,-92.7179791460854,-36.864793109062056,-77.49170183589177,27.96132386090578,-5.774013600358813,-67.28573905771586,61.626260368981235,-12.855146633259878,15.634363258722516,-19.314711169820242,15.096594453900792,7.661630388877299,96.11159875177063,-0.1011818283928676,93.51389082437726,-0.9625937175169241,35.13140813610525,-56.821446186467625,1
63.81270277233122,89.15529944926942,20.273525398013277,39.96573821648417,1.7703290499762971,11.138238895727753,39.031502097960754,-70.89961106359135,99.82199626190686,-85.36780089479134,-26.208090125233568,47.51632628145589,-74.5339390915052,-12.24682391919103,-87.4752061770136,-89.36631225547586,98.79460164049868,-58.23897205564037,99.16554219716042,-61.243716018386806,56.32896230835621,-11.622297101645614,65.60630718663003,81.82351545403313,99.8130141021841,-87.53137550667509,19.46224861257828,73.20948277052409,76.60143206738786,-39.08176676254045,-8.328845457626002,-43.11793750112318,-47.857185144619876,92.70858300728594,-56.705472039048075,-86.51837745074977,57.95017912109628,-38.635700758213034,-46.94623691518065,2.8882156265418075,99.17412885669506,18.203343070741298,49.10135054799076,77.7599007867139,-21.00846798564379,-9.463620724177616,-70.26477035642512,96.89471332609318,36.42647033031935,27.751594760152727,1
3.7581243486732205,20.642612419900857,-76.15428443642827,-94.5029610341258,-49.64824024224927,-7.1053476080655,81.51319186726991,92.59635553043216,-56.98078993725133,-3.809235483310843,-59.61131592148745,-93.87638947559742,-13.26955061815525,19.00075396230865,53.163934631860684,-62.55664644899193,-61.7931727202544,-73.72745722204502,63.253893875456015,83.97754316671916,-28.387895959995404,67.5327289341545,-59.784009829239594,-28.740175445747425,-61.44286548464375,89.31260920012127,-64.84940583444663,-57.66690199723623,-7.370748485392028,48.15507293699537,-60.09883538065639,-5.930449556229362,-30.99102437547117,73.75771003568241,-99.72693792760315,-43.04479420189264,-27.14941172218957,-93.74625574708477,-32.49109550702161,74.73043245621145,37.027517297887215,-63.17087818970813,-90.88707810902406,-16.090140990687374,-97.95098193526557,98.99745982947701,50.164807913705914,-46.55507151603007,-6.955777537223355,-74.42055036024529,1
33.617027314129245,-7.212747309021822,22.441812651443158,-44.62589660696867,-50.896521902308066,-97.30054582314587,36.123261475588606,2.419391491026772,29.1004443677065,50.709869417549896,95.71576609467141,-81.18573651262548,-38.42976222503176,-57.74732638740679,-65.8941447482585,13.394386900811028,4.45671207149087,-21.77255261453324,9.203914010298561,-83.01427317659471,87.76744967739415,25.689156542544666,-34.123503095362935,-23.610640015927586,84.22112789504101,61.90083570246813,-33.35990271277663,67.27605687451131,10.717266939735381,37.43181939715237,46.63433006318641,-61.0751384472136,37.76115934056472,-50.55878534703175,-78.29342402888702,-15.708064439007813,99.4392566953758,77.69159243547497,-86.85987993964433,-40.08765537946224,3.7530998366151636,12.092581143048164,50.2871894795463,-55.195897930792135,60.03713088000393,-65.81907620226687,-2.7835506312972456,-22.7142432519624,21.369404441537966,16.824901102331083,-1
-82.1177995375481,93.10358364695327,-34.09157329522358,-50.42488553520985,58.25696578508018,-95.7400324146141,15.062871301061165,41.80704826515432,-84.63540335779109,97.68696945482168,0.8628085993364039,39.54462684550967,-27.463552105945837,37.7328392433686,-64.56625006625941,-96.06059460577569,61.37417067946919,-79.72943333631454,-45.50970064303917,-10.995576206378786,-39.36622713456528,18.580677189653414,84.96153578703215,99.05070634813754,-84.19301259744606,9.056374793699447,-2.255095189389621,87.36365643147627,-85.30451885165502,-47.12723082273558,13.383239796772656,-85.50194367773807,-13.871422515392524,10.592892324725995,79.23477626591827,-64.86180454724689,-75.51972721403683,-38.88505003535141,35.569769625948766,51.29517536861121,-61.402263412459156,-57.79448071654445,11.568258132723045,-63.62704073533392,37.03609901749712,20.677803278535706,0.9352415598198291,-36.814179935860714,52.52271847786457,12.140173343691501,1
-89.07311599980554,98.41843740576402,19.24621596847001,86.23161822212447,61.850645530130976,-61.579763880122144,-33.17427122495231,-19.473663177863784,-78.79712881550635,-29.422701861923997,-5.876075867903012,11.074015226974353,57.745314244027384,-31.703061543846346,-93.1795280429804,-90.34015156926304,-19.028686007000076,-3.2107718971580397,-81.64512713219759,-98.28979712398313,28.740322064549275,-80.4386942186442,38.55258716507552,-16.398044459169498,47.70792503686758,-86.49554219090925,-8.879944071609188,64.13907277559676,-23.645569268780676,67.5655902401223,-22.86821752276677,69.3221201587125,29.29326997197711,56.60690248248784,-0.11131244537902774,-2.534557123223962,-99.79234558045252,94.91375988684348,-40.189509419911396,-53.55637228371022,32.46235657850269,-25.497927916206493,-45.40889783956585,38.57391971831578,-90.74032708034134,-54.721252134538645,48.08050481786967,-65.58556638914504,95.19946479693883,39.41202136302442,1
13.14899012265785,-19.641265933327247,-96.91700831031847,-53.34847170920041,-32.62076293704543,-8.135907596039644,-15.66479942722981,-49.95985644411283,-36.692642933659016,-74.21974976731045,3.3791463939649304,-47.543437624910155,-65.98204973197716,-44.29811922991929,59.752247480880925,29.800295699227803,13.662707276677992,-64.6227553885094,26.64833792042012,-59.47140614045732,-46.29837042095153,-32.42917235636722,-23.2032859011956,83.76399105432105,3.0499282803468475,-54.831219476399106,77.24794384052237,80.05899473167634,-94.6810272060973,-21.538830852768513,-45.28079519949042,11.647164542686,50.24662938887556,61.03149923337938,66.90809601753242,57.10145503445389,-3.2406337736547783,-46.08742146254243,-20.92874735253072,-69.24437692908343,1.0451096264586113,80.16960893728245,10.47040442989946,19.223311424213207,-59.48206938917109,7.668166751660806,-68.9319350970543,59.99170536146397,-10.3385597645632,9.281278498327737,-1
-63.821619724220334,94.1146665254721,78.81092254042892,85.62904417912841,-12.101626704372165,84.87279233713795,77.45466432851177,73.0621048346926,-28.019822059590012,-90.90033882800304,52.014960206932386,-41.98542330237247,-3.189848056561331,-31.709242165584172,71.19324605780602,87.8704741528351,42.84290960092849,65.07395041427785,-11.179718350430818,90.25882583986836,70.13966069046177,-8.398187004090602,-27.34126237492154,18.67299129336635,-68.30432086845522,39.7790136769822,-85.5611238944407,-84.53283421909966,-53.44640364243216,36.444084815963606,96.73849163282247,-13.101483031188394,-40.38650527151806,67.85400324545768,88.72834871895043,-37.25698807616602,-4.002786140586295,1.0417830360419629,-88.01897060078498,-46.35149290653617,28.54785743429875,93.05331558693052,37.215871910723564,-66.90532449850971,-52.99536451719984,-0.6743618584182656,-53.365387922769855,-57.7621094571896,10.635739584986766,-56.71214099589381,1
-21.37921848811979,85.85219503957842,-57.824431878529566,88.42932061323907,-92.17089727819669,17.657576767099272,-37.72943131433701,86.77367472531893,64.10996569846725,28.68002579901068,39.31802975885148,-40.976868451446876,-78.28896432732364,-36.293456773832155,40.30555624950617,-19.272393716148144,44.96147533185737,-55.072697627701814,-18.364760228319895,-38.90766580490836,33.67903184163163,67.30250623073124,15.458653783161296,-53.4195019919941,-68.66463132607137,-50.25466956976366,67.99465409649801,65.88765583763137,83.59339452374968,-64.99511538428082,99.34762919011922,4.923454141249081,-4.969396566514845,-65.65174399557736,93.78229793817968,3.436112786956187,-51.44019860614468,46.81374622916914,-90.12364814041862,53.430442120341155,-96.67962171540825,3.4445805859973717,47.7823609558009,49.0802582214358,51.37774451814053,12.09522353324705,31.356413042019028,-97.64295862950951,38.35275965918143,-10.600503267214577,1
-96.48952732667422,7.475838088771013,-8.603928074399022,75.99713831216727,-60.796270939028375,9.477515738849078,-58.850148985326655,-1.0921551572208728,-88.53848149430814,96.67566041711174,10.580455417622048,56.18964579350555,47.60376491688652,-32.50399952741532,23.172211447005694,81.38335166869598,81.47948837452554,72.00182011369901,29.90291713830652,37.41700649530745,13.71056514606859,-2.6035062403334024,-14.168975687110375,-97.29154523268603,0.9428072629402067,76.46374707178731,66.19455252038657,-11.964355066257525,-67.2187135299281,-7.176824780056208,-17.926104393101966,-48.78899959163958,67.38601382838937,43.415067787704686,-86.80585177313415,-95.51140771720026,86.45941454044691,53.35799088199866,16.320737848178553,-83.06840981071102,-73.4468481242551,-52.271962592004485,37.64925428608069,99.24068097426579,58.55376947808881,-74.07956289833862,-53.2807482463866,93.11390614345484,53.41567186358694,75.48088029965646,1
78.53434221539496,24.590808836676345,-17.643594502845076,-73.87520662614165,87.11311204044392,-73.73751276428995,56.61856915217817,-97.46432458884743,-63.89281748569224,70.97568319501556,87.5554521448629,-3.964807602822546,-52.40253110841595,78.30189165756255,13.960043054376953,-12.849732193490041,74.45170911355703,31.29742398440186,-60.31834725960461,-5.224678184964731,-3.772233181232096,-77.30676691216816,91.70440719811282,-49.29402681975294,65.52050119846427,-64.02109405619854,-77.37123199293879,-42.15394494645375,-15.256211072945504,-73.2380947854373,4.152281840397293,-80.17034034036183,-26.81179203143411,-47.03829597809821,-20.29832742920385,48.57894714494833,-48.631035682009085,-93.74620161378245,8.169425232570248,58.67579032791767,-79.35578626278442,26.506868144512794,-35.85444596733713,-35.656006321453006,-89.03448800368952,-86.8034512774522,80.46984364823228,90.01718417548253,-57.18152054752623,-25.754869362803518,-1
-98.60957389376186,-31.34490218711035,20.14795489007868,71.60273151366536,-43.062862840111094,-43.31082809891092,64.57635710815751,25.6286951564161,93.61977874769784,45.77949862515277,89.21369148006181,-93.67046150763683,19.960204402840148,-26.7884582377564,-62.19926689587909,46.152262721391224,85.06776403432548,-34.18169405037972,61.20635791992365,-92.02084423719539,24.353622822304715,92.03109887960136,-71.89906608368935,13.362439693157825,26.763753904492063,-99.18429625967926,-85.63734631471209,-15.32390768891591,11.66650873467961,16.732903055477678,-35.24281743211297,-5.202724688237524,48.417698015210675,-33.209828086318296,-39.97630826940017,80.03480944352731,-41.535382108321485,-52.27622316588318,-15.834483157451928,68.6164822384352,23.456962224644997,-75.62063182938425,-38.12339086429657,11.568330888345969,-60.00988529959492,-91.1216911809592,43.630032062876154,-14.84413321207407,-29.91491925454362,19.583047997964044,-1
-92.65572749983578,-2.506432907205209,19.83512704211556,63.51653756986718,42.17133469325623,39.99320242092347,-9.753660278439312,-79.23567894875963,-79.00173622921011,63.51245057522493,7.223925392200869,61.41185756355051,23.745663455070854,-25.067232892422894,57.701486046456864,72.69856969454978,-53.543985370141044,-85.4333563426541,-46.63492238724629,-97.35356627618434,88.90458876446121,-22.61977636721882,-93.79535612881122,-72.48670336861389,-32.70753176366328,74.99708286577379,-94.16790818753886,34.502926476911995,-99.37429701261391,-20.661589389584933,-7.87051285698206,-74.29842087541702,68.65220214217635,-61.062151325171186,54.387631836166804,-16.855458394478106,23.093396408179117,61.81240355413246,13.55138889665568,-56.98207038314289,-66.4994494283657,-5.5911115078482965,73.48784694965644,85.9248837023338,93.68701520311603,41.673494067451344,-26.535273587458846,-80.73426566814948,60.89412654700027,93.14908037580005,1
71.44618747395822,-11.568772377437654,77.84280268483818,55.082902993284705,-87.63915208478268,-18.803046834615685,-34.54473980334521,30.407828833740837,29.065091883917603,21.273810192006252,32.3714557036954,26.260149283454908,29.677070756525296,55.76728383493466,-29.56186253077611,-3.660100761712968,-47.453837703014855,16.773704261719516,-55.55981663213123,-40.513353295157906,-81.90575180283848,50.42810518069189,-37.56634379188897,61.10852179768068,84.42284694160628,12.734367603186271,-24.842001541760055,51.79814099181331,-90.03753021272314,20.37995262591869,-37.862209111894906,32.46809328462044,33.33913796538357,52.259205506743115,-81.83925650473776,88.6444864410627,-69.45451403840235,-87.13966303698064,7.611588009518485,38.4288721058559,58.15347968917132,-23.0907696448497,52.69463541431361,39.408419720948274,45.03693976758757,39.79089989426214,82.49413319407793,88.12085233115178,-65.81261868015679,-75.59857462988396,1
47.813395187874505,48.809890245715565,11.968219116798352,-31.3539650064897,-70.90172850859716,-64.32439217127128,-68.12171220773672,14.874499509036724,-98.82326246699833,-11.832421815237353,81.63863058556137,-38.14160463159786,-70.61630637225255,-89.13442397537865,-20.5445347885656,-75.95956161573301,-37.30846545799864,-86.08345314379045,-75.99000022921854,10.341556982073556,5.688552937587474,29.66725837572585,-82.44661580785875,-60.919669026407306,-43.463184738159995,-4.202469827752225,88.13675142099956,-76.41925346210583,87.97701063609168,-3.79726479439708,-8.091602657159001,-55.275431440895375,-4.03673081555003,79.06191367928542,-7.588664035163333,67.6156656564774,-21.58205901466512,-18.35188870647555,-76.21427969266321,32.41374248997866,-74.92871134429926,14.906132518938733,4.486024052260305,52.22059211722862,67.33909133572419,57.9503354711064,-32.10934409703489,85.16178712531254,80.33033863840129,-6.291189332970347,1
-60.75085665876687,-11.412575653112796,77.66516294052443,-32.603375511749874,-70.18042110612102,60.08000425676573,19.434871865609793,65.53266849690621,70.38857204375734,-63.18546809722692,-10.913012938119309,69.96999026271419,60.21967201013226,97.57872081632243,55.39576361936608,33.57354833457768,63.55342122823723,-62.369593863861404,6.065571524926554,-81.56765397287393,-30.066681594465948,34.70057301691946,51.56871340264277,-53.284084366706885,49.40690416088361,-92.69358645518612,-32.8373768251202,93.17990359026064,47.45296292277038,-62.73649959647922,50.51313253512316,-48.45454645918694,-54.335816998171694,-46.543074722946564,-69.19366228431531,43.00781828467075,-66.48538376023635,-67.55998140645616,-59.72684491600453,68.24378666903016,23.82373061409153,-19.896490844999775,62.07377949476947,83.97218211450286,2.4404762331609504,-28.12821964654688,-37.686693576343934,92.70580800238724,83.69641674852184,-85.03494282337476,1
72.88664937367281,-38.27347029520987,-47.508739403021934,-25.010456552267215,-78.51510241258475,-22.127831743823506,16.031181992154828,62.503868115255244,34.017774098541395,93.2950038905353,-17.520655627090335,-67.41334632600845,-46.34860029517513,26.956958602980777,45.65841634965662,84.4854780263914,-89.46420328772098,-86.59224980604276,90.91770601673997,-55.87764284277752,90.5492245690445,35.32024183214932,-20.096543859175966,84.51730508157323,-51.284701971727365,-85.82278975007131,-89.05697469125573,-81.72015389091985,89.33336602098029,-70.94248486506656,43.705599865516746,6.20979308329224,63.842314985823236,-30.686291530864324,-27.5056671587558,72.2685518234943,60.19401581899143,62.8815938732088,1.782580995399826,-94.83110063712543,-33.5534717008904,-68.38381737321386,13.959520487839683,34.0450919760066,75.14945897267486,-8.162542494436792,35.06334872728118,-79.71986302294702,-68.22712542044269,-79.48820344042792,-1
-89.77292371157985,14.698352778195328,-61.07407055935508,-46.05659918349223,80.01936229262355,95.45027904785567,19.612986685955036,42.187242390389855,63.993368882476176,1.49507967723423,-86.06588663735515,-15.913636311568482,7.491717616986477,-29.828184955995482,-10.98709154044954,35.08447233083908,87.37953262493986,60.92652570193016,14.642844615439898,-30.88630877347049,64.34895250129799,-74.36166179433758,96.91358246183401,94.44871513355989,99.11093559452303,53.2179360827495,46.56866440926834,98.09677189071812,-95.32349776593885,51.965518278807025,41.625110523074426,-62.40047494726042,35.53892750483695,72.63898682230538,96.44743979505304,-24.32823260722155,-78.81687341327228,82.45832586807751,-61.31800432662517,72.80948164685248,60.26609751946634,-81.14926071556738,-88.46058525923262,-37.76962704050915,-21.617535017414838,-60.98405087783274,-55.26202124093103,-19.22997088346972,80.60505251417052,82.77434960897725,-1
-13.45417279605907,-36.082114748000336,38.679000519675554,-30.484019128499966,32.78001842325821,-4.263949159965037,32.910732791281305,4.387133558220626,20.398143386909354,26.7000724276854,-48.49054262827679,13.39536587796131,-30.387007350979815,43.928480266610165,98.42432616697499,66.06090173656636,-36.50698658781619,-5.82462849699877,-17.400982112029226,-13.321605426917202,-19.41484705625544,-0.9331203996949711,-69.68218135888513,9.772211411159489,-85.89612157088288,-10.970493958709511,-37.41853491537688,88.21164967115303,-33.947508301797356,78.22553329747365,2.544094182947987,-23.462931208055267,-33.580347593020775,94.28574319797656,10.585230853915562,-53.64258530285149,42.980824134929264,42.296621134904655,-15.318496372985862,90.69754819594078,71.38791532721814,-22.009890967696762,86.12478995291076,60.00952206109284,65.08876012994273,63.35298103387069,-3.0728072411895653,78.93288800554618,41.67055764948512,43.24835685207407,-1
-88.59461719927613,16.60372948882727,-95.2387913483314,90.07685887582352,8.971051423860388,-88.06340030808416,-94.60602433989452,60.38373614358875,95.98770925716025,-74.65392947024903,-90.32346816220686,43.446153945702974,-62.056254580833304,-10.199677899521348,-34.609558402941445,56.679973275652316,-15.158899071595314,-74.6599683857741,16.69200833407875,24.50877641245728,-88.92448888071063,-91.55499908080134,-13.659825527821766,29.818753357834055,-40.9572583909936,-40.0058357174957,10.723112664219414,-64.17655847207106,-9.125153692935825,94.39395870939114,51.04131266768664,-70.30931556637488,19.03376667252583,-80.26742096055608,-41.10293810514391,-70.57888145045963,67.35920575011306,89.67595439744255,59.77817782639491,-51.909006583714266,38.478743854598804,-10.856928037879499,-15.748568533907488,-94.08021473672645,76.55194858120836,33.7145306423844,60.30650850363031,-19.702142936852127,57.919248864018044,3.8037173802763817,-1
89.35124893844815,5.414187702691663,-65.37491216696884,-8.575885146391187,46.58285983390104,-10.38611939093073,58.85158564724995,-33.14958345027938,-85.72057907969332,91.41337501248833,-84.29208583038448,-26.599210825616865,86.62702607264404,96.00185592602458,85.85148351972026,32.97466344133292,-16.222772765493374,-55.649116057695956,-68.19552441175372,-31.649161545221347,-51.5734588521072,-84.24170006517306,-57.54644158422983,1.82396778557856,-74.82339945725691,-62.4629921646044,30.418034356812797,63.926057978464854,44.8794533525797,43.53233179555852,-75.12209803797158,-24.744915341662505,-6.881475572735866,62.66214287665318,33.09480103886361,39.95178299185986,64.68023790193428,95.45691425568953,-52.3871570813603,94.39951106598667,84.38559414079248,-90.8130090305147,-79.53998361164076,80.35776577577843,-64.76306584608415,-39.19259563969186,-66.59938087828239,-65.4093819575495,42.644076267100615,-45.382904256653944,1
-2.3008734680189207,30.73129528112409,-14.206003856498555,21.544549567425264,-10.991578497952005,21.718417321033584,-21.153756344837944,3.3761347947355347,-22.30853464103957,25.97418904314523,11.688801842663565,-57.18054786280475,-37.38544381800877,47.36116709930954,42.45894456392827,15.640097664635661,68.03651252431317,37.21903995961816,25.904122548513214,17.295880045187957,-30.493646336799543,42.8592475865386,-42.23778593125094,-76.57784923880286,75.63855676954375,72.95855847142863,26.540697575056043,-64.53853737235104,67.7904165252765,-38.90523064051741,-14.874751111160634,16.727572219266193,-38.29245441115248,-55.201092628710846,60.38096644742524,31.869947851133446,37.93292520194021,-34.0284780499252,-0.8287495211621803,-10.092388646392564,79.39123609540198,3.1886475139018273,-33.29565359552207,-71.93475241832297,-4.39461651762123,14.42019191183472,-7.303627590027233,22.530717163014373,-39.342838615459954,-25.495879300583397,-1
-39.74694784799993,71.8649902140952,-32.904677887826054,13.661020918967367,72.6608572870787,-35.06142867999675,5.587250505373191,-21.99247041454197,-42.8813473077144,-61.93149178479338,50.95811842834465,-15.691794105802998,77.7964204762417,83.08711343391323,-35.07943828709901,-37.44383676196317,18.98584167076585,51.27765686560679,-16.802902273853945,-69.73393645533024,-24.232681476491337,-47.287839049638755,-8.439948345263204,-53.4186138885729,-40.28525138776913,41.3067573785479,-21.688582922291317,52.606988899311716,25.92330083745611,52.142647744393656,70.21615821895327,-20.851841102040652,-68.81285729023476,-71.7176388350965,49.38238240597343,-94.73801616229238,16.06995938752067,59.722581179031806,23.439708262339565,28.107275681035617,-24.523501688539156,48.38877948761697,99.51782433747286,-19.42375192074705,-57.97793933966431,-91.67248816763735,-25.899815898569983,57.75351613565758,91.85990430333902,-37.05895100658723,-1
5.540221817259976,-98.03448948604243,42.78291681672687,1.7155843737430132,-12.354501090180008,-14.976620217640573,-5.355252778768403,62.314015614936665,49.52790667724861,-89.76440818774887,59.72175235560667,96.2706500098034,28.08132664349742,13.549148559218764,82.02370600881193,65.67261229554461,-22.621311354440166,92.27290776435783,50.10775084435829,39.60293525151596,79.0764798077418,51.11771953273498,-53.78529044118463,80.74467417519668,-81.46264484057028,40.431931266959936,88.97880834162274,-15.931872862545688,-53.22513945237557,-56.71122427825894,87.6645272636178,26.27205005593997,36.794952894900234,41.881796694355586,-58.355509697776654,22.630843976757276,-74.89798047188918,-47.73231945627179,0.10906000165942942,29.281505967003454,6.628179150143978,-43.05820894172181,-8.521374022470397,22.039017177976433,76.41524489396738,-34.744094502782815,37.663700800462266,-47.37278794408959,66.42226910521143,-77.65830151795454,-1
-25.145840848775933,-73.2443710012064,70.59679380602734,2.8542990885102313,-43.53778842915865,-25.13716834326432,-97.92016224236208,30.436590823493106,69.2441941196949,-69.65907158259768,-71.9015844713949,46.59977728996873,9.672467775158268,-71.12703339278184,52.08587196021395,35.691906113285995,21.31129251212714,-34.23695555616817,49.25867816867469,99.0574760448282,-49.64498249005773,-41.978801429800704,-70.44008274252884,59.635845053197045,-3.1830458565274284,-96.126525334688,-97.38445648495315,-67.40948945881114,57.49472061505955,19.33704069307622,-32.773270862213536,-10.967770374367092,-61.01783273815116,30.098326424420264,49.12822755290068,-55.21170281929211,33.178443667896715,11.262753364820782,90.9494417287427,35.37170294799711,-67.79979901729385,87.2098701058413,-57.93055315713747,30.6550181199579,72.41291007565721,-41.89337504791089,32.71019365606594,93.99792484577054,37.029126981494755,48.169426559703055,1
-99.88041223304094,7.504620040609694,-46.97019955659787,-22.094478325489348,46.45185650169131,-33.84243595859874,-43.112083833232816,-69.33833102909452,-32.798117831904605,10.262130166609424,93.26481501993541,84.63978849067212,93.53126952560478,19.015665987867592,-7.695249645363518,4.882617937080653,45.99161424192894,86.95211793311262,-46.69063176055026,-36.41492878161223,74.30793120692246,7.77344431238329,82.26651297903874,49.0620204219714,-64.21335428101615,-68.0447035401884,-24.18678299577283,-85.80540056843384,73.33316442528684,97.43286758449548,-25.55697286952912,-18.71944897972506,-6.03973966613313,31.450700082594068,76.54165697200946,-67.57742217680405,-95.31296539920089,30.77907061823464,97.27080839100054,71.88852369899371,-23.830564026596008,-63.302669186072194,-53.51426364550056,87.54643162075214,66.32654222242635,-75.19117687858063,-82.2497250347208,88.01864870584214,-14.70348739101945,-81.11785515523925,1
-88.87889566390788,-89.21348343182575,30.760931876866124,99.0062450012071,-55.23152228732033,78.71996373640224,34.9268887910379,83.27544090274839,30.223575620559586,-67.18708996151636,-3.9710239905122364,5.000772862800545,-45.34666269112502,-20.527859053538776,-38.23394297092162,-39.28772895756729,-17.581097359512484,94.53910641024379,-15.827768513493723,46.72815373130089,-89.72214317948468,-97.16349729073241,13.093023302212842,61.070153707302325,-84.26650723773497,20.512576093832195,73.68339683298615,69.09422157089753,-42.116071651886486,85.224775650395,-68.570582308496,-58.64686453301011,58.17779870979868,-43.1281325591734,-9.63424633912959,38.619344466145236,-24.626273962967034,-9.38779598298862,-29.30195140959502,91.23394202470331,84.40464570510062,28.978714443804165,17.417435301921103,90.57738980142284,50.85194176140365,25.52488783983742,-99.60748612702723,-73.1376163193635,-88.63152536532246,-53.71723937426407,-1
97.13009082212014,35.2796737820012,59.116367308456574,0.7858015448488374,-48.02407471003862,7.709088428026206,61.689584031823784,-54.41505496227024,85.25496466860264,-29.25446768287992,-95.18896952248961,-5.429132385148478,59.22599686741148,-50.55528317846252,65.99770544140728,2.22591103085135,2.3841778762695043,-95.04336218696001,-38.676177141368775,98.16840297204078,4.203379692624253,-82.9123972273037,-15.061653953327877,-3.2463392371086854,-60.114522364205,9.002321879488107,-81.91879092936618,-40.45250695422593,-95.76726113845655,-20.212640925296242,20.122757396220933,66.56512618459573,40.78879260934838,-0.9547866610159588,33.483023597369424,61.97268719749482,73.1409750394219,-88.79475663565344,-54.63524215386375,-33.9838303984594,79.89656547835736,-99.06754872376806,56.91258954274221,-57.4994117719976,-31.307921917022654,-85.73762818291436,-6.61139891243036,61.74496375805393,-34.777568124761714,-27.43719025059947,1
-17.761904826101784,-8.774558210673348,-62.06072702997434,1.0127568359991983,-24.951718621950292,-78.44089566405496,93.73175946690196,84.86899110062026,-51.13765001327231,98.61426889388972,83.93765007801073,-80.9806143122711,-7.262708345748891,-24.016785495811362,-56.296837817285564,13.077477763897335,17.662891902740824,-81.17224232457521,35.00548024211639,9.117385330957987,88.82482452675418,81.36830053422625,-61.6904096317618,87.96137953462897,-72.16608138395378,-22.181811349618215,3.875960932323096,7.399965188827267,-85.11879464343592,-17.894514640409326,79.26676390149757,-76.10491976112361,-74.43240252320851,-58.03707782103942,-48.814879550376645,-67.99553145366153,3.8772568085398547,37.54471723739533,-14.040591022834505,-10.72637206615849,14.608259171070628,68.11889741117079,79.37752197634256,-7.358487059994445,-45.11727498480904,20.832150382554346,-9.864106249139141,-67.22931733719062,-52.83036035424087,-53.622761588280724,-1
99.30526175972383,47.12853200227306,-51.32950119328026,43.25886609736767,-31.61395648031555,-6.348775085188791,0.6553439772526133,-91.0757850218544,-5.535638455229105,98.54126212086629,58.77230433866845,38.43081891977022,-73.66111882259878,40.4246295778284,-76.87172581480874,89.42565010292122,-98.33247389060386,-97.5635246633615,-79.64232257856429,-82.24835647357045,-9.431285766263017,6.562913080753347,94.16584643345024,32.72263146494109,40.91876446593466,94.18633940784525,94.79441299759986,-76.35312817920538,-40.776356585675025,-70.28755779359726,1.393291430089974,-10.695450447082976,-89.22918523165848,99.17443162100457,19.953891242762296,-78.74529978618448,-33.78547680329842,14.648027460878211,23.12760877529645,98.40027868538957,-66.80364885508838,-47.83333757481938,89.80752772077909,-26.527923907923807,-99.4868327991693,-87.3252607382201,-42.291381555348906,66.77476308893245,-78.52038570930435,75.75796692683366,1
-88.58905576974914,-30.8759662198421,87.71777163545931,40.69702209931333,55.77472965119253,-49.588129626088495,-76.26882589944194,99.83574926708809,20.65860558768975,42.99157120842378,62.61366050539766,-5.881518470651855,-22.414650321197186,-69.63000761962292,72.09564992110248,83.82822180298945,-58.35317661039334,8.748408531642411,66.81789099913345,-2.7605880279168815,-71.15746158140696,-0.9529953151673993,94.73620036125428,13.20335774762951,55.03527546511779,-3.4312802494460612,44.47995353706963,-19.029487737238668,70.31448796876808,1.5080535421439123,48.424251110157655,-68.63874035752215,-41.5003653805164,88.26461233040567,-1.533063024043102,-90.83778247490237,52.68094434774267,-65.34498434812603,89.75928345307719,-33.4416696944635,6.221474163211127,-18.380008269805728,99.25256513266837,-40.565774550307296,-22.135656344461353,30.348820910668337,91.80844321807189,10.837842307896949,-81.53683736376125,-9.288364072409522,1
52.976652308425656,36.63511264796361,-32.95536395728567,-76.70745022167358,-26.93608736703132,28.885764928454847,-28.51729613534515,86.58185196584353,36.89164148556927,-84.27737108679332,-16.74504055489085,11.73734670638349,5.7236279238337175,-6.0944056092538545,-14.936272166023997,-12.290258910303862,-38.09148668664175,47.71090347106173,-85.95171803080648,-22.24721335964601,-50.26268110553056,2.6088441149698838,39.46291466261252,-48.58390493670599,60.889833767847506,66.61419563697416,20.099560435986533,-15.845862838522436,58.36569248663133,-84.80534272875511,-82.15802060759071,58.537766908342064,71.49134587632955,-36.08463796331331,13.751203353872683,2.576348108891736,66.89000163128009,-36.981964819232395,-58.62318828342505,-15.280806117837514,88.85369568850234,-59.34009344343147,-66.78995853729764,69.8481632238996,-95.48365214483798,9.728081775768587,44.17088881838754,26.252162064790554,-81.89421384541188,-11.257903179824709,1
-86.2572644552078,-32.450400653030556,85.45312652628184,45.470703415191906,-69.35353595307777,-94.61916923007323,2.567983621405844,12.935788292019424,-83.12888123588607,-17.32705051426653,-6.7205113789131445,-91.55670895870098,58.81684139221085,4.623626398825763,80.03721425162226,42.02975037711656,48.5781499272953,-87.4219187840641,8.371184415135716,-43.14895436196045,99.33665482667047,-72.91723312444006,-80.63176961294593,33.86556031718129,-27.761073660136887,-84.83695387386314,95.75441369243003,-93.25363637312807,90.01909628224155,11.456454237400095,63.105586167777034,18.81217637382224,12.414065549990454,-61.037107706567426,62.72757301563837,-49.312294248787204,-92.76682710912787,60.189349271801944,79.63000990655323,-71.8467810448233,-88.94643257601966,80.84822393144734,55.62168665783881,17.702850781856895,17.259351393646654,89.47799616713996,46.52834213511176,84.70351219047879,-39.974915466379876,32.591359969414526,1
83.64781733508741,-40.849433075934115,5.502903977708968,-7.348679121099465,21.70381964207806,54.76015965775764,88.69254660809258,55.47266376775218,47.94769012774216,-34.185503714040834,-73.3459248909877,25.974303112818802,10.722640284007227,-15.023249391824848,-76.60463999890679,-6.451665574196454,-24.64412153064947,89.31886028208305,77.72519355632483,65.23176640393933,83.69485353984913,-2.399560438357298,90.59009331012456,-51.637587373083264,-50.29433358095554,-36.794578198643,44.520353772659234,-88.88086578335155,98.54496430021575,-35.96941281493902,4.317382474055151,-67.98920636550764,43.74938964046615,28.407603187535074,-64.64956147590364,0.3716408677032206,-97.9915953648837,-55.18211822691343,-8.060612613993314,41.06682335309557,-33.464000362189125,-59.772690714732676,78.97912880286972,48.917554432862374,-1.3164480742156428,79.61581989951276,5.339604571079178,-24.206924872501247,-39.949759379952,82.90435255522263,-1
-6.002346368412674,-47.592999098625086,-25.336918726811803,44.97410114281334,50.21075824270676,-33.809418969844415,84.81293540661326,-7.027440335368624,77.06700208980953,-19.966175307887553,-39.50527087668287,-94.42174262031875,43.777140777220524,31.593563682440646,-63.86871316170293,-41.877535584023406,20.587663957607603,-20.329043891287085,50.31446642627901,33.173529770451836,29.050139691724183,73.77462600562009,13.033597696551837,35.17849209078497,12.645641574410064,76.09582429758984,81.81058515533516,74.3765306234582,-26.303070051288785,-63.67441083551939,63.147892413377775,22.88121015819202,-32.91824187395984,25.72805381539314,15.168372124385002,59.660641617411045,61.21489231742828,22.42994564035348,91.2523535971801,-7.701777159948534,-17.669930007463066,43.71335681733527,95.34405413592651,-59.58978434540882,33.35698725483746,-26.118411142992286,-46.25236671171471,20.654077780083853,50.25871382277626,-4.83667101084751,-1
-45.202380106005634,62.20307498641387,-32.28280561168529,77.71027654067359,78.54980090407031,53.41657744585811,75.05551255917814,78.62177530997573,51.75766843049257,-16.331537565477916,22.02052301344702,11.15506438752432,-17.063444341061825,-49.13719166350143,24.97690583792543,-85.9774933616303,-54.738714960309224,94.38127471207892,-12.721158961562296,-31.203802845805455,-72.58182720335972,-82.06732330417722,-23.31278810977257,41.01283265103501,47.06695056447333,-48.38755165899302,9.777177402870407,17.536815538934377,-25.681786255498878,16.389413713837058,-7.668658883280742,-2.108805545678848,22.708391381433657,10.384869466311926,-48.16649204408454,49.45477404582809,62.107850845325316,-80.67973872782584,-81.92308392965109,-49.9129175001098,-3.184846128370026,-95.09023002225081,-37.9952955017866,37.543922606303056,92.12519442535805,36.05133807464088,89.46775237767471,37.30321304420826,-99.94596673132783,-59.43744175640519,1
-69.51679733391651,17.47397371511539,24.725189459452835,-84.77978883332753,-68.33809372321798,-98.86497742945825,-71.62889481196947,-15.439023571796028,59.39368209579118,-1.869019509415807,30.296387048887283,-84.59390816078604,-35.221388192484085,-30.24615387615728,-86.60358499814265,27.12811318110049,93.40275163559252,22.846341231082647,53.171797655037466,10.903494908270346,75.53802152770521,0.6309122537010268,-87.67416812761297,44.88071783075665,-80.2852644240717,-95.2896549531961,-65.04008399282085,15.2278684316272,3.5708970616157245,-91.4133182296184,-95.64699619728711,-67.31211567565799,19.116446451888834,40.90153690556886,65.45157205117812,81.43517159772625,-83.29761736181226,40.566584219909146,-33.54044764611284,-30.69007533564306,91.35332751657796,-58.24378408463136,59.49780035646498,-89.79934185939429,-46.018413512566724,-69.46380746531693,-84.83807354461952,69.27259097895913,42.87426419404332,85.96263630477347,1
92.6720640892076,44.716140087996195,59.31618800302948,-7.823744661407716,-56.28644267749561,51.15390114744994,86.78344865869752,-53.99633205700165,96.50129542199392,-67.32443678545638,-14.658646971517712,-24.89480224140644,75.18836649987998,-69.85695602810216,35.42575448464717,12.714780292423569,27.561128000233296,82.76496025858765,84.47408862493938,99.1535860911772,-53.099122601897776,-79.19157100922074,-5.855038845936903,-75.42835517769751,94.16160793382227,-33.98368320422233,91.0366196500378,-28.362456614008266,83.8242011166268,52.95816615044288,85.72757263738663,-65.69889549603923,38.009887529633176,80.99232677721105,23.799892965254685,-14.631660700239891,98.74794085328531,67.13753604948977,32.236507620582756,87.12096134053854,86.38928817724926,6.634995253901764,-23.483247202996466,80.2383104346491,-64.99127094288872,2.0121026161725695,50.253236362792535,-44.68680681543296,-35.68371308635527,-29.00764121996579,-1
80.3523984270847,-3.6199665780045223,12.32323195829099,-12.920473957680073,83.64561113932137,4.885062348405086,-43.84224021486818,2.146266308830718,91.16629054442575,88.58538407011446,-75.26322394371687,48.30856415716079,-16.247992317348263,-83.34228699036139,41.66776311871166,-4.860535192868426,45.93880539467011,-85.22949969641999,79.64443358628591,79.7589235042708,-66.01223534720779,7.894568963097683,73.09250536393702,-27.47347773477047,66.64900386843527,-88.90660276709332,4.311072461856384,-28.49236348701072,72.78913500033443,-5.025136891969112,-66.69423679035287,24.24197744967624,-22.528779795323345,67.88679124330093,24.807223504179163,49.207092741750046,94.87175410496988,93.34744848540973,32.28772168623212,37.03051127131155,64.81453554959398,-82.64694536924068,-22.24420012336222,-6.4472935778917275,-96.80627154659976,62.001022239286954,52.20962036739948,-56.17753195101953,-80.37837036648267,-70.76099254973609,1
53.888515884311374,91.42141920001029,18.018679897601558,8.21418415972326,76.91424128275347,-29.29423862243921,46.709858794475565,73.03225467530922,-3.4398950395104038,-64.14540777550272,-37.376315539147065,-60.117165455439704,19.525065691254497,-54.45172478717524,-53.797862033830455,-81.51582090998653,-24.53183795219769,-10.408262373815475,-82.39356605550904,-12.337206526206131,72.88037882659168,-37.28099590981569,-67.7705961953229,-99.50257051924214,16.188880789665532,65.28247479237709,89.11955239727138,-31.770930381031363,36.67048567896495,18.03737879235227,-29.912548403356737,-33.18144384945832,-2.015792462969813,-44.50122961626262,36.51162052386604,-10.328721481587678,71.82517185635189,67.26450735960395,-93.03547244023846,39.95183063802631,89.05244587429186,95.88283496600093,19.977000187982497,98.14913709851996,23.709182398662847,-26.79099730077337,44.67992807105773,-21.684724431306293,-40.68250352296698,68.9351671755604,1
20.361346789089453,43.89404626267623,-61.41311274144095,-20.690802605276986,-13.356272964431,-75.05138437258272,-29.19405574761511,-67.57877805768781,-63.78525939996737,61.63815165677906,60.96188941954463,-56.79167802408711,-83.34367942004708,5.998749121592368,0.8851480924416393,72.26470583796754,-73.74940352111325,-75.99362527342473,-58.04651335431661,91.31730706986357,3.141624049629229,13.828255559338047,92.96436334497776,-85.98101073184641,-71.93951419844242,89.973266680367,80.16528912582953,86.42586460670935,-2.062538056468938,-3.526440320777226,-34.277387824950864,76.13577392042214,-92.3875239231905,-4.020898128606461,48.61146182522077,57.45877099047388,-80.83609932296751,-28.36781694709336,-0.8413464387780607,-65.64519783043613,29.047830066914713,54.46113868882699,21.24985829036612,-24.773794337176554,-19.044276596475115,65.43022110293236,-60.60203571591425,-41.528605570387846,5.521845758687675,-96.64372444203391,1
93.61527629014671,48.66658271313133,-36.37349373330183,72.3933512314216,-35.10986927073209,-97.1202454934361,-84.66371255435594,9.658316339392073,60.15895847052178,-4.019231289995531,61.22698499950138,16.94457180128353,86.60561693238915,-2.468995196848894,-82.39747387918686,50.678560006591,39.217754993018815,69.211439563617,-27.512686303002923,6.690696450926367,70.23886820282505,53.670279940676664,22.521679937890383,4.737623206029269,18.95549052855381,14.745331770560327,85.14598549278512,-31.399542782780628,-73.60724968373759,13.844037998342955,2.706601912144407,-0.7577461909558281,44.6736154340461,-8.350146480775678,-8.354123715295984,-12.221381475367224,-55.99631226723159,15.266865657679148,-43.42679050517167,75.58578694788304,44.20629341289549,26.694587982204013,-93.39581714300719,65.62020417684579,72.39296185131172,16.46691191463927,2.631748761575963,58.04653134671699,-77.36279220495321,-0.3182338626362906,1
-13.584623411160806,-66.60996419310617,18.73051588936208,70.09045467245173,65.66524921854915,-65.00687202185068,33.53733715396913,-67.68220640608185,-31.729541613900096,-58.26391544507463,41.77612814463026,-38.42673278267237,62.0731734488225,-1.3678811533266497,5.434924410346227,-5.1769985927643205,89.35149111154593,27.40302056154104,82.84788948428513,-91.21764941241875,-46.83961205586935,62.07751661656806,10.227325502171041,-78.58256017513483,89.7188268827955,79.9853174036557,-53.66942952367595,29.603834598392297,45.48635063536176,67.38488844036291,-85.26456051168134,67.02244899395484,64.79908919657356,39.99976973128085,7.030901424778207,89.30260580056745,-58.88672971066256,-66.79333890856108,28.715126193111217,-49.85928095763956,-62.64795418032445,-57.912735903730606,7.384537339844769,90.65552710489294,-29.049330709920355,-53.49318808981014,43.94262393986807,21.67508169181731,-8.90888990715706,-63.74716790764741,1
21.155849890538065,-56.63714481417834,-85.65789582301346,34.35454527244596,-50.973567033097275,83.64172018175483,96.77960727200352,18.449763077870188,-13.274783291473739,72.25004800018564,-8.997749313126093,-36.60552549349618,97.64597530049323,-68.78038503286909,-53.200060578141816,-28.21977640027329,73.82374507864918,-15.48130595772075,-80.67840892895148,-78.25841662513304,-44.84816846498438,-70.72969714535981,-68.88888426355679,9.700509334796266,98.82282176671876,30.411086379794597,-22.05655033758464,-70.87412751976936,-43.420823505142515,21.986927167400253,86.40425307530691,60.222798230149664,-70.37642024070105,31.117943343736272,-17.524094800926576,-62.19152125971497,-60.60694094188535,-69.36021933586194,9.687498821936515,-34.79850826546573,95.33557739911927,-53.55161015630878,19.8810640734917,49.22026200264159,-62.82568290618029,-21.182981284541796,-37.61770015916219,66.08085402336306,-41.93161673260708,-78.33084768868603,1
53.10257979822194,89.38057989210338,-79.9119164276068,-85.91200280594794,32.599179279780145,32.22420153242987,36.43096582976847,44.24588537641253,-74.04294452705219,12.754754710193964,-45.3207696174335,79.55246872296254,63.12535014431296,-29.340330170109397,13.714680325476849,-60.13725628808355,-64.00807433100306,25.784079919700645,-5.501519685322222,60.7350334484581,-29.054180956975557,11.647631345833972,-97.82453224238333,23.97737880932725,67.55603822293813,99.69227857112608,-19.34457828414729,54.694593300630345,92.42803218047234,-77.5669203834648,-79.1420575990106,-80.04607653272444,-57.06964531758274,-79.53259549125906,-40.62677212554855,-65.43071113955963,-33.34970491954101,74.05213664803114,61.96026846963579,-66.87468719865761,-75.57935006729971,71.32062054148369,-74.65133266410484,12.10059021842116,-52.11945387200841,49.22922458490845,-6.879820165910729,96.59251687293803,16.02091077398849,-41.1041141119381,1
25.54161061428357,-78.59417315779238,11.55295181961236,-37.38336612972959,-41.5638001163966,87.18675424906547,-6.658823015680483,25.426126116277416,-20.122059038985142,-97.68624330348408,-77.70890550295273,-4.66489321802608,52.50511138816347,53.03895641411597,90.16020005685411,-72.1775572598068,34.65003254595257,-32.880310163281436,-74.30266503849867,77.98497696541651,75.14317524193817,-53.4295888152174,-40.45945254729975,-86.1864627427469,92.69523431087438,-14.39938706752757,20.342953158318693,6.2326764289656325,1.1886290375812791,22.57595452165728,-20.426125544535935,99.47266327712322,-15.166070170758246,-35.26087778765063,-99.50559891194426,-85.64875606846198,33.870182032100786,64.91705403888938,5.066284296408696,26.58459248351153,-73.23788663496353,-32.223987897317045,-98.09172815029466,-62.530940059423926,-96.56748046554016,-58.370033366962645,49.55116639479132,41.365804737977896,4.838830802994849,-55.27617914911638,-1
52.35963827553945,-32.630459710569454,-32.817230978662096,84.37769711709143,73.9547599167044,-52.89667628298223,5.823736210595911,93.32135437089067,35.026008017358976,-43.72170447275403,-23.34615461737303,71.80289610811877,-91.35099164571032,-6.990200856793763,74.43533367303021,93.63622954435152,-99.5242276281241,-21.690067619045465,22.99102775018376,-22.768876258925502,37.52482912755099,-21.654732483818464,91.53212601027772,1.2120881418946396,-42.46214914965651,50.24100786755628,26.79568628700568,66.11458815991688,-59.920007782624715,-88.78155911369208,-94.29585192524881,-9.476956503578407,99.79701383729781,-34.29774412575037,-32.19534408086359,-90.88568326995716,-67.38347944195293,21.59235677164115,33.21578610970559,39.60386947202889,-77.21548549350265,85.80371940385794,-21.31898851198619,-48.5785999689639,90.54363142486156,11.748408759236511,-92.85588999910492,52.110382652032484,-71.51359762760197,-28.894718783072022,-1
-21.370574101196965,55.43718188792192,53.875829292634535,-8.594943903812123,-51.18399790750283,74.83487380873996,-12.95600262450563,-64.11818316167538,-77.71222022489576,13.479556341904058,19.412028229330943,11.984660047752072,-6.511261851877961,-11.37732214470546,17.954730719795407,-62.9802274030633,-10.633834921124759,-82.76683391884151,-53.186743503951895,32.20442032716187,-10.15928624072005,-58.150200249186156,-64.9712162788046,77.17926532783446,-46.815522021215926,88.3418664662471,-68.24034515020234,14.291500380484749,40.90118147444343,78.72973831353718,-2.0086370650759022,-65.51681701739588,-72.5195861225362,61.58600673851663,-18.34547699035771,72.63505156332738,44.830712372623736,63.86025666877805,-67.53110150139781,-48.615656597803934,64.82872437325412,-2.8405336057950876,-57.75506094024485,-6.733742432295145,53.65376661778021,88.16830954917643,-97.61571906879918,2.8490209611701403,68.36166489008755,64.41815119257203,1
-77.28848156007419,-77.5205945647974,90.6145537244274,28.72675762392413,57.57926260894459,-47.955195792930326,-49.44964550775901,93.32126733189722,-40.84712918526095,10.948474523527423,-19.85546835081567,-49.3938096240061,-52.11601550733034,-30.50565916854417,-69.07885874511801,84.74176897811913,82.43886717510014,67.5081989330557,-4.715938927655827,63.29254537606798,61.26484962858066,-25.27900176382873,64.70538699029237,64.60296853750648,99.22193685469068,-25.801063805834616,-64.09189822165465,-48.41247731017078,-29.77976674826202,-32.77646067806282,42.6474635247159,37.1703273368401,50.471676017429644,-14.117167258164898,-93.06753343104421,-45.78849210792486,-6.23729568451779,-59.83411340323344,53.267702642947995,-51.3806177088006,-79.54758102760222,-28.201871220333203,64.7803095524259,-72.13818668425442,90.41027801821389,-62.49593321549369,-27.150605046696,63.202582887327196,-80.4945340872252,32.42399448412948,-1
-90.95626597876212,-78.75723448230876,29.389341667461082,-6.965260668672329,21.336309238258238,-59.75973063111868,3.394093485375734,1.1334326548362128,-16.261864899684042,-49.517114091852086,-82.56114321502452,30.782340836085183,-16.79083014770481,55.90715210564338,-24.402025508649558,-45.043710866644936,68.38482079695416,96.38842303455354,41.301449693863816,93.76574199005202,43.76053995396779,-76.94274612211127,62.64665434120968,-34.99624145714073,74.64222306938171,43.190936426794536,-62.54599614582212,-26.868878505338813,11.560988480687385,99.15265636070393,59.33051169216287,-13.057157853727588,60.190494919964266,-56.74386135676821,86.50330271370578,-97.01129269193322,64.66502194066373,50.13638059802861,-56.180739790988945,-49.221873363384546,94.7202905598202,-94.00089570422858,-45.3967502473708,96.42981123439793,6.70187303702545,-86.14010754859964,72.0866035563482,-16.450950771717913,14.291466692846043,13.342858348515946,-1
5.094061471178634,-6.43016334159141,-25.754470448513885,-93.45313187915627,27.71395561349081,-96.02488082764431,37.303891744892354,-43.0253323473837,81.21972046442386,25.68877402658798,-0.7660601045841133,-37.55877834109129,-13.130796973174057,45.19547977325098,4.08082048452026,23.38879692225153,-73.7013064768638,-9.397697649144803,57.47899352465504,8.628482288407426,-18.658011698906236,-41.643450473095925,-11.562892822173438,-17.201574673267217,73.13944600880532,12.56881125965512,68.61690726555975,-87.23557375006847,22.607327138709394,14.776311124776285,10.16751539440186,76.81996400272263,-9.675442423078891,-9.93912940422436,41.54436825641625,-95.65743956851367,-88.51736268387731,76.31958060912703,-94.99276913867767,-63.03045055020111,32.71045730711867,-41.0407227887289,37.845927067557284,16.708773275619862,-42.12248688919402,-16.458007734053297,29.058264134454134,-19.803321102862142,-24.350009579868967,2.979567018522488,-1
13.203684977564194,-24.812324919341336,-70.17297843049244,9.128723664862676,6.127116474491245,88.47457430050295,-42.302317923409994,94.79954660332291,-1.4102755629039905,-90.38623238831403,-9.050426168978902,97.76337624151316,81.91811298949531,22.08150179459041,73.97231781315782,-34.599546751748036,66.43376704550482,56.1879504829956,-17.12637968811734,37.69748599345465,30.524184897303968,-38.280662475147054,17.31564132183985,-89.73133162035869,29.76294434973545,76.24711346001894,-79.21721473157353,33.897060639174214,-45.19519076271374,-57.52373741450975,7.780749707707585,-20.317735599348367,-49.88686849164932,80.4590156856197,-7.414585458039767,-69.83929524668453,-56.7772724748482,13.416927366284966,-84.82867438794983,54.11882353273711,-92.48756469617103,-81.486232032387,58.04040082014518,27.01711639679887,-2.1327348788099414,-24.810849669003446,11.810647693495582,-27.815905501317232,95.24566671596082,40.44672431358714,1
-81.2650464343815,-66.39598956146429,93.00632458198376,98.54492391872557,24.36481726115494,-38.49944510731398,52.79521692904822,94.43553749864441,41.304592632083455,12.258292319157178,68.07751998419101,-51.41892262705421,-80.18376857698055,58.91994154445689,-90.16343031210366,-27.36278311345619,-60.96769199474919,88.46590944422309,-96.83136777884917,-64.51945282750836,-89.28353343861667,90.92253925520197,57.00127450923148,-4.097407263374635,79.00018262256438,-82.14720254111,-86.08401791261025,-12.868927784611884,-59.66249641144095,2.642249227236661,28.612538566998325,-18.630727506984073,49.45464994622125,-51.45140986223504,-21.279255423881295,-91.53729255574208,-22.805189893790654,-52.76700050601537,-73.35112792353968,-42.0205601937393,-67.90198762250961,-84.16261551340945,88.52542798862186,-34.950517423558665,-45.082621305794724,-61.46936849684752,28.047966512554268,75.21592892396777,-7.919754124952533,20.389188320177993,-1
29.692911380047406,63.74759809093041,-20.274207671184996,-1.4671548338942557,-62.10407598089655,-75.33915888239125,-31.456364194620235,-9.523861893477331,-74.57758944581903,-51.754609109333025,-0.4553094488765339,94.09336121095967,-43.31354821892399,20.895563626400545,33.961745020977276,78.20412385921188,91.2466371960686,-53.897607756633306,55.061317851431255,-17.31188572934181,-80.99074147880829,66.52848729521921,-71.69448815195912,-76.58620582394116,-93.00135872204076,50.59245045521544,37.81784572878587,-20.5709298288711,70.29245733055285,-58.16053304060025,-76.8866430449519,86.42988809863601,99.17781487283278,18.304905740172828,-45.53068779424343,31.637346974542737,-43.06239523211906,-62.538396100500606,49.19679096471029,-60.31114314186259,-13.319418399265246,91.40345324919156,-39.09637677781033,68.38444918541,74.75897123435956,-12.712746459398645,27.212368324340048,-45.23445426215697,19.40090595721759,-93.61981269222437,1
89.55593959384595,69.59433866251808,-27.099807090241512,-68.47315365663644,71.57119716293491,-0.8832488015267757,22.385832383045653,-45.699430940623856,-34.70791898008355,-80.7853189487567,-23.84659241263394,-93.33831782413067,81.8170235846573,-66.54634443538698,-59.76644317965767,25.045021665015383,-57.68720908435181,28.96386972012988,-54.64611713120284,-78.32594688445627,-36.295008755474626,0.17377318206899872,17.719910323886424,-40.973901771184,96.92850159975305,82.6811085659256,-68.296364356833,58.921744027664005,81.41396854316008,61.015719171256535,59.765506632953645,-98.48547027163612,79.13805840060107,-26.923303822671826,82.70183943353769,92.94732312911859,29.245093434046765,-42.72395562813352,75.8205211251134,38.455995802542475,-34.18945388639631,-71.60995482861294,25.420513127623508,75.5967517387788,-68.59790535818547,-1.6239710668279486,62.9609799804241,34.62459619964676,-22.410194045561298,2.853354285334902,1
64.50695887683935,-61.59674980641023,76.2933529759112,-45.75569592317636,-0.5994054979366723,98.92230281832201,0.6316306938599183,5.547777988380261,-30.878539872551798,80.77826881788636,96.6510212759998,-54.038782195717516,93.4291071971841,-83.69482875394449,-40.34235258076193,-49.71480943276585,51.53390997237878,49.716740588710564,4.832337263094161,-48.65974543939091,-50.488029316886916,85.46141622395834,63.75099792621782,-32.85043122787603,-44.48280406688205,81.01159634524072,-46.08925456518023,-52.18743834537576,22.13724517638383,75.72306915869714,-92.92892589062302,-61.42329941422007,-91.70103552850787,24.08610284242762,31.771385530051077,-3.498752089501764,-28.711741090429555,-34.2128396540641,-9.997725940692746,12.062080686364766,-92.04155553425102,-24.780582511362965,67.53965746383636,54.99515186655566,-22.826968555070053,-45.539233179611635,48.602359792256664,-78.89371003144213,-5.633700663463955,67.89499340560766,1
41.753131045830855,-94.1658662851851,-62.688417560876864,-6.393061415454596,-80.02652941560203,17.673751648835008,44.965905102652926,73.67256418892418,-79.36172008757474,-86.18816420707695,-46.85827586147519,31.098929982433475,-11.964333891697748,-71.79283609111384,35.97203268385448,63.10155076521008,-20.439814378394175,-79.97713746040016,41.75714746105109,-47.08796432085995,-4.605003502746882,-68.57782112742103,-7.395467171480121,64.22530201102902,69.1621904454363,-99.83057127604853,5.1787215270157105,86.67772695291441,-34.049205380082,37.467627556041776,-42.39830070776889,47.044884964161184,3.008495230049604,2.3612703076064605,17.232554756894913,-89.20116371563631,-38.656801128389496,1.3384131054377661,-42.88810068348494,-55.264081932468855,72.38354675480844,-78.39571425287038,68.96703207340457,21.40028661929992,0.6202877774071283,-33.80619192626919,-11.19409645409884,9.051622145568942,-7.552211120672524,76.52487929845651,-1
-75.92728475800278,-72.32428749161633,93.86602507033209,-0.29477517072041337,6.260960393238776,98.88513777883554,58.4994065113263,18.467296020014686,-38.6668824780146,-86.62165783967176,-48.02970289031548,23.864750481186434,-46.05518794774528,6.032654780874964,-31.183959796133422,53.848773384589265,68.3953423724301,-73.24063782611934,70.67613286584975,66.33000140263854,-35.24390434915925,41.43048943644422,13.419851762786195,-93.31044845723892,34.957491302446556,-22.106552201607926,-40.24309299461386,46.38547130123919,0.5212889495273458,-24.86792571235847,0.01813922602732987,86.10576342565352,-87.55281112665578,-30.16848316173065,72.78517341208664,-69.17692877003986,36.6135872099583,33.394878461256184,-21.125066412588225,-62.09141188852385,-71.23362107712663,28.91420060351956,-5.192665771581545,80.6377549079941,90.35579364180916,86.34310866958097,-4.525158078691007,88.92519223640701,53.44659284753976,-56.76147252530595,-1
1.4823877435617732,93.37311005867872,22.896201640596473,16.80773156532436,-13.503322360111582,38.99579172106607,-28.094199124494352,81.7717369462666,-1.3236272070904533,-94.10447928215953,-38.40169770027189,-51.348360501017964,65.08662629197221,-6.462110621742909,-52.163532920313905,-30.294322978537764,-32.741345115430505,-32.26387516330655,-70.33074484654654,69.00430722832533,49.176288975345074,90.37194301732882,-8.887152322059038,17.066598208661432,56.86291914072862,-28.09419167462073,-7.1625503754721365,-80.83729567399749,-24.953491196617122,-76.84698509000434,-91.73567613110745,13.63831213137459,21.478233234566417,-55.73052442297133,9.615360276595936,-34.75435001598355,73.87669878852091,-6.476436500148509,68.21024894913651,10.752009605668292,55.53132831131924,89.22896796535954,-28.402014462064955,-9.112438530133616,-33.25514220782944,-18.399800544545286,15.52636498809143,-55.230368735827895,-12.272418212441494,-22.49192779466904,1
-29.525010678069123,25.84383860165842,9.447485575856703,17.818935163316212,-2.22132337575205,-38.90224891993006,-16.718162454562275,60.72997985851089,97.38475210263806,-52.42560533271996,-90.21956451231253,70.27021414112227,71.44351256637091,-26.902659687394205,78.37040420827972,76.01865519189545,28.236193269637766,79.61231424851002,-39.113530532600116,-9.466991666409825,70.18761347905067,-15.923537010014257,48.96611977508252,-14.078577222821352,62.89854746256128,-40.98607983205555,15.636746153380884,60.28236110334461,22.03983748860145,-81.75565793901048,-63.81116453866169,18.962411444988604,34.455987952396015,-9.743619869798636,-98.20353180239461,-7.017913895122433,-41.00368867601043,-19.487634403488556,34.286364438586276,-76.43576729093627,-46.16717133344284,91.49001776862985,-66.43440980918594,67.5850912386068,72.00716444764589,81.77474966991758,-97.28352863247176,35.999597900933395,-65.71912818748946,-75.33567022998886,1
20.103372086730673,-70.67833992799936,-65.6954612425626,89.6489071444937,95.06648602131577,49.37966704836671,0.08594730385287619,-91.7312828292003,35.2553571664136,66.48475638705136,93.58636567613533,-92.1235753453566,-53.084933173143135,38.196991966317825,-54.92681384953486,77.46263207115916,86.49799099891399,95.37992135298035,51.8395678873687,47.024353319949995,29.407614215155093,-6.540153558797826,-93.80714178362155,99.0277137635164,-81.74931014070253,25.221877765619595,-44.69055333716327,-28.17634849786357,-73.07696131527797,80.53070411958413,-28.170465535210454,-42.37081255423378,-81.05759711770995,-9.831111873491324,-8.61925987078014,46.08436493097878,-62.262315120749534,22.40395458812037,-2.6571486374095343,2.045444136365518,-20.82061403623601,-33.38295082701457,54.344331953731114,78.88975656552265,38.177004368019,71.37929285021593,15.526915303939887,78.155631837453,13.858336762599464,-79.1190671627797,-1
23.898069201922894,-25.632643086716115,-89.3319673989633,-32.376845668087455,-47.65136556337952,-23.700997990609565,-3.2616089704878846,-17.55733719262571,-53.32792598387868,44.648748903281614,-13.511630760072464,27.108397875864483,48.97579999545562,-62.376965903283676,92.76580852006867,-4.449668908026254,-29.702974158711996,-59.424497579077,-11.937958153596568,-57.69809782572419,52.708378505781496,93.21325645249752,-17.227344597260924,-97.11050985039655,86.03829662769377,99.27722831015186,76.17425680061811,-82.4031036187262,-74.63150769163886,24.364813976915897,35.312048634806644,88.69703293514124,-75.55518984631675,2.8196009554086743,58.84231794879881,24.280682343738036,-20.508313419693835,-58.16245852558761,75.7938025735738,73.34502351816269,62.27444874625664,-77.5062796798925,-50.832138391411874,-71.39747770718728,-17.37498321414715,25.217660503951038,66.00108067254283,-75.65595176042088,64.35221904345613,73.35546831714893,1
74.81435466103704,69.6835452861022,20.430861225290855,-2.677991262123541,-85.59261499629598,-15.302477657524818,14.030222400336783,-34.85547536670029,-25.790246841143343,28.15301394152891,65.11181875851554,10.306587099016156,7.338032956379564,-63.89038325795278,50.497085789400245,21.67353262368954,65.04287223600554,4.195890879048861,11.27800175667943,10.924718289336226,39.59301786459676,12.483699435990218,-26.233157041434254,89.97115314491688,-36.318095555212636,70.61115578778089,3.913731734743493,45.99259864448467,-9.012444707963411,78.6231362587381,-2.6532773488110735,1.8287263299682621,61.43825880019622,-94.95867713598429,-24.967871276570293,-87.25751461324347,-41.55465714122044,-82.25111412090303,-75.8825464843957,94.44398430468999,-59.06517727963481,-98.33774140987923,-88.24598204919154,-65.04046678890182,-19.27668070773538,12.428687023945372,-34.9273896360494,-22.94469841634681,-15.508622495554931,-25.116745101534164,-1
17.245966403359446,32.57195752693315,-32.21275601259475,-8.290245704119982,56.43901701361477,-0.44821217961971627,63.795426412487046,-20.25926896483692,-70.75311868166753,70.02204494312812,-30.604952311539662,67.14544758431177,43.62092111339368,-52.132031821830196,-21.390520342314232,-14.292421338325028,-0.5995958441300786,42.46864223498969,75.83046152248664,48.889834541785916,-94.0428821050689,16.62694607273005,58.21067867610088,-70.5333005401225,-52.987715855175324,-6.099078313911946,-34.39421134376724,-70.9524369907733,6.6603283941227005,-72.09459099861326,63.29300101815221,75.54595418235485,-74.81889688498511,-29.30306478727387,31.74376862068172,81.18270360625951,-80.37575871634581,42.528929302779346,-36.0933125042584,-88.61280906864533,-25.785134644510336,-71.25595033852366,-96.19383777967982,-83.87184742834046,-29.94115730012099,5.830738570368894,-93.36115645329137,39.067829540166315,-80.25794369306776,-89.34973748126413,1
-29.045741632803157,-2.135450504975722,32.38354603158527,-48.66029070708695,31.235126193283378,84.2549432897786,-31.800855448871502,31.076629774078754,13.934426695795636,-62.12170342570103,54.11790163253997,32.43907143758432,73.97620544694323,72.39166148487234,39.17736387986412,85.92212657605208,-59.07576857819188,9.267310092225117,-43.877524560091885,-5.825828222281416,-14.70894926575994,23.491836791624536,-81.93133982948366,97.64090910740887,-47.05418089956317,33.6174849839926,-29.01081404176263,17.48669285500877,87.98655716274794,-57.554585876389396,98.47320176709172,28.352172455984174,7.2028922081946405,84.21502091721635,81.93039788802983,-73.20860922373129,96.22914301624937,75.39783363168539,84.74929694320329,71.51697686042596,14.717944611408456,29.410428512298523,56.39907012366535,53.105064088612295,-31.207523244062443,-73.40595614403247,86.35098702903923,-44.68493947749095,24.973919446260112,-70.34250993783687,1
14.705790291114653,-74.98221803271929,-62.6384203619003,84.14758713861124,-50.4911425963908,78.25036262963326,39.840385849188834,-39.60557245163079,98.7144342981722,34.07072489771491,-6.689074615128334,-6.704508474129824,23.943494652029145,-82.71029624537864,59.854436724007,-49.00532741069172,27.58786520000534,-77.24772368475385,-69.75728836938357,15.041009104031701,56.10485308320213,35.45926843087284,89.04727916702407,8.045022642758042,-59.00444960887303,-6.023653663680321,-88.86000244299241,-88.18649375957457,-2.9260900433270933,-37.63586867381312,10.630730555163197,72.20936357523328,30.841415189920895,52.08476973140915,19.739689391994062,83.0022573302183,-7.449087897324617,-74.98077786264845,-48.771874252796806,-28.75511986121839,25.772846772646133,-51.43466722240832,12.40995142305168,-11.65979504179144,-15.389476959907512,48.00499968258916,-28.040934714719,-77.90599528690672,79.75242058921435,11.218043229956123,1
42.64137665652353,76.56729813561583,16.573872238408555,42.47886039059762,-43.48183349249353,43.17332161285174,16.79168049793425,88.98045495103435,-48.96907733423923,75.17634788594756,70.54389142618291,13.923483391058284,34.67530784356208,60.69372639162793,12.854478344118476,64.56085833429708,79.29148493363203,25.575258989553078,26.188131468778565,-46.86227409152064,43.84894323913517,74.99850980065398,-89.31278616704934,-14.940976489899981,-13.695236575346954,-5.761908712518277,-18.54358639420164,-24.140999218133416,-95.4902378801223,27.397405930146235,-52.43175142992411,-3.1183161889441777,-95.15800496669048,-72.6696519824616,75.3739515528249,-29.753242638909214,-70.4922417176056,-64.76320060020768,-16.903954202135367,31.06682488637412,-58.97333596648742,-13.935942947516608,33.93124907009303,-95.85283906355669,19.61454149004868,58.059883585944476,1.2702023465582073,-75.9201760616032,-11.742488081487807,75.04031369764297,1
-40.83518050069279,41.960942654474394,31.378646930936924,96.65612051503479,7.952897429499032,-57.17831765440082,-21.720182192648593,18.71619813458271,25.834749467453435,-76.89594919362499,-63.22559886963932,70.3313470468843,-83.29254381922841,-88.08980318257773,-42.437163188843876,31.162033912429933,42.55428996285849,1.206256553019088,-57.356284589978365,-22.20226504412655,10.576248252330274,-71.02766451370127,-98.07592207242621,-42.61467847775038,38.40867043742392,61.290784644727694,72.94830065449074,9.747449504739649,-89.80203175012727,-10.206796729598409,-99.5010620692649,-81.00897269323269,7.011774580704525,-88.62133988745653,-33.4809748585793,68.22914638662434,-19.9584954985569,-9.741608075986747,-90.05300675981994,25.505632724107755,-32.994621797730446,39.22290115441149,57.81956631427414,72.96972544386645,18.272615233345874,28.37593746207702,81.32558852555374,91.57756655708488,40.96665435978227,39.3668030079408,1
-59.895054659932654,23.916518565417363,-95.0248235970789,47.31144059396891,-28.02439753323314,95.33011113169354,72.24979262014466,-55.645228468893414,64.25607742455807,-77.39676318854806,-92.04969769402894,84.54459219111467,78.79216067754211,-77.77615157724597,41.93972736687488,-27.400387813938593,29.43109507411603,-85.70330143411573,42.019882470466484,-87.91117966576276,-27.266619979800396,-72.42322461434576,40.34323524089507,-17.414501059352943,-44.66318028058267,-33.607776797999776,-17.208513912544404,37.05285198355401,-58.18124834667131,51.80271188699129,83.28586730465793,-50.06651070263659,4.437010073315946,-65.72280147183294,32.751520683175016,-29.732142830452773,-68.30415766116127,69.38557567164122,-6.182736525598088,45.41263156778123,93.29378440716252,37.490462084220326,-20.848901851874828,42.62192259959369,98.15022262729912,-6.593815248319771,22.657955483926088,35.99323271815055,-95.27401794585693,-46.34166140398881,-1
24.061910270692934,27.821569398941264,94.25949206131841,81.54506862586854,-73.40954584680661,22.86590821214611,-16.205809923444264,59.61188830582728,-72.45014467594042,-82.55305956623098,75.71554161474523,-0.3649988217341047,-5.214222197094244,-91.14310115130264,58.65473889115472,-70.6050994581397,70.49259920299059,75.93766569939419,65.11256063891386,72.09841947210722,14.29512672869248,-29.920948864565844,71.3095450987098,58.474247546252,46.27672031632676,83.78054263992485,53.068979886537534,-53.43141413291572,17.142372507025485,67.07894954265157,73.51972843838558,68.60680363700158,19.577823251698106,-65.43963054559852,8.70866926519902,42.42726021470958,-42.56574047427441,-68.39691779992626,-14.705337454332906,-28.2446443199794,-37.31919351060719,52.31203677833676,-88.56902520412257,-28.65106387986458,-6.373941830049219,24.925625741873134,-78.63991502002798,-81.13595007819984,-26.546508571722555,68.7472747937052,1
28.96652080446276,53.95446147711712,-85.63849091090616,-96.25505724112186,94.0203528663123,36.55248239519423,-79.77712476278118,49.63475859561771,-16.58816528572129,-61.409079870362326,-96.72648329952611,-65.19776287624785,-87.01505647929861,51.6473344176959,31.051346530041144,-43.962778488599554,-76.01042947047458,-46.83823320523057,-16.52782527351158,92.75642039571642,20.83933137872083,-76.89750819474509,88.59730653514129,34.85508356880308,-83.92851118544675,59.266277925152224,-75.80320567327342,-72.47091740273441,2.539060546845434,-51.73454888642779,46.77233736242826,25.93220403181536,43.89200873180957,-83.16734416118636,49.23250947418464,44.70660713336244,-68.95960904858248,-9.188513385041233,-83.906050000781,69.54340140701783,35.1225581527797,-64.8433480288268,-30.107070140015594,-49.34901508045178,-19.165993112218004,-97.56791384052053,-15.954049803146802,10.056186699873223,22.288385274304474,-21.087051828462023,-1
-61.68141085303485,58.05198078833877,75.36959965029129,22.702936543502503,-41.89811744436221,34.981618234389,-32.86822994436123,15.57270489819851,-41.37278014345465,-60.8442006937707,-52.87734724055228,10.632381981705578,-0.5321232990983589,9.712405895012992,-98.6149290568293,59.09664199242033,80.99395168824228,90.87656419573099,71.26922769653615,67.20344359252667,-32.8549143919368,-31.66456208294997,32.332270875223855,20.185090100623725,2.3598726613580396,25.144793822194103,30.23924582052379,-49.14141995973995,-27.76554790312977,-64.61814581103988,-21.766446920636255,-32.98618673335186,-87.74362691714941,72.30426468420461,22.894811207222602,-45.99267548399204,-14.065029549323313,-79.42109788463567,47.199029607673225,-45.44917737321899,-77.59576143104604,98.64871624919468,-69.4161664001912,-86.11505025584086,-93.99750628156266,-36.53272470495666,-46.03804874979698,99.13371029176119,5.727007716889901,-51.65204219786466,1
-47.18760306125625,-9.325878879168542,-25.532436322923786,-78.96234302420567,94.36454005239224,-53.88498897488747,86.64236054830101,47.61017878710416,5.200108609783911,-44.92448563768543,-20.166823155965673,8.6112455740232,44.946254305958234,-53.037001812282966,58.17492061685371,59.835864078572655,-51.87277572539817,85.302000157028,-67.23825671914477,-40.75675393462288,61.74544876044848,-71.69323926371978,29.447321108461637,28.11444130748393,-96.11563855563281,-90.34085008831971,-67.24520309267095,-63.72641904830976,96.81103500333239,11.910610368460212,-66.96959892197634,-36.20043650469542,-84.30203399361923,-53.78292895998076,-25.184045172435134,-14.13173335874221,79.7782762673161,30.412089565991778,76.5551151805713,-44.038074546982145,-5.961049307281613,-96.02188649454355,53.769231648982895,-79.48148547824823,-89.35997564519387,-94.63172289865769,-49.251912207545075,46.143462403319575,62.05299826932574,89.94638970629904,-1
78.83817493282365,16.317767569951073,31.24559808176133,54.826931741485424,54.46393867475052,-28.051826099495372,41.912020994962745,8.501588701902676,45.71980632028135,52.24071994850797,-36.55465308330707,50.484690764496975,14.153213196549615,-27.84991490498399,-29.7119475726398,-15.610234522151714,58.147270973394,-40.76230269136087,57.41140354884649,82.28595988667661,-74.47842391235768,22.251451392552696,-11.296341362769667,-42.2923603623566,-64.29674633034844,87.43559743438607,73.24991175040194,-29.450204313125923,30.0844151628213,29.162629974627293,-52.50200589585789,-28.615180873545995,-97.98735570011819,3.16991003045392,-94.25849093860828,37.52851813303215,-31.533711127426585,29.405313180534193,89.00183308757721,-39.275240538409584,-90.39389572881723,92.44222970019774,-22.556641473491126,-98.24354977685323,-89.5729674891697,-82.03118408168963,-39.574739230966486,59.92852122930671,75.56493663800009,-94.86441689085811,1
-78.19727687181427,-79.1257083834342,39.5609396988817,-25.833183081202108,25.444716581596566,40.609679133975504,-12.441975853985099,-61.98030641190464,-59.233708837761114,-78.85082841260196,95.3970762292592,-8.728422372666472,61.8177900519382,52.612381362739086,58.30636388672528,-21.12088310368611,-14.58553371259788,-20.717403405122027,-82.04958351310295,-81.2619996811446,88.62158179049425,70.94587638207085,61.93647816885891,38.980937482595834,-19.39722974428011,-88.23552344844245,-72.2657508497035,30.18004224007518,6.67376236869876,-44.990170043916855,69.47597102491835,15.383428301339649,-47.86002448293398,15.579688376539849,24.481202732079836,21.887584437950352,-88.15681953379237,15.664685234718803,16.358964635125247,-55.925702781277266,86.18714437321003,13.677600450966978,7.08945803674564,-5.0382120509305395,-38.022071299799485,-61.56624509942983,-60.815362674337514,-11.391261129267846,-13.854426471336751,40.45024709022286,-1
33.84005258761567,-46.942982182789514,55.227880738304435,-14.6749253047211,22.903735934969973,-83.9253324218401,22.598596176313322,18.546126266643753,14.86260613912738,-81.26143576024099,-91.50259800277098,-3.5489434559065955,8.585551081525765,7.732109264547546,-26.30727992610491,-30.20365648532139,35.4149654371723,70.12480096953163,-97.38826912421624,-5.242516865426467,-69.00820033116186,97.23086046285005,-52.67606939738887,74.04538350291458,-32.357552939503734,84.49086909884721,-87.38094329522035,84.78947506065612,70.88074240153654,-88.57970269049346,-53.56351825608196,-43.36482404272881,44.67260093411937,-18.25658793799431,76.26486051928327,-65.58978597866775,-14.101429208921346,13.151202341300746,-16.751619436248404,-16.107236531736802,-82.44979425824621,-90.31479159718646,68.57951083977986,-93.30885187898991,47.225302381515576,-66.34311621180012,-40.99034209598991,40.566089482388946,11.508911929295792,-26.61317064513449,1
-27.953216239914426,-35.89276663870089,-83.65920807955425,-15.352111701962713,74.98236665095769,-62.53725078186652,33.6623390698831,21.70828780300252,-98.4684724691822,70.04975326198152,75.47102447085621,-22.687419031559955,63.07342412071628,20.430044510581098,23.02884558628044,-32.257630636510214,-36.62663512600979,8.454990659637929,29.510262949878182,-88.75209324056262,21.712952715722622,35.982603090935214,-88.73983297114638,-92.61546878779774,-37.48164273845689,-81.89048179676684,-37.96163672054706,90.32016753716258,-74.71436214357514,10.651725506975225,-4.086065296173231,-0.027678149847815803,88.53566012231153,-81.21538582971306,-76.04740079784534,-50.48126498807903,-87.7862788359884,64.55417219936353,-75.16870503226394,-90.8110493743551,87.120687394904,-94.89162201452284,96.12526794430946,52.86906054611768,-5.864600610864954,11.426263700715268,-94.02478955712937,38.4165919899381,3.049542562896576,-55.656100807750164,-1
-83.17446754812343,72.71540062782918,-81.30152768320204,-17.879186570217513,-30.391785910241325,41.900958397064926,4.350019700133757,-75.81025969665905,-38.37147945153318,-75.56520318892927,-58.647560124262284,-86.34045260422039,58.678731993962714,-70.74466367161358,8.770265905488571,70.59642591126479,10.641163407663768,-68.16750648338605,-89.13394003879822,-41.348014745679286,-35.3608358700358,30.03444522690262,-49.46374272774629,20.365728131820276,-44.18431627338006,26.363442665290364,-90.38911578405218,-39.96442236345634,-75.37291612129806,40.79487664548466,39.04074986359987,26.944607248279496,67.40180445450784,-69.36708651567918,54.86952593341627,1.1206733933751423,-23.841072155011346,-2.0963617851821255,7.462856820588399,-43.9785304144636,-11.625111568990548,-98.19408964775442,72.0314097745389,29.30831580542295,61.290688881560385,-63.84637416469994,-50.19668929099315,66.0894857247983,-36.08610168211071,-39.80889300847339,-1
-42.57240838308489,-28.655366138218724,23.295871708248896,72.28958428086963,72.40617485870195,-75.882756776353,27.380438562507223,18.813436717437952,88.76877469290915,-61.449159716812154,70.80059359445093,-79.18624358840782,-80.30172398371731,-83.15921325848123,-50.93242900783777,58.13696033697323,85.57474458661599,67.08348653548657,-83.05426910485741,63.57914921977229,84.8257880434031,-97.20947976007992,-30.435213182210006,-71.50696981103424,3.630724027454434,-28.896942312161485,78.16072491925524,52.99945946168347,-68.54210883060014,26.17432365562979,-84.48711861678626,-70.63046243610967,-40.481365678262435,49.70673664498088,15.17485770416333,-47.68607359512802,4.946433503075625,14.308269126105145,63.15622757912192,-98.95430597367093,-40.83130169127096,11.076934909433845,15.448227022625133,12.623946198647047,97.33420917250538,69.20673910726416,-73.44777093867958,-45.821866064759305,32.35390933526321,58.76129703997589,-1
-20.199459225973953,16.153716722884326,40.06127077676143,87.06845627938108,-39.64848854995384,-70.45028431717715,45.015182102180376,77.19573025940514,57.1226258227573,88.22013813101157,22.498618436201156,-79.36439763225356,-70.79116885047483,-45.81693581722017,5.348140852393769,91.74029778883559,-65.22116643814749,34.89895213670766,94.24805580508331,69.73622225517039,-97.70862574880381,-37.048977588090715,-25.480475315659106,-0.8916235857430905,20.837272655605418,-33.75877650845307,-52.73530380938016,54.53776918308924,5.46948326989056,83.2466686406967,82.31711855893244,12.095446076294508,-45.1424271901542,-6.191423332770896,-84.57565749093187,20.435353191260504,61.847414165367866,-65.51524725824123,-29.775335210522684,-29.24306257515721,29.454638836805856,-52.04932213469513,-46.297320789953986,76.1361799452562,-14.461086021247297,-40.684433294091264,-79.54456576845423,-1.0039671208235177,-18.749580464963373,29.461003049780686,1
19.485848514683994,20.988162639551007,84.2059032107604,15.925705516628824,-77.50986535329336,58.102353018259066,36.46491572159829,-2.591441127398639,-76.53461122683612,-99.27058451349733,-44.8646193625511,-84.57236320046646,18.069888914832873,-89.8228989207175,-61.25666527342024,-15.185814759725247,-94.97030160136902,-15.754552936564309,-96.7374447898521,74.01772825894543,-7.882626502927394,91.94990810863746,95.98338299745242,-0.7159807325679992,5.214889163737666,41.63972509636196,-1.139567890886056,22.829027797902015,-26.606040539521985,16.56984949969207,2.5400696020313234,-90.4781792079142,54.41379839097104,21.908762031889566,-40.41119840961338,70.59566158193903,19.97142248170327,-5.747522429440437,-7.542208505049402,11.050714215998852,48.639422151328404,13.622651482516957,-98.60278552598196,95.48800058058504,71.6941028000663,-0.12444879260098674,4.668057236598045,-72.79596343715365,-43.225347109324666,76.86758207973574,1
-76.2581808981777,-82.44541717531189,48.321766788667674,97.82040290786392,-68.49453488929673,18.796357798464996,64.44598109318505,-27.64962865330658,-13.12076078531706,-84.98241755908906,56.30546698166361,55.14956387317025,-36.03129889882841,12.514530670175446,76.28116252393195,6.103312599701496,42.056181622047575,80.64948579188462,-99.35664533604908,-87.28238513035407,-34.42700469544529,-35.91629930571408,73.34655237626336,-35.42741893956199,-29.369211551040337,-77.88203980399607,-29.339547878923298,61.113908320317734,-86.8696135337349,-11.557141896937665,88.5420967619088,48.780653757501625,-91.60941653440835,-29.52379002124799,32.57128063934695,46.354897652240936,-61.70425232887862,90.94066414804388,47.83463372647691,26.811943884424608,-72.39763658646767,-9.25187550024988,92.54673644018297,-73.17693766706834,-22.55064281537635,-86.74037363955414,37.46168375380395,-29.922064098983014,-71.53523885724545,42.87011028136064,-1
93.97576534152782,-37.433160495155995,70.6027117975851,55.20979177387605,-76.82640116172283,5.101028630158822,-35.98004663364513,-18.18892373747491,86.19389829766942,82.24520680072683,33.96076398456981,-6.532089130747494,69.11844257500212,-50.221133189981714,-9.228945092038572,12.120759850589934,34.22062423232302,-27.77388680763974,-13.830188632271387,71.59949712659989,29.692029582058524,-66.32919369298263,-73.65619939730628,45.322953527953956,-72.04922721562635,76.59612236767728,79.94946002663968,-42.237679074653656,69.57548285284,-3.8505728076261505,-52.968313400230294,-76.86725096008061,-64.42066393633851,-63.152724682140324,88.97176661753196,96.28943087753854,-92.32313238960555,-27.74137501683998,83.15307106473546,-54.914503003113246,-63.90680256076724,12.436028790123288,56.323772768224984,8.247633319991479,90.84395912327378,-12.56386624573291,-78.3588791116726,96.67160825422985,76.86098718871057,8.929611648998545,1
-54.70084496041241,-93.11373828533709,-51.51623722255783,-38.96833389254206,-70.08205941732763,-18.85406140226631,-29.08579054810825,-34.67746394764116,-3.131230344644237,72.03708868710385,-58.37493993712288,84.59457918217623,24.02267666838887,-7.960947122968037,-52.267450451794396,-92.68392660603368,-84.52113091213404,-98.76414992396188,-28.944298441695366,33.64675241324923,44.627616676541464,57.18013295676309,-28.975081567221793,-24.82570492251935,-29.19524516384226,-52.478879166272876,73.85359408832016,-58.697341919089816,-11.639564423352283,1.140935032942636,72.30191966959094,51.474462160943546,96.40210187476333,-53.29949427766372,4.672328667338775,1.4453721003903013,-25.766053325035017,-21.800763379237438,-33.02502609481725,-35.4351333656286,80.89674177925727,-13.83252167607884,96.00158678182885,48.356029063207046,19.884262867029463,63.61217288824636,-92.47667579795657,-46.04256022812867,25.74426070611939,-63.30498976909995,1
8.868977526864214,-87.1361553612833,-44.56787723116105,28.549206926722576,45.01150005445879,78.17027747183658,80.15075508043554,29.427276442492627,-79.52979393485788,2.050026431197381,-19.059062776252404,84.20282215282609,-89.79917032251012,-13.468706492197796,-53.602914857816586,-58.64381725193377,-51.82562209547144,-8.352938189871224,-53.77502957211186,-29.50981544819571,98.50968264172306,63.561555457367945,-61.77160518144855,45.13394727005803,49.29549441845626,-29.514125764632,56.26345619655834,80.31317844468037,71.76731624110718,61.21437490600894,-91.70063503576603,89.59990324996042,65.25940741444413,-62.62231231225495,99.96449401268202,72.12221605312905,50.76777743425893,42.22181988384199,26.247672425631706,-52.90925317009143,5.676853239318163,13.06438325873249,11.795550855331484,38.44480244481571,48.283206272055764,61.71694718729165,84.01927579802287,21.709461089896536,46.201262873355745,-1.542180240625953,-1
-77.69755753574472,-85.28732915684687,49.09340764141106,25.300661453219277,34.95260827828375,-25.509671299226454,86.54661424229039,12.672622598925727,2.449156056845098,-62.314621688651116,58.45819470021519,68.55764299703267,43.34336172013522,14.452171893149142,-17.101454734961834,-96.70694235856449,-15.936894863397583,-91.68705362989904,9.907068418313372,29.00125157036021,-90.67384509125216,63.342565736127995,39.81824064741025,-8.369109114862951,-98.35363540710249,19.4827084460411,-14.922915147475749,-50.833237560374634,-39.11926555120164,89.00912016492146,17.231118518085566,45.88492499428045,1.9730462405169789,-8.617990964187513,85.26295540879534,-69.26785254853176,-56.29796666184645,54.73997183286136,-21.636575620039338,7.5913221081981135,23.667968562496753,-93.17123075279883,34.11431958347251,-4.718090844612007,-53.14645646011633,10.156842914059268,7.838518767574826,-82.01000962880174,-17.879112153347705,32.42836827541831,-1
89.22309242672654,17.686248090690455,-26.275869500342267,-31.64847954028744,2.1953831251112774,91.2190326250697,-73.61892134891106,58.83219519414641,-65.11924007081033,-67.27134930053116,-56.4423190956572,47.75850907502553,92.08573629256048,-68.80464222675975,98.23154804516074,19.11335762200683,-72.93890656636273,13.096982331134342,-44.21249053429961,37.40943271780418,-6.484921734893078,-2.0746670185677374,-85.10000332013519,33.691820862406786,-19.50780849904217,-12.979027998430581,48.117870119915466,83.59639655120864,94.39531098405064,79.57662705355989,30.553574997942206,-46.74540880173168,-82.2719714648525,26.32119904163639,4.156845423672422,26.59032710931544,3.6851875502470506,4.005014366651281,65.59983951929792,-37.80202082644073,-10.89419441003055,-23.69540052738857,-22.559324817056975,-38.07673124222406,2.6789807361689952,-94.81669965978232,-93.19180767224347,-38.95217174161696,81.22062700779708,-91.57096298267504,1
14.121949327765932,-35.9402515006515,-20.098704947887143,56.978278932770024,66.30725730187072,-79.09514568713763,-37.40660545990353,41.69293774911,94.15528121547766,71.21571962607868,-54.64166831102189,-34.21073240590641,-14.426327105560105,-47.81432617506627,74.06017519695095,-66.0747166473499,64.84540259430617,-8.684944752980044,59.658786309212985,-51.11652973293101,69.05473502029855,-86.92719032095746,72.428258867165,33.49313683701553,21.293513446431533,-53.63901859103522,22.68152550002975,77.14938172328695,23.174716887416153,11.389311159616128,-9.708286985725792,29.766870510745463,-81.22414345573416,-39.952097735144434,-6.641652905511037,95.8127111166005,-25.156994693879625,-35.28564115809412,13.91121354406333,18.121681176165012,-47.336980397218944,64.2771683364092,71.43305418711375,91.51220385299737,-36.65264044208754,-70.4591001379541,7.448653706201469,-2.1589641709139187,49.63501343904733,-69.65178611478937,1
-2.2306839486159618,76.32706983508214,95.88397462757044,61.18587323189311,-3.3298673222233504,-46.359927582356164,-89.89697640595134,-17.064210431320248,10.935618803617729,24.59796442124214,-64.70866540830903,-75.92744629555801,-15.756480371334462,-6.8853388412515955,-49.740030663966905,-96.29640769652616,-8.24885662366998,-68.21575364150476,-60.82680163857521,-16.580061111025984,20.073582949511774,85.05653402967914,-23.72494743944422,-81.63820861179167,-49.63924637531167,27.49420147256953,63.90682074658426,-28.176070430574256,38.520170658923746,-54.453516909329714,59.164057818432326,-90.43245227386008,-26.143241300157058,54.06641336723118,-94.47699772626817,-24.49584001869043,32.53720338405719,-34.94594526695845,32.13933549724965,-24.76959871866397,32.910176555562344,85.35432612813801,-53.197494147540645,-78.46444682704599,95.77761875757994,15.335387045036569,-41.931743677236796,-20.798143961385506,-84.33365396951177,38.32829555862958,1
9.3296440375577,86.48879567547016,-41.43287550794792,-80.41232692342881,25.010714594073292,-12.557006199066308,-40.88292065197601,-17.231159640520957,89.75153351056849,-37.36775883724195,40.72454241170064,95.4913754928856,-51.51921797454353,-0.5688947030454159,12.73888964560743,-5.691075522306164,70.13146545698581,52.35182605403702,59.33762395115417,-61.96668572760562,17.433015253137228,23.561004171565372,-15.13144703547708,-31.917678577643898,-83.67952385390652,56.10489845076634,91.7024418670745,1.3533291113335935,-80.58116189161284,-3.20515540257729,-66.39122943705581,35.863555007563804,94.46297669828039,-50.077385053161706,-43.497100796049715,-81.26602238314518,-89.97870099022984,23.717061866809374,-27.8355734224171,46.43288104898065,-52.06384155953783,26.419402814975427,-91.40342959073521,47.25159742976703,-54.73426297740798,-13.670768798471286,-63.8589529216141,-10.939965282066083,-76.72886514550561,11.432272639379477,-1
38.00097816413316,-65.66436099135662,-85.72659722212398,14.789064440133885,-62.504133833615995,-60.1030416950703,-25.199916454981675,-79.38527266969469,-53.880851768299465,-55.733909294404626,3.8126128793138037,3.108112123835056,-27.080237453246852,18.628353006042246,43.436868687616226,59.33785737735383,59.79449894522912,-29.203768027237032,-19.244763618343995,12.46745909950431,47.670785679908846,84.29298496807351,58.540610077923304,66.01788735145703,1.0837606362086092,-27.478260580915915,-89.36961826290808,-43.03819421476807,-40.87401543302829,-97.07196112714452,-63.00650611772332,-21.691224118694393,32.2809769644395,-61.3686643605655,69.94882100147194,-98.38814152277794,17.991356293016665,-59.45331149894908,-10.344111133984967,46.83428065367755,-34.45565551197778,-8.988179913139291,-89.78185486009325,-18.01229280278595,80.27201446719226,-9.770111390987068,-97.02205407923255,57.99074760858497,80.15722709741277,-15.450914516406371,-1
21.25058755019549,8.696885716602893,-34.23094235820207,8.937618686795318,30.31878282275872,-6.936905102979821,-61.11026065529994,-43.22260757537695,-72.78401912672865,-17.742814167047996,15.885143797178074,-22.9627419690744,88.17164042956546,-85.62291356197234,-82.0504411259434,31.850173459301345,-53.13831193302596,-25.893284824182913,-55.300943219764534,-92.53620941057392,-92.66985461389974,89.02061437374829,-51.46234080581418,68.77372378574981,-11.81852214882096,26.863997539730363,-85.64976319070928,17.456335606377678,-87.74460683383059,-66.84458628230382,78.32953651944055,-80.38086680999797,96.02364803980623,-35.553550460479784,6.966377505232188,-13.722058513396945,-84.83690393015601,28.95047264520977,3.3210963613081788,-3.946775217713096,-55.104922173138895,23.93934367017745,98.35903846050263,13.976403131790448,45.14661477722049,-26.35889869903434,93.26078109228163,47.902313284960485,-59.57795271964918,-61.20922981184247,1
-51.86145763349901,-61.275238040907844,-87.3932695000477,35.72540099765038,70.88408187627891,-90.71572291064919,-76.24311573512466,3.517226808592582,36.69219840275733,36.0613144809345,84.11259943454218,42.59198720090137,-37.04414186718916,31.406311151437677,95.21867855787926,-9.93251825342378,-50.4492511598781,-25.074445116982417,-80.20007717729321,53.992117200916965,36.18697002013704,-51.64768944630944,-71.88804632977622,-3.906177518292367,-0.2757913527683229,-42.16302664634901,67.18377487691163,-34.18950562596643,80.29271223185367,-62.17935014986005,24.37358969844084,21.442417974615594,-22.984784391642492,-84.24905863674678,-27.186393778199914,54.29322779520075,-42.47699711483306,-32.07648371672411,92.18248608677334,-76.26271349589274,-29.607498508948254,10.458778024834103,96.9879150085479,51.230611284761636,69.67854850736398,15.185306144350093,94.56485186173055,69.61777885581452,-69.51114321661393,34.347446654539624,-1
27.129064390522643,-98.99489932693761,-91.43253576220032,45.314141665558736,-41.33449934184834,67.06987590169865,-80.87874317215844,-69.93678617540056,95.52408465508805,14.59131181981168,72.31140771630263,92.94421463828971,-44.40827907593683,97.74047545649245,13.596270913738763,-48.51694928710617,98.94619071496379,93.86203191541668,63.94918427610915,71.70283208546977,59.85467989097387,-90.73151433370603,-69.58606970015427,-10.412811479441615,7.299757057737736,7.661927790210953,59.429167495420074,-82.75884448366932,42.13923102064982,-43.64305500711205,-2.5028920375070385,-79.34789557243789,73.53871409768556,-98.34719810893044,92.32304997214132,-7.883270195754349,-45.25103374299248,-95.83946597303323,-77.43730470312624,-89.68402111186444,34.70789234085899,-51.536986296772305,28.010353489249184,93.09964405807912,58.40969695092869,30.212426241524582,14.098231149756614,-43.03769228719065,90.75913787027588,-25.685182951113077,-1
-83.29985666026624,-74.8713015175372,98.75462055358634,-28.217401800393873,84.37916051532852,98.63524362509759,19.734051501392756,38.12207124812329,-13.451634867525414,-95.57130696678536,-79.3075860156595,-63.92565864456907,-7.120113625640641,3.2311682787433256,-27.70772523810747,-86.27480625018259,56.24693428178617,97.11960609856243,-98.88418723896741,-95.20909710239569,94.87952351348966,-57.509388055114385,-20.495719106223746,-40.112784893784934,28.097926986569433,49.80224473563814,-35.856919448758646,-22.63732433270576,-16.038732377349007,-0.634909445362581,-37.98401888034264,66.2546559546935,20.82402835931903,-69.95129349375074,-28.21155320822109,53.96778771984256,-49.16918709674898,-28.207896879675488,-67.65563629142892,-15.796684864684025,90.2150385623872,-30.31858502528428,-10.247642468941336,-88.53102398057162,41.599578231370515,88.12085980284832,71.35208194014348,25.559548111405192,0.7563172230407673,40.2963880921352,-1
-97.65867785381919,40.89872728233695,54.96555333092428,13.094426310050068,17.066108378012416,-23.259220087258072,88.8446283120642,-44.600343997189064,21.29388161908136,44.13467317135053,75.27780508481803,54.64043660741163,39.13326911321383,-46.302494867033886,44.29861708337086,33.29008584898884,6.167557238537498,-93.25036628860943,92.92059550130341,-14.701024704320758,65.61539243918097,92.66394680818252,15.458369533370671,31.049985138187537,36.76254902277722,70.76608912695858,-75.69271329856366,-92.39014358718829,78.84675461125767,-56.72352238546752,-89.86640025614896,-78.13161986783174,-79.09615072109386,19.64222989443536,-12.036925399040726,-99.30256058718068,-26.91078724164906,-68.77770103052778,-73.15985810712246,-59.22867171369472,-77.23229037839381,-52.78713740997989,30.452173839469708,56.91917516048915,-10.018263016602049,10.42053926578177,75.23951527775714,-34.03692427432654,3.9947137977462717,13.506288381319152,1
96.88043614071043,-50.34250407383081,-58.222221457031374,77.67273656025282,26.765557388788537,-73.5519751178684,93.83345327811708,28.78061188716049,78.9075722512257,-19.794466657752324,14.962632534791425,69.39631624342098,-81.35776796716756,-86.5113893798995,11.780072976215877,93.10891529499878,-4.876972201118761,69.56869069407801,24.07718970409904,-67.20208375110843,99.4869732245154,54.08743302930026,49.48936169990557,38.165856842167216,36.40734969953024,-21.88252711198004,-99.41915852754659,-96.29384069798397,0.1477591556079858,-73.56536971825618,70.27594453922731,-22.879807917522726,-19.40682353886494,81.03075543528377,-84.11110109593866,51.59724228438921,-4.8019780836464605,99.60575142807545,-93.85590103515918,90.37454059070853,3.4763539245901995,-87.59782569155266,76.01368268940442,-51.64602282958197,-81.97205731781563,-4.751150444870689,22.129956531955656,68.30176894822873,55.937710769237356,-37.72497394322285,-1
43.84904011516636,-98.3553737222217,54.62773457705549,34.59283462236314,-11.299723489991692,35.61590203818625,-4.796392423178531,16.002003521302896,-54.30940002562936,33.67020813426305,14.665245421085743,-48.35514362195828,70.32354236694152,-73.66380978536057,84.67185440814544,-18.269582479727603,-69.21690885804637,-35.796922788410185,59.363561886162614,79.88000753164499,-59.151473106567806,-81.98802643868544,-17.040538431803554,-67.77884260914212,-75.55102698218943,15.360117591387407,-15.051431764008626,-23.64364608512426,-38.34209873969448,-39.895687475118336,-71.61539008263924,66.04747277014448,73.98105471954096,-99.55392677839482,39.884812183837454,68.20182944819092,-56.584109256417214,-46.6328557709482,-41.09880854384822,-11.009221019034058,-14.586960265362947,-65.03771465042504,-37.48269662526846,82.87154463829685,76.27668542702949,-14.37369850225619,92.17320492691144,16.867234652677382,43.62659699064005,-68.48332889600334,1
1.7781111182111715,45.77410189771916,-56.814879812208495,14.78228120667957,-56.940340535710774,-45.666638663397066,40.08588789164739,69.49737146615661,50.18463315926803,-54.019048878105224,72.17002102413815,-0.41053329839313335,-39.44143654182377,-28.85953599356273,-30.07166018374822,46.47303126745058,25.739617695874813,-50.14970101435332,37.13087705680519,-79.2254804685178,-59.11592862726975,-91.09629987211467,98.97217608913414,-99.45509222654908,-82.00234423429391,58.0329625222667,20.917921027799963,-57.47930820061931,-11.9160860669528,-23.254243745720004,92.8669122825624,-39.7033395569913,-65.91763569628455,-69.15595214729562,-23.92722693604054,-0.733595727510135,-15.177456995266752,-81.19364029418061,-86.17570895904069,71.66882428685625,0.9577265769644043,78.23213079292066,24.751114621470066,-32.289566907945215,16.548558426697753,20.274624451979136,43.87988705624085,15.848174253126032,87.81549291160346,-1.1909761064150786,1
-92.6657146132914,-59.29777833362271,76.2394679111282,-13.921476396784911,-81.13518066964556,-0.3471001409964174,91.07345614623478,-96.40335408838321,-60.38039015698045,-61.691174638437495,-45.64408310594634,51.687005299031966,60.84482507929309,11.738392891077964,62.58414898994832,-91.15924829083097,77.31522485204744,52.73287640955675,7.328433357909759,70.04804552146865,26.416628270241844,-1.5674355902642674,50.65313514027727,28.788361600907933,20.932433590435352,82.5192878797086,2.046383840660198,-87.09787760516457,-96.13279430935533,32.802674748929974,19.778096869328323,-70.49310134689426,-61.19933876573287,-81.13146690620685,25.037530320202862,-93.03951899739708,-24.208816603851858,49.86797491460237,-21.46403520703781,98.81360121732646,56.735812488762804,60.56468991119908,5.747969253383729,-88.2667605386895,-85.67392138714969,-34.5415541583486,-93.42544830533217,29.728578954257728,17.11016754091716,-81.95528449332674,-1
13.907955913420736,-14.222513729957882,58.31478178600557,-21.574370606145536,-17.18761195733171,-60.380085593760114,-76.04536830002885,35.67546045198915,86.73002236231179,-82.84720444457368,-98.03928478458785,53.28882361356423,-49.73827060868028,98.55554364785343,89.0604601083246,44.90553821857105,29.24055525601159,31.292990267252662,-28.963540879367542,55.1714281284402,-9.29787913344839,71.99035748354862,68.85729526300679,97.69207273941086,-44.957672378499794,-65.00550050032552,47.51841448940104,-33.663592108218765,90.1631110263018,4.098961253207406,20.512084211959532,-4.016844340989451,87.16912666987616,89.96901741855686,59.27265102056731,38.96814297722324,31.769675920506643,23.0177168394911,48.64820532656577,48.2891155944713,80.0653432839691,-32.52512615783773,-4.899778803111829,-18.06957067100663,-55.02453856244611,-30.83598304817916,7.801151568231802,-89.39997361022046,-40.377361159198166,30.242823495110002,-1
-60.27367722762618,-96.16541785002035,-68.8147495652337,-59.10360994988408,13.981889337847832,-47.91568629307268,52.574939881376764,-24.51565443495312,90.34696074823711,-35.09840427285383,-77.81506332037685,-47.10090031713896,-82.09621267099905,-75.97311211631452,-52.50930853434894,25.632762446798168,-36.02885396336375,10.409544974611862,41.63892141161776,5.089376444710126,56.37102107676418,24.202723570633893,73.73912500678409,-39.00187714480576,97.57051560279538,-46.05998552429309,81.44790496833113,-36.84565971151292,-39.10155999062237,52.08194747837774,-98.62009255144213,79.917576390643,37.47463533395407,-61.11489865910589,28.417302711443256,69.18208785690132,-2.080965151552647,-23.66977989707692,0.7752790707891393,-31.881074804529774,-75.79077339997913,-9.478278895015848,75.9272353473919,-13.976773138692764,-50.52976444978585,-32.93252173629671,89.44897151129055,-38.379648122206355,-41.006083321247445,-54.4024072878462,-1
-38.937864660653744,-53.27504727028669,-44.415597846128186,95.05990772997598,86.1484436562856,99.683392729851,24.80335831713994,-89.625913857868,37.40096961773659,63.78368406825001,68.83763307397263,7.9940459422792,-63.89726329219783,0.381163054180945,-26.50638421297016,6.333349537852342,-84.2655579005754,-81.3171333943334,-36.25686581873453,-54.277116779864954,59.92135850115383,-13.914741321156441,-19.412540595509938,89.44597087085762,-73.967070975344,-70.00338077329562,-43.945931446052256,62.25302453696338,95.16340913883991,-2.1973572392502376,94.3847076597948,82.25502091933271,-89.04336427040407,19.425157162490805,-38.103695294816255,-27.602536506409493,-26.60109337934,67.62561956150009,73.2238850643754,-70.08690216114242,48.749485184918996,-95.85288422493834,-89.11087141271179,-69.96853790278934,-97.67198259233079,-80.07365787938907,67.93436329755582,19.708011288293406,-70.89560574628386,-84.74011836187366,-1
-53.99823254245939,57.78279259317341,-16.85773817003033,73.08317635768876,-56.52297914454514,5.407864983519772,-19.471782982710437,-99.62613097408747,-84.33493617951213,68.135098312454,86.9316124108183,15.46317688750905,69.64168304000023,12.248479907593989,8.606808552606893,87.34615152253858,95.94029138086631,-31.368078721713147,3.842996759240066,-8.063901102567357,51.74193893786051,-72.41032910027823,-0.8111047794986206,-33.00692216264669,-32.09443739358646,26.24854481359442,85.23823699762985,-14.006518461675938,-43.35830735512558,-72.08679018209885,-30.484180954255464,-21.174467174325585,4.471978335100118,-38.85080586651411,-47.575025004611504,-14.215365032551716,57.49282608840386,88.0328338431674,6.513264732238099,-12.389903783190718,60.79104620180016,-74.03085028109658,41.205393022670165,6.269013014790815,96.31988544632421,-22.38115806786864,-44.749176998510535,-59.02661885694693,23.676338481656288,-80.31870695042713,-1
82.1854368987685,0.8265683836876576,-9.40037983400724,53.17046080740187,29.133182242468934,48.960950594310816,-84.73237491773658,64.33643118438036,-28.4635780080649,50.18106573558009,69.13018830887191,-87.34632957934612,80.32085388847926,36.64117131531984,-68.30236099969144,36.27898054911634,-56.98357949965713,3.0635361370844834,37.543707186549995,91.09877058974169,-34.54093454476434,-3.9825126870513685,95.06852576255758,67.21387588076442,41.033376672230645,-28.2017839113645,79.00554905188483,11.847679235239667,-2.302401607232653,10.092048741582786,-52.750262297525865,-36.78723834326168,-94.53753547929027,0.8538540490236102,47.39441935171226,4.546898241357951,32.76364611538588,-56.49592687555065,42.98849470637006,-53.42311284571899,79.97276987121026,57.7105504285781,38.242461165112786,-89.39888361730979,-41.868927289964006,-22.654878806099376,-81.20748480578766,13.662053705751148,-16.26474878214441,-89.29971499328258,-1
-80.67103314244955,-42.874680063284586,-29.507443120152033,58.42115588299163,21.67659062995908,33.55637980604146,-7.8549288791483605,-60.23026316349671,-0.28348871308342893,-51.49510610066665,-90.60026162460628,92.39039924543474,12.58391334732525,-93.05335262445634,-42.662603865708434,63.505327013199036,-98.6912687365997,96.91119405623903,32.86844664014984,-43.63932366910088,-52.631755129055755,-14.09997916962422,43.81589818354948,4.621438651449665,-89.67370475122343,82.92968842623904,-89.55737130189776,80.79183225524181,-18.263588400838998,-14.229155564412594,1.5079096676577706,26.866986654490233,32.15409487684363,73.10897400297071,-46.06923827576723,98.34713503833038,-62.73235050508204,-95.66925155824333,-79.20233717524034,-30.991590329645376,-74.33189690120483,-74.73379525411299,-16.801889758245665,-41.491356364641874,28.23510179253111,-79.40178008261097,59.18180526587227,-30.237652461588112,16.736171832372506,5.059469003157659,1
-48.04924324793476,-43.065052230707266,70.25644244330621,-11.726487936042076,47.68502024857665,59.143520293220064,81.86751475816146,-64.4055903242313,64.36933206360263,-32.25802483836833,-33.215813959909596,-65.88284375291573,-6.450688318856223,-77.92288106829639,-72.48814875452925,52.924344067268294,81.16429721554661,-5.362368384631438,96.96524460679888,30.448953873261274,84.62969264101966,53.977886830421994,31.82694759172344,-64.16500801703013,89.86835806033957,-19.209876293537164,-99.6565985849904,-5.24370834148435,-19.07361613942146,65.28701767489494,81.58063198676115,21.7891615419407,99.75721040346895,-77.72983164125421,-17.061931160776595,-97.68203397476849,68.85413375847531,66.00420757046822,1.4196077552206816,14.982260656686492,-88.2446712529802,-68.07493974112961,-7.335780532685092,-7.391887696121245,17.948568780261326,57.58186193955973,51.344816273091254,90.69432172518356,-6.138222194983058,15.338052860100632,-1
-47.658863252818804,-92.2401090542225,30.861264306811194,62.58954038892429,52.92719885699472,72.92727459220998,-94.66845501339452,-57.39956163054234,89.33971546908504,26.751579445833244,-88.6592465631709,-9.555349108002972,85.99270159728266,-4.843046007118019,-4.484510274005359,75.00775291705074,-49.83747836583068,22.13826806954245,81.91099826007942,54.9771749346377,23.942415100457964,-91.83003481703278,-86.91754992296698,8.239766630729122,56.84190290928149,-99.9183557669494,-55.698315738762695,-21.614751123045465,-2.5744881016399006,-50.53922382972065,61.859901219031144,6.625550849188016,36.00092637462785,8.678102183214477,86.91052264183367,-97.16873106600283,23.355100056752207,30.420206152816405,-41.08605178628029,92.59712197894063,85.87071141380918,4.672614332878624,-52.836235743940364,-95.74947475225106,-25.65477026670105,36.97607857506026,-13.331914985945971,-25.190852100201397,17.458147163452225,-72.01998962183688,1
-54.64547493607086,-43.02946467787727,-84.87106386853007,-32.06473229086623,28.043840873401052,-78.01500534016628,61.4012295691673,-29.215182031474683,85.30234927781592,22.174927039284228,11.955212735622922,6.762145721156429,-10.436144982726063,69.18893085060387,-67.98412650840473,35.20103729845681,92.8771680373579,27.606633576798984,-19.055681183748746,75.79533088321571,-35.782376212894434,60.029734479785105,-0.6638142036999,75.310043812635,44.59133851010094,-83.80989761913602,-0.9556585438005101,-47.83554485593044,36.15254846143628,30.883675102116626,-64.00340880837143,90.95467858951986,-99.84716172819023,37.2251378487031,-73.59280633123731,-38.45724172641323,21.581564670431902,2.237031076118029,86.2365689683304,-40.50201224132341,-51.76654207216589,-80.70224262916419,83.22318769275182,27.436396275340385,-36.05947165337386,32.00347992814113,-95.56983876426848,-91.91727626507938,-70.78120496065563,97.35082958824,-1
-24.61111411501848,-8.886643601978236,-60.96507699199876,-14.370111601529587,-57.37543997888832,70.44696328462544,20.174978419052252,69.26149654315586,-83.6320693310868,14.717272419642185,19.59696781223829,-58.59068214412413,-78.02175706036113,53.1479159887424,-89.48325521733027,-99.08438977714245,34.98027600844662,-39.00515589814213,-9.131260369844725,-59.66077097731883,81.05457537462243,38.48099588974088,36.60296563344224,-6.849979589884029,-46.75901260243964,-49.10156288207113,-67.61618798820112,-37.98001248408009,1.259067034807316,-29.04291313841587,68.83041248832731,-98.41570667967645,9.264601273295298,22.055690756953638,80.75715241765516,67.89622367065391,-88.63375068815454,-72.0637364666417,-44.39416646490657,-5.462290874391613,54.137925517705014,-87.36433510686084,-67.51210737812896,13.447651229053292,40.714432875813856,81.28864183097087,-12.206339043492505,8.902428385341963,54.40549657563761,-14.401196350982431,1
58.84213250988108,-10.65209493772143,-82.33745575628444,-70.91542818091203,-62.55061021225528,62.12975951121612,3.358540649198048,22.950718234907797,-21.143382723083064,-81.03204332321945,-85.83908481428195,-33.626789560368735,50.912141382992814,-41.37268738544244,-92.92409860592177,90.52017776425586,82.83336479110162,26.425666882100927,77.5473295614982,21.568695457473865,98.38946006433889,85.69374476905537,-13.59110755611583,-23.652883799206023,4.936626149154392,64.39101287472266,48.278653717869446,-64.25684226652095,-13.998697437704053,-50.65234952979465,-81.83684612204765,18.205134956101674,8.689160669604462,-66.64402158266584,90.39728297673798,-80.90922573589592,46.93645478290827,69.20313310357864,-71.68963552364946,97.60447026774057,83.89194227137912,39.07353414043982,88.757106062791,-60.51821217977269,51.303222292724485,67.10018297591569,14.02459845003095,-80.145629721345,23.476454150847488,-81.7233408008897,-1
-14.912712276716647,-68.64791426967214,-86.33032571036105,36.4458535153168,89.4677024161553,-0.32969782962324246,-22.34395382914778,-15.479876410615063,-96.03299507355688,26.833126367922148,-94.45946624839885,73.13784322612054,-93.59892366255238,-55.274233190797226,86.79704024680143,35.50778103385065,47.09264545218798,-20.65224418241398,95.7056691005773,-39.34315889752098,-58.447452583260784,-47.86534526140444,41.577976115377766,-5.781163558703668,-72.28966948917821,-6.032943480497451,-29.05833063516117,-14.426016382104947,66.38651360259215,12.980371425427492,-33.10728069839605,-33.672862131962916,42.62365499096157,-62.843605950763816,25.898550896850736,41.980192389378146,-39.524935329295154,-20.212134621415373,-36.332437801720616,-30.862990124435782,83.48782788610421,83.07544265586625,-62.97582897583642,-4.21897843443864,31.53477206360259,96.28490934346468,90.77449783337923,99.06109220739049,70.79505357566853,55.745918510593526,-1
52.38036252097399,-73.15951473472995,82.6491238976632,79.2970545284993,-55.48537774227298,95.94350007715732,-20.236882028121173,-71.64179171418999,-33.23938335477099,10.574623959063032,22.44517186235187,90.22193930676997,-84.85118838886218,62.879344018767,-98.21818111742131,92.51364169164259,26.927517132281878,-40.39425397595575,85.31625310343625,-9.665379884007777,99.54583371502946,-13.890194398416654,52.39663559440615,74.2070751397552,-92.6869329604268,51.900117340166986,40.43188617986743,-61.693224276766976,-92.03607897321393,-36.84110935476432,82.40352187891668,-22.782334738808288,-8.617262491796353,-0.7139287968502401,-86.7553655425686,-85.56288172294562,90.37658885784481,-51.6612857780075,-90.4399990020826,66.52879599716474,83.40104281073764,-2.90715458208075,74.45031480685745,-72.19563988693425,28.817969716115954,41.461726418418266,83.49612736577149,68.1079302507404,-89.28208700485187,-35.070516067518625,-1
-50.09076003009878,53.35367126766715,54.73586929585014,-10.132788112913175,58.78088002653817,-38.850961139719864,59.86418960186592,49.0691392815705,-47.44804445699098,-91.88478013622438,-50.06920348212181,-89.83784828944277,32.66044520959349,-53.44707841009535,59.57886416522186,86.38598811709448,-1.9532384167739707,-19.725591080779452,-61.37198863581141,16.66619385384618,53.56076285454472,-73.10732694676338,79.5824673853792,-53.204130603303824,-42.9519252252895,-1.3602072239624192,34.278047505416424,-64.2130357806129,-88.40907445192532,42.041636635197676,17.19097576106732,64.5154002976009,68.28823415654713,-56.02621923006075,-7.5782386562536885,4.557955546796677,97.83863458643128,21.72908224599537,-54.492388764747226,97.76454755427056,-21.848090161476023,-30.758592198761107,33.088149629473406,-55.08084387981951,-86.18498128897048,-47.39613710023938,98.40197514929676,-12.066503262482485,-38.56813240331236,12.100070693684017,-1
96.2355673524589,-53.28391315552816,34.80523582522653,-36.28738037480208,58.5062117812941,66.64268363416068,58.468582362872496,0.46506098551442676,-3.162344785767047,47.85490063103265,33.69635821508734,30.860036296798796,-74.605065973318,-22.171322502389472,40.914974485213406,19.806131455251148,17.027316494316196,87.61897946959206,1.3108004512026241,-22.121931174386873,40.84858653918491,94.34932294072337,-40.78020521189043,-88.91281312094858,-88.30802009606687,36.41527277588753,-34.7901388948509,-17.302907088765124,26.033327484908213,-38.34511896060633,52.70504988114965,92.89339581686579,-20.039151456637015,45.539800840961846,-1.0908273635739079,-60.72595659611917,-42.5601913467436,38.83895011309514,30.993455438840897,-18.30492423486605,58.36239109969418,-2.6742155940106898,-69.89654548044936,23.677364108410856,44.91273729281093,-92.01551282819975,-65.18020282456757,-58.327350714094116,47.191470560816015,16.940629440538288,-1
4.68027418440164,-61.20120875532056,71.31688884549152,39.72306120222419,-57.69868240452751,92.00896823365781,60.564041068290976,-48.72325049346657,-80.81812348660279,-86.47203850421847,-47.2592628877222,-75.73320991528283,17.36149885794096,-75.07787391002019,-55.79335967256094,66.55284757997129,88.23663932616037,46.35692836224263,-29.657181710236216,63.090989752427674,-55.73792461711893,-88.62817140333192,32.124226025261805,18.79217281639447,57.77706988958545,82.14556564486438,-97.01814989811437,48.03949603665697,-23.622822868837744,30.97545455761363,78.77497669995063,-52.039086810172044,42.469808276478005,40.32565693195454,90.1141404956694,-47.14589498720081,-22.89912959051128,-2.583435425137594,-63.00593902118712,-18.379951251156896,-4.980260798495934,-37.15195987899502,-95.04039442245866,89.74926191625596,57.43056599276494,60.592415506618124,-23.861967730014186,5.012510566625991,-58.31938067530638,-54.77482172743311,1
18.568036101622027,53.152664209508,98.3015376557004,-7.588039621073946,-44.23267735786076,-18.06458483536501,-3.095233182680218,86.58596145604622,57.01510157546349,-9.564467793899013,45.25605366585111,-0.6999223411478113,17.16401336072228,6.553897040467291,36.88867402626741,-43.319841263585545,1.2785910842841162,-54.758779367259876,0.356143616994558,-54.80710069813124,-67.42851744776831,-41.477202718038896,-3.111775761497171,-96.93629223835103,21.08153472849112,-48.375601861350304,-29.57524678008305,-79.90845297464932,97.37499372215339,-14.700341568610426,18.05216967862009,92.88824427400476,-5.174471503307544,-15.715681210629782,36.230748150444725,-27.011078639231286,-16.601900073734896,-73.47575527679805,-76.65555135798094,77.37217957876632,30.124618432803885,-80.35950770183456,94.55376363021009,-46.43616852358288,-46.91775764260413,12.370436803740546,64.71230623301653,11.984178906844534,5.087950253702388,24.543092878106833,1
-51.320663356293906,95.10546580418037,21.471276695548752,4.903788531161908,-75.80844764909531,37.87613366730008,69.73100654551882,-99.88104839146852,0.682504176857222,-44.86735818799903,93.73774081393029,36.09213470092104,23.48703113425634,-99.33833244260543,75.41602959919311,-60.89839538875865,39.64452501709749,98.95975496746709,87.30316215374108,41.503634230024346,-17.802862198022808,-81.60046478471305,97.79967370541101,73.44973388714885,-32.17936681351654,23.152517969630537,-74.98980447429224,82.65819732722667,-84.22248161878856,-34.81597088979815,38.53432511023118,34.014808588532105,27.661541420032805,60.45268950112694,-61.764063938486345,-10.579828717569796,-90.77543577051452,-60.30834230663358,76.77782677359764,-30.644712980430583,73.23966337552403,-44.48566523876689,45.510893496179335,74.12380692130662,-36.36472494705969,-22.911089044177885,26.353107169731757,-68.36508328535317,-85.18288225436248,-97.04477662095141,1
81.84042724129742,19.206032189960226,-10.655688802025281,55.099150327215625,19.76847511449374,-63.126623165691534,65.80437833308383,82.03947615931045,-77.66006690752681,-62.006961061944274,32.59823942778962,-19.166023721428857,-43.508887040448776,-13.622718083933492,-32.39566454558636,49.718820268863794,20.954400169571485,19.590638096972526,-99.13381490189192,15.797824458450236,76.57683397970067,-80.04611686770656,20.93818661152129,38.03705068698923,-53.1174740936124,88.02834710069553,40.42217464723896,84.92427006533123,-63.458092196630346,-42.45221447351859,92.67237549532757,-72.43408176452144,90.57754451080001,-74.09296165552041,-13.166710438703817,-20.24815994577355,4.740944640537023,86.60673751913072,1.0933607024462333,-29.242473482620213,85.44040227338115,-37.835770200602155,-70.49772143355972,-67.27975368230176,12.605253830820871,-13.85987416907166,30.766726951351814,-34.3512677790589,22.40451123608797,83.56276197990698,-1
52.870677287285474,14.36575423653818,86.69455838951157,14.25236568852388,-16.871686670433945,65.19393896709374,39.03144943761612,76.83784555995649,21.482960063883482,-43.072242565226745,-22.32941281354111,96.56657259379332,-23.533712676877514,-35.82709398923505,25.719731846005132,43.644044125639596,-36.52689558537128,-63.11814773498856,14.515941170025059,-55.027095571505605,-91.51668085393563,99.09232033418701,64.73430145696236,-82.77473058950486,2.663162739667996,85.1350409056221,-35.64600790686055,53.267975678024584,80.22662218690678,13.260146758668157,11.219343754728001,-42.29410312901345,10.88026209544823,-11.86353582092093,-80.80036953043941,53.306891249394056,-67.53986592459967,44.09770013083485,-40.2214805414508,43.55873559749335,-78.34840313265876,-52.28703626294697,88.5223164951436,-99.99308113884715,-15.034212121038237,63.7721443573069,-4.361532997811793,-97.31401797658339,-64.07036657969351,79.58265823528032,-1
35.293587445272436,89.52473170413342,-22.390145988317144,-66.65088627481268,53.40233880368427,-82.95015099768995,95.32422027027178,80.03194142265707,-86.56562749843158,59.559657257314655,77.88015821811655,55.94687799035876,19.78436089886786,-16.336404873536807,-59.75476241897315,-21.864778753986073,-2.006939627750512,39.310135192141786,-53.275566010719274,-82.31137755490923,-41.31656567671684,52.40249662468591,-81.61082692542422,25.671581750073003,11.552144014100804,96.95364469606292,16.937364245120975,2.3086537960435436,84.1735884095371,-93.13499740831881,-10.170631972143937,-36.80071330425025,-43.17729962174717,-74.74931707497225,-24.803868124151606,-17.820986427841717,-57.455908817304426,99.15138578133124,77.390077822618,28.509853447876452,86.30018859172392,-66.65806473873658,35.232140708455944,-56.04535288260904,-52.404939386593654,47.364235388384486,-32.15582289252899,-71.04053504699381,78.3312102613981,-32.20266171677413,1
-83.73024387162005,68.76257273166121,-31.114390756562344,-95.41568537007261,-89.37008156541042,19.8329746734333,-42.98839923534739,89.93667459085012,46.708979429811905,-87.86734121304008,92.03578095355326,50.40176004879183,-14.338960517420801,-14.782287081711985,91.33567797616377,28.72206455923262,34.246869718285666,-94.21008672607113,-37.15637950236614,-72.88935941818717,-71.93156349461276,54.86280154046216,-60.2808804885639,22.759729938055443,39.298321709192294,-96.27773589031183,75.78706993660117,40.20130804690811,-25.680331701255326,-43.855918356321055,89.61871452804911,58.38403729164918,-56.2110173772417,-43.991474226785975,28.74001751343593,64.91706891408427,-4.51076577569367,56.640014531232,-69.3004290385087,11.884440716822198,-66.35036319914443,7.797426791321712,-10.058033474660633,22.97228998409082,82.24797265172339,-16.41485464147054,-17.467416687215874,96.54588153769646,-6.374692469087179,58.85804114856484,-1
-82.27905720606418,-66.63405900994744,-48.65167973169014,-8.857326968634325,64.7824254913258,-93.99790244517176,3.915697020243769,-95.27063978596392,76.40999608159095,-57.08114535367423,-77.08185420572526,14.883994105139138,21.400268851764807,-95.19805296832773,26.01960778625589,73.18023903354626,41.376187215636634,-93.20483593640974,-16.49638172877745,-34.787079979565135,-91.69367907164782,-61.96706639409688,-69.69016589460179,-85.69618537593692,-9.006677050885685,39.14040712915835,16.160848343956417,79.23547679356187,-65.34898116556751,-39.710742837385496,29.39095976817424,-66.41067844727604,9.491650952417459,31.78697585803866,9.615504398098707,-70.93812580865693,-30.338623709036924,-70.3586600368661,51.99637275185921,-12.822945600537167,55.979439149472256,1.318491944143446,-4.173040773427331,-50.180173668044795,82.62982046252657,-59.406587706520675,97.54180518215964,63.365460840716736,-95.89237892284228,92.13851026048184,-1
37.609111414825776,-75.3072852538528,66.31389967297233,-94.27081373794867,-80.04639322983873,86.68731810659057,92.25920579693195,-44.56536544589731,-70.47981095611802,3.728465983517637,-72.49903150244236,48.23057759898748,56.016333516353455,11.97453486058491,-87.639848281502,57.57860952726756,-86.76251589560965,85.00372817423278,44.08190382267068,73.16899955668788,-84.2922686714618,-9.988121740153488,39.729189754453245,6.28831420675391,31.145545637464863,-35.052415421661735,-33.839535820038606,58.850240188323255,97.78960292777498,35.077559613809285,-65.41808361085052,41.86134682103469,-92.81198452868502,75.79154082658499,-87.166388129472,-1.1001507977168217,48.807755367322414,-45.67987536088487,-96.32643557959344,28.319460440064375,-30.681600290939556,44.980162182919855,-49.85126724865492,-84.86406464302189,-68.42544933905113,-9.549730368621013,-36.132351313926,80.4703805859537,53.88131451102697,64.14292864679197,-1
2.8190885102519445,27.600647043249623,84.36909990955698,64.12963600987644,5.173705645653541,93.06245324269298,-39.082771182385216,22.771213884134937,49.01701362360498,53.251437191995876,-91.5899827395909,-0.073017078405897,-65.22198808788688,-92.62042476494877,-99.28384648481953,-4.173320777074039,27.90613658670358,-70.85606645840187,-22.462195147732004,56.84171809066788,22.407759704662084,-10.017298935435633,7.768082745346035,-33.01692283887594,-48.572089464818234,77.64551887835677,35.151871992611945,22.827918482356864,2.1796276000800106,-9.786680516302056,-7.9201194738629965,-27.126490038868866,86.44062710978713,40.91329262888556,-34.490663535891,84.11846002605367,73.38588680516688,-43.19117986344718,88.93419771810608,31.063204618396952,-46.3075498374244,-27.92204736929311,-20.4647402051757,-13.855434303918074,-49.65431807053147,-58.389826899339226,-73.69497021869525,72.61167715080362,-3.2864096326268992,-61.48303801343336,1
-59.003140916835804,-50.83628259548507,-69.42257687040036,-20.463772970993134,-51.17197626100018,80.08791191965977,75.33052122054929,-80.36904865832764,54.101924429420535,19.91478086795324,-71.11098279771113,73.94964664382974,91.52329644394447,77.48746828565262,-41.259184469840605,-60.37380784900193,55.14347908225096,29.5778210687304,62.44421409298465,13.31883548242483,-53.01369024311706,34.75323529204309,77.54230392799124,-97.22332662996092,51.34111838088839,-62.72851608871988,60.96978399640082,-54.05680074157013,-30.542089862002214,54.54970980486766,66.21386530549822,18.450439831774816,-49.74402839203995,97.71602070685103,38.96973514466134,76.42435326138494,19.641187337305624,-27.182492392895938,33.37858910612687,-31.56067911671971,-2.809062110067728,65.32429842886489,6.964328236751356,16.504483989654247,-65.29539511926556,-62.628650844012654,-38.60786378109997,72.61119590889953,-18.04761686770449,5.716953002164942,1
-63.62398312017103,-86.78893843556799,-18.171242416475536,41.67178720773222,-1.8946525949053523,44.58002008906382,-46.85368456448653,-68.26739115441383,-41.60146868809236,-7.895122428987463,29.73871778702778,99.1820569734654,-70.92286718247362,-34.08366747106078,63.621228677558406,75.6828302278299,-92.12044983481293,-67.70639861104996,-16.881380166090892,13.29519274886222,19.09443728264631,-66.49769107863077,-30.71349648129656,-76.57489412566882,-16.94077750105336,84.53853466644324,-22.626307293686395,-65.83509230665476,54.32839470979533,8.160218852760522,56.04499405147385,-69.13534227812146,27.16904431642324,71.44497632865102,-83.81169037385905,-79.77696889756058,-98.5644408944253,-33.57777401749445,44.176315977497524,85.20926011658588,94.87724027746347,75.91935309116971,43.576873959490484,73.09666529019634,88.06885392912082,59.28412960898112,-56.89392019405077,61.75094474693458,-79.16471200585282,35.731148858590586,-1
-49.643540834927165,-74.77693552491789,-6.139400727998591,96.32188546640285,-65.23080043536945,23.403441386742017,90.15317923346404,74.50672983643341,91.22019252729234,56.31361390965125,-4.525302957217363,-22.557452812142202,-57.948557242815134,83.44795306911269,28.490684082442982,-93.36736330607967,-61.1978885976032,-34.23548482994087,-13.605466280264707,-76.04997655858023,-38.24868309424985,-18.277482654467093,15.088040721622534,-29.41772413886126,18.052119327166707,-83.8449681320808,-9.455796995312312,-70.06151359700999,30.906092166005607,-59.54780778597273,-47.85862494307176,72.8370564574407,7.6800325120268695,69.96922981610706,-41.32198655245514,-25.592245755091454,-52.867106836743424,-18.702229837912583,14.386882194538003,7.561705190093065,63.248500316573455,-83.87672977205605,71.93834217802498,-28.219456486132685,-98.31543839384811,-31.17409117750111,8.964748995693668,35.88892303189783,-36.465111891450405,4.728975308036837,-1
-16.37104236744007,-37.326118713928416,72.32652124910948,-10.499860476509767,-44.96218551449167,-67.64285310365048,83.39533054000009,47.247590934272125,-88.2065946141852,-47.63692229389,-76.53679819485802,10.573223417503883,60.41386649101199,16.28937512703024,-71.01067074348137,12.370035099428307,-27.652574316423937,69.17141349308037,-78.68503400070148,99.92583132749272,-6.631320711640697,-39.81274015889866,-67.65703050302184,-80.8216398476852,18.83242386637822,44.24534883555299,86.48362260684993,11.898729311261988,-10.351825249063637,68.80276329200754,-55.98307030570871,6.038308920561676,73.88475673391082,-34.07188677121984,-78.64629039726282,-50.43836170208249,-33.23584906874113,-50.76452116545731,45.521838044756805,-55.57008719586034,85.06314657702049,-42.01645178479809,1.8207549659721138,-68.70560290593848,33.015327041792204,9.772961198317873,-93.41099483752566,-63.2910699514456,-10.850848147754306,-34.61889765445861,-1
30.834920294814907,-69.55435721662664,-38.14622424156207,-35.02502658014225,93.66384124642036,21.00491944058828,90.21905884754483,-82.82446991537284,-16.11566459682929,81.6554659703514,91.05697787742983,-53.418434072252616,73.37857928035982,3.7474878909982863,-88.61360135858058,-4.275708397151902,93.07226606910626,-68.84274840047885,-34.60143874477859,49.21304985158409,73.66361853179214,74.44992625234352,-3.3412978963189914,32.416258725837224,43.00800671696095,1.1857801329794029,-88.03261178557176,-69.41546515684573,-72.6376913488473,58.777159230982875,-64.56989861592639,20.770086750297097,-51.87449154139592,32.17260751748401,66.89672163007819,-77.24803459775491,-96.92633604970942,65.26486374390547,23.676764873246057,23.379467370447315,48.32844510441811,-41.1174457352488,14.030923282023423,54.43038938805526,-35.06942401230427,-12.812096396382302,97.6721394195907,-50.98346033998895,27.539608743025127,-35.98086439254229,-1
90.09183411505916,-98.1598204749241,4.017987521166873,-41.52548313394908,-34.72515893632453,60.6625824414441,1.0798605144507007,28.29855591494234,47.80305793646994,29.819132847019773,35.30609575181143,-70.2533113411447,-46.23554485168084,84.56724192302985,19.338544305702726,37.61115004402822,-83.92631804714162,87.8392443700881,-36.381940937581916,60.78962995443348,-4.973720633104776,5.04894148704463,-93.32999957819226,-24.64371027952832,52.75039539204934,-49.32707448982618,0.74161335613978,94.45215424385435,-87.54913071735723,-15.89692774356088,-18.147017315050903,-71.84047729381493,50.44333595866232,72.9110923322238,-44.101518747050235,-14.189380805553697,-62.368949259171934,-83.05778974447328,-44.87771890982668,33.01072055771499,16.680721677179577,-93.53254641701014,54.509967488896336,30.03390705551692,-79.26301230797085,78.86755157638407,-87.16927583035657,20.48337231451403,-62.239017822557564,-54.921440071726416,-1
32.36691702279964,4.163117228816432,-13.29137943923979,-24.369206409927926,-80.75885166748108,90.90176145432758,-80.59279772556735,-4.02578797794466,-43.68836779386589,-44.84204660852675,-42.85807576471803,-42.40369012123671,48.11060063468315,-68.52547889377337,-84.99288741995115,62.87877391829298,95.70947508151559,66.56996524331507,-12.988322997058944,-23.755408693796625,-38.523620974467086,7.658909052242379,-26.553906608615918,87.93386274357539,-67.56394398521432,32.93936261389919,-78.33089444109063,54.13310228357889,-12.20609921290712,-6.920309342481488,9.473399875544104,-90.32547547057908,-3.0769869310828994,81.97525277209422,-27.920748641448796,-72.29373270972388,40.892727739253075,55.37183294677814,20.27662256033011,-92.38133799978347,-88.25580593094091,6.6404818105039425,23.475747147187647,56.46306282484082,-37.69998382637447,-74.67660852560813,-24.64492409063604,84.47150211930932,-90.76813272514588,-44.5421330392618,1
42.865327146999505,20.602772672917638,23.16877888424716,-86.46496735488,29.78838719046655,3.4447230232500345,86.80142825902072,-65.25994679726787,91.75901904433198,85.47314261542078,40.614908553637946,-64.73795009319834,-39.61409305493417,62.24991454126683,76.72348598943063,-49.81987631771718,-88.3849869952441,-51.90310214949483,31.282140495074685,12.817065671878254,81.66292127647941,-83.95644471781931,58.097378436677644,17.435118569720416,-5.0268134952285095,-7.22677657638593,1.3716312661184844,31.954587790313667,-52.36198044786211,9.715300836162882,-6.94863651591848,96.35191342578133,99.933206050521,-22.95212958205701,-32.964548245895784,-47.13986187418555,59.95347022190157,-16.519089083219555,-5.236070812213555,83.42341209458121,-49.99944447629054,22.805025722001687,34.38726161798243,79.510615786951,-73.77256630826054,-85.3886435598077,32.52321481376981,-88.77457003145825,10.006346763698119,-41.82242111324701,-1
29.563489198105685,41.09933038692478,-79.78470152565147,46.20715166566217,3.536730506014891,-96.20672305379176,17.058515312985506,-15.02299242006977,36.93204633685829,55.51238524217595,-81.62175134589825,-28.984857383442517,77.43043126961942,-10.097032952551245,74.4625606209446,93.70237914355013,0.16418262700035768,66.4450085890806,-57.328971757334735,1.9601662262326442,-44.37370165885432,90.42939094127749,76.0137695917283,92.13864305420557,-29.667972491879823,45.71218703204488,65.05415946027523,56.21305271406945,42.24198168564328,-5.865471072513429,-44.395262570428805,-48.12819524074479,79.0249711997142,22.180820041207966,-71.61587610819757,79.65612165854688,12.361775659489481,-27.867261967974528,10.694099888757606,-70.98135964172036,-29.680934566636722,49.058966773888045,76.08064604051384,1.65286003423806,55.444891792608075,83.26689767421854,-33.79831774407067,17.701986505879603,2.173050814474607,-65.0129581719459,-1
1.8844256299579456,-32.52818432854407,-61.4940169123721,-93.56311935691957,28.93934367022362,-9.393086328853627,-14.334304919871826,-15.971769557365008,-14.456194528441316,5.803138113993896,28.20045807528902,6.869910031770516,90.8153356923512,-9.452488743045024,-78.97773295164576,-54.93906639177193,-53.866862937955354,2.7910518262330015,37.450802015466735,95.95939423463079,-65.70122752250563,-83.26763514590247,78.9560839160873,-89.53364174476981,-65.05171634499885,-56.32875166325739,-92.75652908378301,-56.98937603143346,55.65183299922933,85.24502705397367,8.02791835064562,-42.91198642790208,-10.383568264110593,26.99020263298692,98.3994499109495,78.6940678978043,25.64195014936918,8.38982823312682,38.75956586804594,-49.00664589604305,69.50217382194975,78.17691365554748,32.444244761860205,-1.5287866715362668,-78.7369506946708,97.46399158590202,-16.076285197965205,14.182182425535999,20.084812016803284,-18.97731864338394,1
55.91689471335067,-60.36072271566637,46.269019037054306,-5.6124142887082655,-4.355577023376441,-20.268181586478235,23.28992943006476,-21.095275279645094,4.173159400420374,44.73238564393637,0.7622049167588187,-67.57187519230979,27.594190984027662,-62.48746639564473,-39.38144445397567,-3.242388349033291,83.86566373933834,29.061938477084993,-8.117894505631426,-15.319016609939666,5.5645806966642795,-18.028507422219377,19.85480776520899,-51.053126834985065,-29.814865721004807,25.848709886519487,-33.55249268495963,30.91237481515813,95.1323360159056,-45.44982744831494,43.063354488189844,-6.334869609848553,-68.37265169553703,-81.57745260967202,-10.533506689933319,87.29080854009456,-0.7186588997755763,99.19867754472952,1.1861200118348165,-53.792936230055346,89.75865887593278,44.916468487277626,-94.8792509527672,34.436989578687445,-74.33206410326021,-78.40131131254655,-63.8707686601631,31.10401937557802,-87.70658142094175,-45.834773688721,1
-93.27727996334347,-49.903410650047306,91.96687627977536,85.64906928761513,96.14854504503953,-63.06124465153478,-88.56153932372402,59.48883949224597,-4.769185617421684,-34.11018614555137,-86.00269795102815,-77.6398793722212,-71.30322214556743,72.17907351404119,-70.54411920870666,-33.49620180252613,-68.35799924000084,44.263507151133865,94.45539129355211,-79.79475054452243,7.420007421697974,28.392749116410556,71.46896213241348,73.9591458354574,-14.013115168827753,50.55583109364855,17.705638934111917,70.21589291004966,-87.62436330030494,82.550549825442,-43.335297303163586,-42.66772003476132,38.956219829153525,-67.31910313297425,10.948711365185076,-91.0887457676767,-44.992659764463674,64.67355875493078,-2.8011651788081764,37.34433518566274,77.37503194681886,89.12765839921076,95.01815775825102,34.450837998350494,-48.661127321237416,-5.0924577221439336,55.601493363482405,51.61583926793125,94.32467436982154,19.727137895314797,-1
-75.41586430692249,34.35585405097319,60.38407845119653,0.23332571263441082,18.40059643186906,76.97814428616087,54.39186193215241,67.67039446011213,42.472742619330575,-93.97189644733955,8.196294917844298,72.25631000011151,70.25677768507813,-21.186389020649926,66.23178513171536,64.47517280898933,60.94884220432371,49.4109217244891,7.1292080468504935,-51.14119037823674,-95.05657998737182,99.79455889404807,-91.33594963609784,44.03293802025601,-20.084591372750268,-12.95923257561111,-56.529576072276086,12.684113023868136,-76.3370523329555,67.09875625122126,-44.63013102405118,8.402070850342483,9.751643071733795,41.18838040037312,-84.68885427279412,90.657567399507,93.85325350976558,-6.829711552476709,23.16900698432363,-87.20310595202115,91.33841030203087,14.674450059658554,74.66065746684453,-65.52508322886561,90.07398554878918,-61.25424164940547,-26.415080831520115,-94.6630132340418,-52.61592419949035,-0.07682073698502734,-1
-6.4637575030245955,95.21411720638088,25.370724250706672,-63.953269636307766,99.59134310045718,-14.681810962813046,66.89428859388698,15.86782215914954,-40.77167057261843,-8.45409345756913,95.43829001045987,93.40424507704472,-51.35701156770804,-33.188946445322955,22.697822411136556,-39.141478850801306,60.841639369393874,35.88504963020418,2.421883965629405,53.32572665083279,-94.13606351642771,15.700987118050037,-92.1944650963074,-47.53335713120701,34.305741541215724,-30.76671783231224,81.47602493906331,-52.30239805038794,17.755255459660418,-60.99246566751173,65.53961807943637,-10.055272216988783,69.86597613743021,-49.862959281551,-12.221680509748097,-19.375554057259038,83.76621599926642,22.898153871113053,28.17650673284936,-15.383628444584232,9.734965727630367,-9.715876357955366,30.817986507876782,-59.06503476718006,-60.522160970670136,-54.4291657467874,-60.42099062500761,63.448350936219924,22.14460563616099,13.856903464047335,-1
8.528926941515323,-89.9649299360052,-80.26852465343819,78.13571912109416,-48.773781807576945,54.1926048970754,69.06723701173345,-85.47570520420753,6.656918333746177,-30.427470096388177,-4.052684865714596,-90.60183380195744,-13.429120388941755,-39.21948866653872,-24.248029175958322,10.526805650427278,-43.697281772464855,52.10310824635761,-22.947837548012686,25.363754064507376,-90.31644378222332,88.07736750172793,74.41553618695184,-25.754875732573538,-37.64753503015468,-40.71124908823367,-32.71447218429111,34.823105758740155,-3.7335105311508556,90.5930494341797,19.27193575259865,11.427624887409777,29.13377599308896,62.558188894939235,-67.18711526208061,-82.79954918161144,71.62496289525919,-77.01121438132043,93.93335151585919,-0.8096843448459339,-93.27866156349296,37.63931522982125,-79.77095965670888,-41.17719614612485,16.416442459093787,-10.428254329866732,5.793423594306375,-64.87904914638172,-12.422821092169855,-14.314484350065186,-1
33.29260950536715,84.21389725991628,22.149698990861893,-34.60831594596469,-19.328605652424983,17.515195528654488,86.1367393431311,60.04834861140094,-9.948099851383589,62.80091946346349,49.09493501688752,-23.939618042052885,-97.09635404502185,48.62789729358482,6.47231368929819,74.06153124072478,-33.05123987814133,67.3596582879168,-10.172655384081281,24.835719889353896,-58.05525242595908,8.384732764562486,28.23806997514103,71.02713809834597,-93.67409044334794,-24.081281469933174,71.74652520557973,87.8306720683504,-92.357390837283,-36.08490745842865,-88.93691951212743,5.992914380917028,60.338289686045584,-76.28190970353697,31.69988769351596,53.28309328132107,-29.499947428693602,-12.482636154874854,-40.22702466003165,-6.495615741216781,60.01069664247075,-81.86317926374119,76.6300928544778,85.93240958008462,33.890931822770995,21.07486348939338,-2.689523293675805,-60.747148820404504,21.640018053256142,-42.020288374390645,-1
34.79884162914607,-5.847521522479411,66.85110071703437,-41.41886490332809,-99.07989085482312,-0.4406405932483608,-3.4158604375993775,-72.52637991539943,-81.93459844326452,-81.08028592054283,8.893497262508475,-13.896406435122373,0.23223065782156027,-22.587013341898256,71.35318930391722,29.147222585316825,-40.36722538023332,91.2026820227212,-80.43932757228052,36.43312885355289,-70.37586938735672,85.27265485373607,75.98718776038638,-35.45069827405615,-76.14776100822873,84.92597368080976,-95.64603714542315,29.67934996968421,-17.28763230139772,-16.731475429351534,82.09568464681266,42.0254098833706,38.593628567156145,49.2580669081068,7.535921521535485,85.2659501396744,-73.44746039932681,66.36449703945789,75.2184068766557,-45.86055073702418,98.85726170052783,36.14743346211017,-37.67223242270023,57.61800155433576,-52.53629917954381,-25.950466063578844,78.03016998847613,-99.00730451537466,53.1699460370948,42.21425738861066,-1
86.4056211020035,94.02337728368644,16.76665452508452,-43.91402768528463,-42.03290752407194,-88.64385214873862,-20.29052012313332,39.01501575097572,76.22868684536812,-50.808681114681335,-83.8774782665914,-29.285869021012758,2.234199747566663,53.78894668220789,1.1850453864006028,12.794104216231702,44.715517851645274,-52.940975535746034,-85.51875948500421,-20.59569652290729,38.960459830322634,-53.388412286868125,-42.39047744628657,-89.13911435969577,35.35881241340289,63.276487969093324,22.509920801755243,57.608449935592404,59.62576818981728,-69.90683071370655,81.26403236697547,-16.96543819521807,-56.64311371333024,82.80679793962491,-7.947837909516082,-86.23146191199771,22.80937817075896,-74.0533031787944,-98.43637763695428,43.489951643984,26.247140385052163,37.006179293194975,-42.70812558757968,0.8426769870945634,-74.87760416397855,31.76233033661788,-28.141894382556856,-23.75216884488971,24.993498952348688,-27.388351936746687,1
-49.551795965327685,-34.59864630077958,-75.9994500766224,98.7823976463564,79.21651212651844,-28.60968609718273,-81.7261378301128,3.0374215582685196,-38.46563037521189,-84.10256652610784,-41.269346050892096,59.77396355190962,-38.425115183643996,-13.174055227519005,-93.97726302811762,-54.61391546395584,-26.855627364486594,38.36706959835635,62.93595439987814,58.026561556382404,-38.10045414047314,48.57034507983147,15.436207034743063,-68.37002965937216,-92.24626725262945,-91.7905652198967,53.41258915662041,-7.277290985759137,32.255572269176355,67.75075063272945,6.039971065402511,-51.02253225900775,93.9387909281588,82.78742379258091,48.9191018156003,-31.25686659952325,10.566041573478685,-32.88985962609789,25.410076172909,-92.88292419154773,-8.815606059839524,-58.660673436889276,94.95684856101389,-74.150196402185,-95.20297734761887,18.244364608436484,24.424427622154624,32.965204505894405,73.76988540800306,-90.31761846203574,1
-11.633259039609072,61.11616528824672,53.92003025894644,-87.239051180413,42.705406540919455,-14.545618699329466,-76.39598490954565,57.57285003955221,50.664257513755445,38.629095119108,89.65930484201482,3.077730777103511,-23.238048051330296,-3.105677424587739,51.86496504467212,18.535181019213027,-99.24083803543628,-15.84567192302562,-87.8246028569668,-66.98739098408248,-78.54561416931833,-86.47325413703868,49.71716911516046,41.22014652371317,65.5505858926897,1.8988676067940276,-94.40657851575402,14.869193867444721,-27.349990752101633,53.039627062732876,6.700784488545963,62.35206822354101,-18.19422031493818,-51.17708966284742,-22.5107737710795,91.36161383111576,-55.12645435468797,44.37132329070698,-95.992508163678,22.56735563783259,17.48341094893391,13.087174356877767,3.245504148285576,-76.45660937185758,-99.76601390162783,72.72331442465682,39.99484447568861,-71.67066954952163,-56.79504737740486,25.01098437515836,-1
-55.14613810788804,51.23844682135609,14.077465073506161,-88.36977588671976,-30.911278107897175,26.669570037832457,13.90354369984388,-62.207071492923596,-52.372552911181344,21.309547776232733,73.0356858087952,89.23689607665676,-96.73496046637983,-91.48382494467904,-32.22246019294286,-85.4920325356759,-75.8945633985826,-6.922792417003649,-21.48824047774525,-92.78524860690314,-71.78435539649158,63.592544725726725,-7.956548721311279,1.0937474676458407,89.6372252342183,28.173115003636696,22.04588361822178,13.18847850590548,-77.80619029842711,7.312865252335072,-61.56093314399642,9.147454220133127,-44.62199447480397,-2.213254900490867,28.234975405118604,1.1499087559451198,-59.49287402074437,-63.715309452558635,37.91928563458433,85.49011919615324,34.820589741187604,75.39088741468655,-89.55137750401903,-31.663830778495722,12.334283223745174,89.06202861564896,-52.694658721960444,-13.61973638556617,91.44475069142953,-71.19857857013628,1
-70.61561528324584,60.85223087569,-89.46533363406057,-0.29850669517972506,-27.45323635661117,89.24004239534688,-85.89059912629374,64.97936144175986,60.62037416108683,81.86738359584129,56.869479059098836,22.536682415182156,65.33727033238483,-72.39438758923939,-44.909736211130834,87.24315311708708,58.644194583264095,-43.89723976722693,70.4048945703781,-23.9968399709732,22.488234804998967,23.420740813450024,-11.931436550150167,-44.7903225462859,12.221544780018249,22.295810661059505,73.92135350166461,21.047036634191542,42.84980555651214,63.35236810596564,-81.66908147911693,78.71338767553502,70.93638475599292,-80.90177539538357,78.6725479327001,-32.374122288084095,80.92027052696167,50.56966843537484,41.517407549184924,-72.01566236713519,-38.56986134197151,77.06856397312555,84.03948718172171,85.90304817456555,-95.87806636566431,-97.02787529939614,17.89307667711944,11.496336120099372,-58.63880539400288,-71.94039958199298,-1
97.76810826073262,15.1040433932248,-94.99497968722667,-36.96426089682221,82.39514873635173,-89.71351119250541,62.28597853645101,-63.47971363322693,26.688945657748903,-6.4016404931948045,-62.005622705973785,51.83793776646348,33.21375834136819,76.04622962928755,85.93166196831339,84.13072478720153,79.88954227698378,-58.397757623411664,-14.96131902482982,-29.04220151107579,85.3708202412491,-79.33643440195839,-88.84564213370605,81.72247619535463,-41.19524958722769,14.087704054866236,16.571632870556613,-71.08252429619301,-38.27203181109549,30.830193195598895,3.7936384440394875,26.372342998716007,-88.1467652085184,89.77169474336571,29.91417819333796,-24.66157843737453,-8.125558175218359,-27.90495607659456,68.9398543024702,62.8612128047574,-83.3802182225228,96.016482360602,56.70490955882332,-76.92318785565213,18.217872495122037,-53.99861407460749,-63.08742648862833,-6.6041333816716445,-6.63847422372541,29.99365313963213,-1
-45.88814870240172,1.662338855338902,4.94150823645316,68.96321051442868,-31.683389542082935,-75.31199806138049,-96.79353111479396,-90.02549183612507,-23.596157217402265,-49.70030770773548,9.058178861512829,39.279658682732986,91.15276113669023,-27.972445370985895,-87.46301080697414,27.250371561451473,-99.57154477197598,52.862902426246706,89.51705195423716,20.022210789419546,-3.4291472454054457,8.060880926662179,97.04921897725683,-29.687035833480195,-24.971091891265402,-90.35656525898597,-41.349548237325266,-45.93423395548195,67.90457770286798,53.68983715703072,69.1159873633797,-91.33874182536718,-61.99534260767692,-89.77386259697701,-66.70779395262477,76.87542668047612,28.230391178014116,-78.60574386351682,29.03025840632077,93.71203683421655,27.222062359215045,-75.13141702591612,-21.801076815180238,-91.18805994109245,-78.31174429635028,35.967941547963704,87.65090843835986,-32.578306023212434,-26.36214904308875,4.788132503094161,1
-93.99479893412143,94.4459418432715,-88.80394302766273,-18.905705422604257,55.21885724366487,83.555250474583,-5.532727820853452,-4.34106890341792,-38.34016154458391,59.567573856274834,-35.074189627456235,-51.1017608986456,-64.10969583194097,71.80099215815324,89.48839571189802,-19.479848959048468,-65.5523885315442,35.162967773482364,75.23528636940202,42.79014042256634,39.799627537501635,-68.06788292777168,-31.276730782506917,-29.627316831526613,41.93436248950562,98.86111217422314,-3.918018929137972,-58.11246265152485,41.51274247929288,55.747131338275324,-20.989606742180356,86.87059495077759,92.49161303025787,62.799788614731625,8.014397880698326,-71.64454512839276,-86.06318033071108,-99.00424135513487,83.03562948844757,-88.02944136675335,-43.259416850889586,-59.30126487917406,-81.6947537758827,9.252976378694228,45.03123106143744,-11.05308692814944,85.43657218898218,99.43694418471176,-52.11896868166528,-42.69864892607149,1
26.283784243675285,59.56047444172154,-3.263910848426704,-57.6769345301237,-35.47758771171647,-69.12530175185225,-34.898022955901965,-0.43905056429902345,-30.703878034351078,-25.36242128988424,49.617437974354374,76.44625540655642,-42.93571746035896,-39.62594003254403,2.1891613488680832,-86.84324462751607,-66.8391644709038,-1.3213205587550476,-70.90916773468412,-40.9960471280441,36.974180074055596,-39.120075033242706,32.178538162156684,0.3482642334206929,-94.77522238193714,42.85672090320952,57.65136777350449,-32.30429445620378,73.87339507495557,-72.89355602301288,-40.37580532356484,46.49915568150476,29.17057514417513,1.33121316914891,-71.13818990486914,67.76196205219753,72.15311443570457,-65.95522666398983,-86.66819888583588,-8.791015329674366,-77.9675007437718,-63.98528604143785,-64.50654943314265,39.74737363703383,82.72131140406384,-63.527376877519394,45.20492361210793,-18.67798692887837,-3.3080960296384916,77.98331041369423,1
35.478625977774556,-32.61561738465089,57.887679763091,-77.36819868206474,-55.39020633559524,32.41773541849548,50.13841171510006,-4.982818287861107,91.80354196227219,47.98123108500684,79.27179600944535,-36.19149629208358,-47.36008738435358,4.588948207831223,-1.258107626541289,2.972479929692767,-5.853491034889487,-29.463541251857038,73.17526848780008,64.29390518635321,-36.099011011077955,-71.43725020386802,-93.26348406231371,-2.7623092789556267,-10.012004701042756,30.580067412184803,-35.73406473005069,-43.39547688706118,-77.58648463462907,-40.837919663051196,-81.12436037588347,54.30741294185961,24.86057363516578,-88.88920741628573,-2.3251741403196746,38.68838862688281,-33.54850147255135,-50.239236048282045,29.795636706587658,75.72896228112558,55.18569411884434,-15.756699339957137,19.442897292024014,59.47083189280741,-90.72539280141675,-81.29001748899242,-7.688623446626622,-15.096101586611027,-53.532158069513194,-37.372620353131225,-1
74.13769109148788,17.538893906262444,-79.43828765282922,-80.55511641471504,-38.189151599930035,-53.05402370192556,59.72110245501261,-38.664352991197745,-40.97150055827894,-89.82305319812578,-86.77082556744868,-67.77531282573713,29.60129869249849,-53.77196830259727,0.023722603041491652,-76.67584235255991,74.9788306589736,-17.97839965308563,-28.535702371702044,48.566378439578045,-91.50178914624045,-2.364651578047102,-45.10765892066559,-31.19374711432576,49.420543963937035,-88.05348658096428,1.7617416595894184,-13.526016121447967,77.23603272936589,-73.7750561033476,-74.2290218157504,67.72483392297602,73.77212363231664,-27.835874437801195,-85.2631473985659,-87.93008095348272,42.2014497196528,92.82258829722147,60.526289445194095,43.462310883709705,16.12683475657238,48.3387284014546,67.8885534185602,-4.900706804500572,64.66008488370579,12.701564115332559,51.485931749116816,-30.86974634805584,-92.68170625145532,-67.09888054442553,-1
31.232367536214298,81.8011177671406,-97.03396751365842,-37.58161681858358,21.893360621294562,18.49711619055749,-80.02138349248887,-82.95137258418701,-57.47195278146795,-85.07521222173482,15.806868935888033,76.07189009814715,-42.69238385752223,-96.07493773334338,53.953598444816095,45.44373549526867,62.923403237550446,9.988750744546635,28.1858824612861,-31.49444840086059,-70.30358915883707,48.010612700788755,-68.53597234596185,7.658587093023911,-2.1544386311621366,24.92416712457552,-1.3000404464392545,-37.272242245289,11.658122963256318,-75.43569507392533,59.62155728690823,6.595394653194248,-18.89272419119112,81.0288922291852,-41.62320904141181,12.284000001476755,57.75919656759848,-58.25306523860758,92.74957974059558,39.54192308652111,98.27271963890192,6.105507325522012,-25.668549598285352,24.16603414875742,30.214215200561,75.09123592062028,58.02301831557281,15.300799874090629,-80.55443898355716,75.971755502163,1
-46.900718514185535,14.680325179540759,-74.17271918673313,48.66309873105425,-59.066210481210504,65.83469639983178,-81.44924146842266,-23.349113273487205,90.28844494890055,7.609026624863986,-60.000025829576046,96.73161047254143,-61.10072423652413,-38.24781711815712,32.2681260949183,-66.35223533316096,76.30228842523547,46.48086976968116,-42.63467888585324,59.805480747423076,64.25658936242363,68.54837991567774,13.871188430121876,77.35748970760346,79.75020175055636,-0.7459338878084623,59.516618242307146,6.324264284878467,19.34247571543071,-57.53909852526022,82.88549380912167,-57.297969517601175,33.38450551115801,7.223349287586217,26.25542164867673,-13.291238251108538,-95.89167348287032,15.817285544291892,76.45761399823834,12.088810132544708,68.48517755536855,42.78253625749758,42.482321223415994,-80.53073598329948,-96.65186957727485,-93.98353899279654,99.49308953982555,-66.14636264767795,-61.52817775565684,21.211816624901104,1
-94.42955183578512,-24.3607300943562,79.0065503210339,31.202915918301272,-51.93772977615338,-2.401925884887632,-22.04702496081427,-59.298393848408914,92.03720312447177,-91.8294121798176,61.65933054873844,-98.24184191803764,-28.72212134916026,9.59154925099881,-85.63734720637532,14.166528983073974,-24.300094149527453,67.37727016266558,-47.55280217074886,52.17156491307895,92.20471422224591,31.047233788163737,4.05185408061179,-71.67790471424229,52.766664154753585,-16.614866005126984,-67.36881007835265,-74.06288737148259,58.469496763406,-24.1254526308946,-93.1739634230359,-91.83359345513533,-22.99923853432655,75.24795717456175,-40.59167217820239,-87.55549961844073,-19.352940308367835,32.07795704244202,40.49081701911547,-81.45793828420578,-57.914615422984596,-54.20398089685396,67.62194390223647,8.236775484517537,-59.93961783590305,-76.08138907786307,8.630814011933197,97.61532768454973,-16.553023003020684,-62.16206120766699,1
59.56272977172691,5.6355442846034265,-37.10467282669789,-15.12464659722437,-95.80300364874306,-0.7078243099174983,-12.031051063273225,98.5268059975603,38.905346452131255,90.45478320627564,41.63090334853064,-10.740064507494878,44.07311920735518,-42.72466381174731,-59.530401399372,60.137777632793814,13.052641953697659,-78.64766958548846,-75.90496271400171,-48.47296275092485,41.282075694077946,-68.76940824041615,33.46009655482331,13.202109962867965,-57.4317533067793,-35.93700692276711,-13.262968737550906,-23.58497274311246,88.47988590378716,-62.85587765763534,57.038991607805684,13.319361898760462,-23.934077575577746,94.67779983287835,70.51074667522721,77.82367980301879,28.912640759471856,6.056887810163531,37.67330072399386,2.3936009297264462,-54.45870481040471,-55.31183168813547,-48.721714192170865,-25.71321995508184,53.2388446590808,-37.564323711824585,-4.7394295592851705,39.77971997390682,-25.248207590583775,-35.85357979138291,1
-93.01768946875524,-0.40473948252135017,37.55460710909631,5.679796680297329,94.43641559335205,59.72414684604911,81.28148580526823,-13.369280910112778,68.85529799783598,-61.69109337387641,-97.40009486025187,-85.40310670095207,-23.376150230704454,79.17798102316652,-2.8920213003457604,-88.70111762887501,-96.60919215773878,33.43118908830061,-42.267705393994405,-2.401041018268927,-20.766638802777663,75.08063232643394,8.650984067101206,-36.291194422802064,-32.582846096814635,6.029713695557575,-88.2241833580353,93.09583615364235,-60.1002575840526,-29.805273992535604,-22.519682349329017,57.516426097711104,-21.589565357499055,-33.45543565772731,-43.98807438303842,78.08397234527604,-48.80887674201813,-38.638964150530896,-62.5795690749168,-35.97482125186508,-28.574325479225408,-3.9038281756576225,-68.17375614320645,73.31936755117249,-3.431155607637521,-22.296927417447534,-66.41903425001581,72.10858516987716,80.80111396194536,86.92780109779937,1
-42.162510740810035,-69.41136270491477,-90.813993554182,-78.48425945722745,-16.832003713886223,79.8874924789433,-46.34435749745731,-94.70398438939134,76.08440648398067,64.41848007410039,-75.71186870277549,-16.7238645190466,-61.28854628496148,15.342529804922961,-41.99915123716078,42.91536774994805,21.50380316990737,-50.073131968783954,8.38105766674444,-34.72463853054484,-51.35987310562338,-31.26017065127573,-17.296899871993034,-9.453882743324215,-28.887403859589583,-4.935202152587308,-56.55237185575115,-66.10250251479408,-61.57456717503538,-26.303244794601426,19.184406603276713,44.31527687612157,46.322467460176256,54.76030011032353,50.865311664930516,-23.651183307843155,46.53872570475866,59.51603443749667,-33.240702618513666,-53.1620461316698,-78.07317115508503,69.86022005652671,80.66450433484698,-82.80557476213282,-90.57068148443452,-82.67996656343254,63.55527047713204,-58.23280858784366,-20.606608083327174,-80.25405564569546,-1
60.882811935494686,13.01445660733873,-22.483666512633377,-34.19747724321347,3.650462282641982,66.55666283769764,-69.01761192650685,-16.921973887304944,-88.98582834140518,37.42621165629424,69.30140815967232,-38.55296812225184,26.5128062073382,-87.5563195627663,49.82921329253489,19.791274402043825,29.166970705154625,8.968121005617945,29.377771231632863,9.445608769698623,-28.874702612102368,-58.079541587703346,-71.33363896289725,35.231429824625025,-77.86869201307078,-44.646895418121346,76.57171857771695,63.118610125697984,38.630752357620366,87.38032448746563,-13.637514153217367,-67.80732182537288,88.20652444975195,-57.35301793284082,25.18430420026263,3.2180765864548135,37.04600288646782,31.553506529314177,-64.5801959255881,-7.9743774935301985,-87.30434830860136,77.2299305393972,85.06378579260223,-90.89850725700366,67.6964015733588,19.306556503719506,-25.061700521720454,-63.87459225092922,-57.14558879330816,55.12181630286861,-1
-65.11814657770009,8.906258580901621,86.83106875860128,9.75846247397692,-26.799890449895884,58.68880852974016,-56.997405733099995,-94.29429821404428,66.2078023638449,6.279128609333597,-53.053510171543714,-71.53591174930547,61.01055750901506,-12.515871997852372,-46.10186643665482,-46.00734321185618,-31.250043179809282,-4.328149812856182,-88.1873281152501,35.91202386150147,14.944226666793497,-43.50318859442594,-16.791722867562115,21.566985481394013,-37.22245398039454,85.34294311866438,40.84125083455481,69.46775623930881,-93.53470600287493,-83.47572787604412,-44.05184087561735,-78.03128382566254,23.38144875687287,51.769307540279925,-90.92957118651775,-33.68703222458218,-0.4467493438084347,-64.04963757048756,-9.617455428909551,26.570375127678233,99.37277091485021,88.18707906843758,59.85697854831679,68.19842156935445,15.281548172591371,96.86133112627255,6.906900313982973,-26.68273992741655,14.889878847215073,81.45124164735756,1
96.54790818207718,61.80691004806832,28.799590726094692,20.111531212125854,-72.08907908728712,24.076389953126395,92.7446194448263,38.74918041910718,32.30451023344838,-53.86033774156216,75.27947875591778,-85.7943999520177,-81.10644418604906,-67.1562337519484,-84.13121124242835,35.75222220201633,-87.37033424541478,-9.447571891752517,14.31600016348878,-64.10856735944894,71.69331839812074,-56.69611105931589,-71.87958303970376,39.022178763122355,73.89858655187089,-73.31224133058613,-67.82415538620936,-71.6762674343259,85.00733383217559,-24.958158318159377,94.57845155333834,-14.194462697835604,-9.26257467406289,36.903109664636276,-87.48344375570846,53.73756961206681,34.7057561555076,50.82746953466071,9.73729375429673,32.079866904831675,-65.25914452557572,12.906061349687775,16.666101050392413,84.35477847631216,99.03718725759506,-76.042039408898,65.3036898361311,14.379876633882645,-75.42815720550344,92.170192436803,-1
78.81886050665014,67.84159060789179,42.54360059170992,-91.03673786583855,-12.877628435555224,-78.25812003997143,-98.35063494537279,75.22743090641549,43.646587616174116,-80.53763456173242,-1.02665618370375,-4.104302773504571,81.07479639171527,36.36737934727998,64.31189801102036,86.14078982185583,-45.119820873802084,42.26201549604295,-74.02242784555126,-18.800805548516138,-50.97601217325312,-87.95505817418174,86.26119657970676,40.103929365200514,48.98010540606663,-26.75084164221984,83.26896394454667,46.43781410768884,-75.77286667629855,25.51843435518846,-32.99099694516616,11.885118514249356,-39.13942985727174,-32.095768674200585,-47.90394752222189,15.23975497572492,-10.56231724986931,43.21000764172206,-86.04458462610513,20.551977618421176,9.791209993603118,-81.78651821224483,-55.143216307373336,35.951999540176814,47.43790124846865,-2.5251370827681114,-32.0943250674479,98.3732602176025,10.084661377438636,-90.16434842497374,1
-94.87158683871286,-5.109364031095339,35.2467470080955,22.409415931551123,65.33660545423413,-17.847312021848865,-27.595094628451804,15.535718661353371,-50.866134309151455,-42.487782199854784,-57.4490681761725,46.274002248135304,-74.29920372550114,-40.3605309782179,-64.11463127284557,93.86115619961532,-5.93789488630334,84.23891331804182,-41.01636294582895,-51.91034945962543,44.853813600987564,55.85983971742212,-61.253710895682524,77.32873503299103,-73.0056515278181,24.839807975090707,71.61992022893659,54.49160743918134,-65.63296018807696,23.639824542533347,1.43618897199444,68.57723275919088,-57.213550562060966,-60.72145957060695,-47.79105969301618,48.68874207168233,82.01609271608564,40.936043173362805,17.18844958514063,97.8861046971974,73.32406529491243,-90.34767544924335,-15.848100183962785,32.52369112767178,20.655411912315174,-28.184645956770154,-72.53637168692701,14.30683737278531,16.798047624143337,58.91039521771668,-1
-34.500529564417064,-30.077120238455564,89.02350146850921,-42.30832991637432,-76.181133962649,28.41064953117791,21.70274676819544,25.301776063385333,69.46017282588426,93.9160708093639,40.27592243458301,-21.80535818591956,27.538341730277097,72.19730354383495,71.4597924166294,-13.825139989786777,-38.44094889675305,-59.17867765926914,90.20496393970956,20.36744336192416,-33.27102983249202,65.68012313591063,43.877648382215966,67.03597461443985,37.34043000900746,81.65832446552793,63.604878875263694,-60.03739311888761,60.957670086041674,-13.373989687944572,90.18559449658932,3.781235675151933,95.26007820381105,-22.20273940020097,-51.0939289265395,94.25865654614321,23.30847128662832,-87.31994152596158,-19.29339883926646,-10.445965541551061,28.154412748224814,-81.76947393422736,-82.12488225559582,89.21146351693693,-40.64059865877798,78.18903544867862,76.4836422575008,-29.62673577647277,-36.937962797530545,41.005380092656964,1
42.648957444599006,-89.45120956755652,-67.71660246248521,27.89368789842075,48.950138610380975,78.00958197478818,36.93433234383795,-89.61546353582656,-7.454697265231715,-44.85896094335074,26.3508712240061,33.20617297719991,-16.19881295812246,-58.86548335195534,-5.835255779691394,28.68181772407047,-68.85688308559328,-47.72197474925757,-39.512603392103806,-85.8107162953576,98.01800070207454,71.0754484899484,10.918718229921694,-12.998113459835764,-41.2979520544146,-51.040061585724985,17.924476595128482,52.35869820889653,17.739965334172368,-11.89155782439866,24.37199835071,16.915939206674423,64.46572426904626,-93.00010438138311,7.462662631266653,-99.95013816114945,-13.964533338847772,27.910561398990637,68.04989052405548,18.258052636584267,36.06245524956441,-63.9736445650968,-1.6214797836316563,86.40414983750799,6.92092728915992,-89.09754965839957,35.14021659502271,-9.254246894069155,-64.74636418260762,-79.16272268854328,-1
-92.13757203178021,-84.60616339839653,7.310934202159871,12.715668555309762,-27.16105974162319,-48.438190306561424,82.15484882747097,-43.142679303871745,-69.81409187741612,-89.68800341625831,29.77221022155743,-41.01429745722385,89.95720218775216,-72.35866560339943,11.51025863940285,81.34999740329124,-15.113533664679778,-17.822725276296225,-16.15787365478809,63.84623310999413,24.811894868738207,28.64265762828208,-73.06998073854518,-4.018034189158783,-65.16551755026688,68.6505269664838,47.026687811613044,-85.24023718935625,74.74323272219044,94.46184828596145,-62.3645477296624,1.096006428200937,21.586554092243063,47.56053476751953,-12.129177652102754,36.548266027707,-68.34328476271105,-59.425902532792605,56.33182269193725,17.342849817113446,94.07755478951745,-23.79538173570492,17.87547361929012,65.05087600600953,-94.50761122329124,78.30027656537857,56.008802225038096,-29.714756039284424,-27.538468831631178,-11.693438228795188,-1
16.742717546272786,-11.75406618165664,-10.524035472386515,-52.19281137003877,37.91945806554662,-87.10549106672978,-72.1559553272619,36.99348727724109,-88.07324352052079,-84.64557566934991,-39.3230060097755,-7.5970755770197655,83.12697572913743,81.07950412410702,-69.67756630667063,-66.00169158312607,-30.634918502754616,82.91761444183913,86.75310436603289,61.65035406255248,-27.405840604428747,23.64376109390969,63.28867728088068,-80.43049806241066,-1.1999272458188273,53.305592621939184,-23.998094955008668,19.06990079614647,-39.39562716922851,83.5445368007172,60.99961847870162,-80.61295981828395,39.19975590356714,-74.08988286378433,-90.33407929416359,-25.06993855510555,42.06631839243204,35.41493277664213,-86.3817330742767,88.07209153718998,-15.681070265858764,-62.710587465951036,99.64134183395961,37.26847792855207,91.51995780307084,36.526977197295196,61.14103482555589,-56.74738820862193,-25.798898272380313,-33.96963897218184,-1
93.61316241015177,54.26462864337,-35.23007385083103,66.91439137418945,84.13768823393909,10.408691374483595,87.3254190470482,-30.785381645038854,57.58170223606541,-85.03031851727624,97.85817959126945,65.35623507375195,-88.2445061108078,-66.63294016036261,-39.06317401249338,39.534581989504034,94.70733213259291,31.277727370136148,-97.03894985726136,-86.42148131115553,-0.3688105747908281,38.809147830798025,-20.903265154417312,-61.47989494258894,-86.03746273871404,30.011559796676835,63.82246592324324,33.556071881719305,-22.368947240928676,77.1957236955208,-56.470496531327676,20.11548283498881,45.58260212760433,41.5827144524458,61.322142676048,53.21726320366923,-65.77118098703043,72.08707827612517,-22.492451332551397,66.73609878651382,-86.81738377693532,-94.30720637956294,13.35633037581681,24.418595935652448,-67.35507708022863,-79.9564825075142,89.94249883043577,11.901459885788654,14.6707672306228,9.39212613586757,-1
-27.961871717747428,-95.63065760275964,35.43814473453108,38.27728904300372,82.30980966103462,21.19725405301145,83.26917071899328,-84.07783504466421,29.584773711879762,-62.68687572000162,21.911715900817484,78.59115673420175,-87.27285164480148,-72.58819654813074,45.0602736212976,56.014663944666836,2.5041934945896855,-16.178887341797605,-43.045673956958176,75.89405793649817,-1.59710851893567,-15.912270359715293,-8.628042168391787,-94.19329698399,88.02778013882394,-65.99180536771883,37.41200078026384,56.99130420438871,9.606406403774187,-41.66189219135639,85.75137309648008,46.33704231405903,24.7108367440257,77.30028587401293,88.81446710254738,20.19056882828683,-80.37570311371604,31.991072782834408,-17.959435769339166,24.398807371889546,80.48179432914577,-46.367539892448285,49.84487393819549,-11.727509923498047,34.621992351125186,67.2608299692481,-17.22670652111647,-22.885192375212853,17.456236959008947,-92.58880325868222,-1
-9.242091723272154,12.990521530494647,-18.624187475065824,-96.48201675749507,-56.56929003296251,-78.48231108002513,90.25675925706182,-39.60347778806257,-69.10109993323698,-57.801315475816416,53.37166304407958,61.552650242404155,2.9989603903606508,80.97808591961919,-3.533129145420361,2.0251752804496306,-32.13534846633708,41.944438714799986,-1.0511404756796878,-83.51390757493344,2.685187157858323,68.15647201235757,15.744559406679556,-99.80524031542282,27.32442877684855,44.00597583319913,94.54596456034733,93.70486922597087,-52.425491866513596,14.184073955342598,82.65020394956682,-24.137175173599545,54.38722029741808,-87.32392580694237,3.190463389931537,-38.49693912480758,77.87781930155293,35.629898704529836,-25.371279159675737,57.11558313949868,74.07326988641799,-13.54341329920345,0.8281358850146745,-63.485593346218614,33.3066965483568,-70.34003559094788,-24.755204634580124,84.78723223311309,12.341024796487147,57.58075070634959,-1
-3.8219706793982056,-59.9061904467282,-29.50491168086012,-53.20070424187444,56.206140866783784,-81.42753313734985,43.394009232146345,56.99634639976651,15.386317561410408,96.37893541906533,10.559934976624021,73.66107464895728,9.619046348888304,-99.50309386917453,-10.18530233742807,50.327874195119705,-14.442124062305453,-15.084987409650694,-75.71986812707948,39.754843063305316,97.70450414849529,-69.55245233393012,56.00623390523617,31.413689981628266,-38.04706952397603,20.128010862444754,40.86579058788641,94.31911907018633,51.12864827209586,-81.48997506725024,-82.86535919891737,43.95708756097673,-71.12064139443885,-79.54031038457231,-89.18684425598795,-20.610101068355718,-29.83499417617523,-85.5281590879542,57.296825846459114,-75.98186850540291,-0.7913094904116349,81.23457532593432,-73.54073685457445,-41.87232522762425,-6.8820659303221845,27.78524677746978,32.10190991587305,-21.560388427176846,-22.96688343659676,-61.887718597490846,1
91.97256054269104,58.54068115615027,38.72696814552964,-66.72745513765562,44.257109719565165,-76.69118443693625,-73.71242710947017,-56.625260955241096,76.23246893789306,-54.35756854245957,-85.86704918995936,78.80094012763658,45.27567616056422,-22.53169210827015,-41.794518948055746,-37.90204319518307,-37.59801450984097,-25.763038721510114,-78.68059212517394,-18.986199874538883,-54.450150499227014,15.749311356374491,24.289381233912493,-17.51889271485743,-37.981821387196966,-0.03408088605804949,-52.8928670325856,51.464359908010294,-67.67025803301117,-1.322548325040927,-10.137401299341946,-7.429600279770355,-52.139756963196035,37.453981898037625,63.92759829516754,58.0307510864227,-51.0427232150809,-74.9853949895233,-88.67939616204464,-60.07299901819139,-38.80750035383795,-41.03378644004847,-35.87441236600873,-91.16486376261082,-50.859760887740805,69.86471293444782,22.925436574125598,98.09782184236309,2.3530389584040847,78.48407031334,1
-86.30990948679664,-91.02379670545639,-70.7248122663686,37.13532726673884,-34.05550823446649,32.28059850534018,93.50729523562626,-64.8181268004951,-52.12702618220511,30.535789713547985,-41.378663975524674,-98.1243580212242,51.23515498288617,-53.09914506246341,-72.94895969554311,-11.905991368944228,19.58287696199328,-76.21078526935023,-75.44638710531993,77.17458918345838,-67.7794516822285,-22.42381123961283,-38.39384028637376,-73.54414784785149,-37.22447132293163,5.549479285438338,98.36943042565599,1.6513239971648375,-45.2028351257578,26.2844886572303,40.64612440523919,-3.1243333091964587,-94.57432116327375,41.4606470118747,98.91582506343028,48.15667020816173,-37.390265215908514,-2.2276283134196433,-57.761988591215086,-38.588821166025866,-65.67777621548888,-29.25710556623757,-13.591004808687842,-32.57874920118917,-52.89662268055035,50.90828801430325,30.638922818422543,21.04740522932167,43.14058415172951,15.881550064109874,1
-54.546074547369706,-17.836720886514442,-16.859284343014195,-20.975023045086544,45.17294216529456,-84.67242496908425,2.1897626439260307,79.08747710006304,10.146429134389905,45.34733378806294,-35.13544474705728,66.21869227796626,-64.8799135756527,0.27860898829229086,-5.108175409207135,68.74205349113689,90.6110830100618,53.17846979950477,-35.046146452205335,94.52202934347847,-58.08873053896817,22.045412183030535,37.26351914949478,83.01420111666147,17.66994286228656,70.02356278608721,-7.733086669814099,-93.85319809952873,-72.38928308451233,-51.85372873505154,40.71014465742729,83.50065581693846,-62.49513650350635,76.02462748294934,18.168281130431524,39.331895545283146,-69.1506370880864,79.42856200278274,91.46137531116409,71.26423216607134,96.46115473890137,-74.47680742292263,76.55812542509847,-40.71435822917535,95.39495817820372,89.80606636087276,42.266533284649825,27.050339660262452,94.1130406424135,-31.747093001897525,-1
-84.3087237315468,23.013950802939604,-43.74799592390508,39.74538474077582,-49.50614049574409,-72.79471502447944,60.37599039100016,-93.89944451613692,88.96263851515823,-74.4618555753612,-54.00683131998336,1.1887781724028201,63.470090946575596,-0.9171943666190714,92.87594794385069,-13.996946782127125,-82.03070189619943,78.79701335396945,36.66412048909976,35.19905500709959,67.36273064626954,75.15659793575219,-43.17104669736065,-89.78673024612631,-79.0922608048225,-23.13198333888151,87.99321750858013,-59.548505680932976,-52.83135272693782,-7.449351207834269,44.593469732486426,-98.09027861932098,52.69835283636297,-30.191226322615734,-36.673938618547865,62.790275500954465,72.78283959439463,62.15642981324382,-54.874981848181825,-74.95367477046182,-31.171940943542324,35.88727752826318,43.766237359065855,47.2500495786918,-7.770378230563395,47.441901250543054,90.91154750261728,14.381138447808766,-83.14582887417698,10.980744008283438,-1
13.017062490551254,-54.016325827673484,-99.4944900336182,21.389082567640756,-7.008995276453916,-16.708456200977366,63.82319970039282,43.70670805848968,37.23349435066555,91.20215607737595,79.75782472246595,-96.48247314951031,53.36559631865535,70.16153619250338,-65.36999807230947,86.96729403221022,-6.422194215273365,-98.89047827747792,-65.26812270834297,60.30251481590295,-40.67957037867882,-60.37294575482341,-23.65709584612921,90.84924334246526,-60.8949293761029,42.80891880522509,-62.649186677710446,63.0362361428183,-49.608494781086286,10.996833246004883,32.20342591232642,72.3167478184796,45.68971733940046,-94.23453642386832,80.58118268271514,84.31376873017504,-14.702748339977404,-19.685462051992417,86.19069795008946,73.63760440102044,-53.059919953540735,-67.97163601714927,-53.6841488990359,96.13399660130676,-69.98870480382146,7.432301758622955,-97.69316672571688,-42.36466356654,-92.0417432608589,38.756174883104876,1
-17.1740494942146,87.68952808208152,-41.47745451530693,7.52492014947093,-79.01315629711914,38.2652054025593,53.09118508995877,79.88823956491726,75.54439348812883,4.735394412595767,-77.81010517861979,-24.82158071632867,-92.77818625020524,82.68393942911956,-94.34398212892403,72.37369004654172,97.38552653724912,-93.47178417788416,-82.63756485908802,-23.38842954832323,49.49761531244596,29.566028963794196,-45.88653233884767,-84.36233664753713,94.13059867125142,5.524877459475277,-99.95767143493133,-67.44460006002816,75.80592580372061,90.0427496247672,22.56815650660154,94.36501141969435,-73.17062961228686,-33.277409392935525,-1.6909897919155554,-37.71363126038763,65.52471512416378,-42.83998211601989,92.73576357619868,-83.97377279007841,14.811754000718125,17.110569769071233,29.12587708942138,67.44381862608014,-21.55640068591589,60.271487755284824,-72.27786985222065,90.14286007164216,-4.8892538379552235,-65.77131000041231,1
-36.91862085039745,-42.54846102458647,-38.79877895821136,-23.114253386523416,4.096682878109675,15.933782595525514,35.00213853616688,40.52692012204457,54.873757436433635,-36.13658673190982,56.11927769981213,48.056666122871775,-91.29335793383953,-90.89691968672884,10.86606632032084,21.638752030018964,-27.941786854761233,-57.730631847815,-69.90096421901133,79.50612461431615,-77.58541102732661,94.21608594855451,-1.696357969774695,-97.20049569395756,-87.25323996894407,71.17391764363487,-95.31181449596582,7.805538848364634,68.84282388485721,-77.71275273785994,51.81461453869008,47.48612624660353,32.99552179950612,42.009085895800894,-42.019617766084224,-92.22692037189077,-60.82205947001038,-89.83174289489708,-5.5516959735314515,-39.47873777214832,39.05952827862541,92.46847294954995,-26.593170405553025,90.68848365049732,-66.71057207946747,-77.7256925866268,-33.26051849625749,1.8579010569534091,-56.323445585429965,2.5814227247543897,1
-29.534589149492135,-41.19205799200019,-53.9250355267952,54.93535367469079,73.9139489885292,1.5507969265206896,43.74179861283665,30.338674299128513,-90.84334696733345,46.60554344318538,72.8098074057279,87.18102377328043,49.78535312879188,59.55124232026665,53.627873197449304,72.6213242252233,82.7632397323982,-34.216252670087826,-60.608402613773585,34.560339674657,-83.12335696591205,-85.04884670890844,32.774060493037894,82.7494737722248,86.23088784072954,-70.35520761016454,71.76605859324152,30.053030058363447,35.398651862469706,99.56304272784314,42.52836051731214,-26.644702844077344,67.28489258114658,52.153875330659645,-91.08700083600638,-12.885408209231585,-81.63488895359008,-89.85594899331319,18.498628670185084,31.993954886217153,-50.96657807944551,81.19004341447541,75.42427106080055,95.46423319826374,-18.701537642823226,-94.82670717439521,41.54327410857826,82.85793693670789,61.770144964817774,-81.00603882720443,-1
59.98321707463788,-3.9632969476224247,2.730534364265907,50.01681498973244,76.42313743883108,-8.530594810178542,-80.90653984119058,95.37342059286601,-21.493717064357057,-94.51621691961955,-8.772689374157451,93.04795569203844,-63.812147522332175,-51.20612592432812,84.55460110820215,36.36715617392423,4.7621730457538405,-12.837423757415138,-62.538107021119856,-39.54100580158855,76.57678803347997,-78.69126698807847,-96.18268409257895,87.57937709785736,-46.63003381800132,2.351325965302763,55.71102718122606,-75.48892506771648,-28.38497679123175,-60.80858269092542,-78.57137833179817,-76.96744702691045,-26.40334838841713,95.94575146715792,94.48307288329138,28.005455370682796,-94.07386343575475,-48.85380969874929,-8.694564559565407,88.37112497836864,34.730080058183376,87.22476854710231,38.65540311106156,80.31152540078057,-56.34666643700059,65.52933554145108,-61.76482354683805,-15.003975508405759,-3.700614195732328,4.502669320483548,1
77.23915609301491,-24.126880359162683,74.81131262779576,-9.875317085974956,46.25807721317764,10.200097152288848,-71.45318597022376,-45.521809410239136,66.45072214311256,-57.76111382908373,-7.844957917629586,-79.8651984339023,-36.676904503303206,-59.69034389329446,39.55865948137364,-70.23040324603113,-32.41151863868133,77.51585431790835,26.544163613325196,-2.43739821407938,14.81849891777442,95.53080039669612,80.38851839917979,31.455142936253793,17.17622055678507,-21.556200437783232,22.129293206763137,-44.12351317124696,-30.98778803453,6.8878141809707785,-63.983266723541846,-48.43771336680744,69.99734806575239,-70.70749310161062,-81.15151404173251,15.368789579129526,-46.07882705083712,-32.95437221904034,58.6399210546968,-51.13174105614691,41.640515482124925,-81.20471286002737,-36.1447780004019,-21.371481442725937,-57.53079029974219,66.71126894722337,-97.34043144629068,-59.08402718765564,31.010727361708234,19.770591993279638,-1
-84.470133065679,55.9063363647866,21.114054778786056,58.51822803930884,88.08335852650521,-30.796585153878112,39.16011230883964,-40.053829892726014,28.531604019460787,-34.124984940508725,12.973875178553868,-26.616135503285648,49.91321270246124,4.457773221107303,6.404248557098981,-89.17508173320545,-84.38089135198388,14.776265044081654,49.94721165007121,56.677603256455,35.888127907162925,92.26195351422828,-49.702891049068285,-18.3794676338527,-27.265044973514165,-23.744663072492628,-72.64322977224953,-80.76603260091568,64.00501630646784,-95.98985497086632,63.10872837821927,-30.042987095364595,-62.95836084286257,-69.25009887532876,-69.45260186281874,-73.06433806510628,87.87557905093107,94.99738476706881,-65.2076567019408,-55.76774477194586,28.993262325739835,47.78983924150384,-5.442483515991768,68.9103911359756,85.11428313251938,52.15342802058717,-13.878058565696307,58.10223341014205,95.9805084231806,28.06672122415074,-1
-87.54537882362288,88.66202237482995,90.46027692022133,-55.158037558231364,-8.013560674922246,-7.320670678799999,-60.79405185414082,61.83614134027678,90.78449547236121,10.714486255918331,54.50936450241798,72.63910835139873,14.217253684593928,-6.571462957259527,-68.06316067453481,21.880753570259287,-10.053125199901089,16.718856547515927,33.74676062901153,48.559442919115895,-29.525338687149926,-66.95947146388971,-67.71830052865657,-24.89767059558072,11.448883768382132,18.763654931827773,91.0071112320031,10.184808183529498,-82.0986830862335,-10.415077225880509,-20.469884910609878,-49.225015264922625,2.2090470154481068,66.00127781958687,10.216802980930467,-72.09460915994498,17.025299877517114,44.406674516013084,-13.253093315329608,87.44482063791119,-27.400732910455744,-54.3441657407896,-61.135094026800104,-41.15421643634738,49.368872762820104,-62.56984723563648,-35.86601526302175,-1.4305302263804407,25.49310785035128,96.48758307750802,1
98.10102840013465,-72.10995275896796,77.27527692487902,-70.08046877048832,-31.47772590770532,-60.88859780884219,33.47007579425653,88.58842364472773,-70.56897356476097,37.920323844216256,84.19327778320596,48.21430995563446,-54.12882538300812,99.74848209359567,-34.61527744813036,32.90648509969549,-92.18027550020831,-75.58630606224001,-64.87433584415898,-67.99519381783054,-49.53646733571653,75.08584487670385,38.39208257382077,89.2356376882999,23.885745232553248,59.16593342870783,44.20655733029449,-69.99479996904213,-40.310745948545204,-58.828573800129,53.576615153504406,-48.67946785109763,-93.17742180967366,-75.58008001302468,23.547669718809686,-57.55286988354062,61.14546691448734,36.4650761120042,-3.176596880046418,0.19844764339016763,-76.91796159661371,-79.86027601720326,19.457678140029586,-86.426162211619,86.2770107628028,-72.94905885805923,-29.92744557517024,-96.33504564488547,-4.356400905246403,-34.91885082233735,-1
-86.4994906632356,-30.70614258426656,26.88798823367047,47.4051811580708,-82.05902459160643,-3.8335886851225354,-21.777805360021148,-91.32041078311453,72.57252107113752,-23.301651181908127,-38.32735122331101,12.022007687162613,-87.02925064270035,92.7192085363445,-34.07569845224026,84.98539132362896,-85.67299715472842,51.08374236953185,-62.46095434339831,-63.460425844893024,67.41844191004688,14.235384201988026,86.19399618366748,75.9997357422269,-12.223664405866046,-6.364496741092836,-96.10151643955969,-59.53740930426097,-67.65286739466981,86.64458578042846,20.763105019803277,-33.661138774903534,77.80888619162184,98.73099522735444,92.19951648854692,-4.9692882916587,57.17383688174394,-58.45504041671086,-59.240620518238416,-74.55876599268001,-7.55805209393597,30.2814385987802,-50.1438033710792,-99.08327816960167,-48.83977764516656,39.35246978198131,-29.078239927229617,-76.492210707554,-74.55475788484188,71.85924205350028,1
-39.37432881093428,72.99899524155526,16.083633156029407,-95.84642265792176,34.127549265289105,-5.295207006007701,-75.79391754134868,79.76818142400239,39.79100309527709,-91.30690282304192,47.05265928395585,-19.715067165158317,-80.96100337379431,57.97388138666088,59.67409481711633,60.15410212276197,77.6680120077572,-24.635948885208762,26.91871764806936,57.68868343585788,88.80639471530176,-90.2026331501533,16.20398223565003,-61.75844888334543,29.861972290352753,-63.514505216215575,-45.47529902245846,-70.50426057794738,67.55629518620148,55.899951281539785,78.0102093376104,4.660655134914535,70.19860004907866,8.67337002191708,9.314892625298071,16.42879380951598,-25.448589255074893,-44.859396290437736,-26.178181155921564,73.94952481243601,20.69985042580076,72.29299930028347,94.77873022652966,-26.560906674349766,11.620490064401267,51.42912684917653,-85.37164552929433,-94.8496853468172,-71.23706189030455,-69.38744332952749,-1
-94.84608024712978,18.866346785319152,-63.0109325576536,-29.25234944401933,-30.474439712201146,54.29077062757588,37.418172772542164,59.256860844670115,13.281796593584062,-74.25653877383,-83.79489113830849,26.004674652103816,60.48243651309954,-70.67353281311708,90.73845030652109,75.20373327386514,-16.14365148848536,73.22588682693902,-27.621092105851417,-5.561340774321295,-37.77230472113491,-97.54067071462084,-18.621781208905475,-82.06886815490144,59.96122055665802,36.230494094537704,-65.91394560127499,-70.06483363726682,70.62117146940832,-28.232028212245396,2.8842186723111496,-65.96907166457844,-29.087507890727565,-92.73735379837437,-96.20968491795941,-18.038142871676,-37.7791794216471,-4.659776751694096,-73.4385795452765,-70.63740369394944,-77.80449876362931,26.551660430290426,-64.9272510774896,84.1402603145788,13.364095850362958,14.680486096803747,50.61640557767291,83.4590017325173,-98.11044115965093,89.5844037003813,1
-53.45433021688963,-46.92605337593121,-77.32033453101826,77.91929262723872,38.15133123646771,70.71805138889863,13.742681904826014,59.11498098730462,-33.86937048830502,-36.172251608157644,31.648185260748164,35.64741029984276,-9.595350496864,74.99027998400263,-44.62565850455644,74.14030822477704,-18.839141640888514,-54.690518645134276,57.36253642678446,-72.76133609261603,-4.36026890668451,97.4178985940375,-86.14289806450995,41.350653811341544,-77.14306771361788,58.610082324048676,-56.34594254552843,65.14672831206587,32.67138981057448,-57.082895784805764,3.3739521031232584,-3.917289126280423,16.85014480348461,-25.58020879781131,-95.26252675804092,97.60717920646144,-77.93353109720334,-57.78151613928275,41.38376300149969,21.634245708106818,74.61447041070412,61.0178921864929,-5.359665556022989,-70.85341230827484,-78.37066896114659,-51.63926174319131,17.96414029237961,-1.6342385372948485,-74.00293084068448,43.33539029937762,-1
62.580201826015525,9.085590042342616,49.67927124194861,-82.50407884981439,-50.78517154463431,-57.29772637579498,54.27241661092515,81.88524707082445,-19.671718206958502,-77.16881920226335,43.8786242838149,-93.54587640213043,2.3427509125532424,24.983244389851777,-10.178711336649087,36.24178231007696,75.24618861287954,-81.11419370143452,79.53454529880872,-23.328345594084936,42.80658396983469,11.865691411552959,-27.270284124829658,71.17218727298521,94.38007464920943,-60.83378249617346,-29.162340111714613,49.98401617572654,97.98520943518642,0.914602119430981,-80.56932543406631,83.35457708995091,1.629343162449473,-51.66734511298057,21.615501812634676,54.22331199642824,-52.37313583565495,38.13161834922079,26.294488967071516,79.42337326003675,79.62898204112341,-36.10419593834262,90.50188345340757,25.855377329109757,61.237320055490244,-80.69012599263756,-41.39692808619206,68.13997431288826,79.94763003101465,39.87200282770587,-1
-4.732853339780235,8.719114982258418,-12.997614512504967,15.71508227664475,30.28596243920333,-12.242829152215819,30.842307803321404,-82.62201248679037,-15.654226544194373,-14.383897504244118,-16.213809101327016,30.03154960297374,-90.26992160066348,43.013841942895425,-23.407161470145184,75.71079455553581,31.226989466448515,-76.13924784102453,76.8931495797705,-54.18298300216586,-39.05347906130372,-65.44094993983047,-28.859501048294618,7.061451914998187,8.184505941320324,57.28981504017429,73.9574329275112,-40.42755238209248,95.4985139921256,33.48913965311732,-60.956298006146966,-66.07317331885659,33.51220197167868,52.679985898938526,52.95271624920247,-34.5854740190414,19.34960853140501,-3.9063638589719574,-46.644549107673924,17.123916981638402,46.70568478119759,-18.74573109263183,4.63204758131117,-9.961127802744073,-4.724629127439471,-53.64379525559142,-4.20888784535704,34.70397418228774,74.71171819589031,72.07671872360916,-1
1.1393487562747993,-40.40404106754609,-92.87404092197214,46.8230602128838,38.93442169581064,72.14210465939769,-37.24616168243724,-37.7743634551154,-52.017139355603526,21.316075707332402,-99.51723373180208,42.14841031712615,23.762498390843717,44.440629140590346,79.01018402597691,50.746414678754746,38.732429588929875,49.41311919110774,-4.532472587818532,-36.92868509378182,-48.88636627180469,-89.52373902357277,-27.994714379878587,-44.083838216486605,31.738733393473183,61.16861387283953,-17.5133458334966,-53.575777723678186,13.644694017035448,-27.92663674936992,-81.94960198598653,85.37330974322487,65.37048667047307,84.89040094249157,-36.40567553150793,-44.85045710611117,67.71796251512404,-30.05230855910284,75.52317457313421,82.52365287338358,50.11711579439907,87.52405346466205,67.26281447975649,50.559649972504104,71.05908249437206,43.50501904216094,24.080198127486184,-27.958436166174877,-61.44113822979009,-52.39378355974977,-1
90.28896513261839,69.47101078187336,-52.99424257637326,-68.48193556870628,6.273572764267769,67.69944358229503,-78.4423476401432,-46.03401499166593,-96.43523254798158,28.392424789071725,-79.29625638591907,59.888322786807095,-85.82275483489619,13.859444395957738,-20.271192172844394,56.30865149203228,-66.69715969892864,-68.64992936085774,92.46122283967313,38.162562579077985,58.16281367948952,-83.06334306609781,6.900627799919491,-49.79052069702723,-89.5769293159683,-4.083354584939201,91.81711717594331,26.29349668903845,73.69609271513875,81.77881381710478,39.43315922713407,3.8232202809051614,68.59814055894125,12.293694138139898,-41.140606055532245,0.2931989533139472,-87.99897004309642,-97.55411896733273,37.831508624640406,-35.95591923485712,70.27370940340916,91.96758355280852,-84.989099602131,-66.1890107857077,45.72309297354764,-91.14789395025136,64.7287634576632,-66.17067208788154,-88.11627808524952,28.169938103650765,-1
8.851467403050165,-23.379713281883113,90.84627149528433,67.11772177858501,55.6724527589069,2.1037895459799785,-28.580353968842374,1.8902907839551233,44.519947996696686,-75.33985457641698,-30.292600601944415,-48.79826186804112,59.49129805058914,-56.52182644566312,-5.428655240876097,27.42481830205972,72.09238873291949,27.89526753805049,64.0426729612391,62.98618246890834,-46.50111703759941,45.434517283539776,-59.26428742505965,61.9368930433275,37.622260358105905,-83.40734576919277,24.363267681306567,86.10584198007263,2.339496347863033,72.23911391315107,64.43553001502443,39.17620789951562,3.1383353454336884,50.463340038413975,7.920961621427324,-62.52187397673596,62.11627107842591,-30.215683324282793,54.8264160616516,-0.7311010429915825,-58.23885690216623,-11.850011224465518,-64.0370001987385,0.7992977292890657,-5.250182607477342,-73.99356660659569,74.09383123964341,-17.753433544138304,1.9631226770261208,41.57858180453931,-1
95.4013908877887,-83.3922484379627,-67.17711208084194,-92.89932625627353,-13.318253257304718,-45.164512065131255,-39.209668262364914,10.700646669773334,-61.37924770605232,60.14895566924773,-43.38121354856159,-22.714687868717647,-54.67154992936254,75.8665435693647,91.2668945234212,-26.006269272075016,59.1798572309861,7.157046338587975,9.983971577310925,-23.735323803068837,64.13915697234137,54.26258994821691,-95.02250556617851,58.20589106264819,-98.16857409247288,-43.78447937904188,29.638207868424416,36.02288676369605,-67.52288597760054,60.482968721152446,-88.22044045493489,15.311193524833214,19.758463872733117,-30.07014348266435,90.27406452806036,76.92699040709115,-51.071201553887626,8.539898894452634,52.80190783056733,-44.7936052409563,44.552576640830864,21.717898225734245,-34.761069260801165,-8.016556674637727,-69.69303757553666,96.5133092239266,33.3976522175648,68.8086745930209,5.251091377002211,-84.11655587619452,-1
73.22030907556695,-70.94279805084267,-94.80354125484394,41.63918759450729,-14.640812787368091,56.01254846918923,40.79577297359535,-5.194833054466457,-38.78721022927849,47.38906174725264,57.875390315095956,36.37384378141911,10.557760982828938,39.5457329684931,89.69044111506236,-58.985664805330494,-13.916557762760064,49.20724637699459,81.6748061577093,-47.436032734450606,-81.49141002392821,-12.28847668394981,-51.12244012601905,-6.1411659734550454,-35.73990736726063,17.640724992198514,-76.35220449037908,38.605444165844744,-99.094155040953,42.95233165886353,-9.895993916235696,76.3477214193928,-64.771660069297,68.40736328595185,83.19190817488379,-13.494617299062071,52.7212562871573,95.77262826715287,-22.881855486114745,-78.90546827773659,74.16060701738888,80.4019224857652,-66.31652433330864,26.7857356808358,26.968570000425984,-12.23146140523923,-94.71320070513973,64.65811937346447,95.853321103909,29.68861804223485,-1
-40.91104450451595,-52.886813081099746,13.940926407081975,-33.5849515637328,-80.592844298015,31.365762427270056,25.149269238948023,-20.164659560460024,91.61381106762096,10.3351067253667,-44.999162254467564,-65.88847241764486,-13.653652643785222,1.8476604037310125,-63.55644094619943,24.404602208977224,52.520085262113156,-19.51012631825961,67.04622031553839,65.47703109725106,-93.66208933152144,-35.31766069577462,54.45347894575673,-66.63337771205262,57.74583376923158,53.55349888259974,79.79135093355106,11.078613393369352,33.74809479149101,-2.838313178239943,38.29549067404514,95.49674272762817,-84.38602488237508,29.81568584249476,-77.88884921427837,-97.96308539915846,23.71506961660728,-65.445192764309,19.059284132264253,-4.7087780894497655,-85.1071799976551,20.401734258132635,19.849757085400128,-6.987531552675989,16.204907329501424,24.662530376337074,96.99248997192976,56.78146072585284,-69.51135865512498,6.755063281834879,-1
19.38904468263452,34.34896809549667,-58.266475097681635,-27.688900825947684,84.5831487106428,46.38122515419286,-16.772660359134804,42.83631836652782,90.64916150577483,-61.78437497449567,56.66335964273057,-90.3170384221979,4.624058839769816,1.7361464612363164,-55.2042067200883,25.987317803444625,91.8071681117273,-49.76617100202694,6.560594041898483,2.4739478733961846,26.09717655020485,20.487037556520235,-79.12023940757635,-11.42268088789065,47.30863781390201,-77.13859346493112,94.6034434094868,59.48405560450874,-12.075680482577383,-12.298380189261593,29.677805774215358,33.59037748361138,-42.45428908930498,-83.05808567677207,69.86779121606895,80.66144319245336,28.302456947824197,9.140463368392162,-87.6075364228754,-80.23688522846686,49.20180160672567,-0.4259100947973167,-48.08247221246522,18.25468953760918,-81.16165058326649,-17.897379354468185,26.506272921478043,-34.67124506905044,12.816974683409612,-63.23207533436188,-1
91.20942872238663,-74.04340685547774,30.98106042356622,-84.65209725094876,76.48424169739005,-34.25808012250971,-87.2657333868423,7.9744483705406,74.23908040449712,24.130678249246245,-35.67208494789105,48.52602608067326,79.18967975376634,-93.31736303624687,-93.02541866990164,-93.6635316926745,67.85113786645005,90.96751048950799,13.522049542130702,-9.241545201085884,91.02975371711801,-98.03532971325966,61.938067872364996,-92.75247963719441,97.1907355650398,-87.93865990023993,-94.0327106630471,-17.078582467209657,-98.78575261772993,-4.828402965197569,-34.8092333197705,-44.1783764740967,-67.20332235547903,-62.960889094458494,15.899721188478892,-74.74622411742781,71.47682887301997,48.12433843038704,-77.85139754998458,49.65427733317878,-75.72334857303235,-92.17265560097391,-81.85764019297147,-2.8593476284890045,51.709971619160655,-38.03299692415727,-58.19727677022048,-27.147633803091338,0.44229372480579343,-76.39892071148734,1
96.97168055249517,72.69829009256367,3.8905533035112683,-90.21763494430259,-0.7588240099983778,-24.295391307349362,-62.32093534560601,-98.80503185481268,-20.170958888434782,23.047250713639002,16.44601113541539,84.27670439961636,-92.109679479221,90.10538757640899,80.35446315251852,-72.36580416944227,44.72051303057572,58.115540008636316,41.215025412188936,65.84098185642895,-53.598217799832824,-30.648028090412154,80.20544028841212,22.19168070791919,-58.6514322368122,-10.462704705536225,-66.47515976367843,96.75798396725318,-7.2635798129337275,31.738237178402187,19.88986368292585,96.6904169540627,-6.818747269644803,32.59261498808331,-94.22320462407635,-78.77124086036218,-99.99208298054687,97.48655089606439,77.82095375178577,-92.42540977421856,-53.80731722018894,-92.45988096889161,27.526425553027224,-70.89884658221332,-25.7010099554154,-69.18907319268313,-47.62685632698296,-9.517984733945298,88.12279157248926,97.56420408037997,-1
-29.020463302689194,39.04593114954713,33.94460156623012,-62.699883319039216,-40.16089877365492,54.75770181560995,6.998828899244032,70.85136053088308,21.547865143924525,-52.71273093279532,-6.73695615636241,59.183601976227465,-13.419465968716906,49.054544194467894,-30.513576279605843,-54.76997638378229,69.22634944865123,30.171490382017538,91.66988066111489,71.68071577014376,13.088604210311487,57.48680758236665,-4.284044243166733,38.45948514779741,81.50734325262843,70.87563822108595,-43.26750716425063,2.603032239443536,-91.84813135695448,-24.924045172077157,28.058964116487488,83.09291933148762,87.81534355114303,69.71533024786578,-39.76741050390604,22.8705609131423,6.163921814131456,47.350809612906744,-81.84440100789948,-74.14792624345739,-45.73331220672541,-91.07598978357676,25.500783934918985,-46.36300935040853,-87.6109863516323,15.107904314773094,94.51906487826528,-75.31039914327151,-83.3908239223311,85.52538936052426,-1
-74.80896072412835,-49.32037848812547,92.8291591731116,-86.68561053951298,-72.6623360552234,-30.088377497794312,1.2915090890457606,59.98922524168296,-99.98128122834554,67.19944836898713,82.31820567022154,-84.14056611344714,-47.50500225073089,-6.405457364943999,-0.8617539353681565,-9.550544031446705,12.334957292053005,44.87828759982227,-16.06517338520503,58.399327783478725,28.593043974771092,40.647623275510085,-50.95972326775504,-77.19691726130404,-99.43064144159747,-82.60489504116643,19.30852895113911,99.39182375526661,-92.93526274363244,-65.7811576450964,5.437911125527847,37.96632028816458,-87.8337769986898,81.73281180041295,32.92338067738575,99.98198664011005,-99.02919006793816,41.21365023394182,-40.49206088525461,37.93204463003218,97.95090152412303,-34.359203622357555,82.42813786362703,-11.101594818757206,58.54271052902155,-30.99801428013737,66.86000951276333,-13.638085719868826,32.52232535198556,-5.868991902288315,-1
68.7758822461858,-59.1033077608353,4.069267374314833,-89.38544356572658,70.20531926034829,-96.80057059185178,-2.248317992686296,-57.2491087072595,-42.7407173895846,10.097294054509717,-69.95641048570789,-98.36619944958589,-97.1015621776364,-15.114184436679494,-46.566139452597334,32.17386456847126,83.23109513328691,99.03744055955207,-90.39275014157487,92.22870059767848,-61.996664623824536,-2.34242620113028,-87.3915999658038,8.761354439574347,-32.31378331093407,-57.5410261976794,13.620275715071443,-38.684095224129855,-59.97815345113986,-36.91335894135819,-49.71336908988202,1.4081379872935287,11.98305291789849,-34.754619105226595,63.67970911155422,19.721483095381956,-13.843810409176058,-88.70842606512575,51.685360676708825,20.43021246646215,-29.723093943278215,70.64504227713928,86.02159125563404,-15.52586125953421,-13.574946369528035,-47.50710681093753,45.67976494943164,86.34255887130203,-93.68280526424296,-16.921477434915147,-1
19.042566825374948,-43.1791701545134,-57.60369584014773,0.7117092651044885,-18.38635939281383,51.38527752549609,-90.97158522757623,9.609230832656195,-29.38506247803312,70.64054301198652,35.56889950448925,66.99240041442658,27.70680734078981,84.60266835319877,-2.0154593882814993,-18.067629042351285,39.350548855643126,-64.25026305514325,-83.29579443419411,52.980981289994645,-93.38478870738184,-74.76060899794355,-76.4720290171899,83.62591299618069,-77.67860523646443,-14.018410816011027,-51.99294230251388,47.76831969072427,-80.5582622002189,32.82649464562019,0.6577193801201133,16.497811937382025,81.26441154751049,63.09403400586996,-31.00075308851092,2.2604876128969664,-7.14321456816451,-13.284391051423967,7.077609861653329,-6.080147888317498,-48.368166417467705,64.96035188694387,-64.36491246644974,16.287851275344664,-88.66955282650177,84.18766577484885,-94.26817923902362,-61.90270759280347,28.330172622882486,20.790111192416447,1
-68.09106397736232,1.901774644840387,15.814505537198897,82.13554798366093,-37.024454816450046,-9.496847231709339,-70.50980651189352,90.90794512066361,-77.1818834453449,39.64774507741282,11.980386082075611,4.778207076581651,59.19017385467157,-77.10260142906094,-32.55804998779294,-55.22387974681217,-36.90514943504317,86.01860166695218,-30.061104441508135,57.99591798577791,16.33770476840452,-72.83222958135956,-75.74212982568159,-1.002245716994878,-7.091169089492837,6.092461334564646,18.555348590816507,48.68731558432867,39.97141830557257,-52.80502672584042,-31.605418437187026,4.564565298393376,53.924133689895285,-27.01132545067449,97.66925495444852,41.94320244891844,-45.891399425413425,65.0676800326211,16.83719422463153,-76.87967205965586,89.68760308784036,76.78533376745884,66.9314725356719,25.049224362230945,5.032958101658707,-76.93063998985896,83.80503280020727,80.83953045717092,-30.73996988313779,15.740037449171169,1
-83.77016429275217,86.72307556701881,12.969834199914885,98.98999722438836,-35.702261441961824,61.52468630035946,7.558032460656932,-68.53628120774596,-88.71588305855624,31.15987088183431,-35.22953786646465,-92.45482239548866,54.91524659495471,-8.971148566889212,99.21560039871119,-89.06121405641416,34.37156267292528,-34.192911607642614,79.88579662389242,76.2238513677535,33.68372954898339,15.992049335252517,11.11724583339533,56.479528365218016,57.13284526713389,-78.3063556323403,-40.063455730231404,68.78303151402798,-68.01350979866379,83.59380805263606,-38.93173125218872,68.11386530494735,86.2190823083481,11.61141171979041,14.827161462157122,11.120226347555146,-67.5153166848351,54.28498782269506,-79.05625947105844,7.393451681651243,8.402825283936991,4.683853802668338,81.68754039219286,78.14539671493213,-76.72997045296026,87.46765143886947,14.393425871959948,-25.180450842158805,-77.71732846532598,2.6086159784722582,-1
-95.97243021014204,89.25289860061639,-74.7147545689944,-97.8522036404035,54.05585043534268,19.611005507929136,98.3447804352464,28.557284259401513,70.24438731889367,-86.04680785267158,46.830720816400856,71.41870115354823,65.34719417429523,75.50420437675132,36.60984780079099,-98.38792589814325,29.679847754898105,-90.4160427253933,-66.21524659394804,82.06602596336566,59.5160722135972,-35.124834351424866,-24.919611034916272,-20.618417524622345,-94.44182135974484,-19.956307868487983,-28.68020848574615,-23.10604593772696,-95.5944577705079,21.56565522907124,-91.81469880981402,68.90962694849131,-97.68205947829381,67.49799345321205,28.537844837262895,89.13567286122358,-56.38488534427894,91.3514168187202,96.51899843306524,61.37046155303315,-1.6403218327466078,50.24156190533583,20.100970848293386,66.4606225107799,11.40971941202811,-77.54925329286999,-20.595797467680143,34.73642482543758,87.35125536790542,6.117671112367589,1
-46.229297123561295,90.18827037316686,-77.54544833421808,-89.40671887805797,73.75148632101116,56.80381075424185,19.47453295950376,45.58281931438813,-40.607329385606185,-52.11578237559087,79.30529003807959,-73.00151608830623,83.90854200344236,9.631365795122377,83.31314056800812,42.41002224900916,-6.992991797714822,95.21647484696649,12.75759500506328,85.05069484760611,77.70520279848537,17.757508198522956,-55.052298960407576,35.52785027123318,10.401071439268776,-53.67360169222055,9.910131458046266,-7.422251177509992,83.3780822891026,-32.01107973694171,-8.124772972940093,17.839714496375407,38.51403536200658,-29.2072983929814,-60.89118698447689,83.76384128037188,-65.28327741253898,42.587625940110684,70.04604005450861,49.26341553321504,-73.45700137536781,75.82930264680178,-18.369371481226835,-34.98300914596662,-68.24639390505278,55.679253532474036,-7.213596372218902,-95.10692867164998,12.567794158352626,-95.72431336649242,-1
19.073274031374538,60.010881590274266,14.733319509801944,23.83031031486547,50.36241526553326,67.60712036963491,65.71185977487087,-73.37767735552825,52.24103418953476,-52.688800297539665,89.90028324601923,89.0807983703763,95.17732682135457,-65.94539667390845,67.9982122260572,-50.665115087094236,-31.34788840794222,26.023457508217177,-83.75498785848039,-80.75304280579982,-61.3660026770074,-96.12186382428247,-72.35566399194545,34.61811954252815,53.255441426821676,-25.110583161038733,66.15335644187337,-54.32859708376727,97.5581151455666,-82.44131917480652,10.116987639693505,34.24797692365149,83.95245929414719,3.1507968231553036,-9.447463279554327,14.767375208443354,26.798077879647877,58.58281672751437,-24.118893562313517,-61.60704887126365,-71.77515925641282,26.28925953420746,-70.33673067645225,58.66083765088561,76.53721663568612,13.752407390503564,-42.52567536451623,16.923642083843845,-97.51022262542601,-77.16055993078558,1
-14.201194524996325,-8.419940974585714,29.54181495804596,60.444263794260365,-16.631868147926454,-16.160058022010148,17.95859996902503,60.06371371985006,32.194586589068365,-18.931002138097952,-50.22728225983859,86.58734326730115,-48.85059031801426,9.437102215813752,42.306001858301926,-67.18535751811103,3.7478265234503,-3.256737997941812,-47.767687063605834,60.35560950558161,-17.298297990144377,86.15043081224331,-45.54284289398449,64.47187017249928,-30.842749444964966,22.016972799264025,55.790508959243255,44.261271358442855,99.78616738062968,0.9947962295541686,-65.9959821916009,92.69425788537404,-24.82831388092268,-12.256091721028099,2.6488512021624473,47.540003495017544,-63.07838908642665,-84.87010796075036,-80.0595295182739,96.35900373981266,-63.70301168705343,-2.268764065228666,-40.859659338984635,-61.57946536315087,-63.43234165159457,-87.10641696112138,-93.10381953583008,85.21932571515151,-87.64680463119103,30.297458294244336,1
-63.76334418998344,-54.515654255294145,78.84560854804937,84.36690199342144,-41.54104682763684,-16.08018156467206,-47.25226055245864,77.31009624585332,26.86185426454682,-42.35864912259339,74.01697537995221,56.829325399575765,-86.63661855556308,41.46613699686807,75.00114695164166,-55.73570170708759,71.62888877966967,-94.83548498466514,-75.401471670961,4.896112241597223,74.18358630823647,40.80766324970347,-94.5112124232262,33.04086754390855,86.32624873947555,-79.1444230587343,13.06867026376483,86.90093038073005,-48.50326429972072,-69.3068033517914,-90.28203038742559,97.78636616479503,-21.954012424622135,-51.93914744283734,20.110589349134926,-42.23894835549107,-16.514773532081435,-8.771253366266365,40.40641872360811,-51.53186839632551,21.771981982960682,-7.377554281832374,65.89656996554547,-59.333878223306336,-94.18453132623571,3.0673524024628733,-95.82802302387898,-59.95924422312049,-12.652716842885198,-74.20928645313447,-1
-77.48190669416111,-68.0173509951745,58.34657859993058,19.536425605561504,21.406447652619235,66.05912992058796,-99.79457227784299,-83.17469919532034,71.94546919814687,22.16970133468979,74.64044386811085,-62.238041091046426,-91.48160610304905,74.82260796111925,61.64300725240918,5.734090930495256,96.47827430362327,40.8745317915926,53.30924374828854,20.310023308261876,15.16267582571271,29.508957948815493,-42.96411292401048,40.232861902855035,-14.686412295051682,98.75759415635525,25.17178194415723,79.29406850635368,54.52329245190742,76.37148537599714,-32.99920775312569,-5.31440493314139,-89.37115955825729,43.60907150271822,35.519858693186535,-44.35410558264336,11.314749099444128,-6.96194831375098,55.39045036645487,-45.95986437838457,-40.34902377640868,78.48996306433284,1.0186039433196044,-55.603935609986536,25.32503005243585,-17.671346197168774,29.281986072822065,-35.73940091585317,-28.494316012778725,-70.67667563055515,-1
-50.63522615961955,80.38322156757656,-47.78664002093416,51.2967698199833,54.87207723631761,-9.500029836003819,-65.49888856095404,81.09928645016836,67.78620552769596,90.02418476590663,-50.34563684078417,-37.1120057108631,-79.93030007851667,26.153616716406987,34.56544539826899,1.8586848219078291,-30.457573655821918,-47.66078178470825,-71.9568827168005,-52.913416962906965,-90.86618983191603,-20.838565933376074,-16.809819001372887,14.034537792325466,-18.560705959490576,21.072552006488294,-88.89819020909104,-44.86093125782198,73.166993341638,37.56479170791886,-48.33229978795297,97.05488049755365,-44.586693460875495,-52.34855974542738,-65.32847584577628,-89.51948670463146,-2.662970673919233,77.85683028571566,61.24020821342029,-28.22044332238886,77.27452391309782,-92.44282596724133,-6.564690351539241,45.390511065742174,82.80932978347747,-38.496179062937095,-72.66372666195728,-91.65879161443368,-62.27559736197534,-74.96726511238263,-1
89.14994044518602,-3.2813903791341943,6.446969535339591,-51.14194109256709,-90.14785305785358,-62.96331237977127,93.97446780485373,46.81178019382722,-5.7958643137379795,33.45463331474511,41.839500946351706,-6.139502411032851,-42.84132125556464,56.6825946657174,-64.11250191543753,-7.0491525699761866,23.529246595138048,31.17624102690823,-84.59123150856792,-75.34503089380182,67.890938757154,26.263216881148736,-78.87549224346637,29.164584437299112,5.667068974137919,-55.9235344644353,-56.305404020482875,68.56070348584254,-95.7695554887831,64.12447705170197,86.24512715992199,-32.283803955712614,-79.25525040438998,53.31435260258556,89.89032582324447,-86.34453535109314,67.60474059137363,31.874750187691006,66.92934478064242,-33.851570170016075,-90.05992257921449,1.2241320306080326,-45.945518587112176,94.86994849439233,60.5393120430102,78.4262216255554,60.81850380397671,-55.55900745905116,12.509618687932218,-49.127270960914245,1
-19.1719356697934,93.78887943485822,-13.384779482641477,-24.402376758007676,92.97291988105994,79.6656871847706,64.4566442190189,24.78478033315821,-1.4561330500788188,79.95168126435564,24.536071087584247,16.563573120461015,-57.42751202308389,-93.77646619606487,-81.91310258692901,-10.116490552565978,-31.202013561677802,-75.05959336139736,67.05207528915372,-35.400010370863484,86.38455323928082,95.47854650838576,-2.723301936609417,34.58612588642913,56.222312073675994,-58.82393144918263,-44.11220670835905,16.022147563535682,-16.545846032009948,80.67759723749,42.55580127716141,61.532347894156175,-17.98895285494308,-35.58518657127678,-0.5452980450318705,-17.406038340899684,27.999286483714485,11.153590680691593,52.06746230690814,72.26705106972662,20.58506268798233,7.375042049413281,-23.7123806154748,-7.185003114861743,41.492016386232194,-45.43509698600763,-86.40110453576509,-40.584196706937824,77.10384388514598,-2.568418948386892,-1
-35.52923100505541,79.16314631203895,25.292771050811183,-16.27896286561699,54.95284194644839,22.49028969146501,-67.36651544751051,-42.4710531692035,-53.937145257412624,28.082392882946692,3.637294602436384,1.58065309910576,-26.81975943495729,-16.2420325213305,-96.1301032231426,-71.82684049734469,18.157049546689265,-33.722130616534045,-96.86664524970405,-18.175672887229922,-77.76597108355824,12.319891582399876,86.67905023083276,-67.55767395943928,60.797935479720536,-34.51985502106554,-77.83450937820591,-95.47774377398761,53.31618040772591,66.50330865154771,38.6499536376416,82.25447336389414,-21.008360451856078,-88.94889815687257,-3.1706324416377356,99.1391399914005,34.769163961016574,73.39565186481269,78.71062839109598,31.898558006768894,60.720824669174334,-41.68195937854213,19.912978298796077,94.79764142200088,92.77489615431872,41.891932552060496,20.776307873017117,-29.51621365619627,-45.5765117144985,91.84197224196359,-1
42.402804066156165,92.47306329090569,-72.39447821242064,99.43256285589138,92.11845757123584,-73.34725542311688,71.10608099658074,54.550417291658334,-99.65923439178877,15.546000627632523,17.437472698906248,-96.34075252301643,74.6750886816705,22.742909777357383,38.77238992918268,-78.3242659891177,59.85590962296831,-87.71068303162426,-62.01249913308102,75.15495203191566,82.55321077395718,14.815653765048651,49.7879355881752,-88.80945471991757,-65.16070681769905,-10.811862787735691,55.46808393447034,-71.24295746728764,-95.28197272258603,-5.803874157686465,-99.0886233310066,-47.84867969468958,-54.27428076074634,7.705672629866186,-64.08941386735982,62.75582392679186,3.4247345575338244,97.96871810112927,-45.59003242645403,-44.031072807156235,25.7830992712678,84.39860958838469,-6.7554849846565475,44.49657240513366,0.39410803313082,86.6177396258901,81.03946333684391,67.57605989855796,31.578241898803213,69.10929281086015,-1
-65.82248252198684,82.96698999937561,-50.52972563645144,-99.27065944306474,-4.36692734466169,-68.6656210833038,91.95410289202431,-31.668394602563836,-49.69799214820214,42.94351294043091,40.24411469060962,-81.07196869572861,50.1591068897242,1.903394796819498,-5.751105054171418,6.140519504313474,-91.02004175413501,-75.6068478569756,5.485372359140129,30.599291112189576,-84.69275470404042,-95.61777510248287,69.61719996414382,67.9549331309253,0.14666648770122492,92.7662393353425,37.27780161205396,40.824272066367826,-50.60501865029745,-7.590627774805611,-46.55563930456408,58.47449321885131,23.8098110434465,49.31780229661439,-3.2960451953889702,-99.11311612259865,76.08785181689507,-82.7767966517087,-5.09671822126856,-75.46500231386034,-88.01659596150655,25.680843608306176,32.887482233846896,-56.131363709954215,-0.7450735303325757,-6.728726553552306,45.9068206770996,78.79291321545847,4.351213370518863,-9.280471822063419,-1
-40.68801755881386,80.25184155931265,-96.33026766527348,23.60445573630247,-39.69709295209329,41.120523245739946,56.28697271965814,72.93720527569275,95.8515056755557,20.056236466450073,-17.047470322476244,84.80485225537296,-17.98195097390058,-18.17627848418762,-25.327995582910745,-8.474325481454642,-58.878656027267716,22.348841388611618,73.87490664740884,-32.97905873176741,92.094062423455,-36.17576003152876,43.16740189909564,-98.46473647586593,-97.07737493629234,31.883713815201133,90.0497466811951,-35.522816289269414,-50.89705028316918,56.1106812468534,60.53628523107702,47.99885439883914,38.935504308538526,67.15139949804217,-6.523972935742847,-34.82549554361624,14.17874770559176,-72.03187654543417,98.39657298834129,44.886853917237715,13.2901296710169,-10.54554305861221,31.91340293742354,86.8424915214506,-13.69482978178857,-50.023695003897714,-64.6758167191869,-96.74697069730445,-81.87345377436685,60.65781979653377,1
22.72082284749169,97.84333668411722,-56.454193150595074,98.6967043412499,70.4695601905276,4.630579862787187,-63.21809282488295,-70.673345265536,39.84088555036621,-68.07826570318723,27.144056196295253,92.0922242178365,54.61769208068844,6.186149570883529,4.027729059991586,56.78153336480392,81.2161250719993,-61.71060822504517,-3.85560631549977,-48.63484886378728,72.15189548880679,74.65635758227492,51.52020716133808,-15.588519465406094,88.17317905624708,23.809212612965027,82.92625177872301,94.71689264715997,67.7619345697207,11.147654715278279,84.25949603003434,56.53716889191213,-90.64773920711183,-68.824241797968,-0.5373304408333439,17.265923486815595,-63.28070840052891,48.63041139512114,85.15886325317908,-43.15025481595316,-66.40739480456034,-83.21554073742604,57.873040827484516,-10.291284358467905,33.64890676266154,-67.25670085766222,65.17357249450833,34.96942441390979,41.79543702345808,-5.71184608084188,-1
-40.03989448695282,90.82632831421452,-77.46042791233496,-29.73689094936489,-84.02011980962129,-72.24339717865402,-17.853336057735447,-60.92290707703165,52.71877272474771,-43.2082672825997,27.605389101870628,-66.98248755946759,-48.03749180081469,26.11173389878205,42.01592281357506,46.24799509162975,-59.50287195168198,-91.31469280404163,99.04891241499882,-63.39185456814753,35.61203301561363,32.121241310933186,-81.68288878846168,-20.728551703787375,39.2496494770447,-97.81115145625523,-69.78308426195187,69.90011263612871,18.388172068390602,96.5065901671334,-96.97924033280184,-95.60138379311445,26.94265160835201,46.83256649310519,-8.16815100769459,77.10255127543874,52.75311801412889,-85.49576072725517,75.54145828610396,36.41416530770874,15.716156379637198,-23.866878012737743,56.32556346175991,-42.379606928204105,11.791368109838942,-97.06878675567113,-41.21889000112091,84.027174296102,-16.181636454702414,15.700094699399969,-1
-79.43148156850467,-7.13365104096944,76.05825260268603,-62.34393022053559,45.35611047105351,-2.4333054504313196,86.22760016773569,66.19828294750056,-79.4458879501386,-74.23895937185833,-80.740843957702,72.60017455546327,-38.47866068011001,34.59507839146906,7.394658870128694,15.305227900673216,76.45286236786637,55.73298699991585,-12.673375023350061,92.49522833442981,-27.216321296873147,-28.708605714330915,-46.79869094797135,-32.53931725483072,-30.7766982655927,72.54864979428802,-94.58287679728734,-64.19615681643626,63.158327183245206,-78.98074968718929,-29.74649684281985,34.513466571515124,53.369092065524285,95.78850023219405,74.99041324849605,-16.959404446098873,29.719501007429017,86.77099502508705,25.33617304741429,-53.977951003250844,-47.471946384862804,-98.30355329711884,-49.07017150690736,33.130451080417316,81.49636205799922,-94.1392701867305,-7.079589692107135,-99.06566765931511,78.94321306537339,-19.71553211330628,1
41.24923251105244,32.82514785667007,57.0663382277568,93.47719753273864,-2.287389766924136,45.77847522994986,-63.02216088229944,85.55807429278528,-47.45008435701199,14.187145127632661,-32.369324898685974,-24.76244113513542,10.934791035348354,98.62045236472812,-3.379728825023534,97.94684918043643,16.104125388551637,63.703360440276526,65.52165673213247,-90.72188450974596,0.35505314237735774,58.195801998799425,-1.9894272336650403,24.192032845544986,-73.91484531722345,71.12411014262707,-95.14564626663056,87.56884411543913,-11.769142415014542,-75.96627683815703,-98.53014210732447,-54.22917203246642,95.06593350234229,-9.328520167429645,-33.827589113233984,72.93241148836563,74.06401143063198,-89.40361679738189,41.19868711182747,46.72345675489288,-68.9798496042193,62.43586194979852,4.817807990316126,21.97039943036772,-67.73480910919159,-78.55599902748907,-22.218887624580105,-35.62671035953025,-76.87144821658705,-29.019311388953952,1
-23.44024711272243,6.1718068576951595,99.47622536276262,0.7794396585165231,-99.66950237160577,-61.62977142562895,20.63749761945715,-41.25766244315563,-90.37152266007824,-68.72976474483406,16.946921448251715,-3.044730070432337,-6.8639662313800756,75.87671638791892,-64.72109150634296,-58.98579776910924,-40.42492246705231,49.040610251926154,-18.336576778910143,29.96115872205749,32.80978390539599,25.450263053630295,80.25839168608832,6.150979160695314,-3.7278292468268432,-43.05650372375405,25.426855133269683,-73.38100056946513,89.39818992713498,42.07141377635597,17.86313586923643,45.864705292937145,82.49297793238424,-6.330837600682557,-7.2756116189184326,89.51800403679562,49.228648341898264,22.022726550539602,-80.53418954182676,80.26815642762833,63.287350374103056,-12.375632709446307,49.627379637659374,15.468558482980981,-67.83352903564139,-86.11527112502802,-0.6256208196060413,-7.086895381924691,-26.803167494106134,57.88697658698143,-1
79.06921783063385,-39.25522967363484,88.86644714965831,44.29312007166979,-55.64489804382187,83.06343852786048,-48.34847980942869,91.59628636235254,-44.54894130178613,-76.32968481128668,-6.883502889986602,93.06294365061694,50.490001749974766,54.599916250913225,14.161239516001928,-47.42786717189607,71.22176191007904,-83.33344305499118,53.02536652519723,31.435231921841222,88.21953037156223,81.60170531970383,51.76649086568287,40.36660174001321,-12.22138039257436,50.12187233090165,69.02736834692806,84.88007750581343,70.60482524249497,-84.63763852038505,96.7430559106156,-75.87683269286238,-77.39835569853004,-15.065056766019836,96.98846339887771,-83.48813076867536,-52.45505659449774,21.2062761108879,-96.9482990971609,64.51750424508089,25.43074173735225,93.95253067223274,-67.04831730436263,57.58418849155126,-24.966863978132665,22.91698535507156,41.33099842574987,22.453874593755103,-25.14303271561093,-83.44761211932222,1
-20.46311711338906,-86.64994902984861,4.0817529365197345,-3.6878064445307928,-57.071057202048856,91.2662399807881,4.415895763727917,70.197571101736,6.338824711880719,-47.58578684423895,-64.5147868288946,88.03805308971249,1.4396996890008182,-21.00612984051544,79.40822491410975,0.52796707494862,14.569373280394913,-14.858148574985279,95.95147164124913,-87.78149654190987,-67.4495857646364,36.51423889477604,-17.148595713412192,78.82833089901976,-40.855759347615404,-97.12287260298329,-55.46377753043152,-74.90292470320577,-60.638058995957664,-88.71057546491244,48.14656514696139,-51.70457354219391,15.128391822259061,-99.48062257829716,27.13050715304381,-19.17396750920777,-57.37579555074754,61.83144576053587,82.23553829370863,-50.63187957264936,-36.2929937070537,-19.957544137147565,-76.49642569747573,-19.246469634806502,53.15773933449165,71.05021322975466,22.184970709053758,49.69471892395046,-34.63359942719548,91.31295001574773,1
-30.235893206104137,89.13470741016093,-2.7148329947856524,-17.669840639673723,-29.85665650156683,43.40545924361618,-62.2342526692103,17.059577588096644,-41.40941857236457,-35.00256711072947,-72.9204297184448,-36.666715365708,-45.17058670202714,-39.8099212092248,68.51282045560558,-33.77259578570285,59.53085199512316,-89.08230747961115,78.42106780506225,17.769577844826472,37.288427168144125,-61.25712076902137,4.3982029027991985,69.63329897767107,71.44489637799387,-63.6734120500539,33.592224596932425,-27.738615795733466,-90.23331160446135,44.56953157705439,34.022833036663314,59.89107495086549,-47.37835243273083,41.61811543519883,75.97423088536758,3.157689681351812,97.73909495012666,-71.8685559203458,13.702397637229808,79.89289588071935,-4.706860827762725,-7.104993782239674,9.89851629965159,-73.20619181295483,-45.356902207818116,-69.52564391947558,61.60563170153364,54.765654354995206,50.53681825138975,-53.639193690874464,1
-98.48742500437157,-53.41963227010367,25.54008272014798,9.386970489642167,-3.5492522878756603,47.162320763235726,-95.75390166520543,-22.55489091138911,49.503898968197234,16.146105778441353,48.25559533299605,-12.139600666151253,-19.834193323913055,-32.19009338023531,62.43629028723831,14.994301232791855,-94.32023558560738,59.16623177538645,-5.927178537717111,97.98954979396063,34.12909145026083,89.0471933146269,50.35645584178292,-31.775306879232673,-28.73548870369649,97.81215479538815,30.113809955783182,20.916030411783225,97.82117198938059,-5.650084271858489,44.611986023602896,-99.67392691698218,-47.02382303243158,-99.92741583606187,-43.62314706779908,-46.91947620801042,57.48865724123266,79.6085219200443,49.69695982092469,32.879322193413884,-84.61937560442567,-35.82524540403446,-33.837562720557585,-75.67477932926249,-7.72237281333274,-10.453098150502257,-54.811139400609534,-91.9533715024177,42.41816561490742,96.73591380316398,-1
-85.76834296531344,77.56352806716379,-2.287767883031691,30.969612477825564,73.58458171702279,57.23971536700566,-57.23467721750184,-52.40190391519577,-33.727778550614886,63.42082006575404,37.38726067693145,-88.2509727484343,-20.74924876844686,-38.30974386923809,-26.414365950164083,-66.67764130721619,40.503357168963504,-9.285571094763696,-30.61115891787294,78.97724275283971,-23.13475148115613,67.73459720307548,-34.52114197932221,-70.00064970247328,47.18212804416032,-51.562179207237776,84.11215582889889,94.72230166832986,-20.13056492555792,31.089415834714146,8.878927740489132,32.23801758930895,47.91723844537444,33.89023010594167,31.49564053351631,21.087654934110915,57.72548944905256,-88.04135427746738,-52.846795147075355,69.15053292658578,35.35839941997369,-9.093665557984949,-19.494598751523768,-39.736204811739626,85.91074767444252,-20.631986286432806,45.69860405366711,-34.876602568593555,28.448208700563015,-89.35876746349149,-1
67.0604991178476,96.93089551816792,-74.87745929593959,-68.20698119547387,-45.54912812310678,64.81752243414874,92.35573772889137,70.91436137919592,99.74990233191335,44.84940945996226,94.05183731306661,33.65134252545221,14.993382727994927,-82.22237999110467,47.78985261937194,-21.41600508892121,79.73170131206774,-57.91199441198851,19.24885941656899,-81.60302257890126,-54.451564457709,58.21425392434506,-14.999970853471751,-0.4269594980195137,-29.47784055434694,-46.02212730315305,-64.5889354444745,-50.87751338084099,35.07047974582321,37.73174761390854,-80.48641620767825,-35.850729545302045,-84.07549725268164,50.565063831835005,-89.31855292589653,89.6732873353865,-66.02482141801238,-64.65276748119366,15.530640675543367,-66.15473612479437,20.143212722247284,-40.336804652914736,71.32162987040451,0.7295787453433178,82.51238778868225,-58.18983852021713,-82.7122417284164,-86.04875093460257,-36.334545393272855,54.188317734319554,-1
-57.29772673786562,-83.41708372110377,-20.391365179180852,80.22624785723437,38.62643503872022,-60.39985315594918,64.18116574037484,81.72897422384068,12.699171529223534,-56.642510472852045,-23.40874223640847,-83.40360381490757,40.92613543450784,29.724950927378046,5.030559772131866,26.901603394664093,63.7300245899159,87.05800255553959,47.31908541288567,-87.080968032128,12.252061903873894,-39.01336416386929,98.97023304695708,42.23098406718546,-90.20393788363053,-18.550182815442582,38.1784202764768,-99.18406243229607,4.819257813341011,-74.35357264455551,90.10157770742472,-50.89533326704354,-66.64412371203488,71.98080971611475,41.286409585934905,-63.76247562060158,-57.144758504077764,85.06715624692725,-65.00664746745433,-6.617938509860252,61.786657948738565,85.15258617063651,68.346926676577,-86.05257702048452,-8.688657496371931,81.84606668690796,-11.464564907250647,-56.13417067610846,33.94183433662786,48.45985452636688,-1
92.58537504751595,-1.034809679890742,-9.875314978366205,30.295217585813987,81.98821067847376,2.9197447748582306,-26.942547944011025,-93.80226834986405,-60.34096349594407,83.44986416382704,9.082221817886477,41.454776257852586,-30.088185120622484,-27.807746712700563,51.9975493108015,49.560278242307874,-62.921738095218814,-47.119730462223956,22.07030757541834,-36.18709504886819,62.23802399664294,-20.051999614027622,48.16656925837748,-60.525175322281164,-10.095424863664377,4.30924243685287,-65.16260479188063,16.68957647722398,-97.60318109340493,11.392569585572005,25.448486097404242,84.74292039517988,-6.088172680224261,-93.05088035030246,-19.296526102650375,8.326050609991427,-33.1266679527247,-7.243918655968457,75.82935568654895,46.327698677007874,-81.13024067027037,12.395203955733592,-97.37915779470225,-36.130204861889666,55.07929100310972,27.85018028251416,17.07107450325877,-34.99978969148714,-68.48870027975002,15.635908544886973,-1
93.28347717328148,-12.570378990993063,56.344453197591946,-68.65913044081037,-16.008915170442876,-36.201245165385586,57.18818357274,39.03848896311797,90.50163115392508,-15.675987793009341,-70.46068731684092,-87.4209560287206,-86.32132959394316,83.87078702853282,18.23882882532834,-2.03937419640296,75.069884024889,50.61022065615987,94.19772079896217,-85.11914516702595,40.31890942140342,38.08334557842582,62.96674535345329,19.61308427548383,20.238725759699093,-28.06245864661588,85.57332671069287,30.459104931105827,-88.513660381222,-28.52217235414261,-31.673423190115585,-60.58441121606863,25.999274832332603,-50.138458970126635,42.314092577578975,-39.84883140228599,41.040827002712035,-49.528750310042554,-44.6147927631366,74.65819466187301,31.071715127826906,10.485677255139535,60.57742189477179,-17.05032936200827,-28.402291022428926,79.13298520879758,95.55787573461231,93.89315551229797,-89.67269008735784,-34.000312877618825,-1
11.929736697382822,52.43750223881642,93.15830602139351,61.6220693228687,21.25321270647433,-5.1621278146174205,-54.238199271602916,-97.38313025315797,-94.25457326921342,49.934071848381905,12.529154402544435,-95.84094133140826,63.44346356625928,27.607509154128195,-92.40786115069423,36.99184974396758,56.54207214228626,17.013648714188207,-68.25640449436861,42.56132406133531,-86.1473523831914,18.465570084969315,-2.1411997822792443,88.66213570913598,34.81305066671513,-12.845637498998343,-90.00894950320064,-25.02215942904205,59.89051452444875,52.952079238766345,38.235725318406026,-91.72174799067906,-31.101920002823675,1.6304167745256422,83.73857131629214,-38.99212177809703,-37.87531963879989,-53.79834990145418,-91.12749724446066,94.042180411851,-41.4990770308211,16.186546637173223,-59.86895811896036,47.857601136757836,55.00514465929345,4.7004109059389805,-24.051044214011853,-77.83837454948971,-59.95885369191241,54.06646568908323,1
3.5921055425157817,-26.64958471481198,-66.47714877067412,46.898480122210174,9.763066032642584,26.997417972488137,-75.2601882546867,-37.42419577083456,90.48893109850619,-57.52685354500253,96.57950493360241,-71.50792272889143,30.332669312323247,-30.29281751522059,59.141805114697405,14.372392322095735,97.82469691245558,-39.903577641676534,34.340685135840886,-66.77783265034324,22.053910236645507,-61.64368532005089,-40.248621446789755,-86.92774568480361,59.31361729300801,70.76413182566944,53.31926005431856,94.2052022294962,17.447969622878006,36.93440480885366,65.93627286889452,-78.87514525561288,-5.374676182799746,-78.52975640425355,82.84362527909369,-7.925991233039696,-75.0618504472572,-8.473478082392361,-4.761670162816813,-9.87595215128951,-82.85326717065797,91.25951240877879,70.87458946657674,49.98689860908371,-16.152970877319433,94.46089032807089,31.203656988458192,46.61992777617084,8.17460676768927,-49.41418054915352,1
-76.35627554178228,8.693973996272632,27.878177180600332,4.557146610283439,17.050030610291756,75.57380138210254,32.95985533787939,-95.12638146816737,-12.908550481899866,47.90272137163208,50.82174023008665,-38.88667576859544,98.10726790753276,88.79516658996644,9.053867738889792,-86.55110534341937,-36.32863079338669,-11.022455671656985,-3.876232438661603,-34.0997392857449,-22.633638654575833,67.04773731391771,-89.05160135770045,78.87057579592874,-21.77797680622369,81.50478820259909,98.18386425758695,-1.082972361853578,-94.46763018416024,-59.5000086107806,26.147138186148894,87.22833400281633,85.96583326956363,-42.76013849657605,-30.41539778964912,-35.637599673996505,34.1654807085724,-71.3469787489631,-3.29535356604336,-66.35548754198031,-14.596813130574546,-58.12474171162907,-19.274390466373532,71.687947984532,35.637716296510746,78.73580967114316,-39.22774481364344,67.44640663490554,-47.27572970200846,2.7693949018426025,-1
38.0645693801458,48.320603947441725,77.74715787732507,61.888808775726915,82.72654923570093,14.442118720934928,79.07632440694621,69.60186136063123,-16.015831643831675,-63.83991526652881,49.740198157653595,89.521080010937,69.20021413358128,-82.57825037904496,-71.03026462377188,-23.405404099737808,99.46847579748538,-1.8561159386035513,-0.25324899934847167,30.290425847447352,54.89268190312157,-73.37320022461233,95.9952153515577,-59.216440164454795,-70.21902064546997,-52.602369043492644,-98.41426447000505,17.373674870300164,-85.7839664776006,98.81931821521553,-83.7148068228471,36.58424385773529,-64.04629472631247,-97.57428897244958,91.23788630842736,-51.75001822687608,-83.36597802077598,10.156853534760074,48.75169391249733,34.64313138152667,85.50253392052062,26.716487876447317,62.81233135485073,83.08240086188954,72.57815052000319,-11.114387682826248,1.6547697592197181,-33.05412116253905,-19.651071382556793,-58.854185874780704,1
-35.277956170091755,30.05101421873232,51.06778590079443,95.07969552104518,16.888292828127177,-10.551858354298176,90.03647874633381,90.9209405560662,-89.20567270100075,87.71411300048803,-8.205333152367402,59.70186690044045,-90.22623986904985,38.39380418020565,-59.851950751271765,-60.85418998056458,-17.786031818505194,-9.333134193660243,18.666531542487675,-76.44976770341059,21.024489868437485,34.25980202321381,-0.9095944329244645,-68.67801661046431,-77.36283690023218,-23.983721079324894,40.22093860677455,-6.244635042993352,96.01422886551853,-84.26632742994371,-92.32690816105627,-49.72681227776006,-52.275155434788644,98.14890246826906,74.42829577084004,-53.393654908888166,34.450588195169075,93.36153471410611,-2.6972984985416844,38.23251877914967,50.33704424685769,-24.127268586972022,34.942013616564196,48.68939700886759,28.788062406697122,-16.34160829889413,-13.10358002813959,-66.33527551752152,63.986183016828846,-7.823774141719269,1
8.059306358061448,-84.9812708389372,92.62293187697597,-77.24765565782468,15.641333059603667,-59.15058273109533,40.893826765853845,17.062252790045846,75.77880318485731,-22.448978263214485,-47.66290419464614,-93.87512255211989,50.667933917465064,-69.56477727365156,-87.7884520148245,-84.99431240703237,93.22686727980559,-70.22393859392928,89.60766689811933,79.84421070354239,68.3561217906666,31.167734943117722,-59.34481732047665,33.60172978451078,-83.89426042234155,48.05321595419204,-70.54798978414998,4.0675150288274295,-65.34383174047862,61.70419435372034,99.57802501970701,81.8481966641964,86.86975795541812,-84.41592022384947,83.50293971556107,62.029806710053606,-92.43629390271239,70.13814382028892,88.32647119029957,-94.20643944202692,-1.399397684386642,-15.146977100899676,-3.6742743640012776,3.9422196069535147,-65.35390669384367,56.890946774416534,21.453483558782068,-62.15142366000981,93.6842147143721,-99.1957418586394,1
51.11022770860973,-80.10106622540707,2.380424253924801,-16.178982742658675,65.71028169300826,16.49122609391442,-20.545869631602145,47.41094926062894,-51.37157005673147,-93.31340512923431,5.766933980560225,-40.059043965025644,0.1247308202789128,37.204909821187016,-97.82397743623534,45.93095371556751,59.36738400076797,-31.11948813045342,43.829635568735284,-74.92376664697436,-70.54509088679784,76.64978441562027,-41.73393537876342,-89.18658286046413,-93.40357210501249,0.6887863489793347,32.2166935345077,-79.0066519182194,-47.43571016504331,90.12634075545566,-45.02017829779543,-1.5436674243734245,48.94535143583337,56.07621061649229,-45.822184861853785,20.003347252697083,31.983298830977986,25.887634486317808,-18.18270408302496,69.92151455961263,60.860876361210074,84.00213725816388,-46.81362935460398,-2.557286385295953,90.10625777855606,-28.899064136462343,20.205458214961936,-21.1711475443835,95.4538468752672,91.51613453217965,-1
-49.10373367634795,-66.17921991586971,51.32049965877093,91.70372163628525,52.26198309047584,-96.17958310062988,-34.80285983845009,-27.96559004572397,-21.41048725162669,19.159935484362947,-9.50610448632338,84.50977880419913,-51.490360612342535,40.72614523405477,-19.23384144997678,-47.46884216517484,65.10156346668137,-88.5816291903314,-65.76657569740306,-63.03031073442209,62.10640520579378,60.77023126907798,12.675837364817838,96.52522395285831,90.79540615426095,-40.52522996428534,36.08638119228215,99.90279623312986,-26.48893496757252,-28.813519952970168,-63.300554505483355,-46.920897647849856,-7.129176623401733,57.96955356233036,31.216513093557268,-18.86225895045463,-60.439453892085204,-37.28147878838086,78.54238254408102,89.26396571502784,-86.92044108875746,-1.4337138550638713,91.47639124787725,-79.35386305451355,79.25766329900719,-67.55258605061616,-52.29339538897415,-39.20617948022942,-55.128385469429176,-78.37838296354064,1
-23.356926810549666,-37.87980572093408,-25.50661043486535,15.261763977811313,26.65074430979783,70.76544156655126,10.352803707927862,-28.440695421162076,59.219813482417436,11.605407820406228,4.819274727767706,-58.110538227269906,-13.83857042092096,89.35854921969042,31.237427333459465,39.052844777461814,-45.57301732132104,-28.449597530761835,7.776663788618521,11.438379823525054,-31.35184268008871,-48.63938846523814,17.71720324502546,-25.728698844128445,-2.1930081049897012,17.237408775193643,-32.319678805599736,33.54794434590477,97.85276170632332,91.90576807922872,79.18092380111275,-28.63596416115675,90.07177482423413,71.53925120603557,38.92014937602454,-20.194226029537248,-50.95908282625521,18.06257705257248,13.70615169991791,-79.6103684107454,-23.67219836412366,-88.10768064328865,-47.8556250957294,-99.26385068070078,99.75375416804266,-96.4863753154985,61.07413614563268,-10.636924815741565,-69.85748372980407,-72.13447259674182,-1
79.47946366431725,71.53119764836546,30.176697024773915,75.4077258086609,-34.50259822537383,90.45509006931664,-13.119285576193235,50.80678182483206,-61.31633239230825,24.48904020074562,4.077090609567932,93.22814660845515,-22.283669382672315,18.879306166253812,-13.990170578880637,-35.57418852615142,-2.6386629427125143,82.31172185157405,96.56089354267277,58.46096613308663,-36.718373208542474,42.17211565135176,92.9289218504496,-99.70003777231844,-15.15381137651923,-36.451845243585666,61.64803498247443,57.54357368891175,11.90297330385377,-54.053957752876244,22.263861957634163,50.78482117569652,-79.10618300054264,63.514493589692705,-2.9713884546852682,40.14348240519473,96.49250010421599,10.651524468149958,-1.403443970443405,24.429993041917996,64.70741410220612,73.24353275716848,89.74061047726252,18.35849551399913,14.846500530340506,96.64497975930783,-41.29326595397198,-95.34315924185476,94.00771516762342,-26.2541823809066,1
79.02354814130729,74.94941469779494,74.16208495512359,17.68876552810464,11.628545688131055,-75.66562139922495,91.55991830999724,-61.05074274476141,-47.352572246089395,-37.08551489621037,9.294418542837349,-37.638982478007435,-64.30208585754087,-87.28752781504019,-36.90642628711576,-30.194019691011917,79.60411395135725,31.340177566069826,-7.51758493175268,69.77087667166211,-91.25613563372235,-92.34664716110208,-76.97894389015995,-48.07946134673862,-45.155141899541576,75.15256329098929,-39.57401010388069,55.772622489132715,43.58098853344836,33.11627231383079,-37.54527256953324,-3.487148056587614,-42.57519452195333,15.779310460261001,-43.03300060658803,-6.773172892232623,77.38519741451643,-52.97920699507321,17.656336643838458,51.142216141632815,38.43405369901359,5.150075797073143,-77.09346705225585,-75.6310897861635,92.83314224260545,-21.021090295663683,-88.87054903432579,-22.01863794058106,-13.096492887652886,-83.26460319182706,1
-87.27181814267153,33.70933902279708,-93.36516844884524,-98.04555371610375,16.55302268870888,99.8821175713274,82.57812309642222,28.687070787870255,15.598441297977544,87.42765057065483,-44.841218479638776,-90.78657331380671,-33.98783923127678,-62.064851793622424,-12.500839002990233,-96.52778671859303,41.57415024556809,-63.79577867616728,3.058047915766309,12.473457250668105,94.29890275354643,-4.3949548689676305,-51.62067196704703,-27.967402354879994,-13.518050825042977,-77.31504689738209,75.49524701550956,-60.66770840470499,-1.0348148421351056,-35.50525959836553,9.971861730551822,59.281711062731176,-25.236198517830303,-0.8019333367598165,19.47416045187964,13.963519993108847,-75.47558375142005,48.842185559338304,14.859869983933052,-74.83973598490074,-82.0931889530592,71.38613885031091,-64.20908270375989,-20.138345734968894,92.57907514847483,71.1985012082159,13.921456432529538,-8.241377282887782,-71.45184117224177,4.610372041840421,-1
-44.27138737699272,-69.06303036302776,-1.6773310319338606,28.53888330960993,73.86986876261636,-30.994075397654925,-58.12643265733375,89.00927960430124,-83.48537928973661,-78.34831384222711,11.972385076325693,-33.60993177614793,-97.64102532709518,-74.80133544814447,-62.48112127954186,-67.49170905170459,72.70344539236666,-54.225508795389786,58.132131670448985,-80.19232521147215,-49.40388275380687,41.62651427145897,-81.22713782644479,-65.18322892105064,32.16168305431077,3.2222780839986456,23.990333896996134,18.593579611736885,41.12022517006727,-34.473727445271635,-33.42778958665069,43.46603436787393,-63.547787416622434,-46.235646144605624,47.17446746109948,34.58727292000626,-99.76811523771659,-32.84096609258576,2.527561121018664,58.93081916935532,56.9978750042923,10.4102215213872,15.518552372498334,65.03013976730608,-3.0131332246638607,60.614725489642694,-3.2636530710436347,70.89952500665817,-89.39204280379582,76.55432666060543,1
-44.248025517089395,22.536868934921443,18.333764118700785,10.968438074321597,-85.40345705380983,90.79514281610855,72.53638253962893,21.694423404899112,-42.23919275593961,-77.4866335166812,50.52442065832392,4.867301227863848,3.8429193164037514,-65.11134325026305,-69.34795297144186,53.77098615193967,-56.96426403702248,-68.87613620324558,95.15809122610293,-92.56445461349057,23.545914433635147,51.27611255161116,-37.92981934396884,-59.652685536935394,-6.788400565417248,-66.74014669667696,45.6733071654715,-64.4788876649641,49.82878977459174,96.22580660765834,10.839562731969352,4.826720220235799,75.90716465596884,-16.115737313609273,-51.36056606946124,23.24744282648554,97.69749641392386,53.2719565894412,59.927897786368874,59.66815356424195,-22.070470102152996,80.9724951278098,64.73896641056695,10.774639513647813,99.86420125876901,-8.466494020591313,26.95602003900875,-96.01753518481256,83.8001756705286,65.61695464663791,-1
-36.745970054138645,-50.94413900512653,81.87206534499362,43.03439052191612,1.005417700458807,-39.64340565203006,56.72802225180595,-5.375443419548716,90.4896916486685,-32.4344741664583,39.42350369447706,0.18165329850090473,-0.5983137989768323,-59.23786321623445,79.07710537077239,-31.7137012948848,-55.668907884920046,-23.166466318870803,-91.47712209057748,-41.371046364164734,28.20113997578352,-29.591048961532636,94.09435561609345,-12.528395772545565,-20.99643939367988,85.83087071490766,58.12008002477975,-4.955372969083413,-30.853826296423108,65.96911670031542,-55.6782927732828,68.55223871022292,90.9132858853219,-7.192756305916873,10.991222096755095,-67.43595638997375,-81.83927056613831,52.58210106148326,79.0476066498052,6.052554060620224,78.64914273897284,-34.69262287475219,-29.11700310255516,79.77021818355809,7.573321468138687,-46.889164635826,-5.499813322852106,93.78409067456644,-60.22289916526526,-82.60564730984363,-1
-12.157879750056537,-38.91730029144973,-70.33965303845058,10.067299552388292,-1.7633599140793876,-69.03373636131064,41.43212417365419,25.107929446719496,-39.01336117947039,29.387561014362802,-68.54981530962556,-43.388353294543556,45.07658373062634,6.838600183271097,-93.89688931025952,19.15454153260947,-21.46810666464765,-47.419244126082496,13.506330499988024,-88.3932132374659,-6.231623512695776,2.062704387349129,-41.616067026781955,73.40711904095076,73.67686398834115,-30.139979392726346,-37.849797371629215,91.43582487268614,-73.5961536913797,57.97107662800357,2.831025005400889,-50.49772224705167,-81.25804199605867,53.01475577332101,14.112386594492605,-84.83741917974632,78.07154658975242,-58.36596278172592,54.957920895703666,23.68429303779014,83.04129470287208,28.50461597531998,77.66237688680658,-10.590488860895505,90.67068652744229,95.75592844321272,-64.92243400293776,-65.49790701770476,-7.5046658770693,-28.255474125985813,1
-56.25722221869216,-34.12929515000907,-62.61760704188482,84.76932483853918,95.88832839425902,-71.54855100583693,-35.71899996476826,75.7958368014252,29.149872062106283,-62.79365146366125,-43.89767498205717,-33.446501256557,82.74929997536663,92.11725806899142,13.450220975728854,87.58889999751409,21.283520198775932,49.09016670916756,-53.83937639448775,5.566670426556897,-11.942926866771145,-55.57139478714248,98.27540577957154,83.83408730391187,83.47664445841255,99.21073649525476,-63.21457052622321,66.180578535949,-96.02746870748217,40.15140829219396,80.23974461469808,97.29391356606078,21.949303073884124,81.83128128871681,-94.36623704672292,-90.38498507911122,-46.244666776573396,92.52574256176749,37.7582836782675,49.54118796059521,-17.542417338275172,9.46928409030238,72.3487280965341,9.612925256929003,-70.10023941072355,-95.6950860197311,-54.07892146358741,-28.96993986298935,44.04501151771049,-50.43188333796693,-1
76.97102353920087,0.8842079430425969,-77.99575140170467,-22.887423977935995,92.75814289281601,8.890643089356871,3.5477872988339385,-18.05091539999397,-55.86356236721382,-44.21624083106923,35.5757860763332,20.431907866622964,-69.54101036871461,11.387194689420397,-5.252018483195457,-65.9233509520782,-17.879053657769987,87.91520490773391,86.36105397533689,24.597583240597444,14.472796541989723,-77.12843968578113,-35.374508073243874,43.291550187756485,-64.01791645096009,-85.79865931530288,-8.085848942486578,64.78257430588928,-85.55803589789541,87.34390436966336,-24.361895243180044,-26.853127949909663,-45.748474804778326,-47.27367034985941,0.8917042202538141,-22.49721582960673,-92.77872176948496,6.76437517216128,-32.33714525586724,-67.73721378756306,-89.77175859759767,-76.38356519799456,-73.70754785951598,-62.49104758000803,-56.53110010382343,97.13893857211221,2.9509260460287834,-45.3367006022479,85.21671403721462,-10.206142322278168,-1
6.692218395264305,-13.971453580634744,50.10479613934979,-46.639243581549735,82.27890736145679,34.83188443992674,96.76205117234215,43.02463855387492,-55.38237718368355,33.21965515833935,-79.35791330994371,-35.33489146892481,82.438999823269,97.62844132303212,79.21227981111804,15.083192421074571,-6.762129813153422,11.964128838029183,54.92056583434609,43.64732511045304,-29.983296508325836,-93.60765065929854,-90.37909263915247,54.354362435665934,-34.42319611464322,96.63565333756335,5.458260235061019,19.14225445167139,21.685819627757525,54.1821619036246,19.418761691864844,37.20853131558641,5.069213701823202,-95.89556954605247,38.0631349616518,63.49112188506919,-61.18241238441926,65.87714151307114,-37.57053156280503,70.21555445697493,17.669522543422005,74.03371752586031,-10.572987645864316,71.42709623731315,-31.70988536918975,-58.50239650004894,63.525055333371114,92.90716854842003,-87.5547258654569,-83.14293560144978,-1
-43.933049489717504,39.13553264306779,-72.38326867959819,-82.38142985762266,-36.94975139471899,32.29441112099204,81.36652097141967,42.34075890907073,-76.7598745658942,35.20931698091573,-95.09120328322793,58.255582666646006,28.619626230438342,31.462371860408183,8.162269446390269,50.286734433254054,34.37511688548963,-31.630048343517743,58.14713776095644,-40.57512388885585,69.04537237066387,-36.7514294246426,94.69968027177157,44.51562934629075,-27.639873102988417,-5.957626281693962,96.89663227123026,87.04216040313528,83.44232992524755,-9.342590339526495,-81.35531310809658,-5.808918097589924,14.448300517077001,-30.968389022795748,96.44983372975767,-97.06457531859843,-36.40589759933754,23.632159182926557,-99.00889492295961,-68.7309630310055,53.509185269615244,10.884507565153442,55.12858966533264,22.441882542787965,78.08818379270429,14.929577439158038,-79.70730204888865,-96.60670094982424,-97.74777263204354,88.79771181415927,-1
13.146392799158207,75.18660443724099,54.29697496338514,92.91603716033057,14.966005371138124,74.54609681206992,-64.3433543568024,-93.43713667527271,12.764829254871785,68.69598967243385,25.755069204277035,-80.7354703019813,68.0236500977608,33.872484047120764,-71.01645886124615,-39.99415619660907,-31.02248817361506,37.389469702358895,-12.320946133505075,43.77964873613729,-20.00787125077177,-13.204840515839393,-29.110994903466363,-65.39643307533987,78.62112126110864,68.55275377016261,-15.609505900661532,-42.98050199078776,20.136564328573158,30.061784227631534,14.036325355248636,68.56213620977917,-45.91510339219003,87.5026707349285,-69.39870203003211,27.108620929627875,-23.64599408087294,91.92369595509001,73.18310502156581,-70.23183748389859,-86.12250201306351,-87.80783113672565,-54.279674156694256,65.6128963687377,-3.3226373422165807,93.26541702218645,41.442221299622815,-53.37129366797051,-99.61619316446597,90.9979193657309,1
38.00937768188993,-40.81473020394233,84.1070462479255,70.16253329402446,18.429119997772773,-31.86766169240923,-67.22833654625606,-76.94440174364858,-79.18709828225053,-12.373703039722699,42.00346205224926,57.91505916389889,-56.721863616920466,-59.91402381215214,37.121636615124686,-77.98801752441025,83.58834665537,69.40318237390727,42.896614752432725,13.02410395250304,61.65366173809349,51.386219859092364,-3.184467493640099,55.81391203481502,8.291061486628308,63.63154522926277,-68.07124269845994,65.75455501179576,91.58792471094358,71.06161557809392,27.062895258706405,-43.63204708615689,-88.79490539175652,24.22987158660294,62.19097245240039,40.083218486682796,32.60922173230739,43.70237605477672,27.753030615146372,-5.78511406335322,92.1144402623369,2.766484292241117,-0.6445621015398046,18.121808952664153,-98.28798633155584,6.118023500828926,-77.1970199499065,-25.658995053548523,16.054910989628453,5.749855957642879,1
-99.01200381311807,89.51302526480859,-79.9577301898951,-46.11230185038166,-40.132708562126936,-24.15022187178353,61.02947462088321,36.2775141226287,78.83203656453173,48.46787838267721,32.60496474705542,60.759579145374886,-14.412482927156958,-95.22200966111636,-44.90819294415067,-53.1152273664423,17.237412919265566,32.00199270496731,-60.937973453190764,91.97507031217458,-83.62625239511125,-59.365713683088316,2.4866983374768097,41.24894623987399,-82.72097449307233,-8.187082468037104,93.38244118480094,-22.768903804562427,-65.06063054956766,-10.998190986523596,15.261557875250915,85.96482922689651,92.53090362927122,85.57822570308397,-84.62626878854013,-27.94242615680676,9.613366474863568,-29.962733738172147,-73.5927216207487,-1.2705548591880103,-85.23620337365438,71.3509865646138,-29.56812848839796,-91.59504105507186,44.86055868586783,-29.706296507529956,-88.97919742535301,94.09567005725668,-94.53291315024892,-93.7225968320843,1
49.721741716366466,9.995797276772848,-79.24361436466563,80.59534472349134,77.15647158392568,13.185528909066122,92.95723059000741,7.829779345469873,-64.68632021618821,67.83976571133806,-71.86808850380848,18.164230669226527,12.322888246627443,-92.1434514158949,72.49694377795385,73.93330589387946,-61.33258682511642,-24.79501198250567,41.48136512252344,-1.846101130787531,67.20177046073275,-59.75335712154974,-52.237897450494295,-57.1593911572879,45.90380450961348,-87.45150815350351,81.46604770065937,28.726357421417305,6.2861004301421985,-34.3617504022842,64.07906819637446,-8.440785534979938,25.37358043507237,-10.445009109132641,51.80634797126751,27.549671547705685,79.9593582339134,87.3482718211061,0.045749771354536506,64.05190911239444,-43.26635302422381,90.19679627804328,38.63231161862538,-0.9512651583130776,-45.1462239780106,-68.1906117804098,-32.62521372478038,-97.87495846329189,-50.643669567504276,96.55045861042905,-1
-36.39930500562723,-88.75514102980554,78.13333517838143,2.7044153824967054,92.61282255260406,86.96651485438178,49.85429713514637,29.48457979172656,-16.951906244254715,-52.545338568369985,34.7528399126013,-58.40131308233589,-31.493143067424384,85.27290272192045,-99.58981761892633,18.026684590790936,25.618225045936043,32.66119769999091,50.504176758729926,52.27730313280324,-67.2962890409408,-37.621578420032954,89.55332265186655,58.70600223014037,94.69218228409844,-13.982129862765518,35.53646993348286,50.83435395907813,-99.99268296412997,-78.60271229559268,-30.360901895378944,-9.827951811206816,68.88051487092298,-47.62209469140932,-93.7701032945744,87.42919519627839,-97.06938299792415,-68.03641033660082,-80.63109244911158,-31.201553311260838,-23.072772481770315,-71.11653740824562,-48.81919964970911,-8.269746763521042,-82.75962116172053,37.28882793626741,3.7007044487616554,-2.1360323297416244,66.36690786981615,91.03339811349312,-1
-45.38583800543752,-87.86338620986353,-22.568921189203365,39.34272007060565,93.99040956343731,18.312972520848888,-79.6361165026438,6.524526633485067,-63.59529577664571,-85.79562461099097,25.06480496891399,79.1559094514258,-63.65586131189549,0.8767932749946823,-18.526304447710174,43.27037466941994,32.68820238457215,-89.15485021846797,85.19027059633333,30.739390974753007,-82.42758627765154,88.03168954878083,-5.8837565262055875,-28.739146050123708,99.66153378485609,5.551250304585338,52.362859726241396,12.131427727037675,-67.02145463698943,-76.81828462306497,93.95500216746717,-23.954214458996276,71.92178526894483,8.479689518086957,-93.4414007452411,-28.941709297645076,69.82362800370404,0.47928605029045457,81.51463298060645,-9.388564756137313,4.945699210131792,-13.23275581705272,43.429355612445875,61.201826419320184,-7.589395198456629,-56.95890444841947,-60.52012860169369,-3.972080802104827,-6.923234322068055,48.749156667252805,-1
-96.1742067125426,79.55916127840518,79.4408261863583,70.52448749522338,-55.9260618867017,-39.495235802062446,-97.98731952396534,41.33668155173447,-32.405406715745826,-41.19718267597965,-10.613349458659812,18.44734219154705,-36.85428070597021,-8.324570718451383,13.157186442733646,96.64153850364394,-29.703715067914757,41.46551549263137,41.019621657329225,63.903081613247764,13.767108110088301,-89.78382853442686,57.56185128298287,38.52649852544113,-65.97580497796798,36.258042804204905,-81.05063727231878,40.85375516137225,-11.932424141335687,94.36355164912197,55.16910421163544,-0.8888107497497373,81.99206439223485,42.76798754853516,83.4853538968157,45.312965306488934,-37.137221390164086,-23.183157443144026,-33.0774861423363,-74.43186286945509,57.357437187736394,-65.44191965273325,-56.06265722278438,-32.386425601647815,8.635030767544635,-13.855597356773814,-85.51220662350154,-57.7269471300458,42.371642870648145,-89.04517011646738,1
-83.56566650471453,-4.570724802190142,-51.8929826968106,16.982300054363563,21.58082485942954,61.24546482551142,60.24028198539014,-11.626575239670586,-81.75449572075435,8.380576054055183,71.83116886995123,-94.59206204970074,65.89140787117913,37.52912351992214,30.531167692431552,77.272164106731,-10.023035414860843,49.92799093113979,56.599532144409835,-35.08561642190591,82.31408645134567,40.887310107959706,36.575021792415924,81.70562904677746,-4.995185955097654,74.46088622284802,70.26606440885615,20.498545567547865,69.1245836656048,-22.626071296481925,17.69759373655863,39.81303649524639,96.18947982310993,-76.4459217480568,17.484575547678304,-48.15302420914227,27.74898620019168,-80.64766475777341,44.596340498465366,-58.05986130592464,36.437489106940404,-2.1239200628349266,-11.212054357969109,-91.3915825872821,-12.882592053083528,89.49345844838018,-79.6271814482895,-33.01749049506759,30.218800966954262,-50.42626044202423,-1
22.29084708692956,83.16286963814878,-73.8603492503374,62.2032220525312,-36.96013066913017,32.48754934726722,-84.28104617680094,54.43779109971888,-25.40242242580146,22.426891581652256,-99.85113702218378,-15.73397724023522,8.963923241424297,-6.568526057224929,-0.9268239216865481,55.99195106427152,-64.72120833103679,69.40969749819652,82.13965732028504,5.693852444348153,93.36948346706765,-56.098281956356864,-59.39693255326755,-20.390417454795326,52.27019788545715,-88.21167999822283,93.77563093646572,54.50071401983564,84.64344870822552,3.0815191120749432,-58.93722989871133,-73.35417188662363,-51.49742834349959,4.984444063539996,-68.5662789473565,-35.336103859909045,14.028192074816445,5.0484831919493445,15.87102345532449,-48.83414896826217,-57.325958005127745,-52.24047506551539,-82.57504240620494,-25.701772707225956,67.4302443558752,-72.89589958405227,-11.76877524060582,63.56336243212465,43.990201463462455,51.93088310364598,1
-67.32664832031597,58.270544730466895,92.4150756074446,54.74634738755853,-95.11597947121373,-80.56805130856199,70.24743320436929,68.44822781514029,52.54588525478485,-58.439653369343134,42.08333702941289,-9.742117623828534,-6.572332448107858,71.25992334645471,-80.76975400592055,-73.51815561630575,-32.99355220178093,-83.08160712661834,-93.26611660023798,-97.09227717143388,-26.051367972429745,-2.498609117992089,2.065833922738406,78.55085921010533,3.8244008454964273,19.31297866344319,-2.1361284098713895,-22.10197771140085,-76.28225080833151,-55.61368086278311,76.40884163970671,56.97814086922082,53.13032523161064,54.44811666560159,56.197404616879965,16.860648428648233,-60.03043261049989,30.61623564451702,-80.67720037543626,-80.64770843572582,48.38365151845781,85.55629227627949,-31.298913691996887,69.48463848953574,12.346139005279923,-43.19512143878854,-14.36135649915235,-62.77548584217767,78.33756396270633,-91.82440186435451,1
-29.85763690965797,-1.4034579083821939,-30.72729937830114,52.362619375172756,10.192444283744834,-56.09379603687612,98.51239173309082,45.92537130200586,34.85373792286333,48.150479405714606,73.18162793607527,-13.298888369274437,-42.857164233099134,-19.12246761729932,-56.690962084316524,73.11132138556721,-81.00000896860224,-64.42773407230035,88.67689665944738,-44.174783170433244,-66.50639247762146,37.13007914031675,-41.93650494680576,-16.138359224478748,24.82270520114824,6.668371499483115,57.55788978400602,-77.66965823239629,10.990421632660414,55.56734640244562,-19.624742753503284,36.22646788343175,58.6795164307934,78.59190739068708,-10.871261285854402,-81.55891230329975,68.07271426836888,1.60940159643566,-10.987223462029078,61.809136757935846,-46.87410563169661,-40.72643171628538,64.57291854057081,37.702009233224715,-21.667308839597823,-26.154631674677617,7.108057991712542,74.60522752256378,-28.127842348008556,93.47146203470595,-1
69.4121653967799,-14.821368992663636,42.376417045857835,-51.41806563567004,-81.02216495214978,-79.43251700612902,-80.18442709596997,-95.29325708430154,21.79596403514141,-37.0735385866223,-31.366669652699358,67.61078966571966,36.725242638104106,87.7182559942247,84.83867426002303,-17.76631631269548,41.74904870863324,-22.47955745233756,-29.635601318379727,-30.76562537779644,0.6811866665509712,-51.61464800407556,-69.39537804254216,-44.31124438136831,45.44094721052605,-49.661754720056514,76.82946726748142,34.58459001887141,16.411426418396616,43.833392988548695,-31.44432476860193,2.309487558139466,6.529275876523414,-5.890895010793386,-14.272521870157846,22.312437896183695,-40.41612899572795,-7.6120799084393695,-25.26080316512376,95.19115873411184,-68.28927762509838,2.750242868081216,88.23541311390625,-14.456243025013165,-1.3768761186760088,22.72569013856196,-81.58626871961239,87.47247280200142,-57.42840793054278,62.395427324997485,1
73.72463359112217,83.95851435588725,-53.806730356793686,0.20411440312501838,67.04938977710032,-43.96518627767527,-30.64715889169092,-29.64560888973506,69.60605130229041,-47.37018328914626,-7.154001475160783,78.66082612709732,-32.61298854034361,24.125144595610124,21.783604522607035,89.0661383071336,58.22643246304483,83.66344446417409,88.12501729294846,56.28187742078228,-39.29546312056866,-49.38448879657962,-75.68263991754445,-84.04687818662764,-44.033929419019934,77.24651611407484,-95.77850749633059,26.09064706934832,71.78204883254193,-92.04978272023175,-33.59037009747318,75.07142027944113,-44.8603359433021,74.60309095662646,32.279821748540485,-93.38735353307972,48.952856562493,-70.05146153522222,73.18373375380045,-63.947861629708555,16.919650941384432,-41.6061999212149,-20.65687896255865,-39.75738043056953,-39.595885825279574,27.741367957802936,-57.94665754850248,-35.14594139797063,14.664227684025349,47.68729511710882,1
-50.24164225216459,-95.20491052469366,-95.54992961473381,-47.89099717805243,99.89010459839272,-49.644813554566,-83.29084255675907,-87.4128091195117,-37.381985457944424,-29.04289745630686,-67.56239882020657,35.657591864347154,5.5552702700974805,-15.118923258732565,-57.03392530050746,99.1563226266901,24.882892211588853,45.61467452204235,-65.03741719213426,-35.759383806239,-64.85652558476627,-42.81221370497694,85.40648275978472,-60.28763243178516,-85.50548093921641,-38.29257794317604,17.1566352122357,-87.27548600291044,56.73125750394925,10.109926023689937,93.33693438966904,3.818492361222951,51.81753237390623,-96.43676088701842,18.68002285065029,-18.776390770616345,7.602692205647642,18.962243837836112,-64.72144452744678,43.17583550004704,42.69057866387459,58.63324466573292,-79.7039467922301,-4.167145580942005,-89.38485532387648,-10.720765499911167,-48.86561738199185,53.1119418016996,-33.03049472421877,-53.8025219599872,-1
-26.258565827040954,-70.50939814676408,-64.03111063289175,-52.25231092748002,-5.56327867310651,-85.62093189709861,-1.6754538776702788,-83.41960717518796,44.40375498563341,74.49730305167853,7.702335985588448,91.58484004815907,54.8728904657481,-85.21529910210204,-57.95847262937988,-24.373503953948898,-78.67360673002713,20.50875162489929,-78.20597475474005,67.11097657088581,45.25617116318648,27.05020482426694,84.36646250084544,-9.998465656546003,-75.60010776305266,-12.554081028397277,-1.7265091169159206,89.12668680218695,-16.70987372049342,-47.58555302092893,55.265817440932295,-62.50535047572618,-9.022895121761493,-39.83241751414561,86.76064130719152,-74.99135785294135,48.457884932664854,13.22238210545595,52.985553593304786,-67.16511659642417,12.013858071027727,66.38678279043711,-75.74312581108231,-65.69360913484374,-21.94556932108887,-73.93718591439296,-92.52643217184968,-0.27684482530885646,-22.06730139196604,22.276057360112617,1
7.997075943171097,5.401524916306741,10.902511138193006,-43.56427087015338,45.11303946617355,56.39351261413174,-63.72644794583802,21.07101029616591,99.45950214749291,97.86395869493902,82.48861483137475,-89.6339382380861,2.9524697623813694,74.01432853705134,-88.14443621182524,-90.72208326728197,25.459558479902682,-6.011855993698603,-19.605202614416555,60.009134528976375,-17.140501862184124,-61.90105892996098,-76.88806798241193,-26.198063863598435,19.498277396599903,-90.97091601526289,0.3697244549143903,-13.104271807456016,-28.225548221851284,96.83729134009849,-53.19525491573731,39.74471282728612,12.296419965075756,-28.501191525448718,-98.15348203569046,89.47129644653563,89.60139565544588,41.520088025730985,-10.833491921355403,-50.37347563756791,-92.26684156622159,59.073705891156465,29.702004656175916,86.98685491398399,-30.372590233489547,-15.234523735690146,31.032438871604995,-47.162268848339316,76.66718121391557,41.50112844021979,-1
-73.45684919138793,-22.113063984465356,-36.41213405863544,-60.84323862791903,-37.92732482318413,-40.737572310591204,72.67142592138842,76.53745019648727,51.96956658745927,-56.68686588811873,-49.95712098572882,-32.869435687191626,-25.16834482236061,-78.3256963841187,-53.21649007676712,11.377759271382871,5.203970830836084,70.44583392633353,28.357874495911318,75.35681381095017,55.64833401596346,93.54569730272019,56.53921832801373,-71.68530687722327,-87.98307207217383,69.49628116689672,-33.87909602583696,-20.171697437375926,27.23046165132837,-25.7625466190226,-89.74842367446084,-96.6619000588669,48.940300435344284,-30.58807387399463,38.346277079431104,-69.3434206372508,-74.45981914671205,16.592271842812025,-18.924828972800967,-81.07978597143878,60.91589574502973,-12.68423908129543,-80.97071475517097,-2.69666803129644,-51.53049451738529,-66.06116847087364,-91.63838567430528,78.7380035559676,36.349979963396976,85.15188133412178,1
67.28843849397396,88.9894841643009,35.61450246438335,-10.251849830498756,98.03456108368636,76.73998491950721,-46.306514945074184,-3.3570956254192623,-22.649159916714012,60.843288167017505,-44.40021730780062,-22.350846065191064,-60.01883093127858,-71.68507211333727,66.35627667171457,87.63473574383104,-96.843557214118,45.8405066525483,-82.74146884878368,-95.61027199587559,51.974151765263,12.04547354037446,-26.441032533211086,-26.372810762949356,3.787721733800879,21.322684134428087,47.15763099005315,-35.89688940676493,49.918209846958774,-99.06989298059472,44.30853740105448,56.815479035520696,88.40849341872436,48.76206541999781,96.7489864839917,-67.73033012142866,-12.163959332092759,-33.63087857868037,-59.76814454335724,-35.14753700879274,99.31653550669711,1.4340501488388782,12.54663753896341,-50.61492268980645,-64.57974230365085,67.00357615631478,-7.372908872163535,26.081686658916794,-97.45141393613017,33.836176616313224,1
-19.459255801087963,-14.13544685916095,-81.15552425049853,65.79180344213466,-30.506071700475673,-88.04013161478024,-89.1594672991215,-13.476921756084366,24.213874410517093,-48.692567713791554,-46.76800230104601,77.38571089116707,21.708320918845203,-53.73061864325397,-78.28710883107021,49.15407431455989,2.1199070592617772,73.67382073266947,-65.37804169609288,49.24438315142734,89.79034315335224,-52.8562108405299,-71.79831504513557,76.45392430577675,-7.136030249242097,78.37379420189009,-25.96346906742808,71.38919166701359,-62.66250498347614,78.78421375112833,-80.31394139076093,72.90054998674631,48.28536787425787,-59.250792602140365,-81.76718611490455,-53.77714384358294,-43.923997813179014,-77.3402484863793,-57.74291993762879,4.476702485749456,67.21623605935264,28.593822227455178,56.706567541787365,-38.22123009026721,-93.67010053026486,29.33438394928524,2.909161363775567,30.31217194774382,27.113144289599873,-79.19481946850328,1
76.19460112793149,-6.269672600722956,-46.89287887724758,1.6694192027272976,84.59622654682954,32.26643213993418,-72.20082317270524,40.85868973854534,73.8258868591158,-74.24613682001055,24.6316098310662,38.01013930471822,-33.223636299839995,-53.40583360333089,71.2622554972445,86.0834177059823,-22.63397941567169,71.71211225231843,-63.64370336105429,-10.757176575741482,-69.86121860464078,81.01060058888447,35.47262900967155,30.59519954857194,-31.244154580928196,86.66960969935101,-25.159524652445484,-43.35691491583846,-39.806901916403234,95.04651444368537,-68.69700308799756,59.0149580038119,-18.05770710019057,9.336933762809167,22.53002923363789,-51.52058240870796,-92.60541889502917,-67.20292428381312,98.48168252625845,-0.2725909996547813,-73.2767567332377,-59.83336577677978,33.27718898077322,-95.13344958280001,32.80361340865534,69.94278696180635,-31.81293130796105,-83.58690752138284,-71.30308663011284,0.8049636148327153,-1
74.01977478018597,62.92501120518344,-18.735393630884147,13.390095127762038,91.33510741589814,-50.2900884104408,5.510679229166854,-8.96652293777997,96.90572268254166,30.139597256092486,54.773163987039936,13.4856278811545,-7.762219884606637,-22.196191841073926,7.953885512297859,-35.832784694230185,36.914520902397555,-70.05288788006831,47.04260327351443,-57.58481232297572,8.726852495979486,47.58806245628989,-33.315749096455335,16.458265713144343,-17.018856440211522,-35.5926888682081,66.56787441482112,6.717466904485761,-23.848048685060746,39.12652619648432,-54.18593862342396,-77.10293438417821,18.52544633868378,94.92664034348795,47.5053236906968,50.35828523756976,-30.155792782523008,-47.502229648949125,-64.98732453432723,12.763700823785882,-30.86039470730273,35.9771356775957,9.877807893126729,53.701572118312725,6.703108016928468,-1.6945147183863014,-85.7708594818776,21.178311648164197,-64.95527948964329,47.45672503369798,1
-54.2249075033002,-9.980946281828125,-32.990165812303516,-26.07914047724708,-73.31870374435734,-79.34446294378324,-25.03787371669989,56.61233271495601,76.48704804956236,82.1573587713197,14.333541887547298,34.654913110774544,-13.14607309033326,-8.458521072988702,-75.65780448048092,32.24457314221448,67.01032002510402,40.30868395037302,-95.0274732768539,-77.38879322587164,19.486644146472216,-60.81682014487444,80.83518585826116,-7.442526188940107,2.720885605392226,25.902433196572773,11.334313982169533,92.57594596742706,-9.643989021059738,26.509210348516902,-23.427608907117772,-77.79330962649176,42.26752783272104,-15.057482555701114,-29.046840207673313,-67.06032609164814,-55.53079153444591,-47.36603235164494,8.09888003213868,-75.72277695720697,14.701245882199814,-79.73375916979802,2.523050351627475,1.6498683240095886,-23.84357564909388,-38.7879331799089,-61.771212982028565,52.689712938835015,57.98033749329932,30.446986494529,1
88.54486381882245,-82.48508740275236,-48.271952672535676,31.61851218793356,47.746221092480596,56.04667343036019,48.1215611087714,60.45266657662168,-2.222930859094973,74.39481275959429,49.940215914672194,-65.59170046119145,24.839036364711475,-44.4454255585653,42.12997171077731,-24.81631062125713,-7.666398995186711,95.02230259672422,30.84155235725646,32.94613598662323,67.77767704639157,-64.3994000372585,-99.9127971385601,-59.059949921867606,57.48820919055183,-51.20301808646415,75.08312868985647,4.970952173483084,-80.36819556246309,72.98498362463965,-92.97936060760841,13.133462858840474,-89.34253318905354,-53.66708106649853,16.75313710546189,36.89440124273824,38.72734579997413,41.138896479853,-53.831943663598516,-68.72327857909195,80.42604387551404,94.03983558847682,-89.90853593325386,-52.912745337713396,60.833144296357005,-78.8411384706216,15.832696734402887,-90.91244596725134,68.49398743966438,-34.30589130595416,-1
7.1655368946162525,38.575685539330436,-2.88675954331417,46.655659173530324,73.59595448794951,40.983963260354756,-43.440543413889344,-67.77016114232737,-48.464578016534546,81.5687543936794,-86.87608432268459,-40.27608868890067,84.62114237775461,-89.95254263876839,43.90706920523141,-64.39987584546552,46.4739475245992,-58.6099259403799,-19.00603080101955,1.6369026552549997,-63.03431675487341,16.673576632095745,61.524766709324666,63.186075089574814,-95.09842969017296,76.46005134318096,-0.8604722495477972,41.79523519520569,66.55739874231438,-62.528673351159924,-32.53335464050346,-48.74542012461425,-76.57862309570962,2.658146754269069,98.07380267363811,72.79042137346605,4.359995123386142,93.7236099647696,-64.16709585034005,42.71118776525316,-59.15918130263624,-38.76554452487782,25.64249243690773,-50.48184992654154,-61.20739629980976,-32.60115901695116,83.89863355600019,-2.3489229817053,-21.49145647608988,64.61073998958076,1
91.12989345329788,71.79727820642336,-55.165544650619644,98.14478211075556,-44.60204364302292,36.19990283201045,51.51834016798725,-3.9928084985432406,33.747256827046044,25.6426099704034,-93.7324447186014,58.78383737951839,36.88094928409461,14.291624207929658,22.717244817003007,24.050634396825316,-31.496021614269765,-54.23893401555837,88.64297171725721,71.90027138461718,50.39642851872884,-55.50612578535774,-46.97430009538777,32.86165991427646,-30.180138874343783,-75.4417265413604,-94.03522142081518,1.268654515682499,-95.33522413471573,-37.22940139239681,33.520930216402206,47.14128172390855,93.36832991043369,10.153932290978801,40.14114655607909,-54.21045864528116,-97.17276197685516,62.76539628104604,-78.77194110539192,-65.7720679384551,7.548774242317307,72.4037764594772,94.61728940483846,-95.64709110921102,95.94620644800182,-62.493822755048,68.95745495080243,-17.564428099583765,-24.719554057712074,-51.695085652396536,-1
18.06953809175458,-61.43207821155088,60.62483323580773,-81.72571188771704,36.42519110130681,28.6347590678684,52.138938617248044,-0.10552593724409576,-57.65651079192209,-22.811822569065086,95.72162571985379,-32.58734627140285,-47.456162542429595,77.64517312256194,-77.4214398069433,19.089400762154952,-27.004910692723413,22.07737602296558,3.66379621380608,28.10380130460439,-60.83576419714753,77.29121980915016,-95.93478750490172,22.831913981335575,96.53168316899391,-71.33994109768071,83.32765776644678,-4.664133589668154,29.148343530941872,-23.85798644153809,-55.53442397358766,-94.01216619035284,53.14331342928719,-78.13233772503494,27.68149984729655,68.04650217130708,69.98011349861576,-63.27679643320878,89.78135349409345,-45.912630634979564,-28.44454865432884,87.18699968654843,-32.42469909110572,58.662728326523165,-10.237220855556188,64.95636292712655,18.84747700269041,-92.60218834600803,-44.155586394031744,-45.440344792426465,-1
26.478264865677488,-64.04043730098492,-38.31578223426399,62.02532700239183,80.11558611263291,-15.371295730704432,-82.42767642020618,14.553665544291178,3.7811083922924382,3.177956532074404,-74.50589217070795,-31.412647398669492,37.11806655747944,39.752525501738916,-72.62305659384359,-40.144983914846755,-63.64271620064383,-88.78456370888534,18.66331120736821,21.767405392908927,49.985955005213725,-60.12347726516929,-47.754564517578224,0.40089748235283196,-24.431903112756203,-8.445585250960661,86.46725618370598,-22.97782399299895,31.227423874077374,77.90241366666123,-1.0892926256782545,-83.27582449047976,25.027025455096293,-36.03305691180003,-67.96105121835951,74.87478322241967,-9.837794946776725,80.66530800961667,-1.7745426548770382,30.3356279131051,76.11015931771453,57.33825441697019,-85.24661768027354,58.64399991820838,-7.3596018541486785,-70.34859493148993,-27.876349748518763,20.748573754414252,-41.03557727615612,-40.76470746032867,1
84.52075141879158,-80.05380553122352,-17.03040603803538,-90.9483372258897,67.59243496721697,-93.40318790907949,38.54302853885966,-8.770589800320067,14.320918857453748,-10.362324815529348,-63.69310658427858,-6.665213222421613,-22.102105383025503,65.32535704244239,-98.93886724170842,17.101623543442827,1.513287995430261,-27.975390984827982,-52.92441807375099,-18.67313081297364,28.780254224920867,96.82121661385003,-32.589645731438026,48.45728721083722,-74.00613793983692,45.469822057762684,-44.45928652627138,81.14392451144954,58.539823189940364,-92.05718730631752,-3.840242922539744,-17.609505092978935,72.89758950066911,64.88695371076784,-57.94060878268357,-46.22842953487982,-51.695638271028166,1.0036801982903825,-57.91023987496571,-12.590080247764718,-46.37009578348332,7.30127110409795,91.11952638784621,-26.96414299667991,56.86475154378664,-47.41818391509993,-87.26224030679019,-99.00657520346552,81.07055744403357,-50.941740433611194,-1
-9.202017760060201,74.71506115194683,88.83487270113238,43.83287635577787,-0.9396692620779987,29.428535866021832,-40.926509280557234,-62.00285976279096,-80.03288807463554,76.21570648624353,-62.40877826868727,-54.67108959964475,-89.2881503308677,98.39727200394546,62.59702220052665,-46.55340629719318,91.03286004122626,94.93037064719005,-93.90222955054637,74.33443652269767,-5.751907270887017,93.15239585255947,78.94750652572625,24.11413012102794,-74.95469217008718,-22.284032736002374,-44.481239168838684,-48.02819193699763,34.65641696605286,-40.90408983511984,46.36212998322998,22.01558859908326,-29.319222225498095,-41.95084098488808,-57.91840991005679,36.01373938676471,-86.3140569911503,58.80684292627177,-89.979612537459,-61.93225230731194,-46.80623522519356,-12.000467432623623,10.220151513182827,-91.7318437768037,76.05207950438006,59.314445936489136,-33.98912719451623,-47.2091238939939,-12.180285401228502,-39.70471811474325,-1
-8.868649442857418,-68.72757167102499,-50.70441808465276,-0.2827425217575694,94.57426496438111,-9.54744749527832,-67.48188884375085,77.62226154476218,-52.83724164943977,88.22792369012419,-67.46129131412883,-82.89129716117209,90.26727903604697,-61.50664032876796,95.81305786868833,-87.3752768112749,68.02440026828756,-28.95187996831818,-92.7998776023987,-11.384955602174117,28.120311529535627,-36.777528633910414,-84.07261593158108,-46.503722853809506,-81.4265082638004,-2.8409879672229437,-28.183752551892937,-94.05782547586314,-55.99603722452764,27.684180008124287,-89.76020998573419,-82.20547840922916,-71.78391338117167,93.42635114727105,-22.336485986933425,12.184469887671483,46.565042623895124,91.68525666749102,-95.22248923446553,-63.515871991015224,69.85061968641253,-19.745595858477657,-82.9692284883712,-76.06276871552957,10.607311310671165,-72.63758393043416,9.27634235082158,56.0523517013101,-29.911227922590996,26.724059019225635,1
-5.312868124995717,-33.41758075371935,49.34935450251885,-63.09760088025769,-87.84925408239599,-8.141509293161377,-92.2193064473805,-81.0364449675884,63.347683817038245,-1.0965912561259188,-97.12510997275818,76.22037501926337,-33.49739487790701,65.70092393531743,91.9968790060035,-70.94604752318892,67.36699596338806,81.43448802359202,-81.94136575377269,5.394329912779682,57.87011483225146,-78.21653902587151,63.830535695901176,7.945181195451198,82.37701875665923,-88.94141243666735,-74.58927180028732,54.94458267455511,-57.475850762267356,17.13934969850277,-12.09089275459425,21.189071029229353,-35.28634081233717,-6.687842342860463,57.02274269674038,50.347429165983925,49.012253487153515,79.21673113023792,-3.280823515645352,-8.264681897926351,89.27941700854498,83.18947836334564,-38.58875940334452,-30.884162700815025,72.02421255975258,-70.91191185980912,-34.40641386986398,-30.82099261484632,83.54201357239052,-85.34441782724873,1
41.67259534300695,15.954288352495922,-95.53965902027129,95.16637795654142,40.60572330758919,94.7361908796413,31.715273632628993,59.6856531268121,20.136755852576186,8.563865666816795,12.614356181882641,-89.99932052340678,-69.12640425232482,-59.3220976138354,60.945434304332025,-2.5123855493427385,93.89922740298275,47.90096663151965,74.17761167665236,29.58494834513988,15.01153279203686,32.16121606418173,78.14777477731838,-28.91430823493475,-43.543502530626576,-88.28277351306903,-61.791408092458866,-41.25523422127622,11.562257569726981,-9.847097326468116,38.19948989243983,49.5173518367547,53.24118859693252,39.88955414816368,-74.39563497157485,-87.83208566360176,-44.669876252733175,39.96130633531635,48.79655762387577,57.79044081838006,46.58245747155942,-0.7822686609669063,29.34964604930414,98.43443500710433,-29.367374465153958,-62.73370601892636,9.65226216767978,70.7520857989025,95.66905010381751,27.860792779399034,-1
-41.18650756464444,84.49977926050062,54.09787170025925,26.01044042992568,47.774845409274604,-8.66685725133209,-57.71021211888736,-72.43086740733733,11.397479096327885,41.07273415722457,54.11802868521758,50.840305721580194,-78.96817642595614,-20.45994385965237,-61.33822372806348,46.625138512048636,-40.107721992896515,35.93105888187779,85.52885683929506,-71.60362348974114,14.71532377811937,-44.03566565466719,88.1139146278835,-17.088819925140925,-5.564545442734953,53.12426183328833,-76.1991871453173,-98.07010672094259,-6.022329760348512,64.30521491134593,22.23068005274071,-47.735821561392775,53.71037595473314,16.486382506829543,10.838637736066858,-71.32957799530293,-44.48549432402731,2.3961286427597344,6.109362100331552,-55.60431953456077,52.377185449391106,-6.538921489397225,-9.678243931162129,30.0736188029112,-14.484771437624389,-39.381838220915036,-4.343547063321097,62.09163668527438,-64.41200603556993,8.202015620828718,1
17.890797896939432,48.46204910674487,93.906508307004,-16.44786567509155,44.33711986153958,-53.54246239833176,-91.03172500048535,-81.62992007114562,15.67203724564483,-90.71318787706673,31.534668764664787,22.369012184810884,36.99572327895581,-21.628598303708515,-26.530550549343772,22.949912771311176,45.39426143150834,23.823820010167978,41.41525554756717,-69.86902615551071,-26.48590458077402,83.50276686263135,47.467443880766325,-69.38495465348164,25.663610495072092,-96.30343548189164,55.893142453957296,-64.52809211073867,-73.52233072838152,73.54209478827852,-59.1766826515592,11.773358389283175,90.41772854455502,7.987097603645594,87.89588562570941,-44.028232484422716,-57.471877232579715,-62.675250317560874,-7.2254062478891825,-87.30016956199991,41.07052796759129,-76.16541105532247,38.60630884013344,-13.753014303521383,-22.9013186086177,44.43878670358313,66.02778858768033,-84.45471517759566,-65.40278148396945,-96.14706157351944,-1
-3.771979629036508,-41.55020865212242,-25.857868592443197,-0.7934220117170412,25.343016020769767,51.025357866826226,28.872774669980203,96.32312645001645,-11.057421718779509,87.13964152112516,12.172025029398654,-44.434982791953544,9.280378801132656,-95.40211867876826,-32.76280832625555,-91.17387256177719,-3.054679806900012,-70.26019236054309,-33.42490990547064,-10.808668550069541,-78.94887157120749,76.98387933246164,47.49700255457398,-83.6115581663736,22.8479222294728,85.22989580947683,1.469567661425586,-56.93033361371802,57.92870780928314,-10.444048852943538,-11.288050563536189,-87.40130751522581,-21.038656914111087,96.18538387475198,23.92903803601581,-8.692290151069827,12.702825557537167,-82.23887893783314,50.41418986140948,63.012553725178066,-76.70314858769349,-24.919281219148587,-21.479945659109262,-83.29651648970098,3.984014659446487,83.58409455344875,14.751715669021763,41.93456275538665,-15.568661139522177,22.455589784118033,1
-45.16786668803883,-76.49963195752534,2.9959621296689534,-63.945692796324785,70.07162104790731,-1.6182970670265462,-82.71932790562477,30.65498241284459,59.22481093670555,-67.15442586486402,-26.590065311083052,-85.00533176179823,-26.778621220878023,57.007791815848776,5.996035869190976,6.088497731397283,-61.99351059822933,-97.35292141132975,-3.7765963078421265,87.02360766449078,-91.4504899647961,-23.691801441198606,69.3522434192682,87.73734237703886,-97.66568155601585,-14.784471882605672,-66.6862148557712,-99.44179520587603,64.84053933027624,51.026535775093805,4.493280944167026,62.96154169229507,-95.91314058239003,98.05701792505096,99.65955480161591,-16.922433725961028,70.15110555642684,46.43657316847438,-67.95223713444875,50.210028193011595,-65.85042453186253,-20.331500205643934,-35.09144364436736,8.067085854821869,38.17231759828675,-12.7274407183331,-75.21654386459286,-41.57685026486326,9.80610567542766,-35.65466150288043,1
-84.42869607824608,47.7610100157373,-41.94050339119313,25.37913596214341,8.573627995642696,68.17716342084407,-29.257284101115715,-2.8631348260935283,14.174051341326745,9.967862661499069,62.31580174851277,2.2714821314255857,73.72479800782742,-10.693538602338592,-42.73361340574298,-91.92914046889894,58.0081033495116,-52.042838235095346,-21.31785446265401,-6.650947529802494,20.70811580710803,-62.03876931510548,40.13479783380026,-74.22095653705071,0.013824783259437368,-63.193797378866364,59.859728443020714,52.66862545263504,76.64969127130797,15.325484013942713,43.77120352429631,-15.762078984757792,30.93080080365965,-98.88738243677852,90.75834480789831,-67.4881046078483,-53.50683454584413,29.490738950757788,95.206017004024,-16.152515757287844,-56.47468980121435,75.32299669942648,59.79162735453144,95.54810529180216,-47.98942903176102,96.86438473708799,-9.163230431464669,-34.986378851444556,-47.110941275025354,-10.678736165646626,1
14.252093987419471,-16.373680041275463,11.469012943293365,84.58555303479366,-96.01356657605609,8.583269986587965,29.488048391369176,-65.38103920809841,-52.97479147839621,10.758879651639958,-30.132812473823265,6.091907963889696,-99.18344380161126,31.909524085048446,-23.219548472663604,44.42935481028613,57.152847760220766,61.60466650951312,31.055884717063122,-39.37695229943221,78.6708067551379,-88.01486250526595,37.834088237706766,-25.053742417854565,-30.61576861766271,-86.12348976580905,15.46676513860315,-70.17374443155208,19.591417156105067,73.30406869557734,46.48828978535093,-19.109929830438915,-57.563622487610175,72.32192133802695,75.34614630795028,19.438851522204885,33.30631599474424,28.649365086030144,-57.44353318605222,19.94678764666817,43.05743218168982,-12.862198505171023,-45.71075846776422,1.9222386308525898,-83.9602248658272,33.4173875423042,0.0073886642426828075,-97.74134696230131,-30.729768766082756,-11.28057781073295,1
-16.561316287084708,-82.39879449770955,35.8138197953937,44.19106209673447,14.659474017332812,-3.0594482646149572,-22.69765737438891,-1.6375612058654667,-54.6252662092692,-94.32710780400501,61.34365203777884,55.495869289368756,47.83236360865246,42.42203608208334,-71.93936035246853,49.884167999981486,95.44305096510368,33.35396838553979,95.06276798514583,-57.874125141652264,12.638455679738826,12.954991061365789,-84.44650509069953,-36.810702220857536,-43.41489791586657,-16.787706027628218,-86.17227663400358,-99.15171592925249,-17.561994735354574,86.64188678607252,84.66328759142141,72.09562040616987,-51.66574763032179,-5.518846438167714,30.768776766621386,-32.49004837647689,68.91982774381901,3.185983386420844,-71.26803285243173,0.9170753030329593,-59.10363552112514,90.36097322257987,-52.057155874862545,-49.71310798839899,53.04873495430408,-98.86437508310215,-54.06088976774544,-27.831990806835776,-87.92687881142595,-83.33400126611046,-1
-86.55316398188776,-88.44236059602717,-49.43324336696775,55.445704000331546,-14.10166426043125,39.027594505499536,-1.3613581607304468,-34.55164632259611,87.55193400488653,93.9396200226904,18.995924476174906,-27.19388093115181,-59.89547781735376,-39.11334631538603,-81.3326243689653,35.707600971911916,-6.7427397483283045,-18.250540732152174,32.87133129528664,1.0494246800133027,70.35545292858322,-67.25530979160963,-97.82865086088745,-4.665128665905897,-56.41345997006335,91.7590071158694,-54.95609456051091,-0.5136879021770113,59.8134045413388,-53.950321828578616,-75.70882036464484,-7.054888573408945,-11.121517401045054,84.55174684257003,50.597475904798785,84.65411530952986,68.10652637592929,9.01169316436534,-65.30304411179826,-74.50278540803686,-34.70241456648408,2.897912027215696,-67.93133712072154,23.814025853365052,32.276475455805695,62.93569173517642,23.07999645378061,64.7124691734781,-90.85755890591783,67.62613767810222,1
63.41441418985599,-52.923347620328485,-4.814660527007348,64.00556445308501,-45.49012098767091,-10.668402683819792,56.989843775971536,61.64886541629744,98.82971790582192,-23.798778680384487,-25.034660044563722,69.44204142364907,33.26413000873407,-27.295680788296053,78.57379243107991,-50.41653584823918,-43.757538196168014,-92.27095332253874,28.461318099729425,-46.38301118129098,60.78316409500226,-30.707759916215792,71.0134285339955,36.34477139523665,92.74297303592894,0.5476421356771795,52.9732761971689,-89.0128567714092,-85.61181140597485,14.797782787097006,-56.760718351411924,7.2855472940105415,20.110768420271484,52.81631617545662,-86.31901874906931,74.05471275110028,73.06204742890927,63.361815606552256,-22.817523428519948,-72.7238701944632,15.629106491055268,32.915169173546616,-99.67227225659406,22.420243449127966,-41.99767849091738,-1.665765713311032,-33.56832760715804,65.08830503446242,26.3116111418678,53.33272081211311,1
-86.70074652664451,59.115675251517274,1.8006890965236408,53.50133907907281,91.52725879968708,-57.87169152904112,-14.938912504483383,-36.10489082055297,57.54949031775294,-2.0761911738117647,93.52904322843773,57.09604599080566,-75.16696365636055,-25.334834072009983,-22.11873733742675,-6.6516961712138,-23.100399877376532,14.285903023754656,29.18476930020168,99.36653734847724,-16.280166641890048,-10.595149276135231,-52.185964037415864,-1.456670174018555,-96.8321697746487,-65.43124175368845,64.9425165644314,-50.654826419737866,26.048227405470726,-86.80363104648103,18.36570821513122,18.966821273168293,-85.63785195406535,-53.4080123487408,-71.94976572304472,45.05960288814771,-62.46948204796483,92.70031193042982,38.534973056949696,75.3358608932183,43.40313601900158,-87.95191285928155,90.0890362555765,81.33167548479565,36.164231592163674,37.06972900912922,97.08769149607093,74.56629671108803,-86.09100847970184,-74.11708518776817,-1
41.29514529738023,-37.6975401972028,-57.18950875451316,31.227408816403965,-17.731841916995663,-6.044998032261745,-32.30133703427444,-70.0754726998885,-73.91781137720099,-46.04773334415413,40.93658720683257,89.99418264874168,93.54885143865991,-46.20183020356925,-18.70669712073851,20.81380778921735,53.807791191428635,62.272857698245076,53.772730967853306,-48.42592809921851,32.838731815696775,35.38347723501349,89.9864082240957,42.92143075140805,-89.84410322829379,-8.017339791149737,13.490416181495803,-31.89463051146653,-52.32076623338933,-83.53774671763298,-46.00807962084681,-73.44195651631047,-63.04249980075676,80.13353207027464,-77.5535144256559,-11.591052965871611,34.954616079850666,-50.29885013999555,87.70815163296263,-67.99808235499738,-55.52957330362809,12.482215303719869,-28.804261387955094,-60.16630436849846,2.458091624332866,64.75991415836864,91.26333648789699,-40.35340904841769,34.802338699035005,95.163974799696,1
99.32736741478107,38.32868039466365,90.62221705638609,82.24903115085996,-16.013232305712847,-23.37916663115358,-46.16872447771448,59.79841770666917,-72.96276358929437,-91.7152266485201,-15.843396414698503,29.9958645939563,80.4034951925195,-68.73503193714387,-47.50872956563281,80.26040209947709,68.46681768431196,74.69458393187273,3.7244653365721803,-61.68247138697449,10.903405505760702,-57.79738510021068,-56.239563577448905,26.286864285328804,-3.4740880864240893,-67.93802865002591,61.50705618220195,2.9337174742042293,6.845228427036872,-82.00048403142858,-3.0622452731681875,89.95177541613285,53.52711331178878,-51.07763528338365,-2.25021492461282,-83.83305254912264,-4.617955380090891,12.108070435635355,-28.299956637723227,-81.37489623014162,-8.744241317456698,-82.83039110879567,26.813298456666132,-38.56666384105563,46.437563917294796,5.9933715860352095,-48.176535049076065,78.79085196646426,22.85780066314193,-0.6199371093905484,1
85.43556389589054,27.8749601085551,-36.070394482475045,-20.876506841346327,-45.83279246086684,88.3901807322735,89.88690424097976,2.222382596884273,-5.56096033188858,78.57985853005579,-85.74760714837815,-68.42695479726054,-20.649819408132245,51.013650868307025,-58.811721106474565,79.34447660271636,-21.565809524754215,78.83447680214078,-93.98229072309647,-31.093305566570862,24.235158530399573,-7.530697234192701,38.29497770392726,-70.28526543091832,-22.744846459952043,-6.969109076090035,55.43728637752227,-35.144923225630166,-50.67496217025686,-79.56410021363327,-19.607852364940143,-72.8279975742108,86.85361828672478,-16.53798903461538,-86.99861352085301,-60.03808120011362,39.125913121898094,-45.67155791898807,-8.125237198382564,22.35552557527602,70.71606956804382,88.3826735934575,1.4920212655991065,16.307319935337688,-54.08659106312501,-53.23966373796751,-99.64154666433633,5.457126112480012,84.54381446442713,-82.83140349797185,-1
46.54669495723303,-43.340694400459554,-79.01216393441011,-26.91482393955056,-97.60426210596714,19.915732005009602,-80.57802901956669,-10.694442082961132,-12.140248140494748,7.255736930374397,-42.53047772907532,-71.26424585461896,-72.83143612696598,-67.76789567463506,47.75320205260988,-43.51047173358389,-75.11313380749287,76.48040324624245,-44.82241827865418,64.42973585678072,86.01355585214495,-25.842086417181775,63.359089497647574,-21.52874053059915,-96.64637662856977,82.47706247683467,73.03168729574517,93.27533007706577,94.40740364675833,-23.023926000226737,-49.80878546254386,29.2090174016285,81.12372041289288,-4.659358311190132,-25.70916290077507,-68.39764782084781,-54.48792152796778,-12.83032383258849,-29.856813467355224,-74.46068001760386,-45.01220494152109,-56.11771055618846,55.760894918404404,-37.36121864923862,-63.24320008060691,27.89330206125875,-69.51198969226587,-49.19103934149929,-66.51494719542117,-11.478787117158461,-1
92.28332392840991,-86.24980958226453,53.00863799409794,7.450454400667738,37.38199573664264,1.4159598145427026,-27.50080425516512,58.18884743376702,-4.794414427185998,-39.803367763780685,6.416955893493935,-67.20478872619452,-72.17759655569209,44.91306367970486,45.17510190361958,-19.917978732983357,-98.51259789418849,42.86640320521934,-92.66555638796974,-63.51065633512469,-9.50637255406565,86.02731981375177,-14.70291879238637,-32.5923251325912,-73.25283678379043,83.12943211161146,-23.003061613492775,74.44937500884743,12.174008069550098,-68.01280818857241,77.04846868269192,14.498146440735766,-20.551249937068633,18.224004123699828,82.57289010297725,42.15399107219048,-74.89605726912444,-39.09399250771688,-28.565418981145996,73.71068519485863,-98.33277423002431,80.45859544966655,61.84728651536852,-63.97327527132535,0.323666655759709,97.9266372587114,78.82729310503888,-2.07591889569683,-16.941497336162527,-65.58377277053633,1
16.585211360852625,-89.59083224877371,38.99349212116934,-25.51464976480635,67.0474633648102,68.08433850815888,59.58044419222654,49.035779842679716,-19.576403947260303,90.04436714748846,97.87145442607829,74.6342232111594,-68.43962549059142,-98.4943726185753,-13.952201519655588,61.038712718521055,-88.54274317674637,-79.86785509360506,-63.99964659840216,77.88623562361329,70.66201427339178,53.85611700960072,-91.20435124492087,-14.985454814280303,55.51510993105262,-61.734666527026924,5.874648717931535,87.72952389698204,-94.5664541531315,86.44872782557923,18.82450597626837,40.56041576207545,-59.24139024883603,-46.46246549841428,-90.09827238317192,-61.08379369859569,-22.38517987687952,-49.44428095447344,62.41494931088968,12.255705212214636,59.11587978979455,-13.015416710425768,61.53357117329921,-50.18042373313729,76.31331681403532,56.939766401776325,-22.552416680927465,-26.083219026801956,78.36906185523588,-33.37876389504571,-1
91.10473919098695,69.1021621681121,70.9640105984376,25.04166434858601,-65.8192409646944,-43.31155210925006,-19.741090274240065,-34.0294846415061,34.06555905708822,-65.92241025961674,55.07255526692333,73.63978549549557,1.2228319768977371,40.61164339391661,-72.62427306417331,16.83533496651623,85.23854195508312,94.5841668165503,-27.413358452696585,21.48920354717383,81.84969405421819,76.66466645556645,5.6754144860760505,-21.6752980312708,-71.95533065829434,-7.610095379198995,-59.14645309826989,-2.8916114746681814,-7.116693423840758,-82.4211418532334,86.72602443106464,-99.08417701150285,-46.43889130379104,-30.005962083561727,-36.3556729515327,-92.80662239868857,-30.73482696152692,-59.51011967025941,1.3949032997062858,93.13891676482234,97.34691778402117,48.237799095699415,28.49315439916984,-57.67383843318186,-45.634889070857284,29.56168154570682,-41.55240492596537,87.51823995732184,68.42044053139341,-98.73218952883151,1
-14.775752409553846,-33.43632778166561,-59.95581284226679,-99.87767296888259,68.88222978853267,81.22097787099526,75.500434228167,99.72001278993204,14.695341430032684,-38.21292008989563,23.474829672713483,-79.92804939430886,-35.59664404313622,-36.61499667169572,-54.36070658493597,-30.925982680281948,-69.10061581753632,90.214202741901,56.72926639927505,-20.898730931164962,90.97678604400986,-51.9507521756484,54.33795241154755,-50.99436571517635,-79.32852199939026,76.70088412611062,20.60625683068433,-91.33366589576168,-23.34862610621738,-65.74877210704534,99.26432696851023,-14.355762293433756,40.6782498378181,93.05241293447753,9.933614939034669,-11.497128898812804,64.1244440699449,-56.056299029931786,95.25537917994279,85.71735220142833,-39.1655309954396,-23.946104341134046,6.578849994190577,-30.154709438041465,-25.559855574313445,17.97590201779586,22.05020645389719,31.672845336736543,-71.78108117122244,-8.447033971638845,1
-90.07712533223251,-72.81345052653587,-94.8077963292158,98.2532997490087,56.4196294175203,-56.42138716216556,12.184412954031387,38.44278518543686,-79.60088955597243,69.69682606203963,-0.3955188372231788,-24.808002389797295,92.18574600683996,82.28645392173803,-26.883660303342126,57.238550813339344,-90.59325587952416,-63.546482374852765,-48.203127559090355,-12.51776601428935,-79.00871376494412,78.31552993456685,3.6738729104614123,60.60298778322456,-99.6607407315788,-79.18352599553948,-98.98650042426209,95.95248863815897,-97.58924609055744,66.80521799594797,3.003451232381437,64.53137122101305,-45.87477599584844,23.875272913867946,-11.588036937003437,90.6203822713496,77.49513216018681,-64.88827245497464,-71.79068054875111,18.85720912140185,-28.4083907415138,59.18272260629266,54.62542761056284,72.62996272414077,76.50914831113894,23.17660015797452,-30.050611775599762,3.225265204830933,-16.15806779660265,-58.74147077728065,-1
-1.237191908614264,80.23552464347114,15.022513387872308,26.817611522823626,38.05194835861616,-98.146634108674,-56.9456748187237,-63.90498953897783,97.62173080154403,-97.92133193459367,59.08922901198153,-96.12734068103777,-1.0934837494671115,92.31453695781497,-32.485385354463475,6.239427754181889,-30.87232610241786,-42.75631563999145,64.1611086367981,76.5239120862517,3.7489480695293906,-11.629046182651152,-57.64433759847463,-37.402641893791525,-97.90163412321147,73.16976477576802,86.50456816962281,-64.72761692996022,22.011899843811292,18.92618196597971,-65.3224830424883,-30.537797245510248,58.85409382220243,-45.53077233352227,-34.35410363430178,-33.03447449479731,-99.49345824117364,14.606638170417611,35.33024321063098,53.36373249107558,-73.91847531758336,32.64245317074196,-41.23657671214544,-3.1648598454259798,-21.674987774502895,-4.294940554481187,-87.02284989669272,-90.82121577669746,52.86729002894603,26.174383563406536,-1
-76.72830296710083,-5.940755461685043,16.683087052024817,-88.52230507858185,-72.2133541119091,-32.950419813754976,96.96293256152364,-46.155436920325485,-95.4568750704436,0.055522621009089335,28.213387365345028,-19.29660249305583,9.294153064929645,-43.80795805681683,76.80020763619305,31.971014007388817,-16.17793112593378,-20.243962577123625,-71.3872799438563,-46.250353419963886,-32.23631416194101,25.316857605263237,-45.63339726016464,19.155165106911795,58.868775334799295,-23.300342791042027,-47.81796860946987,-2.1425900139258687,47.664206060993166,62.196363864181734,-34.24158931023935,-2.7399257068000367,53.788656199233685,-55.822426327367225,50.350810664259996,54.50939278881327,18.574979931553543,10.517733543011218,18.247845517199806,-8.45204831869377,-65.85019591335725,11.324762254110837,-8.857684783048242,-14.225134351375317,41.11907152329553,29.54003572084295,89.78876073753028,11.293262714406694,16.243579093807497,-68.80978308705441,-1
-78.42171460133912,-92.01549348724976,-66.37178282105059,-94.66136828262914,-61.42125126372453,71.08657066061554,31.555721400908,-67.89937441351714,-2.4556273637669648,62.18269129928487,97.40933403865506,73.63313071397229,-90.84622427255069,-7.295208302963886,-17.651211051389666,96.91345487943556,-7.244027611534037,-77.00800352106363,42.23647908952083,62.50408563456239,-93.09737468109563,-2.4874714350680875,22.148065474356187,-14.342908625692544,16.477899353982565,1.2676330580993636,-22.863859931497245,-12.911598445981198,-32.55378343312671,-85.79600353933417,-61.94343321365903,86.87770313400594,61.86474746188523,-57.00826580197689,55.551497765879105,27.269330904132573,-95.8307520544249,-90.89252775422054,82.01282505867223,-94.40591018699926,75.33407390668691,-53.610848965494284,-26.04879935397784,27.736471711336733,-7.545639483186534,59.169653303401276,77.71848301325127,47.694110745946006,89.14307794930346,55.09626876041247,-1
-56.733444473834595,-7.806081557492078,-8.474673482111797,-3.1479141106774478,27.31880552366009,47.650408715384685,80.84190960265286,44.62724440650243,70.02737782468017,86.48726389267995,69.68665407359978,-7.283680728954465,-43.93351319061387,13.835920923439886,-66.47717752968111,-20.67163135011583,-41.14989303171603,-33.15056385690285,-18.062031498574285,-14.88923165546963,-50.39661222510479,-7.628705717293542,-35.94718801527786,-58.94951117980942,-74.34675913025592,-8.160417992119235,-18.313121119678115,-19.41363265636842,4.44909252466752,97.36288355487639,-21.167715499959257,43.610958796335694,-35.9207883972835,89.94561923157642,-91.71922473307512,-49.29325536925975,-49.609632824326134,87.0554248127763,-37.197786607018045,64.57868832581588,-52.683654122679016,81.61481868151083,35.11628075681139,-17.467618111777412,56.41860042691121,39.06911889918288,86.52141604010436,-64.20063370373921,51.14224348868967,75.61617341037501,-1
80.19217913809356,57.631957627141276,-89.00930922627468,-77.05280774781707,56.852675459056115,-82.7251240954411,-36.98270914624613,-87.41229971221043,44.35644300725011,4.104594572574015,-39.58388010273109,59.80308159682599,-43.56794212951136,59.87711133871437,-86.28135215631956,-1.7293602763877942,-64.55768718880843,-66.4054045882358,-83.4114983836858,-82.41038725835281,37.36722088513838,58.03800770978657,-2.179617656655111,-67.77926840418417,-68.23976927852853,-24.206276993989235,92.8408144548878,82.50969553795144,-82.79470913946042,-88.83890085929005,80.28023338581073,-44.541822029747166,-23.209218631102218,20.000388351758374,56.736356404388175,-59.35183380089626,4.169884452771825,93.88011767595128,82.46297673209665,80.50132912093741,-52.63593693002689,42.95014120124466,-17.482463602591764,86.23125343765531,66.60775778606381,-17.729107766648,-7.189603897661641,-11.51773739847657,61.104514342170745,44.71947104565112,1
-48.1153133137415,-55.90590380012603,68.43320601227663,-59.119245046892765,-13.275982937446827,-0.015794517759886162,-79.78031353058867,94.70418515801657,-26.140687014672153,53.5600346696622,16.588998388283088,26.366394209479196,-97.4875902274615,-77.19748122809077,71.38628296239679,-71.66957885539837,71.5601775556361,-60.45361052944871,-58.73735934446296,84.84008355698063,12.006173905003621,8.534860535438298,9.317725606719307,59.7152366552406,-20.011847561549303,-80.51396686706538,69.3101422152626,-22.756628842741634,-59.24442353482442,55.35287101147168,0.6990012852448046,-69.20302329475494,63.39345332703127,31.899215060258655,-47.638520461745394,-63.21528842583868,94.65270424059449,49.0322984847642,-59.155525699842684,51.54969234800967,-20.9714173680607,-12.959192199763606,-54.13724679496133,-59.11126660333086,-13.228152221958368,-12.029609444305223,-58.01306794494741,7.758092350811822,-1.5900193885561578,-87.71686672391128,-1
72.42552345309014,-99.21632500978134,-25.78705303929371,-52.76560350342454,2.849422856571721,11.47431154360443,97.13721477472939,97.44023098700276,18.43499786848251,84.80564582157893,37.33158893658336,37.84482629964009,-83.51214416778828,-33.29390307581778,97.17904405932828,23.519843653390723,85.51149498783764,-20.396717136662645,-46.75527278237119,35.425560809669065,76.11912109284378,4.8891128354183735,-70.75175758919174,12.576331831808702,67.86584887264638,17.073228220221466,47.96211851294336,31.61159961782326,95.01849436515738,29.406712474485573,41.71560181797037,-57.71240266262843,65.753451285435,38.44587651194598,-74.81368332098941,0.0649299465707287,95.76000809390152,53.498254927680335,76.89681667858429,67.79634802884485,1.6257282255938321,-73.79651351723393,19.512560222798385,85.81859901142616,-18.895555577937657,76.38115430129747,82.84144421614948,-52.607999071948264,56.08351105277998,71.65165860067518,-1
64.25146093440256,82.44164735630511,19.469860195570618,-49.89971506081208,-72.64333121589613,-30.322497776957306,-1.6564711699593317,42.260634475785224,-26.91047666247539,56.40071620041479,-27.461880992171544,91.21335198727877,-8.570443010740192,6.542634698693561,58.56090017008779,-32.825376952384914,-71.80468400576973,0.39318780105897133,30.95197632842988,-50.02807069997852,-71.061372647366,37.00450010075366,-9.633506167163205,42.46795330361442,61.09210929021444,-50.83903333126196,-73.2846739662699,58.05497577456259,1.5193282347371877,18.53512147529142,-74.29515203568562,34.175993038036324,-67.31474400466242,-72.2912464425727,47.370366820141754,-69.22273380942651,63.449999078999156,65.43971761447187,-56.30503144218613,38.155392438050626,-86.8857320054908,-44.54526842415299,-26.554267715870083,42.79089079189623,-15.992879366072344,68.4835177274264,36.22193634435078,64.6994451707875,-2.554716849889644,60.324166396706005,1
-13.23121542895116,-74.56376215662262,18.48908815808285,-32.39151680059204,-22.58891747958269,-33.472750618184335,-51.03633054759349,65.21115009769363,-68.81053092301279,31.767968936652636,53.85699620820452,-38.3890642206478,-5.596229284283112,-30.066636179955637,88.44231893645625,-90.41758955982795,-73.56420196039998,-24.161760628889212,78.95317812393728,60.8934720182844,86.83816829738754,-53.963918254022694,-74.6401692911775,-29.517864047155044,11.88842328641337,22.43765102812725,78.92415806278842,55.31065781186811,-76.53558504820273,2.721652049474571,-66.031769023489,47.49830694079523,45.96485387966848,-19.51096814934654,-97.9705102591305,-84.82985727636378,25.947194665933893,-95.32307175510569,22.796883226380118,59.95025123426035,-84.57128592875927,-38.6632059374963,22.647833170221034,36.05063394097306,15.962826223120103,-93.57225500230624,27.017047405965428,-13.631566378220029,38.27484183544021,-82.79063534789562,-1
67.09604514843889,5.9751251036412185,49.555327654420154,54.66471054081535,-68.93400653636239,-70.09933688395434,65.3732079111102,-55.94028163655167,-7.689295078652478,69.48561621619137,5.942916602396181,0.6337666889826892,83.79366390461419,56.594499066504454,-31.196899514438755,4.7561375660574186,19.579715939633658,21.725047258782766,-21.917385631308562,86.55093454708705,-36.24567573407968,-12.026590975623819,86.27268925623969,-36.95131288528501,8.73842765549557,66.76912022491311,18.30460256110304,23.474413923931564,22.917860006307052,44.317678484140686,94.73890698283637,52.298163596323974,67.43327103122795,-29.422606533826823,-0.7115169028523098,66.10462719254303,-36.818378473349256,4.140372402832426,15.421281789749258,-78.34203503788089,45.323951900669186,-30.216916588873644,33.06583898019355,97.7989990304566,-29.020493990018764,-71.05689272005999,77.71342259621287,-21.320812874151358,13.810752666923946,-93.5262200840793,1
76.17903210895051,22.81814759514033,7.021356000120676,46.68829876213164,98.5309494505432,78.2543677676189,-74.95481341335328,-98.41464426635827,-49.92661604686346,48.75151052742498,21.983074241063647,19.083014354859685,-75.17304561565241,-3.963343185757779,23.649329276688277,-30.491838895368147,34.48204792957168,-53.04497580550726,54.043075278993314,48.685975126398574,51.60992741924261,15.854727897357662,63.783335828564844,-55.2313199775714,39.94892818014753,-19.517990273376512,76.76366272669011,-81.1749540460105,-30.72613044662876,10.366745273050569,36.22559302182853,4.390488747428535,-4.599199787226496,20.197438013886853,23.93401735043082,-8.886448125309741,20.071996120247704,97.79355269774368,-30.916685421088232,-96.47388435614693,2.136619388762881,49.05622969949985,18.490913638219197,39.463162410927765,78.3184054874034,-39.74842354215553,-24.185805392860587,8.989906782159807,44.98719562384966,78.40041692093564,-1
-69.59502937427038,-80.29062971741152,71.25353070481626,48.27899445594994,55.71589082704321,23.295824007598796,-33.62727791332783,52.26953974017147,20.545189091454773,74.51541214675794,64.86251215011558,39.556541201922414,-93.62445508827699,4.683174351337897,-70.80635138514428,26.61082053440049,-26.50941170249024,13.03408881659061,-14.941513412233746,-63.60345969834449,14.353720431838894,61.911842179950554,69.60337425478178,-31.591060202197085,-84.05479924371164,-82.32491006421034,52.07249402888232,-71.49595004888914,31.469821993615625,95.76049257961884,-18.281280051688015,50.762612523293626,-67.95029940265513,33.076252757312176,-12.447002580239669,-51.12571419873482,-25.50562646397489,48.676054664767804,-29.341284958291666,-7.541596299279291,-45.52099601184949,31.443903026512174,22.5578491971591,-4.02498783355729,19.655462567303104,-31.680092319918955,-81.48924828516243,-27.261360513296353,76.71225575530792,-31.054169918402238,-1
28.165262938041252,85.98435262913296,89.89908634783234,84.15296282446397,80.25095942058633,-37.91340160433898,-93.13452961514824,-7.0977989726950454,60.454864608952306,68.06551960272301,47.051842622717885,-25.4061174013855,-34.096634330350255,80.03179733025289,58.94942239900246,71.90431132952148,-18.64448138644339,60.88973547664685,28.60310561084026,27.25825826871504,-55.449678835401926,-41.412723592114034,-53.287640878811324,-62.13717696075869,-17.293590156808776,-38.352720173299204,-3.1095362453498154,-6.2284238988088845,-76.77974783647178,93.76430915167853,-48.92429198444359,25.27584539117376,52.455894222826686,-70.50505003019973,72.63655604888802,-65.76926782364482,-48.98570213900104,-46.81396498515773,-90.71968540794562,88.94741423919174,-81.01574937410298,23.887657554416847,-3.9833093036186966,-83.6186301197423,24.761045484784233,36.636867613969486,0.8486588794795296,65.08029504334115,-94.81118391729184,-87.68665121879363,-1
73.99383192953698,-0.5665438564628573,-30.11047184327434,-95.62972455844425,-37.542884822148956,42.610879205257476,-6.0966009749584344,13.839910427794308,-45.014710554312764,-65.07888990598975,-0.40620223310305903,-85.56646984911501,-7.593231118890543,0.022822758413695965,45.70332486686897,-63.88502268779015,11.533324379631992,-93.33056454386919,-25.41037837820197,77.63188556225938,-51.767987471162,17.594738608571575,88.97337177018505,84.2241493710394,91.93517678103939,23.425275158798087,-35.08396478428794,25.36620430807679,-44.39994891060262,72.14514688927696,99.05293945272868,31.147050742468565,-34.471276099376695,10.045306869272281,-42.931273013341475,54.43488178668477,26.488876872839498,6.689487846697446,-51.58036514805602,-79.41028895370448,69.83365759356113,45.541846690590376,75.01160137220617,64.1364196452235,-86.89080675242693,-15.827348415862616,87.2059032480887,44.609614043899626,-58.62634777142637,21.18152280370316,-1
77.90386220875263,72.21258729594388,7.56756462986155,-67.954244795599,87.52739406331614,-64.69417918946618,44.243601278479844,83.26276844526427,22.83830928324622,-28.590382116674817,-70.63334390973478,83.72433601529644,0.48764198557387317,-36.33872455524527,-98.35786669928994,74.29265230323722,-87.09985632358598,-98.04915736913891,-70.0462578666658,39.59508902407828,-2.5339409204104584,26.59157040708446,-78.75203017791199,31.237081547483285,-45.493749938171234,19.25670936923609,-41.5985198751134,5.001711249521776,31.112127395983237,34.704625079941565,-1.0326693753259946,29.8578909334187,54.48189064067142,-26.84634272871085,79.10710227726335,94.95550732980735,7.972955497119159,0.08858384716974399,42.23099533396143,26.970112031823376,-68.74450999272095,-2.9579372922836455,8.352160854658734,-37.50738793529469,-91.12376473804473,36.70004124596542,-3.6151915708602758,-21.847230491097207,-89.60141396813242,-14.297803425034033,1
-21.651509887544364,-84.04217527319993,13.794006752248194,-18.427407314867622,-26.492082269563525,23.335120586004024,16.601698746260254,77.69311177398217,18.601845614930284,-18.02676424113632,66.17103837249658,24.116442803743254,-3.410461269275828,-52.3103865218979,88.17148376611794,81.70318568000502,-52.51117287970133,14.669626691913479,-46.02903502012805,38.27116544068505,-66.34156872523789,30.146475571132072,-9.694382980426795,32.458976794024466,18.640712291903895,-92.02636297415516,31.51095337060744,39.44854794954645,81.65554062654434,-18.27539675388114,-51.17210090998194,93.15330054042806,-89.05540581450786,81.12481376552466,21.63220797907495,-59.943324915774696,-6.433039235525257,6.083416547073227,-45.45104795807513,91.8790971564506,31.741876309560723,2.0035722545730437,-32.671120131784676,-39.113384917294944,-97.76020209238827,59.45762089920268,84.50883130285953,56.51123680853328,1.4236373966723903,-29.4748640753608,-1
86.03304057251,47.21642886741708,-80.01261868627608,6.161585618083237,-41.86003727061589,53.51371246123793,-28.59627118229176,-69.0787164516805,1.7974967708338312,-68.33633578496234,-75.49970193294678,1.401745902015179,-14.688121586271848,-92.64069554520833,-4.368691426626796,-89.19679072451292,0.4073933539984438,22.50444669809761,-16.898385832162006,-92.28287831083573,6.017496004450365,65.42264525457065,74.83598231616025,-80.78902683748086,73.17578224354281,87.00964805310366,-22.39965563421704,-30.4752597767379,-81.29152937499478,24.899176201663707,27.454187961457805,-22.66479628822438,46.07909434821272,-81.90299285556053,83.6749163184929,-52.99291388953937,62.13134482501076,81.60525514996425,31.890436479216334,-51.36383444433217,-85.63205695621146,56.66294630413023,9.77643407143789,-33.999336528487035,68.1548320954133,25.343508499136377,-5.552325557394624,56.214198635414135,-42.30276349838431,-66.98943956638308,1
31.902153728154047,-68.2927683000153,-40.53125049199087,-74.38429820302414,99.362188065158,90.66249919576057,-97.50831762631134,-66.09914548517919,-17.861671502230436,-91.40996712997618,-42.530964078373316,-44.219436139510314,-92.84764786364441,-79.51115646440707,-20.956140538494864,-26.858477778155375,-66.54905362586933,-53.5938515101438,-33.97816366908222,24.090322967097237,70.26383752406659,-75.42667012026412,52.47059691458256,-9.341491990264089,19.023645962133855,-18.889940730764977,-11.910038455875323,78.2655512016409,-79.29241338609283,73.39515520715588,84.85463574745646,-69.68563794059082,52.12934917435396,63.02062526838736,-67.40859098286553,24.225857953890213,-98.65784747307463,51.81474404304734,27.671777981874584,91.2248875028817,58.2995691672194,96.04476683266199,-25.783471434367414,-98.12948821633438,-54.495636673686356,77.5210326423219,98.68180076012999,-71.28542914271696,-56.71715134844186,9.998660465815462,-1
49.971986257653754,78.1648263021255,-20.028260972556893,21.411598501138073,-57.72667123697737,96.05966639724124,26.769071573383485,84.3284171789154,76.58415445063221,86.44273776537327,-80.45756641760605,41.99930687775188,44.98279607049338,29.174929895853296,-55.80027961572094,38.530360502508586,-49.23798554306862,42.11116258029949,-47.48205266956913,20.70818743091145,87.4374921569505,-78.73114562287948,40.42715183660525,36.577003153034354,-92.68742585233454,-60.442337701692914,6.567790600681292,-84.16917036950542,84.01392024273989,8.607576743495613,-26.886752962853294,-73.42005913657077,-67.64774731537673,-77.94903143777447,-44.85316015743983,91.7484596877182,0.6264110035787809,38.37823606956056,74.79203500140662,95.01482111203211,-34.47298464636988,-53.78937208933263,-23.882178890004568,-15.713298039423208,47.10272669874266,47.18717229354169,-79.23307335621476,-91.54680731111577,-10.314310294842713,-89.56554371019725,1
-84.60566612382519,-36.54895671006,44.92626737987874,25.55141545231932,78.36769146895654,-59.16018748144478,72.25082257764828,-85.46481011256554,56.37271571709104,-1.784929124582149,-95.4970880781616,82.48821776161103,69.73729273671006,-82.73064444898654,-46.71403739566067,9.151386430673682,49.0103666070801,37.444181004983164,89.16749629401144,-99.60813218701958,-94.50186133154072,-39.05125794180451,74.80401930005053,-99.88313859844962,29.07367242570416,76.52661203607582,-16.055186104840885,22.660305806284953,-11.208010740321498,-80.20631399631249,36.36223276638694,-26.98436068380201,-20.062183258935946,-11.908583208549345,-89.09263724717593,42.56792315751957,-30.390367514553063,-75.72829351990038,68.73056427503425,-47.81318173222084,84.98250863085545,62.61198358137193,-89.7126577295122,60.5244372768251,-36.81290769704457,46.999288463499,-81.74998529308888,97.2424113294482,9.300606459687558,81.34077274244376,1
-85.89287248140869,-59.99821577745048,61.85625287428664,-85.65040715485725,86.92416807078158,0.800090093467503,33.85001287676553,21.688373046104886,88.11970379347599,-83.37231138379514,-87.18955890359221,-47.161563240304496,-45.44048219515915,25.11137043854083,93.40892589488311,-24.85967706334968,-44.733070476788875,31.639562384298557,-70.33356017648482,54.02885201239721,-78.84270583788302,72.02862148706328,84.33877889969773,-72.30670797367475,-37.207434260514475,21.03787782697357,-91.49543852829352,50.0187375019284,-33.29526004827163,99.5401693220648,64.8676392474951,85.08003348541911,-30.612521458269597,12.831512162932029,59.39014733905964,70.1042748235036,-17.93628288297269,-63.04648768136685,-63.50194514459544,6.534632155023672,-86.41873349610094,84.02277086904434,-11.432272375174634,-29.457047087046618,-13.844205171281914,89.80098564423366,-92.34603491941351,5.218694774104705,-88.3162806536829,-71.13563408633968,1
16.5428898689363,-53.628077223430324,-36.123176633262965,4.4486503133768025,19.17686765120621,-73.98368562163648,38.68272053221858,49.168508147510664,78.61403830301472,21.38474353616415,-50.699398098038714,52.650321523071284,81.05697599362037,8.271291828133442,-94.23289687271847,74.70826564244095,-79.24114043274244,-44.71290833843591,-8.763409109488961,-40.67944706893647,42.95971221932524,-87.96342991327015,-8.149052039366623,70.40089660634993,-46.23195800502997,97.48359459109676,33.75424897569113,71.80356886512405,81.52433137792363,-66.90139493555351,-99.5273828464786,73.42461142367648,42.06441805522013,-19.99327213439605,-93.76877438328096,-64.80914090041294,23.77061094037944,90.60809681541309,-14.993009406781482,-65.97654528811434,66.23935254765667,-59.74685076118149,-66.91921330078486,-31.68383504540006,46.60404988612271,32.48746485725724,-43.63358411143701,-16.49554432109312,73.46149933573989,55.87631660978758,1
64.43597736328465,43.2650686952056,47.19689775141592,-87.71868337177567,-58.16746331354699,-25.87971936380346,43.26209478771426,-65.73372072770316,23.096186440621594,46.72478482652076,-78.96228082687414,-94.3657302356439,64.56343685261606,43.57097444644086,70.73625737632474,6.30103336210172,10.264701174333453,98.55203983629121,5.300422493203243,80.84909924859909,10.126489169106563,5.493263132409183,64.46943876110004,95.62387187433754,-6.555541234109242,10.520159878923636,-10.137259875391337,17.77168721586058,-68.25912959412379,55.195983513979485,88.50268428040303,30.729664940811233,91.56349774666575,-85.04969997673295,1.2537085163171469,77.27591772180921,75.12042659227791,-21.550838332133026,48.280081927704884,49.45208333256559,1.0954455081267298,32.282973178856025,-66.65183615199987,89.9305767101799,-57.19977711149984,3.6034458044178024,-71.10670458253747,89.47879971265587,-84.2243251777842,78.9273313117946,-1
-94.00528202546441,12.428950765517001,1.556837390224203,32.2308539438186,-46.487275383698524,21.569905798080228,-56.978623841042484,49.888169357988005,52.08970413896384,-11.819936465616337,-98.05789692587518,28.985933680641608,99.3622406229986,28.77562426116296,35.78256111544141,-73.55523490798078,39.07737729599546,67.80942651706451,-14.826424942148805,87.43130181498017,-93.69277239600156,-85.00618649798777,46.38456497934956,-94.97706882731636,-65.68279227725657,37.531730205225074,-21.238241982786292,45.141884430861865,-4.147751596671952,-59.6316617551899,58.199504785871426,77.42103914038955,96.13848921081447,-54.91254187362378,91.71083635438305,32.46829009446762,15.140676145749808,37.55500024945354,-73.04057102253536,-25.090064203745797,-65.51901893089538,-28.57623441984829,-19.44566915735922,-27.665739865527854,1.8215762126528006,24.826555558424417,16.05223769589152,92.30022984286447,71.84313735211026,-77.77677663694796,1
86.86082283349805,37.94030697237372,83.79586510007971,43.32125511301001,76.77709264783081,-97.24245909108981,29.07797753389343,6.877676702718645,90.66386208950229,-33.02011439609301,66.65325072453786,-75.53390076490956,-15.507813730964017,54.88372940019198,-22.751050901008753,49.679016716209276,94.90373794800323,84.6999521150604,34.43505423544116,-81.50094738670333,69.03160830975452,53.80769615234823,-85.67054874121578,-68.56505188474912,80.27340092438143,65.48515627992447,-27.86606155960439,27.70573785261044,-39.88369683420596,-34.68296234640083,12.786844768906903,-85.46831320158748,77.33536852260193,-92.62782502448215,-99.55253669551996,-10.10994945390344,-92.524954062704,10.86827309506279,35.01275398311353,7.296216974392706,47.214643578082075,-21.825450384447763,-43.19126014636821,-25.23501926657869,92.8750089498547,-12.909342131097603,90.90114785381809,-40.47313296696411,3.7194856784989554,-0.5937319584226941,-1
36.64960565792916,10.337593561292337,72.35476795787093,-18.279005855351983,-24.65895951681547,89.20872885608509,-60.86379005168248,-5.009706825002908,1.4477641708751747,68.90919026845873,47.6892907381754,46.421799295315566,-67.48829962693213,-17.41199041300092,71.0874172246111,-54.294772009490714,-27.518198592065033,7.100100528321107,-60.817783452588394,63.0213412424001,-43.25716112818119,-49.463069058180295,50.50140436229535,52.69049550085799,86.22427158508864,-31.150831329086387,-35.677922363472604,55.791792728595055,-88.58915361553106,45.027514622859485,-78.92154324031878,-61.44402350876192,74.29579115379784,-33.53087644641208,-4.241135152006748,-80.92061483561923,36.227706800296886,14.923628443232701,62.755063932988975,6.573922596197306,-49.38963386896338,-14.84850770218658,-69.9155671176812,43.858358175659106,-85.94157268199771,74.94861416140262,42.459821980263285,-95.55319171875422,-40.28727004720625,31.843195742236787,-1
25.24406432628308,21.343240394000773,54.660808022875074,-11.956205405799608,89.80095733455468,-17.862365664845626,31.86619734098727,31.989398304248283,-42.63878292394827,20.070888237372614,-33.463978964060686,-1.7206685339780563,-69.05055198980023,-85.73739933048205,-31.883686818206257,-30.49176946665908,-34.98971905752626,-19.815044282216164,-35.58355039191579,47.12413973669712,-5.062420175471871,51.81499931048043,-39.49116039596714,-18.34811312289534,4.149918309940986,-87.55665601481131,85.42252984245317,-73.77832112426537,34.33634629508359,84.11020235903277,91.49587718028272,25.64039781376306,-5.903262729525565,65.4368516211789,86.7825874594761,69.94142106283778,-77.45528829044392,64.32828274354105,-23.63727210367908,-64.54896805099483,16.250253383205944,1.8475982686292127,-14.799143391508423,-39.502465084203386,79.27828076346557,18.188446313979398,62.56019136894528,77.58280751045729,93.54386460591309,38.830963482442314,-1
-56.86496952045657,-91.78352700888894,81.01762467765286,-50.83922874442681,32.52010057605699,-70.01386209199786,42.700855035860286,0.5409763630620716,70.53463280874314,79.7048192886694,51.974865709163936,55.20654024939813,-27.255090589787272,33.21344091762995,-88.97436230541271,-86.56158428432555,47.29220549974096,72.84299970284584,-74.20785788078639,69.97348199493476,91.39879719068242,-54.45968413356257,-19.874432726164287,-10.997326541466705,-87.91077954248068,32.18423724506806,-82.55413639123317,-63.472558932926624,42.73572492839537,-23.39668318426125,-13.723475537648966,-41.91995866756226,3.139297727339496,-51.758625818343226,-80.71873833051417,65.58271427275795,88.49331797852483,-9.984922418771916,24.671094177567852,-0.48728442272680184,-70.39669414016214,61.14548485239894,-76.08419139799886,36.05650980673062,-52.76138967358821,54.08637210603143,91.67471916640471,-17.675723721388593,28.285008159442754,-4.970403472916928,1
-91.6169566567485,84.93022108103617,-19.569904761014257,77.66692535575203,44.915011550477516,44.479849778313536,-45.22725607162212,-84.82444210320223,-51.164960796856526,44.42813006999745,-20.97679655478764,66.04705722050596,-28.1811359122881,86.97697268607547,36.26920970089296,-97.02341440883839,85.15361744031094,-3.589211869484373,56.28297398880477,-25.350897750057527,19.55672612083663,-67.28950561022724,65.43704743942763,27.74631243047105,-50.957294702149134,6.733036673497139,-72.78819215006365,-99.07602755943702,98.74299128486899,-13.404013262540374,61.209951647479926,-3.1725102171832162,62.76318353881675,17.187987680625255,32.92688184596929,40.50346756844161,43.9661149803901,-61.29581322953099,22.03267760598557,3.6972570205352326,-84.94838764040458,68.37457487071413,40.92081102173171,-78.64432884979111,94.5425603806521,-55.66095202316828,-46.79195613406275,28.693045183487754,-21.364387526321423,-18.266596141773334,1
77.38498004185391,19.80220884271351,-37.151695900099014,-34.4546086635858,-88.23909322233905,-40.5161751541802,-84.45307295036766,96.06087574563188,62.646234111508335,29.068988081416364,-38.608739383041815,-42.79048067644622,-93.91729535571045,-17.419878148386744,43.411625038461864,20.164800361628735,53.98171945010597,-17.921210420401778,-60.19809996223824,35.34056313428056,-91.85678617703333,-53.59312537673022,89.83084368777506,24.270371726522512,98.14702475095802,-96.91768011431736,-30.520830361816678,-57.63371610018568,64.08462485610661,-58.899962954770224,-73.40983057154503,-85.83352910176727,-5.2937462522288,18.79047797802052,69.16779037245732,56.01381418465553,-98.52415765118457,-98.68285905584344,-5.578269501490524,-73.72414609128946,-38.68462049254842,15.457464506049234,-59.61079285395281,84.87637568823268,12.755753351360369,-21.0740409048542,-75.29605201630052,-10.223234280501543,-58.95366742834116,78.44142079513554,1
-48.64468645589841,99.71216131712572,51.29553576808249,26.386592570288897,-84.00280841186067,16.94034090719711,65.2677855171406,23.489226443072496,69.21353757508919,36.338614708791596,-49.348165205568066,17.475268129727468,3.626269691529089,83.04523213785777,-79.74576044735448,-82.58063081259597,-51.32184355055425,-30.210979638521906,15.060330751106491,71.00424883626121,2.0807438764356903,-43.52313018306661,8.16920982305065,84.86801567575287,59.951740142371676,-24.23050361794654,-12.464741093271698,-19.403418528359566,4.90339714587094,63.00134210845724,55.290232970699805,26.766551568445408,72.46672172645029,-7.583581835655593,91.36099970046627,97.0550492754673,-83.96568640001112,3.309461244381538,12.805221460649307,-58.28043569969683,76.53214936363065,-49.10486188008931,25.465783905743876,-8.462641533960252,-27.50896164305827,-98.09723175352329,4.373924586543026,31.937516827133607,53.332275913003286,-77.04403423194562,1
-57.6508275895161,-97.18406734342186,69.75049333376865,79.91704329241915,17.293554408109443,64.01155799493282,52.546366683776796,-14.4251032568731,-4.689283641712237,49.58550741286322,60.93890785211613,-20.440832252452324,59.476413448545145,-32.98600708258839,11.851431562040474,64.1965085223213,-94.0477704665444,16.131322069651162,47.57321773186834,35.62171448456306,12.384003564948529,30.94578119818408,93.98040004630909,52.185707676860204,75.08331489485093,1.9881516653662317,71.19722188077222,-47.216292987379816,72.40397549274621,-75.05204651405984,63.843357069160106,15.607073168649777,-91.0128907138999,78.22660786143206,84.87519339387427,-32.24506269978097,84.89744843534143,15.04921060171786,-84.1292458639929,-7.664361247150026,-22.303365167767026,89.09729855289606,21.34341713466634,-35.60338116582864,-4.28632481183719,-9.276974837985335,55.96743578055802,-49.317618649556415,-49.96957572165832,82.16666313413944,-1
-34.96333559465059,0.9822902500278445,22.462257768079354,-79.97134245232978,4.978056551030122,51.15514782646636,-74.98526121411287,30.161248672597594,-19.88524984464557,44.066881872540165,-29.689414508913558,6.9660539403462,-48.863024700416545,-44.347104100675324,73.63804771759621,-44.03634489093247,63.248652593704264,-59.963119922948515,-29.222283181733502,89.21510012111096,56.13547815665396,19.58118881551134,-38.094170826245,81.64229770303388,-60.63937583744543,38.41858590327155,72.72414266849731,-87.56407818731495,-30.668533502927048,-49.76413901345753,86.70235579084539,-77.13648124686429,-99.77811678595529,81.66729553578139,-75.84451561283308,-14.806643493186925,58.70045726869907,96.44741858025472,-92.00994575757709,19.377018673577794,67.10435021785068,-23.123607028989483,70.58847742440491,35.049921413744244,54.24148749614753,-3.5463566101527846,33.38843829238459,-49.646752664375946,55.05840801927451,15.78749587895139,-1
-64.90167452372853,-98.09220919489101,-15.598949830855389,-52.70320281544916,39.47670481752937,40.38357869305332,8.331909833073098,-90.70651080755216,71.98886079343589,-67.49303347044983,-90.97192435719703,60.49774930662767,-78.41996955602079,-85.89619023151842,-13.017897205733163,23.553572902002614,-83.81034153468114,61.57915912485717,29.73967314710498,-72.34669505802655,11.846490538527817,53.04020922122953,-39.507676769430766,-28.321660817240527,-19.60150114123209,-91.46405926135144,-54.818306073939716,76.16844840257639,92.2703653146499,-5.127383741401985,88.63977259010375,86.11303287798427,-43.31764513032037,39.66230324798914,-50.54791123237188,37.757722296722505,4.86614073337978,-78.64902487183795,-56.47184016216538,-77.82278471421806,-53.26409554232134,49.247395646674676,-2.331753450378656,48.75198794324868,-42.251141676032255,-65.12237257994325,-2.1754271812283434,67.38654504510512,36.87382221301942,-98.65555948923814,1
-30.824507852428525,-87.67840294150615,-27.97645690219923,96.36160454356539,-17.667778966002714,-22.579168326225414,-81.05228013949606,1.404218677119644,61.06871950974238,-24.018213255233874,-81.11097625775886,-3.721518559091109,-35.39690474704473,62.22701362814453,16.123170956809574,58.76585166867682,40.950135788662436,10.032765404266257,25.92046349112971,92.34818457512037,-69.35621745263107,-33.008770420034494,16.126576276473386,73.51775318070707,-24.154706993197152,56.59301192085451,83.16389598142425,-42.976093285593976,-59.93944487130476,-27.795980514044146,82.25876797535074,-31.76897970110386,-1.5855985497231302,-36.104466308503945,73.42978012147265,-44.79034427586743,-26.601910314396633,46.57057447834515,-24.054249779117114,-97.26186328828261,-3.2439893830221678,-35.433159617678015,33.65576301232912,49.79341151785658,80.91268153268285,-89.84860056757833,-59.7868411499346,-63.65970171301591,-2.4945558247097495,83.37815184081558,-1
48.45844629738943,-62.766992850785954,86.14515890907944,53.53508660745584,91.84771693009509,-90.4718113174524,40.49887169883749,-76.59464537631109,20.167566963216956,23.58540071310553,-47.23290118721049,-90.55400061822323,-67.91883280704225,69.11742022884121,12.74782607504234,60.048306383919794,-11.03158715195596,99.9592132076215,-54.37026301500389,-18.46877015492791,-54.38099843402351,75.02306575981274,98.87326375425133,-32.675885987615686,50.110609523406936,63.15586923322596,-85.78238992919809,49.32866606451512,81.85789677945229,-97.81697788526758,-43.483271645661034,-32.06476580291857,-87.20165319270679,31.535529112458846,-51.10111698755367,-59.711155264234876,50.77508195226761,42.97624085926316,17.96328394009359,19.198261520460107,-53.30480626048908,-96.26542561648814,8.511683168534518,49.59083183454322,64.7262873170464,11.283508050377392,-99.77498233140045,68.38953336821433,-57.6239709397377,72.06228208143884,-1
-9.199675760777026,19.423324003100674,95.8476336639969,-5.682586708169481,5.30530663503508,-32.7396453091864,56.46968884570077,-72.35847072767834,-21.172399178457837,-5.394320121387125,24.928117390954043,7.524221526444393,66.10833597446867,-69.4001816173682,44.45642159116434,18.3274593482561,-7.17233593077593,-88.44008094068765,73.82597729215101,17.08578037522628,-63.071769157328085,79.17727944089205,47.02572398361474,38.85705397417186,-77.4200268268573,72.17971552482655,98.53425904685673,-11.250569580949005,73.69442636925146,-99.98808909264486,94.34102001620778,57.99719843795353,24.045805706443588,55.8037777926248,-73.91501580035609,-30.514841361991316,21.834299317951718,23.506910909304608,55.22765866600321,-73.562993747033,-85.10344375276344,99.9950057069428,-25.792206136252304,44.076959113618386,-88.43486046398866,-63.6922101373834,28.043968591747415,-84.21416104982966,7.150911486881711,30.533944304596787,1
3.4892703510082583,-89.89850583354357,-37.09078047932848,-95.38944331095797,56.98243089014582,-63.90865664366383,47.74219148006162,-86.47959374417908,32.49985225252624,9.947270359251561,38.26396576407794,-47.9607295008706,72.13042285325292,-98.45596774139531,-62.48613973589809,-7.1914721082106325,-60.940333963148596,52.10590719157355,6.7831759126825375,-2.76382885509598,-14.913082995031331,91.60487004465216,98.06424323372318,57.850402571998615,-26.950768409342388,89.45041142751609,61.62570675171705,-11.563182103230048,13.505735175827311,-3.114961006184018,80.95069773947813,63.38783941736585,17.69910151889465,15.018870188643675,-42.06462680603751,78.91686659744744,91.32104320872901,-23.001409267473633,-58.89044960584988,49.547640524816984,77.62307928097562,-93.58637471757143,-3.6651121955623154,24.151957328402318,-28.46313783041603,41.628101822078776,-64.63037849499852,-83.38824783694578,-84.38100764949075,-61.42727213662917,-1
64.7104453223638,-28.55160636597276,-2.332371200936251,-74.80442783616634,-39.950230616772295,27.96357191970533,13.199270439848803,71.63756274206122,15.079418711510016,-48.545668878807405,-27.22504018148615,54.956799042563546,-53.44652806941599,-96.90242682119523,7.002134988245729,2.314717210792125,16.4111324442092,-33.04631255425008,-18.04317821852817,-56.926825334409756,-41.25161890510147,-38.46463385104344,-4.672108295234992,78.862717278362,46.802495190025496,-48.862541442523685,-16.329181833957307,-33.613403704744755,-99.73621145997662,21.62020534606333,99.47272238578873,62.1366059629307,25.962357349970816,40.7158152380845,-25.597610710385126,67.24563701589034,62.55493203194308,-89.38777243873788,-23.130170305335525,50.348915876011176,26.960105302852995,56.05117451010534,-81.1655737397939,-49.361355792230086,-95.8399164615517,47.16388600710462,-27.14427975667502,-26.12028196761807,-52.436579377826995,32.940503149823314,1
-60.091509814170976,-66.35268417830162,-37.46873712895611,-31.065371797490442,37.21519285243397,70.27544105721157,-55.469371449308035,2.493682717695563,74.11979854700704,83.50967689775274,-50.472450095664215,82.56432995432485,-5.0902281780929854,-39.951034332894466,-39.296898428142434,82.05611572064305,-97.92720656067083,5.530685219279661,-5.604898419620824,12.093457905265012,-60.635538041140165,99.20843866870703,-36.23210265869579,23.964601070798835,13.766196180047302,94.09120132778017,68.46580227492066,6.36338658294045,49.31821904196599,81.02946882862875,-39.32564743314239,-53.55600354000756,-7.836579451489058,-28.651357862724595,-97.13344358593442,-34.9627215872012,63.841867248915605,34.997799356502696,-40.66915959105517,-53.81198675943071,-36.01652406941736,-90.84457670134253,25.63438301783323,18.621139171093787,59.24218591037999,-57.66059397276473,66.40239601099077,80.84990041059854,-80.04275822381719,-35.69597411454282,-1
50.908574816936465,73.41203647578948,-1.63773553550881,36.88980969263943,24.614206680503827,78.89375209508879,84.37518409956598,83.32001515646715,24.552422793648063,80.98632161175144,-52.411430778130885,9.230925154111546,34.45194375737958,-54.34647532845291,88.9168541378682,-17.973583388164045,-36.642480065138194,46.86858951990095,41.91194266293746,17.51950272286824,-35.372388804125094,60.24266457843356,3.6276336477070856,-57.62974214633771,-61.06915553136525,6.474668685753386,79.67297783200164,-83.77876771384231,-82.53967672538809,-93.78788395175522,2.229286422502753,99.44225514407356,72.72327533007865,-34.03825322399152,13.856804843005605,-40.4729921125506,65.2691534672523,-69.39084314197947,-48.3413895480797,20.84001731468821,-67.96887988687959,-52.698547430505904,33.008012520429446,-42.175679761521856,14.609169377547857,21.640436116876245,64.1662724327436,16.733828321577064,59.932721223124986,42.5569158631711,-1
53.212955307060525,-24.01514180759709,22.808721394512716,98.35727105758596,-13.368356130560528,83.00535611847909,84.31291514746894,-35.34461550636763,-95.98351386450045,96.42228105899596,67.74249616063534,67.86193568846531,7.037241251881014,99.43510851227774,-41.01212635649387,-63.39013417406682,40.278999764805434,92.47766187573853,39.10064775290368,-8.998412259910737,-3.3497952365248977,69.02401009445725,-94.48639676587258,5.575078450402373,60.54272955029779,-0.793458909743535,-74.0235267349834,-11.275244939350245,33.83381632043856,-55.69910212201752,-0.9112366747168466,72.44107219570381,-0.6715955668238109,-25.504136142940936,-20.958878487956383,-27.866566978439522,-76.96525203648747,-5.995799293512661,-3.636222645798128,-69.74686066507212,4.718178720804374,-21.148781201110324,56.38241912223046,60.34369402993599,77.74548406178349,-31.621225435686412,87.07294372994866,54.70534534789638,34.952378536945645,-45.96826749229015,-1
-54.923746398646834,-67.21365580935945,16.544295196755755,-95.38207546355983,-80.21143558989532,13.923593517152028,-61.13486959555006,75.96629922399688,-39.05204875709683,-28.54308637313156,24.852456444544487,-83.4644283503283,21.771588173680414,-69.52157415066466,2.507723579296922,97.11406447488241,-0.3256066778751858,84.89299382240259,37.00091276869733,16.793376294897186,34.50244013566254,-39.86098948319157,50.25256257320598,-48.565028279918955,-26.187298820968664,62.410994966914444,-94.53789043101676,-56.24174935741759,-43.77675208640013,-98.90623359774268,-90.2107436161824,-84.36765308581596,75.25905538637247,70.10404304792647,97.85049634939324,-28.74330300753485,76.57324371935064,-81.5987611180707,-43.14040086168747,84.92545422642812,82.8767051125428,-11.926922897887394,-38.96755994938512,14.866761113854892,-76.89130914158211,-13.52652900959552,-96.63490935193417,95.1897845456925,49.37136145494219,-5.1855529144798,1
-32.15186776523274,39.94261543086742,-21.83329014655564,-89.40424133948062,29.880093475498683,4.138017508810222,34.28261993441896,7.812378073136259,32.8382161763615,-63.66718515971059,79.66862542118523,67.93130131404678,-22.00152744929538,-97.04930781728814,-47.61864692868145,-7.8133514071071914,-1.4156743653785782,62.61337383984659,50.876658960476476,64.76027247849828,32.70997386877718,-22.921270553708254,99.86709710860316,-1.4630844435488086,21.63543614152053,-97.89030035585411,64.15631703846057,14.41328899121011,98.05731423576202,43.21392338269604,-68.57205076993662,83.74504154075447,-65.15396364551162,-29.284637390461654,-59.85799937625909,-97.80710241841686,-38.97678900452715,59.35176469731863,-79.16515297148945,-52.1750223698386,-10.541020299676589,39.76774011921145,-10.545403052051029,-65.2164954245743,74.28144287335948,40.24878382773929,71.42981388501371,-84.17896828855602,7.078867360973803,23.17346767548986,-1
79.1379888533233,62.58568107878742,-96.13911665642667,-53.98547577925932,54.455325140388624,6.72972362353741,68.69538703420938,86.04474687832041,43.2176069525091,78.19310090795233,-76.87055207988958,-47.66938257435911,-98.57447598161986,-98.39663702258417,-6.670452862211263,98.46179489962398,54.75199355278815,-18.27073485788644,-77.41584363697878,-83.94531983598333,59.27656129464708,-31.67864634932984,90.98073075782952,-97.62056314194017,6.05941947194502,22.53403804842644,45.50283425744905,-68.48889993916075,-50.41888916377801,-17.441773303600087,-99.57420957331216,-48.195640590441634,-86.1689085188572,-13.292799144251276,-87.65902422555374,-0.20979842971762253,-5.535573975956481,97.74972969053005,64.41011317536837,15.73609890736303,-45.592153199769456,51.59979661933261,-77.52675846925328,98.16458245272415,12.2376555280931,81.30832280333067,6.478747926916469,6.205056426812277,-64.04170683077845,-74.46543115578348,1
24.77916725832769,-55.27949033526578,-58.23259590960323,-89.48262795712458,97.87100302550382,-6.805234730549344,13.857295619226846,-82.44885483260762,-95.1794986495678,-2.534048850154207,-63.06332960700565,31.11236810786363,-88.78980701455777,-99.1184700663599,62.43642506647453,12.61394369816928,95.52099306175472,34.602620307572295,66.88772395441802,-74.96646856424958,-92.0298933365774,90.28183496289225,2.5661233480950045,52.45783881160551,-60.85484059470967,-68.73883497454112,-0.5200964544058024,-5.330139085711295,37.941655274091715,-6.526535498732272,-80.4891743973052,-86.69690256280936,9.419705917100558,50.05930151332035,73.76797424269864,9.509638968854091,7.4744052003274675,-97.69335571078518,73.45029821030835,-31.433555080773345,65.80275611374367,98.37238368867199,-59.62222716568819,55.663667336442586,-98.21883738247348,-66.24274644954681,-14.98541157110536,59.11428945334208,-7.636314688668094,64.7383236057305,-1
-78.0273772518434,-89.01902181784513,-16.032243528984665,20.760153602437796,54.2088595877963,-71.65837809313072,17.724827985462838,46.385271501398734,-12.743221766367412,-83.58239685388622,25.196601351506274,52.65789951272964,45.027556029083314,90.23306974597341,0.35897317549611785,58.21096597832246,40.281792055832085,-79.6708644332092,-90.83437928691154,-84.78452145841825,25.042173816919714,-10.24841227674655,-27.27917726902838,-13.345234669942059,-56.023273893310275,72.08618323181051,-29.264188387017384,44.819885401934386,-32.502165882779394,15.910506395574274,-7.1178373587927695,93.95082746189243,30.19687586994479,-84.44104739048268,4.1382680538227135,21.85881248521322,33.569880204160995,-38.58351914178375,-0.09562438693897946,1.1909122582196119,53.73423753409972,-41.15216580148431,-60.287932056903884,-54.12249527979329,-56.29685184582696,17.222970696133515,-76.57760753881817,22.705553454590913,-47.74651898329534,-22.252759885619653,-1
-85.36081524631128,-56.46004022855351,57.39136209580829,-36.73321816228956,90.37676115222612,19.289117901572766,-95.72941734909716,-15.67827859990227,41.93338991686207,-53.2487298205585,-73.3784950167204,-36.12365678293359,-23.957645791272355,-98.7047261543982,-21.807784845199293,-59.76911847288564,-93.92697960309735,-57.126092819333984,-19.599656571870923,-4.925095077903023,58.917894652414816,71.37116592200087,30.76105723755967,-10.926234006620604,-98.01085608720288,-60.41955061957,-39.55283525241909,-10.260461048623341,88.06607383100243,56.540275667304485,-2.133125360015555,9.982745061503891,93.48041438405284,94.22449357276957,84.28625716806434,-90.4898760642389,-56.727442524038985,-63.76417062939588,93.07563156195494,34.80785049459848,2.025378369734625,-29.754362780784334,50.22896815596681,-20.670768903048483,-81.95609537745835,-49.41922514092136,8.380233444718144,84.46414533954524,34.760746478703766,-26.3047623137835,1
8.352192853512648,-62.127824841627444,-99.73327210184159,-7.789333894562361,68.77041164039474,44.60179500002047,-10.769843501148117,66.47736670994081,-69.95052708217477,23.2769000398453,73.84124059205033,-25.483368937104473,-89.78092846941144,-73.75756999978478,-74.41762261513733,70.99279744211083,-13.696966853597516,44.19562294894533,53.482110838288236,-13.674692949939043,-56.40818389752167,-43.22529812029945,11.644792863428293,-72.55488237066625,-98.17166038276326,72.46696356174061,-56.58158193293743,-71.90128064467757,39.760919372569475,-72.86874731888122,-34.97959018536744,70.66073110276781,-27.66936408771015,-59.9323153793232,-70.10135216378524,44.718444662479556,-74.63181502861416,-37.11914453269076,-51.20931023411968,-9.217361678342726,-28.23966902199335,-55.27907915709947,42.36169998147798,79.89932053641255,-68.18813226385221,-50.77381842131415,-31.166538454306732,82.51279829888747,33.85800077638922,4.1390999441047285,-1
-75.72301211551422,-84.89458279482263,72.93182277797834,-25.1574408521884,-33.69446179370061,89.31911829964449,64.36181057745011,-32.75397283588029,73.25899200435171,-22.428371995928956,11.29938366467971,85.47510632105744,7.5582425115640035,-82.60359401908002,-16.41314775329994,38.796634013072804,97.99738223141395,-14.422140413837852,-25.929483836179372,15.352367983892549,3.136511602266353,-81.17928618040176,-61.64213205984475,-19.51323954467739,-97.95600324603788,42.06602830088505,-78.03194301564088,9.92157731889327,81.81670001396796,-94.92475324893499,48.31053292181883,-35.69515394280782,-26.68774895598773,45.00861303328716,-87.54674173965988,-3.094408699197018,-55.54946991189558,-67.9667603034681,81.7120302672223,58.93297044830828,-51.43990966818415,-92.31148215844168,-37.93166791602553,-63.78859753579358,-5.743125468280994,87.1670470583974,69.704530287528,-87.07877678172227,-24.131024820557556,-21.904580492937015,1
83.28410890641325,44.9741707159761,33.98852267275325,-29.967693606393468,-31.543631393601117,82.37609277549188,-68.05156731530448,99.43508075335345,45.71127637813129,-30.80160480934218,24.19476724599201,-87.4121302213695,-78.45572519361707,19.358491195200884,31.42700716436238,64.65888444439074,-51.26753502024346,-37.17279063894878,-1.9266064448281384,-77.93615012593878,-42.42120211280622,-74.82580429967946,-13.700602345931557,-98.62366419222445,-49.353880694441735,10.647597454149633,-55.183867710669965,51.69551409403283,-84.76819136008268,-23.263244040845365,-10.369865729147648,97.10006541727617,10.472303945343114,-90.99006489469616,24.43016794103856,78.90705609147105,87.85403706585043,-22.27461501341135,-55.87709653706106,-66.87710885041417,78.9362531910702,-64.3781520440852,-91.81415579388444,48.39551835943291,53.17702520427645,-43.4225198701869,-35.218858413314706,53.00215179136748,-40.14550039831464,55.99288183022006,-1
-18.133198736991403,-21.952290083200992,-11.97115869241263,64.52498553571203,29.503797459809164,-88.2194969576044,-14.403588839638218,-91.19299803700547,27.633780124726854,-30.849554597858813,-51.66602509884088,-4.895428886080481,-7.111642069410237,-77.45880306267232,-49.64470391776976,-92.85767373197886,-39.756234769173474,-29.27830410625907,99.90998971340247,-28.500436806993974,-24.365129299613415,-32.03549865170902,-9.699168389595684,-43.01488203462001,-72.01180355595247,-87.90413883985788,72.323394093389,35.809426075832846,71.18233554137169,72.76511528859933,-1.483633664943568,-74.0810364719595,-94.04076886272033,-41.27250884965981,17.076922273673503,-11.857012613246724,-22.98438320907914,-87.90896999982928,79.45737909314207,97.97235513099187,32.38673279711125,-51.49902043724788,17.822731191042408,-97.0514547430475,0.6504826255135043,99.89860561234983,-65.68797530608998,82.12052009974803,-12.708897757955626,-70.15779480660382,1
12.814805766703557,-76.30765898110363,-83.2194916343604,-28.847857001139474,-17.33154717023693,41.976289321734015,-35.32048472934977,24.557889500634673,30.630779036777227,-56.313875070213506,39.988582988654656,-17.537851632115945,-97.80362637210634,-92.283410104735,-30.190069704079136,-73.91712887978849,64.9548915150969,7.567061771747177,-50.96696435705852,-1.0237524678543508,81.3426044162255,98.77793254890756,-97.74387946486706,-90.73446013980207,-21.156135109437926,20.724375791546848,1.3089898809075038,-66.13640203523522,43.463705236283545,-27.674412847609247,48.61811542172245,57.75259528078527,-53.95368020279474,-56.87153039279811,55.45824773251613,-21.73661527622764,-35.531284634513156,72.45548863783378,96.41094250248611,-84.79946681086186,9.694102656436996,28.79914584123017,-58.36580244265433,-44.56215723251778,73.60994380190326,-5.965492897360122,-63.96083488117008,20.67216510794161,-23.871997776261694,42.64470190709147,-1
53.86097872826795,14.037443159960901,-38.50756539329478,57.98654421117601,-20.845833566592347,-6.534140642833378,-3.3505313559493146,-93.44910317666826,61.30727771408101,-33.47004437118346,54.37972167725604,-23.79115096375716,60.48725463224787,-34.80859116470165,-40.4956984802068,-58.20357187637959,-76.36613810307418,93.56564501004948,-97.62855698589081,-73.99255544293162,18.713244692506123,25.142066222491152,38.44689508392932,46.92473850248544,-94.74864327686754,-28.22114288375745,60.93243353801222,-98.81454190439479,33.957202998718515,-28.053035832818424,-49.18363047074805,-34.555925861576256,35.51313022592751,48.0034529828595,-44.487517269042144,72.00699388197671,-91.41066370135869,93.22454810366892,94.63739847626945,-88.1550262629464,-36.41395083684999,50.94225713344119,5.62961305378235,-0.3212684631578355,-34.02461666983673,-1.402377142910467,-6.5565775616164785,44.58426206432134,97.7495732328903,-52.97537416182596,1
-27.785054731792556,-39.76819604291093,-22.326624465690486,45.23622440000307,22.732161481865433,-1.815684304341758,62.84180133508224,-79.22980511357444,-36.25761126105906,26.299711051133073,-34.28958690850274,-77.90538264593197,61.37097134734364,0.9999453337784985,67.06987812881698,18.941524913086297,-39.13819033736851,89.98186525951857,6.895091423489191,53.309002860885414,-99.19121927904241,-53.28325307605797,42.10780859408618,-4.137287859933011,-86.37948262839426,-83.19547282982319,2.7856340645934665,33.29767727768737,-56.42910510423289,87.49717193649073,-90.3834471227596,-44.438562795317594,-25.866052187788142,72.80202998797824,19.91960750750421,-29.631760095376364,25.20133526561372,-22.4410171419634,-40.570618269111726,-87.8146843417118,-3.0681571140247286,-55.809237339720916,8.440822113679403,-26.27945605541109,98.58059116980291,90.4467266706516,-70.87976371456824,-54.018778612678254,-80.47773368677102,9.59224639374267,-1
-81.75877939026194,94.980854562047,20.205175497737997,-56.82672046810229,19.023426164920764,79.07833201602105,-78.54181070161057,29.14444292959456,41.795927941638325,-88.36623843197538,13.465685331340211,1.0140959677281245,32.3883939635038,-7.830571898679821,-32.47860169615848,-28.23273817013488,99.21897647502064,82.8335103555622,-21.34826863654149,-23.903664242295534,32.219677511587946,41.93641340440695,25.221891776741927,46.17602227705271,-63.70728862158259,-17.102975135830278,-2.2950527123476405,27.606875562738864,14.971074985547858,-55.552829674433156,35.47302604259232,15.868495962806392,-47.580979481465825,53.84168074045482,13.162487731425188,-7.189793978531881,15.779930703024775,66.4476960068447,-37.38353646657509,39.35945331211849,-44.064118994223264,2.894075512996338,53.20502791206826,98.98515139299374,-23.149208155479315,-55.044170044428476,79.03296389228129,-89.71961773716453,34.26740905081712,34.14420372669434,1
1.970801910091538,-13.255259433715793,54.56089857234812,-61.681010063115394,-19.57652287040854,76.55076164918864,-31.326726823932248,80.90198796769334,10.883055750397475,-14.96496867734183,18.170160850255115,-97.46024864479578,-81.03401715128427,25.238069037284177,55.8569367154316,23.732369229933894,-51.32593410974593,-81.33414199180733,-73.10028448153938,-33.974612829070395,-82.78585211938889,58.79738162923945,-9.094236827283211,-93.02817988955287,47.10719426032662,23.7987391580766,-85.53272989865673,46.28992191961504,-14.543579375532474,-41.50126209337468,-21.356441625581695,-85.52380009386333,-23.620967054172027,-19.188799955820187,33.23700969408702,-97.70244421318996,-18.547380839341642,-42.435289668224854,-89.77910392579749,-10.107381584025717,-47.26489028048173,37.548337181296034,-9.537951869799173,-66.19483152352667,74.30337982231089,11.317178987167196,-25.607608640414043,-30.5830803878047,5.7675129163893075,67.26232934979663,-1
-63.10474937327213,68.51090029303626,75.55166843854659,6.800461149499853,-9.080778609055983,86.68799784805191,47.324706865432574,47.34346496360985,50.76601569755269,-85.13951323903608,-23.254740050611318,24.34661223452987,-61.103164691397204,63.30784151485153,2.1367700087647705,-94.7721383267496,-66.19343824905289,22.5400924460897,0.17525920412899154,-4.30625368242778,-10.43914841229639,-46.619511894780885,-39.306705697116406,85.60926010506321,93.84733731502851,-19.780266941594093,20.035977790230604,38.10293235933153,-60.71458449161382,-33.73606458813889,72.90173238192287,-87.11772588337672,50.45850694422222,-57.3357121567603,-92.62169220431329,-54.543722504410106,42.55938272137831,-29.57213464682009,37.90337713695055,-30.482013474992243,-48.93312392861655,-50.434750304208876,-37.63739482158754,69.74519400736784,73.02072974506243,44.37538675280305,54.096870495225744,-47.071090005590975,-99.09461071497691,15.958029928968443,1
61.13403059001064,-37.082473317186704,16.221248939579283,-60.151624283076366,46.65513916679538,44.52417499770803,23.113916426389338,-21.14345719768677,72.97069882855419,1.0142253449711802,43.925718920787205,-19.918938524023332,-51.003976952052874,-78.9102263830232,25.430335117966592,91.62515601202074,-26.197999934025987,90.22845085886414,-76.10155126359437,-69.19728557526012,-73.22298084855183,97.58170433649832,84.62293850186154,61.23993341895465,35.580079605666924,4.822680186170032,66.49456865141457,-4.299911936187357,30.714353862301778,27.664050909944038,-25.873596252727978,-70.23210589514977,-14.038500660024539,-53.36381369423122,-43.195751138024875,61.57027636297806,1.6847760231947433,25.38255924296125,54.47211341431151,68.17519769880536,-62.89527201918557,31.41021415165787,-61.48151639845081,-26.50869930918303,-70.0044145471961,70.15908060124679,-81.53137499992991,73.03885497778575,-56.39191882614567,-30.796066806877647,-1
8.447441098369652,-13.064370336705949,87.35478990460038,24.26041783441977,-83.70915705311992,19.390243432147145,82.24913549162369,-73.62964069931508,86.87331279838014,61.01016069653451,-37.45994975848321,70.71955897789951,-40.58515540123362,56.77072899767316,-30.454292188471314,-60.48880551647999,-79.3436373578184,-86.12506825760502,79.07723292070236,38.87429680956242,0.864688694475447,-54.341308604183205,12.918053596229356,-70.76315338630457,-26.36934461046539,71.35957603323314,65.03313284885203,65.80785685219979,-84.52736997534436,58.73753586538464,44.0436798214329,47.68488727418938,90.64867228853535,89.62640060379715,67.29437208696055,47.61119287693131,-95.65376334602409,-18.156013796543164,72.95307844673226,75.14911945051927,-50.40095012183174,57.18959286787813,70.61393961324677,50.41878524367979,16.552882979142197,-39.39622258258044,54.98726760253717,90.50265512718946,-2.749918392758289,-39.872587721758194,1
82.96918021362,77.31908830047968,14.990698645928276,80.31712524197258,-33.1013331976898,51.710149494348485,62.09750501406825,82.61397250115877,-15.765748999278273,-98.68088531608336,28.152726688961764,62.029264479790044,72.96483206543712,99.01240234097955,86.69892380599634,91.57892912652366,98.9245460026954,0.10841116047902233,26.86559891832887,22.57247782994949,-53.827067638692114,79.82033633384279,-97.90938224134756,-41.8647087810289,1.8366433735219374,-18.60060998537847,87.22012542665783,61.056528169324594,96.90990593028525,-74.45318069777645,49.83381543945953,-50.05159850751828,33.036754298790186,56.01920165252611,53.750402209837944,67.21731514416223,-35.706157207529145,-45.59803489183749,-20.19642626311564,-68.71881289575708,-21.593753665270384,45.90953335833129,-13.919562348135756,-96.31385899105389,81.88052613797453,18.786421961526287,2.74443409963132,-16.793018654280985,12.735157292411856,30.25786673778933,-1
-69.91662177929436,28.781591413552945,41.18732354232401,21.824124442659382,-0.6447648824544387,60.28833893390129,-99.60759633780893,58.13173224231974,46.38890714244772,35.38862584138823,70.09172991661526,-9.122836475342552,-72.05271753422191,-95.28149079400694,-73.69921761383452,-72.99319521124275,63.883579782569456,-54.70999298819332,99.78325030007235,-93.49610537628561,11.901399275479264,-26.342629514912602,22.50838461683189,4.800495266523569,60.7550523986323,17.177642916625643,70.04705060724106,-81.66634043191596,-43.51098697339548,-22.56700797501587,6.895982980214114,-71.96115110652278,-38.0994719411206,-48.723719630379094,-23.884477644993396,9.872210846139382,-8.338221229639302,-42.88384212476279,-83.62969242301321,74.15428992382539,-0.3989538072451495,-86.92045560995663,88.30501547078015,14.319518340409914,78.31167530353989,-0.886714841893621,55.509579302045125,-52.83421884063901,92.92994080790274,-21.39638859610183,1
-81.37944643882015,-33.56549558765349,26.080185207199904,95.83064795029773,-89.72778539345703,81.97417481608943,-27.442795402600638,29.513273152451745,-17.043507738953338,25.03500166196966,-53.12102283329045,92.13146554655859,-50.06135019295235,51.079837725582365,71.07203711794517,34.21912656109757,-89.93138535484901,79.29715395370042,57.56820480217067,56.195051680577166,82.76099598810532,64.8019017571182,-13.758390891525522,96.0312967894657,91.66938500187479,79.82817693790133,83.54090524980137,18.017538647195934,27.1871229293522,88.71296562119895,-67.91574360910388,-56.05908529437731,2.0041946631753405,82.88815179780605,30.885519742186375,-91.69669681670874,98.49922381479729,-47.641333806373474,-89.1726712236686,75.41293923662363,9.143500471173851,-0.426447177611891,-92.9181012773613,-48.994839270296175,31.244471793925896,-2.0752109410932604,80.54237044170549,88.22375286055967,61.47896545114165,58.5001951662035,-1
16.117670055608684,20.860883964295766,30.175767499155455,88.28513436357593,52.091287871973265,41.38582703763703,-45.70242277148884,48.784116293928236,9.77781269914746,63.42026403503189,-25.112590806126065,-76.82596234282899,61.935148478327704,-33.59859265850682,5.5234043455709525,-89.28704354220942,66.44894810468008,-30.60533689713607,-50.31903154284729,-86.7463880791883,-99.00078751252744,56.4539153492162,-63.681895826576486,74.96916481238242,-10.244885810380083,59.36475559697277,-61.96900990460197,83.67584625229068,27.251625252359716,21.436114449597838,9.456859788935006,-37.78520485691137,-43.0332284273798,-5.62932775197207,-66.37789418650146,57.28580320116595,-80.15840184069933,-99.45770497759581,68.65026563455791,56.86563843469247,79.43372348110799,59.196055174027066,-49.21312586142681,-37.036583613007565,-33.2832501579728,27.148883899741236,-76.38740225154739,39.70279497176932,4.4562574312211325,25.79297856055777,1
36.60135468327138,56.35596518574525,-7.04315881249984,-2.4944859190000273,-12.257690223239905,18.09826913096093,5.187375002808608,-22.692141572330456,-59.341287151667686,-82.95393780253038,-55.14313107795139,19.242139971235545,42.09163785425639,67.3336639391934,-49.93688396954572,-93.23215576463552,81.2835723002508,-88.77560352924951,20.762167965930885,57.08678899852538,-61.152190570016444,7.508461444500213,-19.83523809532572,88.13873329989397,-67.84414679302064,84.87393749769794,41.77845511986871,31.300886996405183,22.54464429367225,71.14885672624985,-81.65797695877566,21.888757972264443,19.989989330295543,53.801743531201225,-48.14746184615804,72.47814530746092,17.394601701557974,67.73471878194428,-19.185963979550863,24.643130878610677,42.21522074593008,61.271095392787515,72.19497827430234,0.5698518716209122,-59.17131387236234,-80.4377739646169,-84.29330376899422,95.49158333616674,71.04460120331831,-56.1070546085205,-1
-93.71416286265315,-10.18429717302483,94.41919864246219,-6.825654218464933,81.15441915710525,-66.76181607689765,-37.913149363453115,73.38693078915975,19.863793923225813,12.647710574256948,-19.8746667724577,-56.56191059161333,78.07581693734966,-99.60965733247447,-17.163567658836044,-49.23861890821408,-81.60656323086313,-67.39993296680969,66.21827985397263,43.43527941904517,83.95044758017411,70.93236327546725,93.36114144110368,-39.236514182018986,-35.95670622753495,-37.15446411370789,-12.946711396861616,-38.93435712340243,45.164384055457106,-25.860598552859557,58.10210991080848,-12.383339467224246,88.41406856383955,-78.98463496788199,15.794920893899217,80.66346106476169,-36.013910723772355,28.079284534098093,75.15111858802803,64.59516563678147,76.20703149155003,64.4647968814358,-41.96868630221604,77.0791121908141,-48.77319515332141,-50.94230852023078,50.12989999193397,-85.74784690798553,22.387133310486746,-18.961698850065247,1
-93.29351305284412,74.94872993131321,59.0574089594445,-72.7544443363102,-27.945256053397884,65.3085312144753,52.2428381303277,-74.91694954563405,-30.431513612975223,-25.657778841314098,-19.7062537671965,-97.12068535262767,-68.15191987042004,-62.46629303689968,46.63425025697967,-65.67395109699162,63.359107403410036,2.9066242185685383,-13.477327336058579,-80.62527675032231,1.583895251030313,95.63294750499091,-26.8716907585421,10.079859658298048,45.45707880126571,85.88346800497163,-81.04115843535354,-2.390667253072536,-37.42389825609153,-74.3536639868881,76.20536279963383,74.66816031531133,-34.289031133973324,54.21305856251263,-68.93356826180627,-82.4023267452928,17.81640667715716,-18.678496158889374,32.44077776398515,17.037627066918446,85.53557871898363,-99.29511955680334,77.39835552625561,74.54376898186615,45.77939298921717,20.122565839046658,74.48984538006181,75.48372091605083,-86.66239799656435,83.96275446875262,-1
62.36134367017726,49.84343301817964,52.166206003890096,-66.4594448020546,-85.28407236804969,-20.163500806179485,35.01373533739752,78.15150017904082,33.64256144999999,45.161010343064135,-4.290662254896887,-39.71287237389465,-67.31149693383718,92.26750982045334,-61.05624693179254,26.78929363242905,69.36749519197309,97.51294328526413,-34.79960279409528,2.5771085977158066,-92.20897760622564,-15.829251500922496,82.64897073913298,64.94385136049777,74.2130878718313,-79.94400657049785,51.15301202536159,-18.487436100549303,-86.63933103366965,33.088775727023034,-31.66487232869484,28.9600132440045,-43.66704093196603,-48.87340949112166,50.78477053479071,-17.04750748524691,-53.294044676749984,77.67415074701077,-37.04103925565414,22.345639180484667,55.80021290577571,85.29514291071249,-39.514701926446996,-66.5184414001007,-54.545401912525705,-20.924222715284913,-51.821642055661535,69.10243530102304,-11.012914486071026,51.27920830767542,-1
-33.56179337687908,-69.90090038548288,31.98485905181198,-29.15586439314481,55.11362956188634,41.66941589965151,-31.325812655501053,-53.076561513937826,-63.07314103818331,-33.00952644650894,48.74472592549009,-51.891793373016284,-30.574514950764183,-78.53610264636885,35.74792099383234,84.57453922414521,20.589545319122223,6.330757523317729,-59.916507073673195,83.54497359729442,92.63518248995936,24.962464899141906,78.4416164802791,68.52441844110209,-84.1487516395914,-24.334675219071926,95.31974962363637,-2.2720743958376772,10.926847901270548,-63.663801544472484,-2.298908011505759,-4.013656053757785,58.50487138967483,91.2481737404915,28.63390277590861,-76.61602040762776,66.23164487781966,91.48145851903897,-14.93535026927529,89.95753707243449,33.14857095251537,-70.5161632848327,15.484877677281332,-23.421056398510643,-25.98433027505888,76.99282495796834,28.084375344675834,31.442735097114507,56.12365229905021,27.669949459934486,-1
15.455805846626248,-85.48504039105785,31.118790248967855,-4.014862199121197,73.5377754362284,-17.644541887528533,-44.310677862743475,-44.55916286861144,-12.070919639700776,72.19673983564789,-54.894669517474725,-64.93425864287632,84.96935244472493,-36.05641511047195,23.494259456175953,-68.48411130428423,-8.03843066118884,51.80014057411685,6.031061479073216,-49.41799685441028,79.23170303111894,30.25481785482046,-21.806284030571362,-73.54932859872274,-90.54553021857774,-10.244959716335373,-21.105661157312298,43.66731766945142,-16.221863374522982,-89.05747961685668,18.472106356907787,21.2522163461327,9.369995331504583,-30.017842937007003,12.636289603877259,-27.39682662866261,-31.168501039050597,66.0259314690712,43.590764182909794,-46.726088818317194,17.899301883504393,96.23478947996972,2.47327623919287,20.69996583763765,-79.45786114781801,88.87976346965752,24.638774154094236,95.20111808755593,44.47960319693104,70.82599235438028,1
-33.04219162186416,61.2033009206138,38.042155339893554,98.91311364171534,48.49921210147298,-53.458958212175276,-29.620997683159047,-63.91379310198859,-18.241065398383796,64.18437457472112,-88.65872020046383,-83.03469715516306,70.16290328714382,68.18725292795233,-71.30110238543652,26.080793512582744,-52.10286974365248,-90.99160775850068,-33.27043991961578,22.510120973460218,-32.21942753285954,-4.4156649147919325,-70.10752057090978,-21.204510153541506,2.812103157331535,-76.02015790340204,33.82324089630137,14.668517574941504,93.82967380931913,27.07192807416314,13.679778379870726,76.64715181391196,21.20132069494585,48.10342472403653,25.3162569258226,43.20580753170597,44.57456612702225,11.805544523797181,-31.93407868459373,23.81157815359063,-80.13844339330541,24.46169536706404,42.70678459400287,4.255982774288427,-4.024012769983969,-23.177332670523953,24.718858529674677,-33.133229419562454,35.76183269109049,-17.858432237956308,1
75.9202993423524,-27.971577172212392,-57.025765230173086,-18.929677274895695,37.4476828675603,-70.26153875467934,-42.24492811789151,55.55906658081142,-25.931618421572878,-28.235023808513503,52.82508996117912,15.095944909825306,25.320175949186435,71.47383346340632,-3.5477309937048176,-69.24328193259639,8.965681294583433,-25.077631990424337,33.52232559805506,65.62856742933053,-13.532273658525142,25.098278366040844,80.60271917306235,-27.278049170590606,-99.98862175865739,49.434345001242974,-58.50256528961977,2.9553349433370357,18.117962495884484,-31.556344816732846,-43.13750323103251,-56.45873927480025,-38.17326845788451,-43.64734094979244,-26.801487117776105,68.12428466014998,92.00454218171345,91.68719972081936,96.71504745767388,38.13730272376685,0.4974620301152015,-87.38872351592933,32.42994132233821,31.229495539112065,93.36850694281839,-60.50884609693361,-2.300280043221562,56.99260111850154,-55.22794309734407,-61.64115324977355,-1
35.54464824026408,56.479161728891825,76.24990566452112,-77.56028710588718,43.33437365658753,-88.15532056550069,58.6517025954756,-8.119001162792628,38.79673281398942,38.636653691243566,29.11657648188401,-41.28353395282183,63.69494980960181,-44.96903864188957,50.116123400176235,-25.79560955043503,-74.18290137928088,46.447212485020344,-80.79365286130675,88.37150899631703,84.42936155605656,-99.04991647392201,62.063654431210125,-34.53574386181488,-74.7545425592856,-80.33605023204785,62.73239871077942,76.4115798570422,10.252601924290587,-47.763687071295855,44.921642490771916,-24.23983835837214,-54.48055212262235,2.6967533518912745,15.977930959357977,40.37975623864031,61.486908067963924,38.783768917760796,76.26602451965846,89.25147054396086,-90.33153463632178,-87.57148971704612,-95.8577543314581,16.240866257619643,17.305076911289447,44.22152306865337,24.58250285340324,-95.94256453982322,-65.55558656218034,85.66719791736938,1
-46.51959442849174,-97.02877549849924,20.275242288632086,50.23832729027714,-70.97206134677188,-91.42081809378477,-47.80623040369281,-82.36026930918696,-94.25253966637912,-27.738014835902774,10.742685824688152,65.86825474427903,47.85143233554251,-16.496792748407145,86.05656886388286,-24.814669173128706,-23.355431499570983,-83.24776986331429,-69.666315753017,12.904873429816249,-86.66491438632448,30.4449398578964,-82.57579221541367,-37.84378477252015,-33.95622496102281,71.5624588524382,-91.17323523532717,84.14073534501662,-29.107937062809825,38.79093448375269,85.11977338203255,-67.83909369387158,-35.43429530677622,60.79105862993421,-29.675863302464563,-12.06092628914017,-46.154502172310984,-8.27315081901159,54.49788433407943,-84.19631640075032,11.62189759224799,96.94154847862225,10.990094227671506,-16.647815952489765,-53.792499374936,47.10655703335755,95.86639889647742,11.720520551215841,50.04969839213328,99.28371303226646,1
29.291748327586106,-55.348919786127816,-85.53788504544171,-31.422134080788794,-50.9761885655313,70.5446755669513,-84.02586520074003,-3.7997492572462193,-5.705030545464879,90.32513209465128,21.605418402943414,32.24556604562986,-89.32449411204992,11.212104054636796,-72.65920959982346,86.8468772086546,0.06253299077934571,-45.62967333993646,73.28270462571135,-59.916591354108874,-77.34441215813035,36.86450777399784,-7.948158091562902,-3.3136942093657353,-37.37795796602692,-94.21207550270265,53.40850033191745,30.321315825895425,-58.44872504872214,-73.5431480781919,4.659537878015513,-98.31238417576313,93.7564716356961,-83.01872519031926,-36.20957142280783,83.36641301089077,40.5068827896049,-62.40039125512726,-81.91232869571795,39.313948586890945,53.52994914355048,37.25536937482278,-71.79702928809436,0.3072449251256444,-76.54524876451374,12.780268043946293,-27.702386265972308,-60.716764950763945,-66.80222609811493,-43.47445211673784,-1
-97.72927104651619,-26.664224059403722,-49.64230933062312,73.28302590496486,-70.57593098648307,67.20433168919456,-30.31013319970843,24.689979061131396,52.89516176602115,-16.447283182694306,43.47510352094247,-39.27229520602218,54.20198490839675,18.116624295332713,42.73141967936644,-83.22126868848977,65.11708383057021,-28.213743148614228,-67.01461081397434,-65.90517917715019,-89.55770866027642,29.945806848975025,22.784045397632653,-47.44447822549187,31.87762161506467,-41.96351103456166,-16.44546613477796,77.66546690151245,49.07043794621481,19.19514070678001,-59.7383941751084,67.62647362351834,-95.31213368966414,28.336610082651703,10.733575669363333,-4.658304557098219,45.41578488839062,-0.18424449714990487,15.497429598188518,83.76887898435206,-1.8553689367192305,-26.546344237717378,-67.71697732307342,-14.91813070274381,42.12475800680008,-13.969699491404342,-67.90463522692872,79.03188094218399,15.666057287099491,-93.06639817970033,1
31.7322709879534,89.54656080126108,75.86468497394395,-37.56335663569781,34.57876079785777,-48.66543469486797,-65.87998933868721,-34.574753605727196,-34.8347515319728,9.698647732436626,-66.25588795222424,-21.59289456395213,32.135319120794435,-56.77801954725443,53.95728242152791,-70.43482319724208,-56.735798301410576,36.6872819582658,-60.2148404872773,-40.88112419458583,96.75875935050553,-44.890623300754775,-89.93119989432137,-59.51145164956573,-81.14309512914484,91.06844908138453,10.579514982301674,26.774595738568337,-8.824152720190853,24.264146664318915,44.7370323717073,-45.36675175696321,29.472867488859265,-87.08146361708633,-46.58340089764587,-66.03902069848071,27.28054826763642,23.101077795243995,-37.464393595835354,62.09883268988722,22.225891748850884,64.42109895762181,-62.841543975859835,-49.39010692656236,8.894385212406902,-16.79153119252466,64.61209252159338,66.71048803645718,-80.45026097743676,3.6044071717519017,1
99.58682210666748,69.64062571057909,97.64069854539483,68.20552755148236,15.153716310456872,-48.688298750209725,-68.88638784692627,-0.7523641566121029,-55.4183501141019,17.86694981959272,40.70121212890868,-8.757038034799677,-48.375186712274385,-3.4009111745012035,70.03523865971917,-44.33076104874218,-97.59758711835198,-94.65494689602565,-52.11914938564557,-15.74083872933609,-82.13916476687928,-27.618034613124735,-66.15112888097076,-61.51230252393902,7.15935044939468,-25.716100901950668,66.64447527406509,-34.992425025988055,72.48158394322007,95.0656949054125,-15.686139195116795,84.16807046719549,48.85834032305044,-55.19215558301374,21.58140726130722,28.46079118253627,-25.070842964730673,11.99868722533806,-77.74021174875287,-60.70437192683835,-88.98969543841918,9.430909032680404,-24.31304638968308,34.36542715987059,91.61771976437555,-12.532768213072814,-77.05563429742143,-70.3055043117815,-33.31607149631404,-8.269797690253085,1
-76.27124685168394,16.844957766343626,66.30699448937506,-20.4968496917529,37.07904918190772,61.884507539208585,-81.01459943502567,-35.355234479279346,44.054380556883075,-5.692458006426108,-98.0236958762124,-70.18238571124095,53.18792009028118,-97.32131041992054,35.6936799137718,9.502864069361564,25.78629115453026,-2.5685431374397893,23.999636460152928,2.0911228789882728,-66.53477108063987,-48.903510882480994,31.210246850336432,-79.81077601273805,91.99805578126697,-11.007695426000737,45.260162253005234,59.09514817587825,-99.72332506367827,-86.70017733445007,92.99963931187244,-99.87145642320702,-52.61094034803817,-46.32473139924529,-50.967129197872964,40.48510370712228,-80.19283488986757,-33.66053801561041,85.36067426563011,-46.03221250529308,68.02643606800302,-37.98573664009703,-36.385374353332,52.172322092308946,44.23550146326909,92.27707887629944,97.9768889093832,-41.13386267350452,-42.56066800264009,52.27180402297091,1
-45.1889558625588,-17.774544348124152,24.463071290852852,-12.790155875621807,63.067295498219806,-18.863619899573948,64.06523907074836,35.05349237327218,-53.476601104554874,-76.8298955043459,-57.7659127996194,-69.71620877263246,-30.895854136664227,-31.867424401673475,64.63750900135366,-73.4354587147133,2.832649063141247,-83.70148736878791,-8.123070368022866,94.27543006823566,-0.883831703719224,20.305567063826288,96.17614862664706,69.24065136860494,-21.607501259738896,94.61591088783686,-36.00872850143946,95.110959441754,70.59427691680662,-13.153006110072639,-59.075757830372666,91.84098235466476,22.790710862022394,-73.54794746309082,34.152793338772085,63.97198415236082,-47.671518403101864,-22.113672823372795,-12.872804025530598,85.63615046665257,1.3869901741289823,-65.50297897089928,82.9303550442377,-34.51937649084233,-1.930026524030069,71.40617270800294,-48.244613179098764,28.770525447660276,-49.48689429462063,-37.873877595798014,-1
76.06295242978541,-26.544459743858155,52.44615792843385,-54.002077341710944,64.23855167272282,-81.17204786606227,-90.84650936994613,-26.688242945470833,38.18383522016393,-67.4011384277511,60.72318560179244,-96.31260409296229,41.35779904002547,32.124528025870745,68.76830657326764,-95.60957884742503,-46.40934319842365,2.147151216199191,6.582375772017215,42.57916445535963,-4.73462348325036,-70.19178395560701,68.91956118608371,73.11382673412297,-34.41080155952234,-78.16806233508251,-79.41531997265044,-34.83992417788424,-58.76939750862922,59.176982563480095,39.962835873502144,7.706176838449338,-85.75123836066838,-3.31329569627907,94.23279614070663,57.58183768935922,83.27392149590239,93.29574057454667,74.44189944899475,36.23585123711973,-14.49110708189292,28.509088417354093,73.06093176064823,-67.71214998988603,18.394450386330846,-87.43567756760342,-81.71414085259553,87.07216104066589,-67.87586640023099,-86.24060561764449,-1
55.06923008062711,98.04450692301478,-93.70856095079478,41.57840613958663,-92.08088564018443,6.921010911141835,77.7771346012959,-40.719434226676675,32.89609877289138,59.62450449405159,-69.4611424412132,34.80897155886683,93.52802393516137,41.441678502275096,-70.55115021244566,-14.384730455391548,-24.801113738841508,74.63022547446036,-94.07704274856741,12.297523366038135,73.13561243393758,96.98480467354281,16.438476579910684,46.076876871598046,-77.42534958039127,-30.37521536424248,-58.51081434651617,-94.24357013624451,33.77897552111838,-59.50795821327253,78.56451427395578,16.92133232408483,-39.69903257540033,-22.29116738966073,48.454060799846474,51.521481710225004,-76.10909479770427,-84.1760070578101,10.518635520445741,34.19245721087856,-55.441646264259184,-72.04881260317424,-4.493100828348531,-84.58602226104199,41.7446510275758,-40.16526348151497,-21.356793393514906,46.62770416989045,41.965496000685874,44.54244718484989,1
-63.96827045347615,87.22926708642257,-6.673126009962573,-65.42789500225462,-32.59643756784247,97.10369979142348,45.96978054983768,-29.47770122511328,23.42943620010449,-84.74620363269752,-17.691286220858714,-78.81214363463884,-65.34179242244274,-53.25322555090462,6.616015428948103,-85.57204851442384,-2.0525038676960037,28.527013748783446,34.83383088075084,13.479168235843247,99.90646635861725,36.899657764729284,7.420089434738259,40.46560148439852,81.52526623042547,30.074700443171565,-41.108288735324905,-38.47681048536424,-43.46135360899126,-89.71768285521107,-87.86974531654757,-72.83014641013546,-48.6693354594488,59.31154317936668,-85.40973209525076,-80.06631514350062,-28.734255396644585,34.17812118677023,-15.283600505248089,-79.50437125655587,-2.686659293808333,-70.99903680209667,63.58393462129774,70.446860752947,19.865522676775768,-54.09567827469451,52.02280544172456,17.181421569135537,71.31026250254675,81.43546805689948,-1
10.742297071602238,27.85257663627256,66.56980831828852,6.94794308270221,20.610853586496347,41.85390883444009,-39.0309513866455,-73.48649222746837,-90.73661217066989,-21.559302550081824,-78.7108906506424,96.50673980979644,3.5983670659777403,-29.35498044249225,-63.15354938800337,-64.48050215170599,-99.09219533963187,-15.854460702142717,2.359078212493486,-50.23441104848825,-28.789894161271008,-89.40539874736284,23.81155579613241,2.198395225659226,-92.51512550173632,48.54502887198723,46.3336387583976,84.3883382547242,52.231423529002655,87.28925495785788,-49.2339471464313,50.01540704298256,21.481671031096482,-46.6345319695388,-92.92950558243768,-8.602633960508939,-8.439483198809356,61.74982694909201,69.67440518366809,35.66188559502871,-5.117431370072552,-29.092665738823257,-84.37430382159381,-19.729493654961175,-5.112755371277373,28.27062363318646,56.09659129260007,-96.64426627610656,73.58615076910527,14.134700252721387,1
-83.29501706399626,-49.56360363614611,-84.5025419728501,-22.080950312274368,-58.52440391273166,17.553773532659164,-33.10338183730579,-54.98664683708463,-8.302074974941405,-69.17560315747149,4.266321604487274,50.65111101320784,-6.300852628386352,-72.15950868309648,57.12251694982763,52.28477612469504,-15.73458395576752,85.0663937858113,65.71555565181484,21.685216909995916,96.03660370589293,-9.602345911028792,-62.60435704349052,56.01497609455066,76.64013035124461,-40.150423504250355,17.41027693452888,-80.22489867243473,47.94366495336405,20.4040421632036,-93.12464409223216,-23.41059781463919,-56.57133227213706,3.039373150000685,-12.05955453159413,-18.92557508220291,6.808624503093029,15.096843147274683,-11.490451700481174,-81.60862531453085,-39.575390176347724,44.73521112870941,15.79289640715848,-18.904687114825023,19.652212872223316,24.556068842984843,-99.79169517135244,19.882463939489938,27.677192748283048,39.04144113867852,-1
52.157009723379474,66.83282164168827,-25.601048042167633,-8.599538124611868,45.55829773857937,-28.87663395888596,-46.83089323804956,49.660055677279644,-56.120446302944394,-69.65371201521462,66.63170619525516,-21.122435139848065,5.243738087548607,82.22767301459783,74.19863606538186,-49.3390257866658,93.74720343371251,6.353076234573081,30.157546441144376,71.27209304099614,-9.084447046462188,-5.829182267633911,97.86366435885125,82.53965435622197,-93.08392092051241,94.13009761471233,64.56839447929136,64.14595390223093,-31.883817200515935,31.664426934200065,25.249071263345172,78.70972000255142,62.91814350970034,-62.54923278621587,80.35534808669112,-56.51879628283461,76.21865691295199,-85.32640353981431,-74.79244140006159,-54.811980753124566,-73.05916544524969,22.70443510324978,15.505704961458491,-3.6492369792719472,53.60539596223714,65.75022230462218,-35.39055045722024,-8.347737664755783,-69.72838292570451,-52.61256001237149,-1
-33.68706018656124,-89.19047453005469,51.02861002322828,-41.754134353747155,38.67248734022519,-54.75884683927068,-67.65482150492036,-17.117670017705763,77.9641302739301,-25.465726315354956,-95.63078234203752,-49.21575677523684,-45.649449532925516,-54.84523128349601,-39.04308688182723,-55.73869904220741,-90.80449186160291,-21.282264266570564,50.95291451526478,-46.93257805635673,86.10949982198858,-83.93216984460146,-12.312515606237426,2.2728339114266305,25.282894236243607,-20.233146579707295,-38.915453122935986,-96.6390720480914,-16.48234047388908,-64.44151396159214,37.86586630588579,47.1729068528368,95.02940163243605,-18.619701151615914,-3.939231524380588,-87.26165305026747,70.9810071364517,-13.797115630382152,-43.26576820167436,-4.369747755380587,-97.01811248353943,50.97370468368072,-75.02695525321028,-55.26948317476077,45.454995615026775,-22.641065737757444,49.03534706810973,98.71170391331916,-42.970562581107764,40.33002681185326,1
-48.034372411940105,-85.15062813389085,-58.25149331432202,-42.36861010765103,-56.4901139971284,-61.88114588547242,1.2942421407013285,-10.709981777727336,-56.632216913869705,-58.22704168861246,90.4477057304899,47.26093840787246,41.619931597843646,-83.54977134514392,33.10195071011094,10.999762278051378,11.228897061455001,-2.2763525292548934,-39.61996060263833,-89.81478798208204,-13.395456421087502,-56.42327875204107,72.51683448735594,79.75959257677752,-2.8652302504905975,20.081119940438484,55.383125576729896,-12.982938631620968,-63.726194635184456,44.0558133922851,64.62306062855694,42.0351058048974,61.90401740914865,33.848714614637316,-18.935499497385663,98.8306624774483,-97.80929519198519,56.75448915415663,-55.475339492157396,82.37879369548673,7.765624366917763,9.690075214973291,-70.34490660981241,0.9884746903735788,37.0753942726686,25.608080055566603,-98.17758739546909,-22.383083407870743,-36.199593040555,83.48776809311653,-1
-67.41311458371406,7.644020373695042,64.2221055483032,83.6383546459468,20.361961771396125,65.56284886882503,35.318397893398014,57.078235003435424,46.98748302986721,76.0788053075386,94.41099329419183,-5.121196478624384,69.70727452237207,-38.51739795176785,28.524175311069627,56.57009494758202,-21.228933448905664,63.11339657359517,-16.135850494272816,96.44726640650515,-64.17759787538297,-74.27934225594505,-23.067993213935395,-52.147221544200775,-14.165199158422098,-29.354766164007472,31.9254881712221,50.19283166664462,-2.5860378546313143,4.077598334515713,-22.282003896664577,-89.37564514251766,78.92000281440838,-47.64711150478797,-74.99621243665413,3.1856435306405047,65.29753841953956,-37.19100377659528,-28.84221146299346,39.44045863829052,-38.57111436109633,-61.54975726846508,54.931787536281405,31.54428055892359,17.120007371799687,-52.95154010794172,-75.71621298801834,-53.96429498602402,74.90480531897131,-56.54808714321247,-1
-90.15581709184768,6.805546076943543,65.53422711383882,-62.84818875875797,40.13986422041117,91.37375196957777,47.69949583036106,-28.650960295537303,34.300250906117725,43.2554960467416,72.11023542527138,-38.11670970510104,-58.165904335103,32.550356019129,-17.208796670811836,-90.98624149273374,-89.42956764716577,-56.745496735645794,-55.81199147647942,-40.60108153225394,55.215641421168556,-30.136180507716674,34.59768482900441,46.843717819610845,21.8353848905259,23.77103928348714,39.8899474585308,13.472713998494456,-2.9520331204834633,97.81507497523324,-17.07492119219245,19.564765832129012,77.54985635098959,89.75986057685978,21.03872984007873,-86.39410837776555,-7.558886828110985,36.92287918525153,83.94378731410592,21.0785830544354,3.70663258031567,94.86003006878772,-69.41282454830977,-8.415000186140432,71.29428590288018,58.03128580082401,94.28386025170846,1.1339206126011305,-29.89601905508414,16.03110277605002,-1
-79.34699822499032,1.3540081435576212,16.276979067302236,78.01968483753402,-11.202274606244984,95.72565124641173,-8.21206781296388,56.85113797715562,-86.30152062250616,-19.329166012699545,6.900635410402273,60.86078752774648,66.30238480389409,-69.47443672135192,-99.58571416291848,-84.72983157310652,80.79220866086288,4.444848545044081,-12.320907037556267,-27.760801666825955,-74.43552707958588,-90.74748345626251,67.78104318141814,14.697079998376992,48.15119454915177,-3.9881467976363894,-35.05715366871051,-5.473668438537047,66.56321545779,-63.318922126321155,98.07458223593883,51.157045232179485,-58.91047235150384,91.40502378982058,76.67175263751486,57.949144405112264,98.38958667853751,76.93737713803026,29.074699209812735,-66.3757058921437,28.07347260158852,12.583924434058375,52.80129378054784,-1.6445546410795515,57.00902604755376,-63.670937853216756,47.76073175912282,-20.920682750394064,-71.39810090801805,98.90236672112988,1
-30.226346691400934,35.36400872600939,94.50289643194853,-99.93805361699881,-80.65603328977409,-25.35505135567044,5.466240946191931,-74.10276088658756,-51.033532374358145,-86.32350481763325,14.048858252281676,-4.975621116101166,-33.97889525986864,10.982791576165212,9.16532718216149,95.0336913444223,76.91820658993248,-55.030701090417544,96.78178126641083,32.00022547783868,-81.52959675561686,94.41447376993176,-50.02918546309587,-90.41859041878202,-70.58214309111295,-2.6368857582816503,-12.440253368672757,37.02777965491694,-72.55673972730672,-28.07340815282255,-93.22398287429252,36.15116979143812,-31.53936049340716,-99.30249631929253,-82.79388670701435,-34.731255653532926,-39.74426861409168,88.84761003004647,-43.64332937362858,-26.061932266323467,-96.71206257104039,98.0198692605328,-68.30846864424096,-25.749981362195243,50.154921723328215,-39.69485769970515,97.60171294220163,93.99989957192989,-95.95272067564586,95.20859017048983,-1
-45.15695953026599,97.18683372498356,88.55440022105532,80.60260783361849,-74.03888826682412,35.42319435631859,-35.765043890948746,74.02838828189155,30.730283946485827,68.47312857115935,-53.48660976271824,-3.7505074537394876,-48.07119063497163,78.24930774293489,21.480625835513493,86.75696877483037,-68.02510053983409,-33.36187637844121,-19.334685873971182,35.37272261870322,-42.57757451355548,70.34763276846465,45.47238006090649,-96.59208189421697,-3.7864408253930577,-21.734601974532694,-71.44618907368871,29.793753370007096,3.595950877476511,1.4302371926548005,25.55672862519222,-5.2018430644460665,-75.99959952825155,12.048730812809353,-56.2187628491936,-21.53326445944961,-33.65599207107934,-40.22669031455355,-29.026895431835854,6.290525603776942,91.7682364977068,21.49116866572338,58.607948164686405,7.384522551721531,26.94155230234483,75.00542845242074,46.4982861954185,-51.79622138342119,83.07986402018614,-26.02687388514579,1
-86.86102820912684,-80.7748296535697,62.29060608273812,-66.89605287901807,-30.745146704518305,-43.94162777344166,19.29027928370735,47.38038462789643,-77.48303430674412,-34.981831987672706,-9.995094537557492,-3.1520309931781583,-56.59577523516695,-24.62610232093556,60.431707797172606,6.843458120159141,15.541807662032994,-34.835600817727695,-65.7864498724936,-46.195392154097384,-64.04493666212011,9.184654512139616,-75.95017087198207,57.74947212736666,-51.893523655403385,-16.094585713450414,74.30121442233201,89.15590305383873,82.05167474437297,-74.3827332829136,70.8798536510331,-98.21495430809395,-5.627383399496338,-32.21793840718672,-27.99681298914716,56.50404412521087,-83.49377391902038,-99.70965765122884,6.580798583282885,72.77392029832791,-66.49008127327755,50.69307734871089,26.231714042975838,-73.2856929340363,59.814106512465514,14.95110178728271,-8.539980353892318,-66.5984029807654,19.64503379289917,64.29623278493673,1
-86.20839672871577,82.3153774526105,-38.53496380245009,32.23817994638759,48.39334106285861,73.42035018757417,52.58178355258062,-39.93691530721464,2.0412683242561513,-47.48654981296727,82.9020677037633,-20.016430081291986,-41.16472915888425,41.97791397794364,65.78936657644655,-36.5171973017983,-85.31866254259954,81.8361900363079,66.7581660171083,86.48013165655516,-24.27742621632423,-93.21252967117672,-69.40135747662701,-37.86356211542032,76.6787165525594,-79.46309817729804,-4.338040426215599,-69.13775626846854,4.9069153920279405,6.228171005897082,-4.398031258378083,41.17388101053558,-54.4955274185563,94.39675165949888,-80.5291914062477,-15.074367471833881,32.58997778147511,-28.99023994876326,45.05229468767337,-67.78993623290033,55.05396361512257,90.58434471682259,64.6592354207919,41.49325183002094,28.017056192889953,91.09528354904012,-42.476935282977955,4.14013354919571,68.05729199578053,21.835695165851376,-1
-77.80038024173703,-18.214552848665605,-73.1085918465871,-78.4352652296106,-13.680917880466097,-52.9578551575834,64.97702393613537,39.86467901867138,86.80467621794497,99.19300741018449,-3.5438815061182254,-42.13822337159519,34.897927839940934,-25.37026333106718,-17.92688020965602,-41.87177002804192,-24.91550519780661,-56.56162572206931,13.126766251867352,-27.735404373164712,-90.43863758427653,3.764733513099827,34.393500583756065,16.445699499248434,57.25095307130587,81.26573065731895,54.983632450923665,33.92249064169195,-20.52112740805903,21.858673561020296,87.22321657121009,29.487417740185208,-28.880856824917387,29.450136145020593,9.87994332373323,39.39634923350556,-56.420924477694314,56.849704726102885,41.354928682011376,-14.45149332760785,-32.67014153699755,75.19046775740046,-1.091978866455861,84.76947100410692,-25.195369520075502,-58.16803905222061,-45.395598549628936,57.324472323129214,30.061085376143183,0.06964716117614955,1
-79.7158343101567,-62.618540709976365,-86.10400302329361,9.038165818059298,-77.93554062418437,-94.51424624671078,-73.72998305628596,-16.361757642890325,-76.37340648716149,87.14569878145392,40.211379982908085,49.19195072709607,77.51018070719473,8.993634314700188,81.35901859535369,-63.64575127517169,-74.4310972530132,-27.475634614793293,26.622799934574658,-69.47404765653202,-17.05394811697778,-76.79728196804973,15.138814624857488,60.01856510573046,-34.760271947170594,-90.96850373365766,39.05035648100417,25.569918716314135,-27.708074062408897,30.334159797469795,-34.47084987948452,-36.62011455122149,-86.00419953642067,27.82653440761706,-83.4006653983987,49.626330735076436,92.19425636522314,-39.303582922285415,17.23866883902079,-75.02667051828863,-80.04085936140265,-9.732146569103577,12.851365025951239,-43.77765866689904,48.869135945381345,-62.163232999479035,-90.6319273639945,-70.97251039197414,56.921880622686984,-84.90947111982992,1
-40.12332525893034,57.469769681941415,-39.448925876409355,-33.799132803363705,83.4197537166014,51.70463825214162,-50.77815257276579,-63.81100915250102,-73.53924346962103,-45.85698073467406,-18.317916317687136,17.383131310577866,69.43860794083093,22.834277470129962,3.220310549474874,99.97344010057498,66.17016470908595,17.11376642171834,51.55446703014198,-37.593431401305736,34.866294918754704,95.39210685853561,32.39837705960642,23.58806713249409,-67.78816012032499,8.736876045351849,-96.21378410655737,11.565279702574259,1.3478185862966825,16.223371804190535,32.91527200197663,-55.12161946345599,74.32419605141581,41.697564763639605,-56.99614166278455,69.56306834316013,58.15333963080795,87.85457022160335,90.01180799183905,-3.7983864641234533,-9.93237624931757,94.4428317358819,37.61603837576672,32.66737689057072,-80.71905088738917,47.73730350061598,31.862210109960188,-3.6643579757740525,-87.69992274776473,-43.910364786723235,-1
-37.2249006555059,-21.365913087147163,-70.95342618473124,-70.00578810730056,-46.737536880405074,-22.7227914075238,69.77464425114965,-27.106228230337265,84.98014037230868,52.84657232933651,-17.688703152983607,89.71364709429923,-83.48662781569433,16.72966530856131,83.67323011744926,63.53642676570331,21.436010917815878,19.443336738905103,-97.57416627762873,-27.627575390582166,62.52945743378655,76.97895234785213,87.20442326961327,14.829201702480304,44.34633255997588,89.72993692328649,30.794148972229436,24.909151300355163,-16.468120883187922,38.690331424777526,13.70696561080777,-19.894750232243183,22.58916357601217,-36.34403946811331,-23.331426206988255,52.33554955148742,35.7693653951782,88.6673040659922,-69.48336573456189,-0.39293974338269777,52.9175524757278,8.803687597500215,-1.2744621613341849,-34.14488086990805,-40.97869220016983,-50.40818056699734,-39.37797195373054,6.184647355994571,21.42237687382513,56.59959647966883,-1
-93.36212908751476,56.01680474699296,9.99768317319058,-7.6942082919896535,-31.922658018303252,-88.23812241746363,28.717655268377,91.77566382369156,22.78492559669604,51.588840421213035,-65.17805950692126,82.19063765881484,5.560410241257458,69.21967496047893,-41.707444421582366,77.93887062103735,98.0587758191856,-0.5853544856948076,61.74287014536034,-94.01204339996812,-83.04583408734605,-45.95488611264433,-52.846450618118766,44.33745268069748,-96.1265836147418,-70.93501785319796,20.88567975428441,-42.48083703754355,-57.554224302837184,-9.953854702565138,15.417922006806563,45.25798673499443,-54.72721125813378,-45.49303459415761,-1.7988582408678297,-16.62364508692096,-37.15229108589582,-57.92514421829449,-35.17762677220391,-44.253169532237216,21.140858844268948,14.721664231272484,-40.21913219609714,18.958923360021345,-25.403746854369132,-17.489282916922775,-51.585048076989715,-86.65695033938923,14.830671483207624,-14.99863995395161,1
-23.13467056806367,-35.37095654411655,-18.35563548235359,-47.01856130043598,-50.9178815825077,47.91127501986088,8.346085866788286,-50.908344319910135,-66.80129960823407,-6.012773231145573,74.7573075738608,-60.250753514940335,97.2599001347013,31.383303369790156,-44.54406964934952,-80.29475684955017,-53.77486628187498,-57.47437156615216,-33.221096269305605,-58.57920814203479,50.00860755675524,-44.49062992054096,-63.903648514093604,90.72346954018985,67.88239831860946,-83.03158633665339,-44.699217248285606,-40.851325532006676,15.316949572123434,-63.606908555132335,88.04163862379605,-88.24611792522516,49.19949503980553,-35.35371628980593,-69.65300368242657,-4.952488206216302,60.847298327992775,93.12144260364695,-74.64791667012938,15.240105793820447,-87.36907077064609,-29.120858394227795,-92.0010301245799,64.4716364271226,-36.48149924856363,-23.303353622682366,-77.85811480817821,-82.40956722665425,33.39143275333328,53.57239122407151,1
97.53360159932939,63.564414713238136,35.14935206943542,-32.975146660755044,-20.20141666595056,68.1897039609643,-82.28914960561792,30.55904052485326,9.511850555576729,49.02791248766465,47.42450495478215,33.80033316924761,34.87196479409428,-27.33160582185232,-15.103338804221565,12.853735573308171,54.519089287851784,-71.77832577031995,-53.98885382364445,5.566112479802783,30.469831863648153,-84.91027535601228,-25.863322347280743,-14.503489852725608,27.1500584926103,35.57035225679758,-30.67521339644061,-26.944887387618593,8.557185990153087,47.054995130452255,-6.356549535796205,93.42264768913958,7.828276973261694,-38.52891413358228,20.710586274075183,97.06467807895797,81.6631814346321,80.03082551742642,-91.48786275674061,59.90354621850369,-62.01214687483889,-78.39532210209171,-78.48345660531679,-14.604440282479985,89.45751030292854,-55.46358131283227,34.34298458119608,47.5880691278972,40.03648403404935,-59.92458621836207,1
-91.51554035862166,-4.928186463826293,-42.94045582195436,75.80639437529422,-18.397953700492664,-48.93131276990184,0.24869340470341683,49.30731676280638,-29.069864893679664,-56.28012437769829,99.1930060931272,1.648195739704022,6.359076413350408,25.82876883884512,91.91179675967135,20.950830775345224,-54.07890081589697,-51.696147074514,24.83988018967858,41.89076253646539,-11.544251899537386,-64.02932708960319,19.991192854611214,-92.374906764532,35.18612415483514,37.630973029835474,56.0396437611285,75.31508456876733,15.245825327748165,30.35824191929771,-65.5268616054309,88.52863341018264,-69.04404545468154,-93.22411288578675,81.65013197152689,-93.22764045275625,-7.74764238927888,37.342324374876085,-76.50077486006941,-23.812524339645307,-5.141029710532592,31.279708625567224,-3.830750193060368,37.15293136584643,82.59953272066508,-97.23978448215662,94.43596185544948,63.47093313760669,-86.31266155787955,70.62708951921752,-1
3.001131941944621,-42.23800600918209,0.8353640676085945,-42.7824443590062,-84.4862185475731,-59.12950389432101,-43.26240807665822,22.26155307851792,-90.96883757847993,-41.1935431937938,84.64175332813011,-34.1154892295329,29.67694727367416,58.46266518748644,-20.26964711468831,32.785723715505384,-68.98514914405622,-7.9263360203519255,4.267049137459722,17.635219198257275,-83.8327293900328,-14.158401714429232,-36.284787378576944,41.640610665861715,-71.58979693393357,68.5177858512595,78.43075284911544,68.3839140735908,98.97584199544994,2.574052162729032,-84.9927545259391,-82.8129121566731,-51.429315214989614,-30.812608941339988,-94.27447664525252,-34.50994869984079,76.26061195827012,4.389004472371312,21.095911115574495,-16.424143528036865,-30.177739668507854,-58.707372580995056,-77.4197113995263,35.13573618849426,-89.2297102139979,40.40526025793426,50.1474018445052,-67.98496574096538,93.85295064763707,-10.474067103768817,1
9.086373881381093,82.16484406607921,12.88836833076266,-84.5176651549414,17.397096601357887,-18.70365993699754,-94.8843450753617,-79.31699144611022,0.12173674401981316,-8.038373380025888,27.15788119320605,82.90532392584916,-18.491362557329552,-0.30281058376560566,97.54588930529678,-89.05371440001124,-93.5631609917523,37.0661730452147,97.88260390816004,39.53010426955203,-93.01985294996886,-19.954523101102154,-87.92185359096274,44.75160785862644,44.271132390581016,98.4195228965784,-40.635543588954626,-55.34110813397719,91.47566957644062,-25.973672538405566,69.6376819570036,-19.63192126653128,40.06313124389641,79.1135160260666,-71.30350334501641,31.66614061197629,4.459569829105249,-38.43862105182001,-55.26069933812954,29.739211948270594,-32.94072224837852,-82.19697165549616,6.706356912968488,-92.53948136206989,-77.52690335443415,36.27417853650633,-72.30183888758594,-42.9883293730551,93.12375156636043,29.46503556259549,1
-23.919890205918065,89.46137984739241,35.90160454731108,58.10167623463124,-41.82800521141383,39.78652536905264,62.35145307544232,17.234236963136993,72.18391563933741,2.1282737388631716,6.951082635646031,-18.16931492520284,-50.38496756737372,-56.19389029925104,52.68465199780758,33.59686771294855,-35.40124248752315,-65.75599315157703,25.257034074769763,4.0703061825145,32.46847092553759,27.947177608360448,-84.34579545012495,-66.81684846909852,-61.39627522903224,48.126049102972814,-8.236446303503882,-63.44903600665233,97.36918608028449,-74.68744943090037,91.91112404709034,66.0799412650544,-62.52622526324034,22.76148519670251,15.560388274351709,40.93411872843225,-95.70624241650569,83.59241213447683,67.52089386604024,-64.11932910351199,89.43068619620843,-89.65826611373559,94.13835141523202,-18.137477800907902,-1.4485685971710893,-97.83591927225305,-57.98880843536052,50.769725418831996,-27.294314263865658,95.8638328304192,1
32.39378895877371,48.708853927458904,23.841585005964603,89.23925678971307,42.141472373855464,-33.49432804908585,-50.767507993586605,80.60561475885203,4.79188596198847,-55.37579179380738,-22.073274185244557,5.550659080206515,98.82585779296193,-35.67384942106726,-79.91907872112331,70.26413121688745,20.403719401420716,30.576483136293348,43.97704091348376,27.64935557814468,57.97627577166091,15.434943315071251,12.334545337786281,32.721272884331825,48.81828541618876,97.98610743806171,72.09610793895837,-24.24784642751922,-26.388243666963092,96.39180715162269,9.561719876191148,-70.54654898060453,81.45507265027734,37.32602091954405,-34.184524103422675,-90.5775603905058,-70.55329783441155,44.5356817401443,-91.90237892127263,-52.01985028184901,-13.157394690648957,-89.05331916095061,26.03788911726693,-91.8333754282146,50.99076842579359,55.833307942197706,-76.75796276518943,77.62089226648504,-57.61599096847376,-96.1651305875048,1
41.11717252876491,-42.74819292336336,91.70325500052115,55.872653009543654,87.75432220287794,-11.791695548694634,96.51458740047764,-21.606035251780128,-75.29909431102047,48.07367355939584,-78.59106846301604,73.22466597213713,36.62634780757986,74.28341984293004,44.064881606971,-36.45834579772269,-59.66844339589721,22.510147209851937,85.48194131248079,-93.69767024317879,-11.697385312872214,-72.12388192443773,-88.52574095280721,33.914313168731184,86.32760382140557,37.697473063072266,-27.66269690548964,-49.5226352907076,-77.17249154457515,12.32208904752845,80.57761769128493,39.02838121182606,-92.18216182934442,15.63819733259173,-41.44657652087784,-90.72839307357492,-5.383970449228087,84.13593105956846,-66.37419916060495,85.02732184863399,-32.37769243103108,0.19788049026297472,-49.74835228821157,-34.47631094441495,42.56655829645587,-15.38636670164621,-74.63150955927453,66.93005749734147,44.14335209843273,-29.321778458621736,1
-65.81271951583034,-22.146720638190345,-14.131443325845112,-93.23567165616015,-43.54578655017991,3.8974063481249033,-26.392425186297032,-44.19258498374088,26.331662511188497,97.09242400953352,93.1015105389277,34.13460778828275,-20.914898712243286,39.44884739299428,8.281304624262773,-49.72422017237999,-45.55535912875068,21.179360816421934,27.455247845429298,-71.23210331694052,-3.3257885851831333,-79.84776075515029,18.669980162383354,25.886469424120122,30.091809732034193,36.874040512600345,69.37406939640601,-97.74635584755009,-18.865778083416558,-67.96097348313984,-21.223311994200216,-84.12719250047078,27.48632854467914,2.5206806920200506,-76.80264769806682,-28.801197773436726,72.64990578109084,21.40165978258939,8.274549575719092,83.1908102249767,-96.78439247183601,-69.25966409035489,80.98408634617098,-46.13062077221755,46.67884732122681,-98.40079419159247,-47.57289332093482,64.00592782558837,19.052628223823987,-21.761808363913786,-1
-85.88625051991403,6.6647095719210085,-12.898994509348142,-23.732836575543146,85.99271515610198,8.712117938893954,-3.6343780364818343,70.06683989445665,35.85226453086952,98.79611690698604,3.193458060614688,-56.80987020967636,-23.745837681412425,-16.3701345201102,-47.11660453193191,-93.98816797352607,-61.98473053298477,-46.26234933066564,78.63763697291947,-97.76251409125216,92.29624550945269,-4.118780832090124,29.675095937838222,-0.8903763610179425,-41.98217357670473,-77.2080346292266,-9.235479042338213,-89.02892690379551,47.5007579024213,-74.29673270367248,58.27593613260265,6.575509666349589,70.89212596055629,72.65422220208475,47.33871676332154,88.50326665928074,12.850233500675756,-19.732456094077165,45.39481659373078,-32.70008854355844,89.2126519955493,-4.417917238711226,-3.8267904241638746,-55.50009732976782,40.9602286766046,27.37294207701433,41.849258634656394,27.481604681331206,-9.70054188837237,28.263749706322585,1
-52.49117382513451,20.758551457223604,88.06323064785286,-93.8263734915078,33.949623537564776,4.849946268374822,-53.8628313077103,-51.038997303037384,-68.75622784389972,11.573835870955946,40.26590840000131,-9.055213831656062,66.50199241337137,-85.92951600060638,-3.8802214302787092,7.518998132018282,-57.26603402990342,-94.44175753503634,59.88678691624179,52.909833338981855,-89.2892381246231,-72.69053680809958,-11.872228908055817,-86.64559211976687,-59.536977616634104,-2.2846103717185002,-17.0414738545432,-24.552323624221756,-23.248165813027555,11.069907764560313,-10.051097679080698,-53.89212496963243,46.25252889699922,-78.71551766945566,-90.80637757143029,79.22538284949806,-49.183723867352924,61.26898141102407,44.108602814494475,-55.239720828683446,39.1027989890903,51.72034777344359,87.7170402877639,-83.27432322078533,-50.55419533030445,17.97295762812054,-4.7671287636472925,-73.35037547064509,-39.35772996702309,7.413033145040828,-1
61.198509955031625,11.827331292593684,1.8423170492085177,98.37490893646219,41.65536513144721,85.55043420449061,-34.429063675699894,71.05635664859548,11.77425871206485,25.718985488600936,56.67582606163424,67.23884343080019,-50.4823146853201,51.10873633522232,-35.683499524770724,-50.49446867623391,97.96964818429913,65.68090296959807,42.8496765383469,-87.85168374212775,-86.59074938511606,-76.79870153206012,-95.37282024472044,-49.854556931843796,-76.73475519268919,-44.23839358611878,-79.06783294440025,29.616266337369325,-12.173960340255732,84.47043010807255,-23.007499297423024,-76.28449636018202,-38.53347017812834,-92.73350046766933,-51.005570877112504,-30.469551762200936,-42.349847006240715,-23.525102925799416,43.42356673013012,1.0872990246531629,30.332245649830526,-90.80074240373209,83.92658997090987,94.32040277553028,-44.077878944464956,-13.082094301756328,47.80238736562572,-25.01637959559278,53.91302690329658,25.434882516095627,1
-74.88995704746932,28.94399547636354,50.90466148511291,-23.785864713115544,47.13774973404091,63.81376496128141,50.418768954290016,54.77862779569685,-88.19667114725165,34.92069023199997,44.53813271088609,53.99168457697576,-80.3417800504819,-11.587029694811733,-26.24868483457361,72.47233950381059,-75.48699117935224,73.482125446477,13.202750669075414,8.874138286206957,55.07493914421039,-16.49083038669785,-98.58807915652834,-92.85839562568367,-64.4230989377001,-75.7714935449571,74.72657112110377,80.48575710662269,54.311276026551866,48.85152084029144,98.10667722887635,69.30141720663767,77.29751363534899,38.82848691258971,-30.831536863356376,-93.8059550729177,-7.589475963795152,-88.79748199741671,30.913675365668922,48.442193938429114,-6.943051092203163,61.77250629963342,8.042039983248998,-76.26665751175408,-7.870635921173559,-1.652088002885833,-96.84020618043112,92.41388712953068,-72.05359602897909,-43.681091561063546,-1
80.38803934983002,-47.866723487579655,-28.32647353352033,56.39885710221208,-13.110809756024281,-56.785653465325424,-8.325161648987603,77.7009384782809,-36.873093301343715,79.14381152928704,16.798695254838393,-16.185453289912715,84.11709556625956,-18.277561118723213,28.246688759532503,50.6266486616538,97.56034199335036,-1.6622502974706492,47.02904138767022,-41.344627238594775,-22.632625166245376,63.245694549857035,73.84190980058247,-1.9715782221476559,-43.9037349573824,48.88703310011161,-98.92152679899533,24.494474634995697,1.9826652107847451,68.66406543128087,-31.2822885030768,78.78502389021943,-31.311044713956022,51.40456542019783,48.44381061324518,46.80981509955163,72.71234759232976,76.2373574704907,99.91531620303994,-62.725579092030046,67.04767493602583,-71.60972845944853,88.12192638774798,-82.29535762045333,-0.6684278825957364,48.28869657118784,50.033714951103775,-28.390782659647854,-88.37146269749327,-59.86965510284945,-1
43.80918103684911,81.55224873003573,-70.09827209586078,8.974656857147039,43.1917808278794,-86.83539641237121,-53.40974767527369,70.43551829232771,33.465232658761266,30.64367067756598,-1.777389531233382,59.447984374560036,-9.14769423802042,31.07893684694963,-87.31860181369919,-59.08208529626364,-24.1482753411496,-0.8838765087065354,-57.52834743353339,-91.79997444901018,39.383758553003815,5.981027514844357,69.91464666751085,47.99692628787696,22.060040274152783,38.549757212451254,61.8169382226007,-64.32524111849973,-27.325643334429344,99.53978327400702,-23.16473301054471,-90.40558050530363,-45.668941587736796,-75.61546833493804,79.99443732205188,41.21924117021038,9.821241873445501,51.32897637640116,74.3789150160207,49.86427634367169,-29.692733177224923,86.8433899709728,-20.04943015724578,-74.70073584545995,81.95625624754763,13.481027664890803,54.63751345870838,-39.04185445223762,-78.83241711045532,-52.47466778219434,1
-28.275683609281714,85.5868402474043,-59.01679349680005,-33.60332109134232,-66.48741778802629,17.486057377176394,-19.0794199070627,25.17836213148543,60.448352979619756,78.40450303453895,84.76331668633236,-88.59029356143256,-69.8920079746733,-58.416970615504994,-99.96976193985422,-26.178286531484886,-30.72700544908342,-30.634865552068376,-37.55119679234789,0.32593594322590036,-89.9108834397458,-57.92286646697357,-18.186659194785435,-69.03036553030063,-28.546408233138294,3.2857218413158336,78.11199087119394,-54.32603450789717,94.99073337449875,-70.12243624426442,-30.369441047611815,-11.205705058482593,56.51107728657098,77.55303497959298,35.703229376629736,94.38250058215681,47.80571696016486,68.40758579282948,25.693589077378803,-49.2029599373905,-71.52876482684897,-37.85359635330649,-52.141640462265485,91.26856061270763,14.943024372717176,-71.07093264175815,83.32276391762656,55.802318840573065,43.177914124536045,63.16243525857749,1
80.48260665722069,-47.35076503389113,62.84217967657361,56.89229337867582,-34.0722351344553,-80.26502866777781,0.8673682909253984,1.8314763082470478,-60.34862865381847,-30.8888633092848,49.99282370730484,81.90215253759962,82.55249752963405,40.1335357090405,13.200291708236605,71.80688137466888,-48.697430297190294,-89.12560577777822,-19.37154807616355,11.582053514611388,-8.743333698241074,79.56279146720505,35.12101331664067,7.019197707501192,27.88087839153266,-48.0685365955616,-66.1196608703353,-9.172723015796208,36.835119198075716,31.726667683630694,51.14244305717247,-42.91895662904373,-16.68920025176628,-47.80207644189163,1.9333233979608906,-10.037543824246526,81.73771088655576,24.698130168397498,-26.350759464960134,-48.495630524233135,49.94652806617614,-83.94986382850394,77.10481665406724,-32.37660328086258,93.4003755875915,2.9032864877659676,25.01000819628129,-92.7215789007317,-0.11359818314360837,65.69053698090258,-1
26.872737774337423,-17.62954337110061,-71.06901959860463,35.35330824792811,18.771852993105313,-68.62167500521672,-2.839986979808856,4.558349813000788,77.05271473442397,74.90108050481959,76.75314372492036,15.732451165520288,-40.54001624024175,-66.45610664019297,-68.34967187785995,35.84249220003116,-59.16723081349766,-57.31379921366702,-96.95505491046328,17.598963613086056,66.11133082520777,-46.66155649730026,17.901610432691342,0.16217423279654497,-77.55914908581866,-55.164119912822414,-96.85831708027625,-70.10313548118464,-83.53670201354234,-79.13237084350871,-75.78238594316855,92.89886346618283,-26.50410273277582,-31.872019337197656,44.28440275884461,77.16393002216773,84.04803817503131,63.470215954272646,21.92832068964998,-46.63821651874021,-62.28471770830346,4.516664706586184,-0.8356506632499929,-50.325984636310864,-30.432536646410895,-4.917206496298476,-95.91337730365434,-50.464612620258634,-3.012429390747755,-78.02766831540984,1
58.00608726141229,-73.65809295872899,-92.62134221784638,22.87632795135073,-29.737215835628845,93.42326550204956,94.44458828786969,51.11811617421492,-49.93820233085731,-33.129711769085276,46.731070533104344,-30.58457232971314,-52.288429003676185,86.22384110604534,11.4367792891166,74.1201289760711,-42.92948291221197,-37.39515539218572,82.03564221153914,-59.37362097308374,72.93125411956035,-74.89719449717009,96.24667825204759,2.431189278328219,-78.01249307165101,-41.53639837204963,39.062232765279504,-25.040368660864857,-69.99942251959767,-6.834540526613736,-61.26861613901325,97.69985264791609,-82.17978174277746,64.2493267578983,-21.515266803377614,22.46915990777707,58.7591745446185,75.04962704411437,-53.79286631859348,-80.3566563322998,-75.80767565761757,-53.09845090588008,54.211508289777186,86.25763940651555,56.67645145521578,89.50285877250673,-32.04604348149107,62.323643631399875,56.99457772122395,96.73279146734995,-1
27.082871372381973,39.623384816704714,-97.31119120331675,46.861933321720926,-74.9936768782755,-45.02485585532121,-33.39777613158547,75.76603201979731,91.01437577692903,-50.438238022336776,-91.92544848860283,-89.21842817159356,81.08917595117427,-9.348336864848577,-10.862242602783923,-13.824510984614946,97.24280443245055,-74.48297930987131,-80.36889632250225,18.60878144347396,-14.626513363009835,-84.88292449051198,-73.2429845730004,83.59932015189432,49.354406426104305,5.8886762626168405,-74.4450297478717,-64.42399211773188,75.98802525452814,-27.966347427467838,-70.6364373012496,-44.36310199752897,50.96752307821896,-8.16050489277265,-36.31184959853704,27.86522693975894,-15.601968855012174,51.14207518675181,25.160297773880202,88.5092288757078,50.439571254872874,55.25127783135059,-50.315063459578994,96.12989127504227,-52.80277052646605,-29.40123324405441,-71.47274207756801,-37.89473893704696,-90.24266296794832,-1.555915519475974,1
-45.851065371289245,-52.655904829233414,24.43338483472155,-92.98247775674,12.672609512196772,-2.8730183737531974,-31.57127169065255,-69.94408707413638,-0.859062843506436,24.973100127407506,-68.32082112157367,-42.96514656683288,-21.540347548010203,-63.68764737651615,-25.20291485380322,58.27216070124314,-74.97732556850252,61.27723897615124,-25.09355804445414,54.60590577427368,-42.098491743130054,3.5083539884994934,67.069931813988,-59.120715726858705,15.13708623212402,83.56996903500124,-65.71165947345764,48.22547280316806,16.377853250243504,35.14254311750443,-45.71567889915256,31.16203872010425,-22.089825702609403,61.09115414626743,-53.706574655030835,-58.783301654646024,-9.448998671514317,64.99335155812784,1.3631697740121211,6.0304255171375445,-58.55639301698523,71.4769049085628,-67.94418107251568,4.170738269507822,-66.38575677106624,-29.807716640187707,-39.64997422909791,-26.084043095853232,51.428663057578405,-21.905453417631165,1
28.30089625125035,-49.30857406539675,-46.905355000470216,-97.58039566030956,76.15442174533777,27.003814014374925,65.30032751898435,-79.80456590319903,-60.421461647419996,-61.0161264826742,-47.22148764024732,-20.21926223454558,85.45929512991512,67.51370512882195,-27.317046050832246,72.62756660506489,28.145610670785942,71.02392532402581,45.703025548433516,38.032722075898306,-77.16154496048256,17.695695621014636,-82.98673186427064,50.87297113611018,-60.06448078001001,39.152480613728756,-52.20747049151928,68.71455298937803,-9.019682291487214,-90.17846683256508,79.87733606418917,-34.00527966748763,-98.03083804119379,-62.98565595145384,87.62329833567148,-35.95932026864996,2.049802525752682,-95.11578670514001,-97.7530433599312,10.5337987224285,-71.78037294312232,-97.88927999804106,-93.09401682842073,-90.9362911529131,3.3507355057221133,-0.917453560636929,-95.50590696069739,-99.1707100360115,16.829035343611537,-55.888093759875716,1
32.76090552436102,-88.04754516432311,67.9133412950844,75.86529980316473,-41.744701636710914,8.266015509143188,67.25367965836753,-69.95521478133762,41.72363404173737,-75.85177506093771,-45.25901764284222,89.2062488245,-30.397265930126764,-83.36001956961366,50.41866443595194,-60.06072780266108,-70.98693957198275,-89.73168528913035,-95.80921321590957,72.54892393415142,-57.23538011535594,-88.90741381662473,-82.0217605866538,-75.2559408700467,-68.82941893238801,-95.78855267823658,8.422340980695012,-78.71910240200997,-66.76444882693971,1.3202624674701866,-12.025408306997804,-54.412270017631045,82.94412000294301,-47.861401771044854,41.60924784134906,-9.38512838000986,-28.803982209350536,66.32363953840235,41.70245977415496,42.19855877669562,-29.828998872596998,92.12753802983144,-41.25175192680253,-33.8973242318682,10.314249384853568,96.6881176680516,16.636426428950728,-12.759170853081486,-75.02828945822193,90.37541543705959,-1
29.87576404732448,-93.31240288778046,19.928028813793247,-15.974384200876386,33.069926452713304,8.926997479265737,47.9539263284386,-97.16674780757302,-74.58935534166673,-52.10639229678738,69.24760965250539,37.38812397511501,27.198680868379427,83.9580733220792,-60.48706723215802,-7.310469321604813,97.98859304000158,98.2294250760362,-27.969580348463012,-82.41462452592089,-38.45719381720312,-82.19943867248946,-67.55136039394381,83.15669531554872,-76.31934782945784,91.67618939685562,-90.0666443968515,-4.461820465148577,-63.903780054985425,55.1156486834991,-19.242911826479926,38.25826846780174,-1.7248869507350548,83.98430421003101,24.891517784451025,58.53679692878967,74.10485589817682,96.39551052384289,90.89563663163617,93.93084219980665,-40.94172261190374,95.93991813912447,25.64665242084878,26.356169183008205,91.3701120296034,-32.68668812888869,-56.598311812748506,-60.21325800374115,99.76191806418652,-89.28820235109404,-1
-58.42274897079454,26.308875735232064,2.8766493022040436,-34.98969527808249,66.09540573732485,-35.49410910448816,66.76456560900672,2.839738519054549,-66.66606804871037,-35.01450013988456,66.34584226012794,10.44524654787105,7.612356869850828,74.30461458354159,-25.86308416897367,50.77516646484642,-60.3848717405048,-10.30839444959571,0.012484887768351882,-54.46940608781097,-42.14528421871615,-45.82301506829856,62.650981821892685,-95.60848420111374,74.55297150766788,65.89100727352695,-29.41009892145334,69.55297009811059,-57.77268618379314,95.24920174910827,23.49307832500793,-12.797301557290012,6.456895832466074,-38.614364734326976,-93.1437055593493,-43.12940770673135,82.6318033940668,44.054098907526594,52.55737763131134,-81.28072873270932,-60.987092322217926,-59.672304081169884,-54.664371617789385,96.02369643235744,14.431520827457206,-2.4980023382633334,49.5987485671867,-95.90700485398528,-17.618207702012214,38.727463779321965,-1
74.94033453683988,2.7035733483539985,-95.38290388964596,51.516766543811485,7.582940039547765,-95.28105722735964,-62.20688505368028,78.33902319199751,66.48807895248888,-36.79952629060168,-30.285778959070512,-9.424344308751259,81.67323314671441,66.58331866743711,-57.85143182939008,4.155523826151224,-14.575756678316338,-84.93049069415699,-43.17571726919063,60.25938024752145,-28.115919825721875,-71.47780602922198,-6.659013987721593,-68.9217057910077,67.66824566121144,13.765919753781986,93.41508677997169,73.57614106219958,-72.05663103535073,-63.89607019431622,-61.129630691055084,-56.550658697548805,-95.96525048796019,-11.281818973467878,-31.584476895175044,47.361996908840496,6.796416844737394,60.5744073479172,-61.345971627761806,52.226396958472264,21.703535772337148,-52.59796810089903,-9.101519321451363,83.11393807857667,86.24811051263802,-19.30021861661342,8.365100989924883,-20.201428116224434,-21.352201747833007,10.149276266223723,1
24.922809622906314,97.1716880821875,54.87970740345111,-25.178852536698898,5.4309179161267735,17.27049356502779,-3.262053750157918,91.72269026673345,75.506870910331,88.00397592857195,17.73733143280745,-92.58544277622178,93.4914898470478,-40.926316510828144,3.7090268331984504,-9.87736727075334,-56.859912776438335,-31.18388549035906,26.691101110470257,-31.01900244530414,-10.510598952740153,14.420444194463002,-34.30877268994337,-38.880466202301164,77.59544754881998,23.038544692869166,-25.483138356570706,15.933501341914578,45.481450195186255,48.61883408857901,-84.19602360041134,-51.52584567957397,36.028085651119966,97.68099747285649,57.04860498061305,33.53574886651987,44.392213548260116,-17.205058568118204,74.66147510725091,-23.600870603557752,-34.86691969373375,66.0911405527392,21.681054231610403,-8.029183442225232,-98.23284609993526,46.07165366373317,11.274943719511583,-68.85776761944457,33.290704973234284,20.832144594525403,1
-85.08987126404584,84.10717702051093,0.7153792677182906,-71.85843383488515,-16.854420144093922,71.16792509898391,26.672958452160003,22.090909406845327,-14.553053490225864,-71.69384022966716,-20.32259175176965,99.01632244716149,-20.18951939739948,-57.79939592253645,-81.28290365165319,29.456295509483397,-98.18865219128061,50.83206847849979,-51.43811736360628,-68.94003163709698,93.17355408118468,89.97708389168992,60.88604947380236,14.767053600624138,-94.39133871322024,-90.76464002081839,-81.59735950291214,65.55591489640435,-23.443054312158537,46.256920519596605,86.39041325322779,-90.98137800211586,-91.72332527648406,25.15728251626399,-6.601739322241599,77.93586366035098,-63.11758373577139,-61.3811460472101,17.679800296994756,32.91467128590625,40.4391378734353,41.218531740582165,8.775801640848073,23.8981909343197,6.854296469564531,89.782489428248,-7.385321197687929,-11.19773048462065,-82.53985323575846,10.485847936444515,1
-2.587616236212824,-29.658036408238345,45.853281167326685,15.440447225191491,92.53042804548548,-22.660458010518923,36.665982711658245,45.10998804151487,-21.32651787334639,39.63120064092976,98.79828464105523,-77.5489304266408,-81.83244872169864,75.9685452135302,-73.92515267956148,72.98480681208807,69.72138195086558,-25.99430484542043,23.684027800467362,-71.05952652638743,80.02440657990667,-34.95688267541381,37.562281058092765,97.52706846697282,-13.645945940391641,-45.17564654078194,55.445182359848616,-71.10203200198298,4.90918620532652,79.85619943926409,52.928431473557,-60.110288038346795,-97.7953716893205,37.981478429326785,31.6385754644686,-85.53581530863401,-22.273502274382608,10.962290592232776,-92.48093033519503,7.877962757714883,85.2066880700593,-25.536548698808545,-71.8859017169812,33.767774822962366,-12.202532755388319,-14.478614846691329,28.251129391713846,-80.0947756070093,-22.451041672952286,-6.376593946578012,-1
39.00704577171064,-12.443704540076013,39.08142971786114,-53.50619195664732,-1.357031280881273,-1.773422035903181,-39.05364918525132,93.65092296266607,67.23724166304225,98.71811946360376,-8.530779669474015,63.742063371370875,51.489602638947474,-94.07171957149781,51.605972636933615,-54.578508150343666,50.421390869400796,7.807980781612514,72.05362059265065,-52.51773032710816,82.56491895668827,-14.293493338313624,-80.50661460773505,-81.98580591644966,19.610770197104927,34.534136104588555,77.8178305158898,-68.69869303651184,10.501048102027681,99.8329819547927,55.532292477247296,81.07443586363016,61.37916601217256,-83.29245782442464,-70.18101039350151,-4.201238967406056,67.74436433565845,56.76735514254128,52.49195093325727,-1.2334433913722194,-18.94622744887316,65.03843355773085,63.09003299273189,77.60208938807801,-35.846740331078934,-77.1736504231311,78.44175432257936,-4.627183717993205,86.8541101301195,-0.3550826558844875,-1
34.34013688117133,65.6371738646906,53.45566021072966,48.85618785883284,-95.47568857457986,17.38911298269035,-34.1364139499363,53.79138813467088,66.70856683019215,88.47954445616003,88.31095515337753,-76.52341815844784,45.71047373006775,-36.0086176879322,81.7695768138351,87.89286735183086,55.002851833304476,-88.72757777551543,68.97224552917905,98.11994380542922,89.27368505646757,35.32194078745766,90.30112735080607,-68.05698757567593,-89.59257745736258,-27.309513508454103,47.024760769771575,49.327780523484705,40.14648895214569,33.011718854617925,50.99578741576448,-71.41956888314238,-68.57932811523249,-87.93289539338353,52.87999811336249,-82.68800256298958,13.171657621850756,24.16532017110498,40.74436806034248,-94.16562232388914,-20.944571467107124,45.35907939180706,6.002839748360117,28.97409480790992,-86.91834536380587,51.40863485339162,71.51938660766666,64.55257361739945,95.92299819722658,-66.84655844606557,1
-50.257145482474016,-34.09391724520066,37.59680430473395,94.78815333335635,-97.12652816332208,2.624512561091578,-80.70736917102978,-52.227587666414955,-51.59780225070452,51.1634393329536,-37.134811682043804,56.3875854310665,-41.90116838141369,18.95611738104317,34.372484143946195,-44.016428906273575,-56.848500379084,77.64928700482972,-95.89759948732946,-70.51583805927288,12.261381883992243,95.65516037581605,-89.50829878621963,27.224817359414374,98.19361544545626,-40.64315465616457,-87.67331142397614,-13.190407608736464,-14.593132362270026,-32.25426520278441,-42.76547595973626,79.89792346872349,7.817389639440492,0.8110813126699838,-20.04814169846813,51.64417076130988,35.07687380595965,-39.66146477554893,21.949214240661874,-4.797723407961314,-64.37455341511023,-97.3145461228536,66.76263199550252,-79.67685473559516,46.36496481503764,-44.74204709925378,62.86010307051765,-64.37142195116598,38.670088099291775,-33.781867004729136,1
13.321051781092592,-53.87227195714721,13.753820504575458,55.89766929430675,-30.512327350306663,-54.53535498210387,34.55773878286686,-1.2847597885609758,-33.04736530308358,10.041336166895178,13.594138173581598,25.665022960656984,2.3519120275142598,74.99750775458332,32.66092353226924,19.09490162302599,-59.445098546377025,-23.632180186498132,7.352154816550467,4.453950932570592,-10.111735343011048,-88.46868088520894,54.524744728503606,66.00290899057853,-74.18055532226755,4.5076302492091,-9.83561442662102,-85.90045534945116,-20.53866362348198,71.47223405437913,11.59222947915515,-72.29896088704947,43.40040048962251,-20.50386746245529,-49.15306689496533,-15.801245548787165,-20.03469439549619,56.49757138443118,-61.48492692506857,16.453828527978402,46.942278655030464,14.350169502210179,35.602264806115954,77.580582066099,64.92359785173753,-29.58522524589644,50.9872053411938,-52.54645376820981,24.968153013129154,68.44884240312734,-1
28.559014101261823,-82.21409544899522,21.40573087690933,-65.47454594615525,-25.69060099936496,95.52581966054859,-21.85101154844145,94.50791755357815,-1.43390529319025,-92.11632434068184,12.970891208163636,-1.340289267442813,-75.41604266141557,-64.72263264312343,98.00188315693808,-0.6490436543536333,-87.45551701855021,-93.12931557617654,43.34624142468766,-58.560655649790206,-80.86708402348026,-39.89114433634961,-64.12282289293572,37.44158918047219,-23.457305403979873,6.525509887457815,-19.120719539674113,-4.768819742373466,99.2169120166644,-3.325692872877852,-63.55823124418909,2.291647936031609,53.98927606901702,-23.588479107841252,4.492209468018544,9.325660564443552,-24.493817515789203,41.40689538745576,-27.236370004768503,-37.567721628351755,-65.1072439247742,71.08033885815163,-67.75990158203538,0.9329949904665966,-96.59856902267374,13.796647772278405,-53.28094641906333,81.11336243472965,-86.62179130492953,27.55207374416655,1
10.231992383274417,10.833944322200011,-5.75266254167046,-75.45213609113821,24.057401897702007,0.7550867678141486,-12.414279309217818,-85.78221035115658,14.467922094781187,-55.5546795280794,11.464049868525024,43.96750650939819,-69.92033815422509,52.100518303069805,38.08632377769911,97.76727705606507,-6.07176212547833,27.024415700491517,11.05015814906072,0.5116456091753605,33.90302346328568,62.32611775032788,-54.33850917790431,-96.63548406304163,34.370010288802234,-31.85274453468196,-55.0627398983466,28.129654073270473,-64.86764945452771,12.146021815260653,-36.93663952857062,-86.718610555534,-6.811075547833994,50.43397341248638,3.8873296038108123,79.35411333956631,93.08592028492669,1.4631111719827175,-52.4792431540996,0.5818983044858754,-52.82363785614852,68.6605899408236,-58.49668467901259,18.23598102158097,14.441107906034617,46.50930739738635,5.94600336135116,-20.296997001716363,-86.80508583653594,-46.954792390409494,1
59.65863944183732,-96.393598034954,-19.147456986969374,-55.78682699055666,93.61465617274848,-37.16167389031639,-22.008228443763926,-36.248695416646015,11.716828464132917,-24.23413782830626,-85.71116929989388,24.91956019323787,98.41065812188384,-58.84538210516372,56.95770129518482,4.29843452356738,79.47625421708409,-60.621865917462905,-29.063810421476305,-35.08648367683517,11.872800767716484,39.97819601545174,-96.921796331445,-52.507732931407006,-45.142233834830556,-20.047854577950147,85.86278381285399,-90.94825903318223,-45.35238967780042,-28.941827392709655,42.24981224530899,92.32900324755627,28.75648631621209,86.49305983913942,86.97349240035527,-65.01764307715634,78.69934958352465,69.48902036924483,-63.45898125070981,-94.31420544059455,-69.50737334609903,59.32790653884038,-34.50225136728713,21.201828451082932,11.49507958766958,88.96078279491553,59.61567675995221,46.35226414603213,-66.52628592063223,56.38363752896245,-1
63.31988789431543,-46.779726292538285,-2.718180201782701,50.2065923075217,-92.65062467528918,-69.92997481615396,-38.52788374082004,-7.02379992570836,-56.52861210807334,-35.331886234360056,43.31135943419633,-57.554252429845775,-80.24046804803879,67.89895126695961,85.74568371647013,23.792263440940047,3.229849149863682,43.78460011010199,-31.857796651139367,-74.84226190378065,30.601618258100928,44.9783326153225,8.068924442825036,13.222767061753004,30.044503856629603,51.83411014300202,-51.9755867675783,91.62570374440446,-6.489862012895387,8.160181213317102,-91.34066671287542,38.0111517851509,9.800259267367764,-85.28758580070016,-56.91125145241236,-89.0022428450551,33.76762950480739,-73.05971965375848,55.847116846660214,-58.36307612742346,73.8918500555906,-53.403982163471355,64.64829567929576,24.836628910604034,-81.61890007648151,-40.026998297108875,65.63524175362312,28.198407478353033,-39.544589913647556,-86.19853560546558,-1
-34.64105882844453,71.57783704924799,-97.26446977907118,-61.50384644591567,-52.25726163025326,69.52653967714258,-85.11958101243557,84.61430712255293,91.44917366831018,69.86018938724953,92.52447280744383,91.80712497955741,-52.1734709621581,-17.249324926809578,13.297424233307396,-5.430084737518712,-41.182393142053385,46.96884995997726,37.792866378210704,-23.419397120046597,19.814009500974535,-13.061824516917312,-35.86940993185826,58.46435631469569,49.702669927318055,-12.52275892180343,55.704410565475314,-48.36435597444999,-66.90895553481755,-51.77876302311497,-86.55766764285771,40.795079370274635,86.39713573574738,15.401894404019984,-12.248771621870219,-82.58178980549455,-54.466260753114824,-13.481237268116502,89.07559118323292,-70.0980009541438,-37.26262648975223,38.761688428157015,-54.5704395820914,80.69002402810457,-97.97701441360405,-56.853636521475195,75.04436773079567,5.064267642857573,-81.6885480846383,-44.54141353802126,1
-20.60369658514331,-73.00430278567158,-25.62797693338112,-56.8997688332469,93.74749777894928,77.37605702420814,-76.21173462923267,11.415165916857688,-27.880593369484956,18.036864078993958,-55.31496226877521,-30.82170217464484,-17.351161294429616,-23.116836994747445,-52.1087828937836,-25.8746205835172,-86.9733427345193,96.12278523273142,31.268676187241283,-22.174413002579314,32.53357031812797,73.54129297042539,-94.70568673213613,46.35184630996213,70.74400840040579,76.74785437276333,44.99157679650858,3.8349969503900923,-83.68329038044433,51.13480598533832,49.46224297240221,85.76628053649515,90.76924236121565,-57.00437487275145,-44.51636221076567,-47.10784814606575,33.70744766119671,-89.86768980244469,52.410535855199896,-92.51686338794565,-77.72913289956801,-69.90903766848959,-47.827254004346685,58.55913526709125,62.36178233985251,10.271113044229693,-85.92567086737503,18.766041668561016,30.335379049397005,-53.82179231843616,-1
18.69227654094476,55.32136795927812,40.96483307814324,-39.00089633946284,-77.13400106743293,69.37758153019504,-16.78418367226287,-81.56931655983274,-20.61522818154593,20.3141121190731,-85.21680421254342,71.69371673866155,-67.12148492864983,-60.878879163377064,93.26161822465212,-69.99207737070256,57.777894874336795,-11.662231557077817,-68.43042837793149,-77.05429567068809,-56.72955228967695,85.16789456358586,20.398662822423603,63.8247710966821,26.588057271553694,28.427313807567913,44.36698254960862,53.76120140400167,-65.72079182196484,22.066024676263623,-98.70827576412609,40.742053856985336,71.77424563464751,97.05709037404614,26.50682451979,85.0400594869331,-2.1711432634616017,91.55621328787217,-31.228280252377132,-79.88548045577033,-51.16715176755253,-41.39706558606717,-52.2495252542945,83.50445453071069,11.991786477190175,-96.25762771687043,-63.33971992221401,93.43675956251798,87.53046028901454,22.109199656420415,1
35.50632277673694,38.96414597434415,78.66832836552163,32.74265050403881,-99.2443629593046,17.300776294485047,-50.5079723707204,28.78304171495921,-56.87815825265909,-69.4574429313738,-27.716170696496818,-94.62667961632336,4.1112770809729255,-95.81703338008644,8.310559166512263,40.963346545160704,54.717539305579606,-15.011732105795389,-38.60551389701623,69.41833191500433,91.40181500655723,26.69230345442925,87.69492365683578,-79.6836741298109,37.41155994077664,12.611298072996973,78.91649729827668,69.83389306393047,-24.5782633220942,-85.46342098062065,43.15589267042381,-51.60951949738948,82.2864729686894,50.99100910543342,88.08746644210967,11.254942398061814,-41.70275020393193,39.50442113654219,-98.27387063136818,92.03423572813097,-40.647122188323806,93.93193988608616,24.776484610383818,-76.14491045424259,56.99629075240159,21.058194370592886,-27.25473018022042,95.7396807400525,53.10717400818595,96.36661900349182,1
25.501092643674014,66.38830833761043,43.52911726854853,-95.10705944821332,-36.0359426398307,-29.22391870727799,10.024239397277881,84.77106791019389,84.04085628379903,-18.173656448382474,-94.28679999058987,66.01533763983633,28.114547568539905,62.54356794705171,33.16412594630361,-84.28746055003076,22.415405114583535,87.0819883238452,-0.7146028292543747,-88.3792942391366,60.087719421639235,-77.18141554640492,-21.09993820055871,-1.7030282930268896,43.77871635827236,-20.266090301024192,5.327270214219922,-88.70171472817094,59.71676285564945,-72.64401330929367,31.980356034387597,24.076572933470857,68.64225202236068,79.78471519189222,-47.42817572497684,-12.83175612763165,-5.623028499867715,-58.573499119739395,-55.663038214409546,-74.44341752349399,-93.89816441980014,-31.404660169433015,81.55009527945302,92.06324424201298,-77.4767568385966,-17.562464624651057,-46.51466184575217,13.628599036497164,-88.6149225987317,-90.23651021299399,1
-2.2204336415097288,-54.95857995675968,-15.026414586397792,-87.01866075706603,30.663044953829313,-27.577563803825342,53.656519925683256,88.86016397996326,51.46201876357455,-72.15818456520368,-36.86384669940998,93.96450290496807,-33.86787641650086,63.30922579201237,-50.620737164067805,32.916621840849814,5.554619547636591,74.7461437750658,-21.399798327990197,65.54798686766262,-28.62717294576882,86.40606495452079,59.40250620891979,17.0739081799326,63.207069505645705,85.47233016086133,-67.99870954646488,34.0983923182516,-38.75642620435074,-68.02885897570161,-1.1680269818697013,-1.967308596966106,-21.95576062442055,-82.35651944772934,-65.87124038071079,55.18185124824333,-32.4918053562713,91.41703750575715,-42.836966207219504,-52.1698785642732,-46.99880770082099,-21.667967442997863,-88.06798086502997,98.02041346727214,-67.53384862026456,48.56235304171372,-17.410749889697016,-11.161310933477779,78.57530032397756,79.31774985373497,1
35.60323051181271,-78.31992545667546,-56.76228522590492,78.8215196795895,-71.7898157859527,51.82425190920483,75.81579765243131,19.354588767294814,-86.7793807250082,35.89753241013693,86.24563419790243,-40.284347137664376,-68.64050368455389,17.364512305308025,-89.82617197693061,39.3911605971152,-37.83076642666969,42.37648992109814,-64.24002890959352,35.65509799407607,17.346840815499178,30.33080716221633,21.855691448404002,78.36572759364171,89.36980254476148,-12.47847821873944,-5.746792860675228,1.7667307877014196,83.9471502625743,74.67069107538344,-4.3494274549541245,2.5415423523422476,-97.6073478391286,-26.62413665087402,-1.133510275200564,83.52997303982877,2.2450235559031313,-60.878210819024694,-58.98159945298915,83.94119852420025,52.92671092561142,80.08999733717633,-68.75027407045044,86.80874223133776,41.38881493716079,19.353765752412258,-95.52726636517936,-61.75370915886285,-40.88742277456152,-97.14232944388763,-1
2.9634707859380427,65.52205226983065,-6.606518167240424,-3.6624462676924168,49.04402533830361,68.04659590952548,-91.52815147122153,-26.24622393317246,26.159463973238914,-10.252236375089964,-42.922187071637595,42.7978551428713,6.277184243126243,-80.64943242136566,24.012561670931248,-11.28640428952805,33.06427821986094,4.266639507550238,77.56045964460219,31.585881487670036,78.26241301187531,-69.30185455746734,-31.05876623424004,30.21611094276213,-76.4357658732061,-85.89696304739918,-83.60486662334871,-52.87746489772793,-45.463638256220776,-89.16631768451757,59.25618285340687,-4.386979607705285,-61.701852084856455,3.4343731885685997,83.13319093538573,93.88076520744099,63.15845857257452,60.559600550638464,44.030018585188344,-88.64393717228853,32.374266589932574,-23.59997823527577,-96.27529854883885,-26.407328777732147,-39.744784359792675,-98.35289267743035,-33.916371673822795,25.263881934400374,50.05717679724236,-36.15322583110143,1
99.33937077059537,-82.05981619703084,49.026549699679975,-90.45324206424878,81.92758446133121,42.12509047614117,-65.65533734052488,23.634904019133558,-44.883155892631585,58.342239754075194,-28.68312299288145,-91.1139150315982,49.50832234810903,-22.360447131394977,97.34496955164414,-16.309629365700175,70.70046372246429,89.72073904016892,98.06125164515112,-8.935907813607642,-62.78142468308323,-80.17898434521271,26.668489484586416,-11.983977186959407,79.13719707542171,-77.95928085839665,-6.271967064571697,32.815548641261984,-68.73248227493731,92.7304944664914,-32.741395604223996,-20.637015891067918,-26.631635021687543,-33.667380528318375,65.82317964919054,-94.20869504856823,36.472995529369314,-33.59049293581511,-11.836345255892965,-21.538147412677972,65.0815733891639,-82.28842707666779,-88.77750108483313,-62.33595493623394,-86.45465893815314,-56.05474967224939,94.12091513826957,99.67176751655288,-32.099496973473634,-70.8178941247982,-1
-83.65493085064435,-2.5834911352844045,-68.01183952661427,-72.5874608051641,-84.7931873382731,80.97042036002588,2.220955267915798,-72.76582146258544,98.6696921270802,58.026713883034546,20.50932793604754,56.69507649818942,83.2113759179621,95.71349573200678,16.96195860219798,77.99345941466842,74.86813953324832,81.18400025119237,-51.472775229812754,54.53531274332619,70.44640568954264,1.1429184789439404,52.35921280503376,68.49193987541292,-93.87609887420854,87.99565259030055,63.343378529808945,5.276288909441362,39.606980071864626,30.059275463123782,2.0415172201244474,-21.267158012614857,88.68022200040977,7.455342961581195,-87.18907187002038,36.80915897169831,-15.72083376119393,-25.24068602815352,-35.27133083375806,34.459789343170115,41.34586731186141,86.20947907510902,41.9525046217735,50.646417094045034,65.89514027647866,80.56618286715562,-61.83757794783962,-84.796618123599,68.30321654759143,-90.0026028603115,-1
82.47266912333819,-87.0201440923181,53.8373579991856,-27.75545295314275,11.53438094051333,-13.836062368271214,82.40400082959397,32.939013205901944,-78.15578232249376,22.42324683198305,-21.239451161499744,17.86563699926316,-84.13349322190528,49.09239913161403,85.85766138703596,-95.7892473851791,69.14985635175154,29.994589194396895,96.66248400259906,-90.47493097382251,58.25108576850718,-7.516798912266509,22.78159854298147,-34.034176934064845,-25.254320791253576,82.17628396539948,-93.18250207604797,99.69195912879408,60.85225504829404,-69.89541905787848,-17.047126913200785,74.29386488173444,2.0996958532303722,50.34384224289602,93.23565631066649,62.99132529259964,57.5952677231744,44.15271438972454,-82.6633210068818,-31.809377466984003,-76.91795670712608,-95.54998584234109,5.337610402148712,59.988184117127474,-62.5548694541751,-5.009135751388442,-88.42706816019887,25.530374912015702,34.960828943826925,-70.42141628954923,1
-26.08516011464536,-16.31010056490838,86.38053688412066,-4.151524992133886,-4.789761213903091,38.99232417883039,67.65596917052292,77.68881435176058,7.691609315627559,-63.675368600690874,9.070856332080979,-62.495600373152584,-10.546603963153927,4.351181545442117,-47.71390634703201,75.38011879647203,20.173914996789463,93.83341167211978,92.32026620289463,-14.53121480149835,27.386787295643927,-95.05670916598284,-90.30095351841949,-34.503046845378435,56.83577048006126,64.72862129775564,35.72743676034824,92.7669076528095,80.5718545018658,71.48296889349373,-8.275495335903031,25.203661627607616,59.95678961285688,-3.6209935970370424,28.742596226869324,1.023850600500225,17.512050117052695,-40.05916645065457,-38.2351591599829,-60.97279086732481,11.763139687296814,-97.84255303335216,3.3912208621439106,88.862884822972,-91.314514750864,-42.48698223703818,28.980633200620872,-34.52224516955846,27.023176422932792,-34.93515062265202,1
-69.75063425301309,-10.273481676453173,70.21837644642889,-71.79504227993286,-67.69521554014774,-56.79195510528405,31.309535382214847,69.00345019336802,-96.69607768000763,24.39592509269994,-83.6754182600667,-10.01565132600939,-96.1371503767889,-45.8165350737437,-41.95617513849172,98.69144093877708,80.94005693851506,14.138898705966895,86.28474718122047,-34.59001156180868,33.172410040372455,81.4803662245642,46.80421793948244,49.39600006429356,-1.085961070089141,-90.56472730428055,51.64365233643002,99.09847157534338,-8.782987920594039,-98.3611070132047,88.35216568563465,-39.38297474611821,-45.60712449199287,-87.77028971884346,76.3309075242712,-38.298234820486,20.29333280374101,-63.427530511481045,18.701911628664675,4.416546972513373,-25.996557072645317,68.13907538258576,63.49622546098581,82.85990852382133,-33.870317148554946,67.53063660179367,22.942432072195885,60.33993067817789,-7.385751979748051,1.120599514608628,1
86.64101755186124,-5.765488124371629,-54.70706166452102,-48.12683576650103,78.34709221155873,92.82498640401673,54.18740749693569,27.90517664359031,90.94287353105932,72.12554118759346,9.485827330172143,67.9177592496826,-91.87762546789233,6.294324781366782,9.39824877207505,85.66476994326405,53.15216805214419,-93.15078997513186,53.701688527219744,-40.444190980787994,29.221260448556706,-43.35258598115295,-97.84549002127667,31.06250797931824,-71.76631126254327,21.188203179918673,-73.7589761657704,28.031780578887094,-28.209069077047005,21.00475285429144,48.43814498362397,62.065659193870744,-98.91104666544123,-72.52317933766514,-34.570900056463046,41.02568357979527,-20.19323040908465,59.190225770670196,-83.84287738104888,33.16266546990565,26.36827743216361,-81.76918539102726,-23.2746984933122,82.90319308341512,24.38125041131866,35.28577658221241,-50.36475001768144,-61.078200474303166,-31.86850239158528,80.519831588583,-1
-31.839291949396426,43.6028356254003,-89.75873016193418,84.05423952030773,-92.67805683155983,-26.933277290502943,23.89162013154153,42.35482676609354,67.59984447514853,-99.03831369112088,80.61306136811521,2.5719218829714663,-60.07933994684844,72.55647597990233,18.08474896451591,-59.9914246355987,-46.99094482975039,-48.62484105959173,-69.9521446235502,-77.43932954835937,7.886398197804525,30.055062388162668,82.79596655004573,46.7118889164021,70.73275520885406,-49.316752167341434,0.05850877355931061,-64.04179746457322,-80.91372228318605,14.749375235776682,64.54917884632036,-52.96820519190983,-39.64702574597925,82.52761765666935,10.891946531526102,30.378629907792487,-24.23945938332608,72.03915731466944,-15.652373780021463,57.90057585448804,9.467200807532876,-6.513593840802457,43.74002357784693,-96.75534240248508,-65.64702711801115,7.984833982951713,-45.11931109673122,58.415216307135466,-42.64479817806128,5.180234474033398,-1
-50.628594480853415,-27.373481948107553,-88.00414556169672,-31.191842277054434,-6.99116928834178,-39.1361304949122,-65.28507563047509,96.5635446990473,-8.860514777409236,-99.90053698937538,71.04438240029614,51.955734336139614,-54.27746297547327,56.11545967859547,-21.498302809565416,-18.9642719128926,79.00603714050268,-57.482941501349536,65.01280512165636,60.33131003235539,69.79291316468178,7.563217006444717,92.29083510986447,-7.731438447366173,-94.60600747028477,72.39699762222773,66.93023359166656,-29.787158788347455,96.37808046300279,-68.06904382168398,55.963951847414194,-85.41860700423531,-51.0284634946663,49.475930491601815,-55.2942352621822,65.80485690916373,24.33735444889922,-88.82443392030615,44.622381480668935,-21.082033158658177,-3.651733747628299,3.2496720864665747,-31.272232510082972,-97.13964696927688,59.18590860623135,56.92160916409091,-0.3796926430835015,-83.73344844579708,24.586745141183002,-91.28926566192183,1
-32.02500724638678,42.73205662243075,21.700922594157305,-23.62564955309992,1.6572879449848585,-61.179246566578385,9.32740375898031,3.0160309910885417,-51.92291288574407,-2.417863744397849,-87.22726807484555,20.648571836846614,-87.79249876256203,68.49418128279612,-98.97939957718138,-27.447598819068602,-66.67733342958466,-95.9361150969959,-71.65129604394578,18.38982984020228,2.407627041060877,-47.0029323815776,-2.1882987125163567,-43.48893887250329,10.356739471653057,-83.50575741286349,67.37880905312318,9.319615294728536,-64.69629606375362,5.740606092686605,72.16000586391118,67.84522015517246,31.01008151433132,0.3506133885574627,9.655169576651161,-30.04411678417489,-31.80218895519866,-11.243622295520694,-53.98926444028629,5.875711612828113,-39.897962346253,53.88585140033669,-10.9890755228555,-62.917220776270774,77.30477265113967,7.95744956868738,-56.65739476627068,53.29558939981683,-84.00627669706707,94.09387247974746,-1
-14.506694366662188,-47.41515047357059,-3.0517285200615873,-36.017272971939704,-61.224720121436135,98.35112990090849,6.470795227721226,95.688166121655,83.25954943131586,-37.62164536900521,91.3046118453004,96.60943412532049,97.87124493209484,-58.96239561870018,-16.67437244171606,-66.80712821684858,28.864546392594463,6.922566001128303,-27.047739458923886,16.200530364202677,54.40466300556949,-53.94136925661268,-57.750997855238715,-9.78919591722476,-87.42053636216713,-93.9382336340393,-74.5318998466757,94.63537355431276,-85.91578692838264,65.06322212819592,-11.251873217649063,47.328921945801596,-9.060815333685454,-53.64827005403365,-6.535669139233406,-31.56832372059756,-43.04558235435878,-62.78787153397944,49.8391762011058,-20.124431354763388,-98.22225389141744,-40.04950926716406,45.48230380209779,-68.98844523029048,92.92746620131129,-83.91416835925538,-90.48111717943843,7.120568389068936,-43.03003178036151,-72.14287107541968,1
10.132675888170311,-87.10186390883075,75.17714427339027,95.21903582229771,94.44293018925399,-11.844469490721465,-25.718333827472833,-94.00187244796004,-17.140727281220578,6.747194857950859,-8.698802731255412,-12.56843069112574,80.86127215161093,-35.80427513345208,-8.070580147406176,92.10269285843759,-43.46031460385953,-70.0443268071957,81.25889522532498,-36.83388156335996,4.3653468983425086,-4.165461178758932,87.34771606788675,-79.36664779194334,-18.225046796651185,75.83274395708312,73.22048912563892,83.20969094861789,4.414829001672032,64.60809871651139,-90.83363359121917,-50.13140702048808,18.860961764513377,87.05518155017569,-30.42181626119205,-84.09055837917893,81.66810696436147,-5.7126597942468464,-13.497838240240398,-18.798939927138505,8.392778946725386,-85.90490292815245,-64.33373847117988,72.57171633971939,13.00884252909529,-36.50543565264566,-58.0879972947387,80.79816066619793,-27.286472560173934,-57.71699269526833,-1
51.608084202243305,-89.73312573526448,70.47109207749702,-9.034045512270055,-11.798879813767257,24.356325720851245,70.72053159201593,66.40942751345565,61.928043264586904,8.497465350041324,-27.52494952306725,-85.6511969108543,-2.699145426751116,20.05445135976167,43.17660224710767,-75.85852014881542,34.2469150491747,-21.90722529207298,31.919691664153163,-5.1581766293499385,-61.13317187402636,2.1810016755716504,32.7423245714194,78.50189103815345,-71.0350087159529,-26.400772886504996,15.57616387631495,92.8673515340584,96.23808917419595,41.33976125042844,99.38545003987548,52.745777927931556,-4.975014292855377,33.388360019430934,-37.52774913561869,37.81682244113881,5.600136266932452,-6.89849751870895,-31.554023907049228,24.16045482100199,70.7644590995985,60.29472822461054,-25.583103313734682,-22.326433795385142,-71.90136817993537,-71.82160811419442,-48.5348338003839,-44.73913469694435,-68.01464621620732,-44.72479014104056,-1
64.65464253600604,-91.84299731289639,34.52974788647424,94.04701248560411,1.7366655375458606,36.66915501586331,18.846425048248832,3.8518852827556884,-75.04802879481065,-82.73334718952844,60.81371440256197,56.09546611427069,3.7212860255836517,16.119882021531822,-0.09359766223579413,-60.69657978692078,57.132807684532935,39.779948099058316,30.76370171326417,-1.9061771164003716,-55.54501060096055,16.10242394512707,-54.611780134416676,76.63614845495187,-10.259966456564214,90.9768138422213,55.50386878214226,41.56977329588369,-78.82588088993457,24.60597632264458,-17.329964516280512,-55.95457981691141,34.65695543697913,12.505065514913682,56.430801100680185,59.12461210447023,-40.707603574304386,-63.202654705736784,-48.612748077248845,-12.04542215874136,0.5523455751922199,-68.5689218251602,3.8356030676566633,42.518807460728596,-44.569924901188074,72.00020483531347,-6.229574759181887,-95.08646251725983,-50.60159531908279,-63.74244058425409,1
84.15332169267145,40.70566803630609,-43.63486418006306,-38.13846690294047,-21.35564823915277,-13.76707033778726,-42.16698780245305,-69.55632672914012,-53.49324218790614,-71.53413795107848,-89.45725465530148,-60.05163820022068,-10.090706946707726,-64.09167741790364,74.9977423545212,80.75568584124281,15.980332244772129,25.554752006026987,10.853131437486695,26.59193391235692,30.91457920361239,17.536931116096625,-32.69625616574339,-26.631348584265197,-35.02085298354527,-34.87741551724454,-23.253418316191983,41.09219210882776,-74.8358414762993,-20.030740923978854,-86.3562767026339,-70.06808125521091,44.85222287871261,-69.54128340127767,95.24402013286019,-9.582566881771143,61.08474851890145,-92.77963502628364,-13.712635539123013,-69.0781001873505,-29.03259697111453,36.09442771349714,-13.997230296939463,-78.38267763489296,16.551386261446652,-39.660132411070336,-68.93925942262783,-23.97448016517329,22.37079302629195,-33.457602906232935,-1
-21.61788741121819,-26.60843363660095,82.3475416554707,44.25365869708344,63.676911271890305,63.882700907999066,14.908602410045518,7.807855388818382,-55.678484537518244,14.067891406349347,84.47503728523697,-71.93411160220933,-48.24203174756907,-57.92466468673743,-38.47829615821878,-74.65966447257033,-79.80146795333285,-57.817630156022304,50.32908982290192,-30.62908306226406,29.01040274728922,-77.70876413468511,47.19097129047415,-58.89389229032138,72.23392322385587,-32.7632863856264,75.01817364363441,-86.80361989514225,52.91950624070435,-82.60350203100437,-52.983670793510605,-59.16998950060965,-63.92935850933157,86.15991035760717,-19.505189368161496,52.401170011972255,23.604881802995223,84.07459707056631,-22.023353689011344,-52.700451282787284,-26.458003883064407,76.71146718898433,64.31649197092585,45.59035506450019,-60.937429505870575,80.81999579327112,-15.030453937198729,-56.52053995579875,-58.989139167897605,47.932480729590395,1
-30.823388609408653,56.54913485027734,-58.65067085195217,86.38448713711739,-5.366990353185685,79.06305101427287,20.54518476815052,12.892583678918143,-5.987015661641877,47.53782330412784,84.24568250812172,-39.152148352343794,34.79043620731193,-25.075648716156067,-14.810016122460866,70.72111759727463,-31.262445324753145,57.506323664133106,78.17502790168007,35.608997157074185,67.98494499808046,-49.00953904206984,-7.704162761811759,-12.320452167075487,13.494894355614534,57.77425379799229,10.057280786288885,-18.595095932709,-20.448601288493677,-9.755476066965585,63.940655673181936,99.71549450098237,-33.97845175119943,33.272235508229585,9.912525457462749,18.257470358004184,23.966470149461088,3.477877958365866,-21.634680277805813,-26.610001612973647,58.50478318323033,4.997897741343053,55.36816205634457,-51.63400207579632,-67.90558346400972,-38.61679259106046,13.234370244140266,-56.47080721855773,38.21780787510011,84.33011770952174,-1
97.60719323111837,-64.85695083263482,94.21449172556393,-77.91312573825671,-84.4051152956377,-93.76382717304743,12.233488749284007,-30.88058413323087,-43.54564280745037,86.84534968787193,-41.597139332609245,39.924615446879415,-5.362564651517559,-20.649120785912316,-34.70949919365793,69.87629681187792,5.582215237197502,62.20912113460207,-44.8273659000618,-13.809272281812184,63.57523999011403,35.098812990935556,98.42197014523938,-3.8712488014036524,-23.092706809729123,18.519967886924277,-44.18951566972255,-84.25438461057809,16.082706828920863,-32.083392510946894,54.093765356815595,-22.48121785614265,45.968605058274676,26.78524767663191,95.22593520567065,-90.72265110042596,-16.900271842134458,-61.496814967050994,72.5760927600061,-99.12998447258552,96.61067922644858,90.17738413901338,-16.52999648972076,63.436964608617956,95.5568212842351,99.4989903545547,-91.86480315251731,-5.952304369503764,25.702176264549536,29.21126279441262,1
84.16956956313737,44.02226670298916,-27.780071874706636,38.10132640222719,-62.97069165210969,-98.79146062838662,-77.65754357951629,-24.44116301795225,98.77673891542415,4.1919923207436085,-59.0203386300236,53.71671693667187,-7.0305799273391045,-79.72360012318767,85.69903876107935,-8.881608774593701,67.76475845092148,99.674740239817,-5.96538618133971,-20.108295801576205,69.59722225106489,-70.03731012423815,-65.87946561871894,32.665988713242285,81.60934980957487,96.32200235805385,60.829264266171435,-98.17780726795775,27.616595843316375,-87.36517159434109,-24.84539233707106,56.10443392990459,45.54350658134456,93.94314717813285,7.095025933253069,7.9011007009437435,1.0546339811259315,61.30227591254359,14.120458929336024,99.81524104505078,14.955641425062922,-53.557562776082214,-75.14125533671765,-50.66271856175844,76.90505245802666,-94.58384579613124,-12.273060554517244,-36.69526273741841,-74.34615870673025,41.10308959193122,1
-35.35941359584895,-24.60276654263167,-97.105871699427,-77.93304523495941,-85.04236709942697,-71.29606717154874,-45.47728769613406,37.33147720683337,78.62967260311086,-93.90041238314359,-60.314866585659345,97.27363424780106,99.33392179440733,-89.69548867312238,-88.13330597669567,34.64675699801268,-52.16811363226701,98.50593548304244,-66.3560384871563,-87.74596749208106,32.884420275579174,-82.20441307698417,1.2682042698753548,41.15358197811884,-81.34640098549772,69.422204149187,80.4148346972894,-1.8331701275514831,-24.201364694201487,36.86155586481527,41.83903530073525,-85.7364236833395,-51.81456462279969,-50.88943376765549,82.3592335577658,21.777864989794594,11.577746159443308,-49.5765528667931,-95.62645435589876,-89.63426431227526,-64.50271749465267,-12.580484066463654,80.58274704634368,85.2533932737984,-54.30946576193667,-77.56114184365487,-13.597873572823673,4.370670897437435,-61.71062652705188,-95.89549014510348,1
24.771864935314596,-22.707487134412958,-79.95434867142315,99.30441438493446,-5.115361142240275,0.1960326865805655,90.85435521848945,84.14833785577332,84.18102319299524,-95.8729150166401,31.284294183101338,5.427657026170607,-89.03406587722753,-67.45448858310934,47.38986791988668,69.06301223842516,95.68744384307507,-30.596537759849255,-93.04518360681269,60.2486891232316,53.353675384820605,-35.66231257115888,-58.39218722245816,67.91867543228338,85.66789620643007,-35.55404630364727,98.89374481348253,-39.23464377229029,17.199041934592756,18.7686544517138,23.573167035303968,72.18664320767431,-95.38368674583184,65.32209265035141,34.24523410229986,24.436287910099736,-62.09840449938431,98.875075854519,-35.392659703889734,-60.75764148695795,-81.82271823653278,-85.63166141323104,25.957245850606256,37.80477552778879,-43.859813713890205,53.01692820002626,-57.703330405669284,-30.530860551355545,-0.6603670442336522,75.22908007258417,-1
-21.551190980053534,39.33779757463938,70.05974731435836,2.9964807391611714,36.12478568054729,-43.39723938381053,92.19173701242852,-28.1451176047876,-11.388742612014127,-15.577081257632358,87.62115846465596,-36.65871671025016,6.386630421789462,23.926189451299535,-21.211244621341535,-26.96518890138178,-85.51516623234245,-80.91938149593648,-56.153818298061694,19.22917536717101,53.44850787996711,27.095456729284876,49.681217465126,-6.614278737641996,16.878950244738306,-49.65872678147849,98.88933424923948,3.8172072420259013,-66.14291580300684,39.313961354654,70.76691547079136,-81.36906465849842,-56.09542677911013,33.32640330387906,15.207395913672713,97.80447314706834,31.479058107576577,28.82382975423519,94.00345976825852,-67.3490233537026,-82.09021151815321,31.783327763868243,93.81091574792123,60.09199658080885,-47.98026012253216,-50.54633382540834,-3.720147441520652,-39.97510913706426,4.41128992694,81.7376471099868,-1
3.1192057158500432,88.2557857813596,25.47510088707243,43.090192729824764,76.0125396396308,-80.37468068262193,-1.3352016978624306,27.928493714669884,4.2054833772535005,-98.71130633322143,48.89775624647888,90.78072469984306,-66.41898567407327,-63.0233454590758,-34.8077384424561,-61.59527875521682,-77.14614554007733,-60.71183771391582,-54.007762942979554,-8.075641632516906,-54.10287680173704,78.61620333425131,45.16641744788862,92.42505512591092,-22.21809170400708,-98.22465596044003,-76.65971080520386,8.999802293742604,22.153702800744185,-53.05611983770409,4.514871021382888,60.816609996248474,25.951528908400206,8.809632680433424,49.23243975256548,50.351693704824214,80.40455862040915,-8.042728213667274,17.38496776344674,-95.5119470658675,45.781144835021905,98.88779231665694,-78.61408267047821,87.37651861367809,27.548172260183577,15.088764743999917,-53.65455575651583,29.950951439289867,78.92883786660698,-5.284179282323336,1
5.931944789123975,-43.49182726751128,25.526070980357574,-95.94595886538949,-98.61598088303465,-27.85420310078277,95.8459631736828,93.64733719392817,41.081257839096196,64.2102045876947,39.49592090755917,63.96933224291493,90.22416582852881,-63.596358269387984,19.33080676443764,64.27987279025794,65.05427325153383,-41.13747358019326,-0.3671487981350623,-42.21242383168049,-63.37170225019075,-49.255182091461045,50.0979763632771,80.99163005327674,-21.825049776526157,-9.949363813967892,28.062049835423437,-67.5796515276791,-29.53226012848171,-32.03544001802321,-95.755921007484,-25.4370049468357,-32.284598302723836,86.5593812071935,-30.189104553217177,-99.10074194986306,77.1745800317959,7.501996789562426,8.868337311483728,-60.41991499130488,-40.98776016965351,51.52122076039299,48.97404478521801,10.4255766516292,31.817104927645687,-61.161630514063205,-52.20930917358424,-49.408736959667564,92.71739119443345,-1.5142683497212772,1
-59.94359642647482,36.29212250343426,30.75990186672334,-26.62086762692499,94.19733038072138,-18.324063873704844,-52.407966443140964,59.32842389035764,35.880988599392424,-85.85664309224623,53.21111444275351,31.606868954717157,-44.07067670490499,-88.30913097395694,96.97824054117015,32.1874535528209,78.30435801230394,17.76000839151112,-33.70269610769566,25.16064510144929,14.700839348852583,-53.13010389414596,-71.72428175357024,-81.01385707451698,7.830798420083312,-17.471078872706514,85.09296835951957,-55.66014003351605,-5.320001187386779,5.148518731278884,33.06183883676701,98.41866336795931,-51.16889445431598,-65.06984984817474,35.51512572906657,40.39961274580904,59.262124838691165,9.025235168612596,3.997460367002219,60.50541969915818,-42.59064736057112,24.24322649488147,42.937459599568115,-38.85008783748995,0.8809019810843921,-52.14901189986894,-72.42981691877775,-51.91772417255294,-40.322443522157236,-12.239007494678745,-1
-15.728599544585961,-52.33255787440061,-93.31939868451312,-89.32490116454784,19.702615893355045,71.51282807982506,88.95325318002944,4.576858329745505,-41.16673529838985,-59.11524186711918,-51.13423229451632,51.69377893977247,-88.06537435493729,33.26332029400413,94.37887967761236,42.70882119164281,-87.0087962070361,-8.942140798236608,-30.052812208408696,-0.08585726690861861,46.5203598261528,-19.395174164708777,-80.25871132486245,35.934550872016786,-17.579547510805767,7.463582191134364,-92.40469591940392,9.398042024651062,58.35017473864485,13.630797070935174,-53.48978467544847,-52.098265040269645,86.58898409021907,6.030642367880972,22.404399475083792,-49.68706229537943,-56.468209956654114,-45.66313788399452,-49.388497256201916,49.32956309105589,5.258939167926101,75.85476953307287,-10.761683887768882,10.092786146397387,19.943863296296755,-89.06231038862398,-71.36384323055445,32.21030131011736,88.89980656938889,-48.322656014629864,-1
87.3459977473469,7.672620420204552,25.328736662351673,4.739677254261807,-36.841456732835496,-6.263896257435036,12.519377249064576,-51.694688209128174,-49.7039609972445,37.57534839447803,77.37458108344885,-78.16260620111888,-21.308747660643903,64.02172276234981,80.6086121931651,-12.212801513808387,57.944167333404806,-0.4807071854012719,-16.62684443066979,-70.49833976706547,-63.10053518904044,-43.57601986398984,-12.782793957820871,-34.57131872539378,-70.29814624334409,-20.55541662648706,-38.30581512309361,-80.95393729114716,-75.67123925609165,8.551080389673274,94.23148010385876,-77.67874930358893,98.77557562799984,-80.89196327303505,42.42577129915853,-73.73672782635981,-76.49155189046172,60.48127064533631,-98.42980731637809,-40.2663402835971,75.76656208820606,80.50512807662733,84.12306879123034,17.37163361927601,19.095440907869587,88.91922618594347,71.01402891042366,83.37063004334453,50.33107279483653,76.48216856429221,-1
6.233905600206398,-60.1686204805866,-16.81669341345679,12.78489158419265,-96.3300247091813,-20.97039835326926,79.75943885382392,-27.081082134883403,-38.9132416286025,90.69677757558367,8.156645271376206,56.022203246194806,-42.75838829169323,-41.48939133367915,52.027898878933144,49.38545633584832,93.2867021367386,62.0287699284103,47.36759532657044,61.348836608491325,26.852693502980202,98.65073648376014,10.828431566068474,-97.65462608336443,11.211880576915519,-15.830085035438884,88.8407983055545,75.304929327427,6.34508298536214,-51.66951358413399,32.40386285971303,46.97000973517234,47.2249757433886,33.970885721871156,20.80559408672147,-57.137922782397396,-3.570993265332717,67.48534581932512,87.75600535066727,-10.666293257888753,10.337466376543986,-27.865897316606663,35.335711562842874,-1.3188040458195474,-58.32697078675248,-14.207302829390372,59.550117472046935,-55.86390358976121,94.71879954747959,37.188763840759094,-1
-77.6814000085505,-57.16474945208263,-42.69052028923659,70.3672517523801,97.59047364131294,-39.48019192789456,-79.97709106879648,2.8084352310522576,63.03446073732843,-51.450762184968134,-96.47444568196654,-79.6829085713908,61.75222188937653,-98.95305901456335,-46.20705346300613,-88.18726275901119,58.54456305770174,29.74988727910778,-16.32431832499816,-99.12742861687312,-28.49422684764562,41.783146237744546,68.86893690209561,-88.74161218030736,7.908667298186629,-82.42762198950632,86.57983453145116,43.817893690661265,81.06185508517163,-35.85977903026112,42.84926918096065,67.99183465504129,-9.813533303581366,97.80748011282057,66.91863701894272,79.64922381639724,-82.1261619987524,5.365388588394353,57.99649107383925,-37.391406068471646,17.039156091789437,-99.42159689415337,-78.04896912906365,-16.229171884672567,-41.835328299322526,-75.9403877781417,-26.10287504457432,-70.49187041025169,-78.25769581393342,-26.414598883090676,1
33.38548949173614,-64.59134109432051,-45.5230841473421,-34.46899401567143,-84.82924284101585,90.27724368009555,13.912548132983261,-77.68813568921944,81.61380887690848,-28.74140793378581,-67.38786850425858,-83.0763229530482,-64.84057512600924,-16.16895156587131,3.722586309403013,-82.60687939908533,-0.10430716443141819,33.90363157482773,-88.26850945610471,55.127686429265566,17.158274460786615,-71.25963554180808,37.69295191557882,-26.8856419945471,4.3227667940467285,-2.1290792248787227,7.075844563237467,62.260363675111364,47.404001896235314,-76.06170475537158,-10.224955121248342,-3.175755467212852,-94.8734010126008,37.70201381938145,28.71725364756398,-77.00959481209335,-44.80677266708988,19.908276851457842,70.77758979721654,49.15072286255969,-37.92556072795805,70.78878434817489,36.66449826898207,-38.78883758448723,94.9669828569213,-94.87657921686505,30.38581703148469,5.516610852168341,-23.863072754725493,-99.34577318360776,1
10.835600503158688,-53.13498686989464,32.33501214350608,-45.240401719617566,50.52533148685649,-12.960581672961013,-44.403354299504926,-76.29099178522412,-34.930033822476815,62.57991385428295,2.5372700090223077,-83.61535404652085,-35.22920669051534,-50.971840467977245,-37.069198790539424,-0.9680627859842446,-15.685224208010524,57.9172392698988,-24.486453894894026,80.10219525161537,-45.3874912547908,2.628946824903295,2.946049473509177,-75.26648867568728,74.8177045582458,94.62174514399294,1.5816979536619158,-6.59457908201928,-13.158347281705502,31.465319032267928,73.10695918012271,-73.44268437649473,6.534871886746089,-42.99636321880025,-54.047714217370114,83.96561500024703,-45.75313963075158,70.44804403272505,-79.0369357183942,61.908553852856386,88.33531665655968,10.310543800824192,-37.97609261792723,78.16252896309203,12.036670786419705,16.084035422010317,-57.192513119577896,26.072533216919,-75.33840934282374,17.45745191480259,-1
90.18571890050967,-7.062106310966996,-70.07265569821466,-31.717549474510335,63.811491133869964,41.16861237276669,28.06843058081469,26.880188949335263,16.96102953653633,24.708300998583894,-81.79711692997786,-28.28931936606442,82.27726759279247,13.382377515019073,20.664725800421195,15.754297102902726,-71.49336279398074,27.938179644034463,-55.88512208907546,11.48049316045126,-40.341532758448786,39.44103601677972,-95.80086448217462,-71.38340092868225,-28.839655168389484,88.03428450042426,43.71914554138209,0.19389299027628226,-1.9166347236834156,-10.56292185501502,-77.6717896095824,78.05994598508238,23.16224989161917,-34.07578237270418,20.609505227527293,-79.7539397584075,12.904351104960512,-35.49726015614279,-24.982839992738576,-76.91271239310689,92.6910017082995,-1.3440273137221226,-1.7948925685762163,78.99909070875768,-52.69126910924577,-39.30866071211803,-84.66300796510247,-79.27123758342407,-86.86518118181334,-34.49873489728303,-1
-30.903829255310853,-19.178030451408574,55.562428688783484,74.80918286823282,-30.80850198797765,30.68869172216003,-41.63801841663126,87.34459738011086,70.98411503019543,-51.39277192521252,62.602154783528846,-83.22787252620003,32.92165007319156,-90.5807856034071,-60.81345961160795,22.016764051366565,41.786877495033366,-5.615408972018258,-25.668774486343636,61.28616816731514,-61.3753972147127,-51.31708631525069,56.15492573757152,19.886377486434654,-43.26271186471844,-92.00465341895148,-76.57068627519416,58.16478997058647,-3.2223710551420908,-30.929801496556692,-21.025915367477154,-44.46366215367625,47.190705525843526,7.0094464435116635,-45.06410222738468,-99.10641265530703,3.2483650509520032,-2.4212688365000616,-19.519524646028955,-25.091677173656606,58.439583177353086,-31.496205784188035,35.10841296229944,84.91879722241183,6.206147911990939,52.16000371819419,59.73356265240713,-24.91358240042112,77.85667408381985,-42.41993221275278,-1
73.65425610265171,88.13803754464635,-20.2717329607232,80.05540542553834,-30.631339086905257,28.60353648280045,-93.05244347081138,63.08433200321218,79.55204472339338,-23.36984892149742,-8.428638441967934,27.56844298199441,-36.049095169699186,16.61056656865405,-18.896301047077174,74.77083014566745,-10.009682724487433,31.333012414955846,-25.917714404252095,10.347724133056474,-65.0182150179902,-15.888657658457731,55.16129483300884,-60.00071989423004,39.69124189822381,23.295526510150523,-96.58473868986492,37.486927967389136,-31.03153435282138,86.2225959300003,-39.67000541196055,-3.850130867206559,-48.17258112209295,80.16501202703975,-91.92912090684105,34.81265952961573,59.937897810314695,-90.99175157929056,-17.366949185308073,49.06179524088361,-95.30164628262652,-41.14202840375152,-27.372028073694295,31.081721089847946,63.57016458970395,-0.5196081180663299,-46.33639130625902,-49.46504058840051,-52.992897209138,97.41983283357999,1
17.155116254692658,95.4913126367685,-24.61000566274558,85.40242258501613,65.29987246020156,10.878395673383096,-78.68187708403416,89.41628998076914,35.92767321149822,-56.13549860359151,6.572141186971095,-62.88758571467612,82.38188207520497,-51.471873629540646,26.072701150493344,-70.06519593633938,94.35990994775295,94.31752385954951,42.340728585702095,-39.652168624283355,29.735399377827747,-45.93324709901046,2.4978720630530944,-18.130671872527657,42.89676667114216,-99.75531254029131,-92.59117151738269,-88.58415122105829,67.72802129956901,-2.2759862611084714,68.00515358275533,-10.081944820133671,-96.66261978397,-58.32063121661548,18.30097143298059,46.623155948766396,-64.58887678629745,62.327889246954015,-7.898262000641026,-66.85022671981153,12.051626196336485,93.6732676181825,-18.595520941716444,13.9756971856158,-38.794600630966535,-75.0984632620042,71.72009808786532,-33.249596699396406,97.71452199499123,21.700492985388877,1
-87.73007457786636,-53.58428442676699,-76.5075854407232,-34.32852953455891,-21.306656251944162,87.4523219577751,79.00255132529244,48.79728598004692,86.42750536807031,-6.144389773529241,99.60645504391812,80.06350618233435,-67.20332546368087,59.527073014414896,-31.48918682750164,5.616787489668766,50.64914124576765,76.31707026982653,82.97453153217367,28.285521316387957,-46.91873429867699,47.92593435358131,70.36338245923093,52.50778774502365,60.62595075990521,41.41416180105821,71.76225905048346,24.12981110827441,57.18738960517439,81.83639008869523,-67.52346917057275,32.48510894054874,-11.806737956727403,79.7389570955244,-39.53135238024621,-43.49540209601368,-74.45811485700617,-2.222699576997229,13.206693148231935,67.8200266676545,55.82251389429146,35.45014362098459,88.54682323866808,-4.637617220455553,-70.54570404504257,48.99949268027072,90.38847562033098,22.96129699760749,48.31194102457698,-97.17459611884519,-1
75.4181162036378,-72.35088687318859,70.62227783140727,78.44617198977431,-21.181270285586535,-91.8008476323932,84.464769317015,50.17916433923327,39.65247441276355,29.39703987560759,-72.85210629374264,49.87540367018829,4.585215873856072,18.383535598080343,-95.34064671644956,-92.14289493392151,-96.73635427145682,34.791440091648525,37.914345032635595,-61.39958675769923,47.68972442709281,-3.907447360171588,-4.827530126932174,30.891971358120998,57.633255313565144,2.8360487300914485,-64.05348426877279,5.190004971330396,-84.76311763437327,-84.32133029741935,91.3765110385647,-44.881472409793474,65.62543860387413,-87.56595334937103,8.1842679407238,-14.483273670013233,58.324113148639924,47.305338407870636,9.506061695826176,-54.32215206022546,-88.60925704394647,76.09552363069966,-68.50462520488452,47.65215453029958,-41.127143100539996,70.99331635146518,-53.70050997319995,34.18667117454942,-50.034035038391636,-95.27597938065367,1
63.461062442647346,-97.72206638228944,91.98731435977686,32.267861677716525,-61.15137571324845,55.342905025681006,0.49275187614625793,-25.69731933050214,38.70003055516344,26.71267111075943,-14.59952040951515,2.7938744391833126,33.0955154444074,-97.05289244941027,34.407418016583364,-55.76165604565233,36.6278947521464,-13.233555990062683,48.25201452758117,-48.0347300493466,74.9889896366353,-64.8000598376524,-81.49540688517271,60.723078200195545,37.312176073412786,24.75118168523025,-24.619758097443253,-22.334258610145085,90.61912192482114,52.7126569443067,-26.73602546186318,70.6177067975197,8.853979052848416,-11.14629985920341,-6.449876402258042,8.701934343594672,66.45586281364731,27.688407491109615,-89.42270016266482,94.75130635558088,95.33108791203347,92.11218148881119,-34.63993762511515,37.994491498099535,9.521201854526765,7.752892009912912,-58.21316001202008,4.447546412936944,-34.82652614462745,-29.047131620302437,-1
81.80650413312819,-67.14591010881439,96.27542086523897,-49.12809223872363,54.70345045425884,-53.446807141329366,33.35924839323923,18.190693944076884,-26.078721955155842,75.94891456031095,69.02875089248221,96.47397300905581,11.292563734879707,83.68555144597354,59.9107614289878,-77.86536781208846,-57.7179797345974,-52.81994171657007,-25.727678187887108,-4.678301037774716,-10.1374434234653,-31.22996471770388,-45.765419303282904,42.265987641748126,-97.82987475572584,-80.13678502066632,-50.4240846715327,-1.5265056640910757,49.09796247679651,-91.2497896291236,76.90153545990071,22.96183124685645,50.03141352069872,-42.81795484595834,26.158594494057155,25.477315005021197,-65.7676947837482,-76.64712146096642,-68.6634230718839,-54.563357455279274,-13.674917680093657,-90.54142085817085,-25.19929308083408,-9.865232257667728,-70.02293972629175,90.15101918958413,-51.40987857706642,-77.25260620095484,-76.08546062525838,-62.798136981212394,1
91.58917198522752,-59.66895774662155,-29.618988848267833,-20.327742746651992,-68.50973327074696,24.46070264695996,-99.46777927614411,69.66345540360595,50.086035358992035,-57.388666829772816,-13.906924540037792,-32.27370089863754,-64.42571401375277,-96.87357819722064,-19.26341399790485,-2.797222114787459,48.48686313291108,-40.714598013878934,2.2487718882793217,-41.660614670427165,92.83248607079128,96.39725119910264,76.43882327824167,-32.382468576366335,46.489835586657705,-8.69389205470614,-63.419022509088684,-65.43976579227409,-98.50215648271701,15.22547004802341,19.447514619716628,15.32220112955875,-63.808818806097634,-85.45545189467228,80.67190432632555,91.60473863334829,-4.101124536456524,-63.112953333942954,-41.03968799386417,-71.38072927811783,-31.68258144479617,-87.50386439988245,60.82012785797289,-23.593465654216047,66.57621448758476,67.82321301388015,-35.20103904164105,-85.08249445271014,-16.619476190305193,9.232887378131565,1
60.88744153590099,-29.030855313868358,-96.76609200909606,-62.96481223098817,49.85858233288744,-73.11877462244219,-50.740326582895314,-65.75403702733064,-46.981666201492224,83.01581415997501,45.533027532994765,-98.70486457598935,97.13871859364133,75.4506708223293,-65.27239293211053,-27.307129973229223,-3.373209558447172,15.334247571161171,-75.0767098670253,16.850555215932246,75.64081847139289,-48.62838079480436,-7.90483890337768,28.714351517379896,-15.846222978309044,-31.111312272302015,79.35832760027114,79.79025850115363,82.83214910121373,69.25574564350919,-64.78984960404273,-92.77376849865075,26.902375453696095,14.271524882241394,8.63105476930724,-41.01495860963094,50.57904058999324,49.486943159916365,69.86045422614174,20.92470270884759,-69.56384891314708,83.35563627322082,-20.242647968650232,49.91637976017503,45.56739145208036,96.69744425110366,78.91891795271195,77.38822070892078,-83.43168019317895,5.21219494472453,-1
10.500193481577824,44.98254932488791,-22.468019888240192,-54.136209938469214,-2.0428043877467275,-39.04763975465999,92.19519178127996,-34.26255421063706,71.08541613149794,50.28873268820871,-74.30221265976071,-1.317883432372895,29.680994098334935,39.464871450795414,74.55563456716916,-45.082343068371756,-20.824012918416003,-32.90991473995035,-19.78848788145848,-72.90329661555552,99.26819445325268,-3.02026114939234,-4.716036524954376,-11.684433470612248,-4.266672124665007,-20.484704410136274,30.364916917153778,69.84566948895431,90.09670105169812,-82.87706946740252,-46.11025990406763,-26.129477631427363,-67.34641910003026,72.89535424158234,6.435472006393141,56.76136791119964,58.45453457959343,-59.55164029650193,20.157843675086752,74.08482857052309,17.575845436927963,70.25780823585436,-39.94981775738291,-16.55999657069222,-94.40169398273548,-38.43247012449744,95.22201071623888,6.2371107235564125,-20.523641888758306,79.20813930223858,1
-66.50348354818604,-29.96269513360778,-8.38661218542174,-52.75060645697707,-33.948350326228876,14.890927658159157,-84.74520271222686,-34.09046437091527,36.854183692269544,-0.9526033833171113,-48.06123749133282,-50.709688946562494,-99.05798362497605,90.79597380404957,-9.000308252420979,-28.085724683707895,12.707770305626383,-4.285882060043363,59.61563021564993,-5.002694082797305,87.67649411690851,-41.35534401029346,-58.74462637587372,71.86048878394823,-67.88881701436563,-50.76621187634072,37.775073772794855,-60.172375791834874,11.020337402174206,-49.1040001701464,38.489498605163845,-29.77769384433317,-43.38112281458313,40.90292012915978,-68.88814871511605,-49.04286106791322,-1.558239110029504,23.182712587528712,-29.937886702285937,-67.32570001898468,-51.40299465316633,16.984258911352427,-5.59794368882423,44.38970633700882,-61.17206612298338,44.83317164482506,32.824614953337345,-23.40651068921835,-34.002700483563245,-47.536441809482824,1
-87.15821258497319,67.25826262049199,79.15977150176832,-95.95012404198158,2.2208613028569033,12.305814610888532,-27.969533708982368,21.844899984700362,33.53068551557615,-21.090499103026005,45.903017635320595,-87.92170369812105,-95.69543916630549,56.15731754138781,-19.760181422700057,12.056958636395649,-91.83061970611142,-24.440913055209705,-24.78143521558438,-89.6652967899499,-21.69891010568827,-42.44863884775316,53.53006066605187,61.961142605757175,7.2514356396365685,-35.99761860689941,-80.2213120321665,57.96751515389431,86.18014029067928,7.377791123154267,-99.03706394879188,-97.64978523310086,78.26776496061666,-36.397940953394034,-74.33365898160687,3.8191488548726653,14.461990109330827,-73.01487440156005,30.933129310697467,68.85540001625816,64.29683907569483,-21.433213395654022,8.63827246207316,-31.257040251554685,32.3685074061633,-30.456834762218705,89.9153196308713,-62.97866608961857,39.350901498095766,-12.998048964159906,-1
39.40314819905359,-41.8246291536835,-5.783429859097367,-63.48057378258014,19.357646002888032,13.480316384740874,-53.26879074845685,99.63037761100028,68.40303373950974,95.9568226137039,-85.91901246957248,-10.630416723577184,74.11298382850342,99.30108432925243,-13.33092132554448,-2.3136905704466386,-25.49646551467842,-32.282705572998594,-94.51805305885294,-87.61153456082708,-9.795467627138251,-31.218796948106103,72.64474781963233,0.04233494285605843,-89.00938246258528,-44.62705130628757,-60.806033626212084,34.34228829574158,62.33637423048944,41.13868000735721,71.97353960726903,6.580735808844949,-0.13547838036775772,80.79799594965121,6.515956009558451,77.78983321913981,39.16279152264991,-12.329923694246617,-59.68846841744742,1.1479992205092486,80.11853752270503,-19.376063374381573,15.679727094680104,-47.55090076304573,55.110055106271375,25.92976993791308,-26.328422183035926,78.09682601818918,87.66274833925752,64.03218492484564,1
64.09751689605497,68.68555914180985,-71.36705844448417,60.26245297109455,54.067224339364486,-85.0334729765066,-17.508430629033427,53.33406020204961,69.59075646945033,16.183597255888756,-38.85987136820066,-23.902448422590666,-93.0023869838578,83.60430237221269,24.234839067544286,-90.87892026238109,30.54688358968869,-8.450246090076718,54.569734582271536,63.471009914260634,53.044739917013004,-65.47658782201675,-44.51548991896328,70.57488198260282,33.843815756020945,48.20629686037202,83.88516045816706,-40.4443763044072,77.30475593203559,44.528652278364234,6.171091813820297,-11.202998213012847,-80.93152471993513,-8.60570226794863,90.4700386038759,-44.47664781769709,84.45568647955423,-37.34051166668948,-65.2843062510809,-43.250726184183904,-25.10890746298338,40.87561879096725,-54.07760687782359,56.85112578811032,15.009386591157735,-8.251389252641957,-7.844812227127136,14.232699372746254,95.23082577094632,38.96585547388335,1
42.81054467562535,94.7485164076987,-81.74988614355094,-90.69630073098627,72.96676291529701,36.218207945969425,-9.658521598708262,-47.179589135797805,10.798872464225056,58.83492976398611,-27.89345133096259,24.14629902251835,-54.85536484017744,66.1363517075518,64.86898494409817,-44.31270114256252,16.05743966666971,-20.43279516988406,81.70052820019549,82.47622170159318,5.086184552936459,47.892794304071714,14.282272918618006,44.125553458143315,-54.857340438176564,-51.258656902787415,-36.69966634196476,79.49284740127541,68.71208964010387,15.577260434144932,-47.996710170452126,63.15750543393574,32.115688485232226,-17.24968097193758,40.07420157763647,13.923901631796085,-80.59450446260018,-42.351414095827124,55.86807835477282,52.987387312945515,-19.036232276011702,53.43715809529709,-79.44023020640606,-20.642123124774486,-36.40477817140961,68.38390907595448,-62.469438927903575,43.236974635689506,82.65726304439318,6.086969012721411,-1
-84.28430056899585,-9.55697997965639,41.42412278887619,-96.54120484658348,-48.6032675025035,59.475074954036074,-56.72609645308899,62.4716277280296,85.8219991607848,-84.52671717969366,-94.32595618957052,97.04245042929753,88.26049452309485,-11.184056538555879,-22.02777060562191,-51.29469208460768,2.169794547724507,41.33792866495267,-73.46795184531823,22.15953800741684,39.597368818981806,65.11720204539347,-50.42731558292033,-88.23519696945708,-13.314653090709271,-70.2780869579523,-86.22156326357135,46.39245265649069,32.137818232838725,-0.6819354872983752,26.406105275460618,-39.76245802401448,-57.5365825755453,98.45660360732933,-19.00906648692728,-19.162434905719422,-76.15027573960278,55.78084423842074,-6.464808359745831,-68.34477008508009,-98.97048315885293,9.42238607407127,69.14109492574042,86.09285806699918,-94.3048307193429,-90.05817008887635,2.852979470933107,99.88282587744953,89.23371605872913,11.534134924087752,1
-16.210441962504916,6.723386261842165,-69.96927116322496,-97.20131796590748,75.68898259021589,59.2710453586364,-57.59378792441445,-45.711689900621224,2.613830543812952,-96.33851383597126,62.09257129534123,51.194881570652,86.08914708636809,-7.024845918806591,-87.34380664606414,-97.95624764306024,-9.32538999889907,-91.64906827735638,57.790714849849934,-34.8406130202215,8.680281616827926,75.22293673915664,42.84134404404415,66.63396937560293,2.27091070273444,59.31071257226935,-38.68331507198184,-4.578591039741966,60.19547221396405,-99.30530241274813,-68.41752284204156,68.69147061867045,68.22353810833874,-34.21432788440384,-2.93889586486344,96.62702779269901,-50.39815940981516,31.48724560136685,-45.00976010646409,-51.02844113466269,-84.1294044243628,85.28101091490527,-97.2754340027545,2.517595457353636,-81.80263982409633,-96.02647086892331,20.52881475081159,-46.85720885703621,-49.49180637317823,-12.355697052672838,1
42.34456114920974,9.786504899867523,-41.455112432045624,79.64771964002949,56.82645172168867,18.71001790086744,-98.61748176606653,46.467910407323984,-31.055315456199992,1.968419565248709,-80.45867377946354,-17.568769249727126,56.93699271891833,-17.749425113223623,-13.785940767980406,41.57972735898386,-96.75495679158597,-65.50628034664277,79.6807805683963,67.90982028558793,99.00557851328216,88.39613339719406,15.22295678392905,35.69655852321799,-45.93699398141511,26.497515487341204,97.42610211843652,-7.331739849192132,55.2319943947646,39.55766661946393,-90.00216314963416,-33.43576750320862,89.9370738619846,-45.882943144191216,-57.46483241673608,34.42063188410464,-81.81176289462684,-70.64719582325402,49.00168175701219,71.58850863440495,-92.46911676119092,16.678030581851758,14.731846770077212,88.99828302980711,93.81264586755077,-48.887913493900406,76.62955495094735,-7.662753317849223,76.7366388002728,48.99736600120738,-1
47.57938333915371,15.708363640706295,-51.537878722510456,10.678488045952747,-42.846219956019624,41.12299255014531,81.15451554407477,-88.86821864856675,66.10845078069227,16.620053075030512,-11.240698377512999,59.15120372470031,74.15668317708977,36.12822788112763,-64.37983082245806,61.0491726446175,-76.29342005289979,-16.266156031230523,-3.4533869271564868,-39.483500326797085,88.00163374574771,-74.65768868404474,68.78709127453592,59.539674422573,-33.26847804524185,-3.837161830114127,-93.29696584003493,4.696197489172604,85.33087576189516,0.3764926637241075,-40.30044740387591,-25.55896351447167,18.241844248065277,46.628779220357984,27.830539206767014,95.23051660841091,34.39151908314801,33.89805852926682,-72.49822344611658,-7.953279357338758,-77.86666881681936,37.944889459654746,-93.35073216329681,58.16637886142615,-67.31349478555775,55.54713743804405,-75.60943290107846,73.75907483090145,-36.49485970599762,85.66876050937077,1
-74.168116969701,-6.54780079849948,-4.191854865077275,19.26552100077241,49.899101092335115,3.8945233718651338,-57.554346742902965,-65.22649678919679,-61.97354189673967,-4.715385753019945,-9.074740185951825,31.22043795196265,68.07130044507241,-81.8767003780231,-39.30106725884435,-65.17121290951913,71.03118004921257,81.16614823256705,-75.94237947670628,-83.15525645245192,79.81885969323935,83.21501864174002,68.4795217351859,-17.57787795476264,-65.45302290824222,80.34417011319306,52.59304961875435,9.979330256739956,-42.103823429162944,-78.16655628594502,84.9105316098348,23.566614899850904,94.24105786809761,7.420069145545554,57.42046698488346,96.78746828484668,-69.88916738690685,5.534634923083772,61.45870359085791,39.52974671735106,94.49547662835946,-86.7480361083124,27.19116734849645,80.33953685262136,-82.80585395196948,-59.768839494840705,-43.5408210552797,14.70448601745258,18.634962138953966,-18.98997221136986,1
-6.5196977500260545,-8.447077459173173,-21.594093039281745,67.38787165821003,-85.4969007324875,-78.66272315468403,53.50096774953485,19.343770476297777,24.314101174244314,-90.19410276508353,61.20578033323335,-59.15369889595401,-91.2841821977481,-55.838826705300136,26.60856530071831,63.762449169931045,88.96119377185272,70.70985977730703,48.553180825069944,19.0262651782581,0.43971272591387844,-34.90908598402112,43.9166335932008,15.92540831819646,-4.844173061063302,89.35261089177621,47.86681752327232,-75.41333522316489,77.00721477547972,-78.0730724062062,58.501849546871,-52.220182123063964,-72.05396099641362,-11.799301785256702,8.695264274021653,65.96233927033086,82.46592759855847,-90.11141411497321,-73.87327099249134,68.4426585907789,43.20945258711507,72.66668182479663,-0.5715994752594042,82.22682453070465,49.195738948271696,45.65324604409889,58.58058158474728,69.0738037023172,98.58866750915075,57.72136608620755,1
-0.22236930972879065,-61.011446205968035,52.26993124057847,26.99901404418472,-58.3334285022928,-64.11026742387912,99.21475775141593,89.09990280290546,55.7131650681107,25.748049131811385,55.02900200585432,66.98681676177657,-29.711286735717877,54.91022054485356,58.93924086100924,-98.37159261939459,-27.13674189093969,71.88504679289127,91.12391505921872,49.137448251228534,33.138942512672,-68.80970558345874,17.5987869190065,-72.67343381596332,-40.086405972727725,17.3014637440714,-37.55678002926199,-94.30036390940346,-96.62192367368043,32.83513780493524,-86.61396828158227,-36.632802658978925,-59.28563099291002,82.96529353168847,-88.13611972240956,81.10843250365355,48.05395030142236,41.18218939316586,65.66816815070936,74.01399959307346,-94.61750991307916,-73.7875628231115,-96.28416797832686,-96.95877028667527,21.294151577441568,-46.515287764246736,-47.26956411938643,-67.51769691286208,-44.42747010972832,21.755337087544916,1
90.47735047974493,-60.21663725255506,-63.09298985267118,17.764978649658644,-0.3979212331133084,93.33555085004593,68.30596170328585,46.83117494871439,53.59809366448923,6.114291276913235,-0.5512760791015268,-3.312156124343929,69.70259043156184,-87.53113616182311,52.913350604148604,42.08933193322889,-20.35496699168229,79.96709339869227,-23.467267698388227,-41.93853459819861,37.09228593405328,-56.54017328560488,-4.643127833136191,-7.1705263538599695,63.37644177911136,-38.74866651541533,-20.56070947969326,-10.290359525799445,94.30245850987438,-11.72338416852108,32.058642763156,-43.03546643191507,12.243130677063775,85.38140470604355,36.35239697360714,73.43833640816067,40.2690591748522,40.456194719878596,-79.91736342921045,-16.337212087531412,60.22110209916241,-38.70342042335304,-21.29439885883808,-60.26854627245679,-61.62613500393314,-67.13122607236485,70.0908686394151,-43.22397886683154,-16.43283849911255,-63.88790229282326,1
-4.024875939218234,69.35700037394906,-66.59164373236948,-13.099461256139122,69.24641762497345,95.79315329038789,-53.687963712146725,8.733468311664552,83.28762865788494,12.374213250081894,98.34011935527863,3.7485026280459834,-64.29927373468783,-32.26091277525387,2.282621001742413,-85.21259566056791,-90.04351203330359,-89.72921988931597,43.93159073346649,73.39272434676897,99.49324253245467,-72.69749609420501,-99.4789536349955,-2.5330588758547066,-72.79513789680554,-87.53066852252746,94.24494970521744,65.5797234613469,-16.08104991375994,9.00130200424256,73.11675800653907,3.724742173732281,36.09976091459782,-82.80739081849553,-90.24931782828062,-9.632874349802577,84.20058181831644,75.54470429077321,55.84517646217208,-85.27373726253664,22.29284331896754,7.027872522645211,11.716391675763703,-80.00992661060272,61.97814537230505,-35.70553074011373,51.77980714286511,60.240446877864116,-5.456624162538475,-14.830769826897594,-1
24.266124831141454,27.56443585188204,-28.545815600790974,-24.474183971971073,30.99613880777764,-1.2967727356145957,-1.2349918692523545,69.21762154682042,78.58092882443972,-79.17130615297819,-30.8758785224462,41.136015525877326,80.37335414559936,-22.420410893726512,-7.741680815119651,-25.630959183227574,79.13172109471432,-50.77272989437822,-60.79691129863918,-68.20382469687817,-41.77277067609766,-82.10904704020876,-2.268493361360896,-88.30842710524904,2.336210630469367,67.51300676454156,-71.55100722344487,88.32154961273932,-79.70847802238322,-77.78034072477348,73.19689330678716,-31.94616128840049,79.31687520117043,-10.673330571935551,-26.53465259913355,68.75928172534134,-2.5668729073743464,-80.46877107207689,-10.936004150875675,98.67973509993618,35.126037864901576,65.24235305265398,5.92818044034675,-12.506439069232655,-74.39517091176675,15.854713715475313,-4.6145101675191995,-91.26528477893154,-74.88486256341275,47.3117193709362,1
-14.187526139466812,56.83743584641593,18.59085458548067,87.43790977517091,-64.92643949192454,-76.44756663973624,-19.26115799545805,-11.419049716344261,-21.565730855567693,-75.24558056674518,12.722862824266443,-33.272511102818726,-41.3972030026571,51.126045260240545,-69.62010489063834,-50.649310827176365,98.8943629630698,51.38476077935533,-10.598706711299855,38.921790581659934,-94.45061953556537,-17.17164488633304,66.89896530276792,13.73003551845467,-23.61563986046889,-18.217986641946467,1.744601807936192,45.17571060425004,34.70656416111015,59.06328668474447,-9.74235645451256,53.56146878187121,-15.970903808701607,64.28902945712343,87.31280300220811,-1.8295686688881716,9.146252756396692,47.04310780438982,75.2488229806394,83.0927596818758,-98.02872501849906,60.56464699228863,-96.29348236937084,3.130331436092092,99.5625302170244,-42.37349034500739,46.432232978900544,-47.918477682143546,62.49438417476003,-27.013140958743875,1
-50.92953716675779,59.38950080312918,65.48914719592264,48.217159547643945,-0.288471943644808,-7.78686215807673,-22.857042479424436,-35.066744185512206,-85.3252086331864,-88.41192227677882,-30.544786117189688,99.98793920914372,-7.858336808666792,-52.35605720910166,-37.14309505736975,-99.16738593467882,1.285205100518482,89.5824706598392,-80.12768812338871,32.979887563258046,-87.86617295516834,92.55799353057296,-91.39516449687875,88.28358864639719,-92.71260909970698,-60.65484155420548,65.58119964358406,22.627961280074445,15.6067849211001,14.41540181920304,-5.007470098215762,-95.7535894730577,-55.42244713785729,84.23420098199762,-12.880664634432023,-88.2361648438198,27.088942303827707,58.262203526074416,-67.78835452907074,89.87478612705314,36.03852690661742,-25.65400584001047,26.72909312949328,-19.76153525238675,75.91624876233399,-26.079035773739733,-52.25548107817901,95.55140688027245,45.27694407034883,-77.13286299190372,1
0.6167901559672657,-99.74311489463972,51.318786802826,-78.8765909476528,-81.92605029750437,-60.908399140881464,-67.92726089813652,-43.021457148942744,93.43565459683498,45.958347737850744,-17.274659944821664,-94.09168039660325,61.16065079925366,24.30322978186483,-58.276844203725965,95.77770312330426,-8.308265298383503,72.54927692749058,-50.55728573599894,-97.64653349106251,31.441198133178602,65.48481596542021,7.059960592192027,21.49221310507808,36.7455738671361,-3.2841994429906123,-35.211004336579265,33.71740620870531,-32.195026427990655,-12.109754184274138,32.82433285016336,-29.7123302272948,60.79657784863355,26.835829074044383,-98.972711447639,-43.59989884142577,9.156423587374547,10.072980969885464,90.99193073039962,91.90624531584174,72.55996055966892,77.01797438369502,-88.80874060115079,-63.66696653157873,-66.4631107736889,50.1216009345616,-30.269357136180147,-17.044815270571533,11.28715172964192,-31.89344762298012,-1
-49.53761458606258,-74.50005466560285,-2.2963292138347526,-68.24474274254754,86.19302300330881,-40.00556424799979,11.832386310673513,-59.906577115702994,-74.71631103020317,-3.4352030768581017,-25.20518132062604,-67.74289299006921,-88.89045007866609,-1.2949870446557554,-21.67553122808215,-62.05015718572613,11.020021976267728,10.283150515974398,-3.1326508627231817,-25.42045853852275,-6.865797191392218,79.71367357301037,-10.343441568005659,-71.65731629454348,97.163448711846,-96.29205035189558,26.736203125663494,-55.29940957342156,89.72031098445757,18.140841737190087,47.88092218970385,11.376365100358868,94.04132703329483,90.39508231973693,-20.61373230682861,12.508425608177902,5.301889465729957,42.105490645706425,7.4630647968215555,22.66681563023971,-34.88095585492343,84.91548328085727,91.83362569876667,-87.40800021649484,30.971805733802654,31.491540200904865,-32.5498845855946,18.276169876176823,26.332815744657537,-67.2444926321873,-1
39.204123610758444,-60.803963059647614,-41.54196545814936,-90.7102365428477,-67.63426774634189,21.00114395670846,13.031314515561604,-65.9123967714406,-63.75866365461289,-54.78436495419403,-10.47784356113975,97.64692227291485,-37.38517925597647,46.77293927158374,76.67413947362863,28.42087621493937,44.53619148119972,61.99507337580056,5.296012340947115,9.885000014662793,-76.11931112562782,87.42633285080345,84.60347835973533,93.9677390796667,-15.69650985558313,12.782520567128614,-32.518651936005455,-27.687707883930386,1.9011222115875626,-66.81619930542296,19.913889545710205,79.28066353152573,7.0605666207312225,93.74205097303295,22.828936141210193,-87.42303818629074,14.73938636873784,-40.675567127438875,-70.24478176782497,-12.457319041499801,26.565794743299293,55.053364524863525,-9.130181114782985,-40.214552750755516,-27.955032719898938,-35.936351641436914,-77.11736267159853,-59.14548030823536,-52.87463754447344,10.123794090601336,-1
65.87893297176939,13.149461310229185,-1.7718061730675743,-73.50020874674269,-88.27620587728391,31.31545108471923,-81.91392408686849,-66.87940003735321,-4.553008433202137,-79.22044842738241,-20.957647525231152,-4.384015768414272,58.07514925207664,-66.17646530030015,69.05719668631156,-58.32638355818618,-7.105366596366565,73.41531384389495,-26.040477319486953,-75.29311097001809,81.58001931048824,-31.485792983581362,80.42625418608515,-7.764735387874893,49.376349339772986,39.70684313196065,-10.725736864847619,-23.885467737027938,-39.5797572273717,-27.407717751930534,90.56958221676504,-43.28031265903698,32.05396306490729,10.140955264221404,-81.00707570822132,38.56597520357806,-33.270197059528186,-97.8614405114404,96.00956266819719,-51.695611768771066,82.81723889511503,-97.9614733442467,11.955551748047327,-86.72410532916581,-46.10464310275564,-79.90610877584403,-96.62620146136634,-4.413154411104301,35.55584522636761,95.83164466649862,1
29.14500867021073,-90.48336149077751,31.18974216767839,37.24720562316361,87.47985511557224,-43.86525794793303,-16.495078806793487,-76.54652689148287,-33.897983639161396,22.810327648935797,72.40253117668829,62.46050936859058,37.31499600576768,72.1684198526413,4.145214719325722,-24.51142555123873,-30.77165711888084,-10.521436174912438,-20.623472668495552,-28.647794483882038,62.86731153046617,-0.4698556134248264,4.892100651312063,-48.68215285682804,97.83929336014191,-22.385141665570202,6.436294983930281,94.99364762509887,70.27726826393254,79.96524778215098,-95.28360812707197,38.09078635743842,-64.74620248487795,62.07987416768327,-71.35596322780762,-64.4884260113044,-83.44234880282973,0.3999885139306798,-9.297081039565484,53.45980099364712,97.10649387433739,-15.127840828128285,76.50955306100468,-48.14278097740263,26.99323895394801,10.738584909807841,-7.118757696703582,95.13069615415367,20.254364871380616,38.30252895816756,-1
51.569222092873815,-36.708573825116765,15.992396107022216,87.45240895556807,30.233677825416777,49.21625336626525,-34.688436366537886,-73.00260225849841,93.06308514379461,42.402349701352506,91.42400605226172,-97.83941350076744,-13.128293341584012,-93.14441521260231,-54.30038792191165,-57.95189734392887,-99.86443401717202,63.6948633595251,29.954805543381326,45.88667531853039,79.084149520616,6.586276462517432,-84.62102128432329,27.003603460676516,-87.8883080785841,-92.32957554066437,-7.342684169159355,88.99764025615079,-39.82341064109425,-87.54968516584822,36.974130872936314,-83.45823462870842,-58.01207147934369,-36.12669518438572,37.42398772236527,41.090544611810685,-61.852476008819,4.405311939199223,-12.313496346443145,26.220132446911265,83.80334899683453,-56.007155938739196,0.009103621384824123,-36.57808190256762,-74.08603190734797,85.1428757646452,-2.8697294892101866,-60.077687480462295,68.144770284195,57.478195556002305,1
-82.59655633944226,90.07595029641863,49.344320336812416,21.18178864265927,83.06578893313008,-84.70537347118913,-4.961343318511325,8.436962124720296,-82.62576671950333,-69.29384685604585,86.9777906773823,85.97643127688542,-44.97776738016523,32.01186885939285,91.81072453115496,-43.28393312183785,-26.32683061580316,-7.474661375093049,84.76756160865304,-3.337970433712556,85.74418722061446,-15.385074399235648,95.87453133633392,12.161509850006837,15.739767327474084,-33.36103872276985,33.105925757640335,77.84407465904911,61.68509540209493,-17.2289916079023,-19.583582297151864,11.51811523016417,-64.65800717696695,-22.765139199350102,-48.86568491367467,76.73275738213786,-58.16642445204185,-59.465795692797926,57.62358008263365,15.927331646850604,18.61835732612454,-40.20747182820623,-70.43816540054794,-81.22199129407856,-93.1893440953359,70.88941071540654,72.48549237667962,37.08164005713334,-39.34949275880237,-85.42926565648683,1
43.16499293641772,-28.645901930149748,-16.065541568546337,30.904453802188385,9.589260814121886,69.95933413073126,96.59784194499693,-15.668694635682371,-16.204128864752462,27.230281588469254,-70.3254667687178,-43.74116604194138,-29.73717561991451,45.91146324765026,16.68678754553126,-70.089375809287,-47.43311783077522,-81.32141493141414,31.19730987543474,54.15861188212824,35.2213846697656,62.81273176882493,-74.62624646792727,56.95284514812957,21.91388058159464,-70.33966217555296,61.70797130082761,59.73113325529488,48.5406199880137,47.60059696670652,-66.35846355394763,-78.2502968806375,-35.77992230506952,-3.4912215620503986,-11.19395983215341,-31.3921604587661,47.773829681094554,48.23809502348644,31.104623707118577,-9.593885601842217,78.65145282329021,43.75411840901657,54.6434959001038,93.81300836812107,90.36363649392896,-42.4051731834975,89.23485266739456,-68.92560322447437,-21.556605164669975,-22.78615828286034,-1
45.216970296770086,30.78022927385146,-2.4995442759440323,-56.23306448246148,-79.30834325900939,-35.929745025274485,88.37243881834439,65.90584987649709,-70.13290874591604,-77.06403495159826,1.4440362292005346,-23.518789484924696,-59.94248275039733,-23.643094193357854,-13.876238900112781,-17.856082042186316,-57.49132943919992,-6.288460497546055,84.08026653310537,-27.984511099915153,82.89325208985841,51.4755746818922,62.57816070989978,-52.46675841933628,66.34949924442842,-12.631516794930178,-18.97148906380191,83.81661364959623,-96.64704050928461,99.17303646559705,-85.46352755594282,40.681832434038114,65.69778898777903,16.932296691703357,-53.05959227184023,-1.9945213639646937,-99.96828252753802,-84.96949590892046,77.12368584729776,-64.96466374882365,-39.43133186279073,-11.729301402852045,41.93152202629102,-12.9840532008932,18.41824342751555,73.64497518181258,40.65033602340969,-62.654355595574664,43.4654749862041,-71.06816836591408,-1
83.09765951760838,9.249520026170188,-20.424282504526303,98.67350017641778,-75.15934120724523,2.445705073106552,-59.14727957942525,75.6337542439482,6.538671923741134,93.55733746423354,-75.11282011781779,-3.7675664801129756,92.77445828417865,-67.76725716853159,-30.54531908152076,23.916787935974455,-52.43100373068601,53.85952457409783,-1.3753550181041305,-50.308389044860306,56.1080650907484,-93.64296091090847,-57.165890885098804,-78.85590285176455,10.290525283181353,89.10262984725614,-14.225174684825632,-10.78202206948096,-81.21115868060997,-8.81936074153029,-34.539756201891095,82.27817466275187,87.98392833679381,42.90277203224838,-60.61621501308323,-29.424209138550466,10.464719832831818,-93.91873339064144,-74.31234025583208,34.3145941573751,23.938273767385553,0.358003462845474,52.53148687531322,-8.582033117379169,-64.58214986853763,92.1305127517249,-55.74452843550037,-23.79581357266352,61.38516313891256,72.61434696166938,1
32.84387699779364,-52.79841393525759,51.4964649480238,-44.7241309368201,36.32131803366184,68.32634640942368,45.596242638815795,80.77930202437821,-20.172719381259412,-22.031496222419378,0.8379230987496982,29.214155583930022,-96.01869355791497,-12.380397302257023,87.09712483434484,-60.33550435052666,30.059661492417177,-80.37838880619324,-61.901415747836566,49.89548387524931,42.831120042953955,83.21288556895888,-3.4449644430032436,61.162045681284724,4.9068524463756376,-37.93908101781589,32.83459388056772,-5.332836045358221,-22.273600041025503,95.43675204519309,-23.957514547627355,-89.34405914534463,68.74869021069256,11.713199522093731,52.6200043939603,77.275269425555,2.746832955793195,68.35608726000788,59.72341016215253,38.54521193769281,-26.00711032151648,10.352229358206372,-79.0387101366957,-11.129891982081233,27.552829266638824,-15.7769260851272,70.1751269049605,-35.306192155543584,54.83706269876848,-29.556231244168657,-1
94.7600826714299,-76.71089518305772,-59.146489353296026,0.2994191072127421,97.91643846375567,-70.25313338352373,3.114123043742893,-27.134915326769388,-50.126310051460244,53.28489851680743,54.34005279165669,-78.94933882068563,33.67721655898649,-77.80971292170618,-19.757521054202627,-95.766706246864,73.52546870317312,-75.39430580650681,25.21581652649165,-66.24921539778173,-8.469468184483702,-96.36799515859455,62.60501321244476,-90.74851304475926,58.22876163492688,-49.72443428527764,51.98555540897851,-55.20677913517387,-52.587379145245535,-45.21189788742173,53.20262228111068,98.85555313616882,24.853714952638796,89.87557874551274,51.58180307690196,48.505059384658665,34.15683241200696,22.35305467627748,-88.10191730761846,-53.85897751855906,-75.46021099919105,2.2878982481707766,-35.54636476862174,70.38364794874457,80.08511425842755,16.452155501807184,67.1118572311967,76.10850110643688,-55.69657857923698,21.293256608456048,-1
-66.94310197140851,12.566047442920578,-37.304942013179684,22.716836971175326,28.110759328809593,-57.251816902135964,-27.671710876577066,61.54124521881002,-82.12504442301591,-44.27364559025278,92.37913979508355,10.316912557541542,63.050741131812686,-36.73751564364529,-21.550780656537512,-43.18635052551654,-50.34531966552436,49.3154309972,17.165086303447353,-7.8906598077211925,47.1961210243598,49.6424895661693,45.905733177164194,32.19382971495543,71.37699929145654,-2.854678199826182,-57.80493602508234,-88.09658889021341,89.72015468718993,50.406767360206004,27.08452583140037,-5.654254059684959,52.67478858989284,-38.40062045553996,-90.86653281971246,88.13753880837689,54.87943379532365,-46.20503993057075,-16.199552152698544,-70.43304135404793,92.11416652689044,95.50085180603111,66.74762615023474,-4.962868074587789,97.41122134852372,-49.152374906238826,-15.930530842159271,1.722123035697095,43.396669445431684,83.85399056809695,-1
72.44059473163776,-45.11747367286365,70.09058355675808,1.4087073873419342,-40.81523778747336,-76.5421085549056,17.258444049128556,29.83787027133036,94.21825304499694,26.518630419888353,39.42304206879507,-68.4748146699524,28.96779384954351,-26.467726337655733,24.720141925426418,-57.20989364900384,-54.17281538365464,-38.29441908852422,-83.7098867670272,-54.92756558396319,-34.65243342932018,-19.189528436705274,9.275400583075609,9.459176844150008,40.471152203180765,-10.640861189019475,89.60196367636703,13.09461653343655,-36.997612893158774,41.54419434053395,3.994626433094467,80.55417671853345,-33.25550379153617,-48.60739300258275,-28.377899957702923,-72.33014741804125,-16.447638363451247,75.62195738161543,56.373128580388084,-13.79717863013903,-64.33523863115376,-54.377389640335316,-81.2364306066543,-47.85201522254327,-82.49662990557339,87.79570525370653,89.69335551269663,59.1092527745582,66.1629700538092,-79.7783169825081,-1
-42.98096626123058,49.50412734930097,-80.16109397742429,-88.92185399581216,-24.646451959117684,-1.497668333273225,-51.03769464682182,32.39280372282366,47.19464021041412,13.501306748420177,70.44506208165313,-86.66791775720218,-99.40242611506491,30.61421842253037,56.48896802932967,-83.66078627155531,11.666282315439048,-2.25332301902948,-35.18688114596739,1.5119382866603388,44.504973164512194,-96.75681615109086,98.88636010930912,27.897296876521153,-40.63652206888515,83.0431736414983,-81.67894756131271,-53.910979453695205,-77.0438779731546,76.99278201002889,73.3715405383683,97.52229442997137,-42.27644017572205,-99.45212549654427,-66.28134332953701,-23.368401944477,13.594280321283463,39.495153153879215,35.17680604391015,92.8624512137871,49.618946387645934,62.25866265541816,-67.74522216697525,-93.40710464275767,-85.43563930283314,-53.802849491443936,76.78041265609716,-83.47640885876982,-49.97778837751463,-20.116253918655616,-1
65.0831328247896,17.945807215293158,9.743921116609883,-24.9097759885575,-19.67628518415259,11.203655292190433,79.67835004550992,33.876278814909995,-41.133407099042785,75.38031677402483,62.5248951075001,-67.73277033334806,74.03700237271264,19.052169407360424,90.72920691661858,-8.585002280873113,-39.55230811312076,2.7549067308587922,5.964960332394796,45.2908852913113,14.486666983026453,-69.31507372226073,11.374565193860448,19.74466498112926,75.69976576878841,64.35113007684376,-96.78635184208568,-37.69140551201986,73.13422681821973,98.44739593578473,70.59555458574499,-55.86089390369617,-86.95867875657987,-3.300085277258205,28.59926287984456,93.45602428249055,-77.5808512909131,79.15408927000865,26.9763913743802,-86.99985533901584,-86.77751298153183,-91.88369273234558,-67.99977976047063,-79.63840839688805,55.36537434993852,-26.234883250933578,48.79935504052358,-79.36825378999157,-30.715717595224163,-18.11843424192365,1
2.4443841625349023,-20.304247578157117,98.39940180297023,93.84719945342178,-46.860938687703246,-81.79206615805239,-41.12786243913924,-52.076528473552045,-80.5804596881875,-79.89112776299869,37.338325875574526,21.052069109237735,48.00262604059523,16.918011284736977,89.45888063468175,14.829857626268279,-92.70941845619247,48.448573566489614,-30.049702603915478,7.063150597333362,61.08664862774424,-91.66888558535477,81.10447288416859,-36.445243622300396,33.492304016625326,18.44540060998419,58.047853025497744,90.01210642728091,28.831627397529076,-97.48230382574157,-90.01039275798514,-39.058920353030466,-38.68244325511434,-37.2104698949576,-81.04358325318744,-53.76507534432984,20.80450706873478,-43.819772127019576,-37.39959774633481,-35.55478663050657,-10.788234036909344,-89.93468007827195,-93.55393171252861,-64.44928759817925,-18.060913247871227,-11.256219833872365,26.479624071658378,-61.70717134843366,23.770427158566292,-1.6658256552151585,1
93.98240922145408,-46.227691004198675,-40.748849336643175,-21.029265119264323,-4.903238763342642,81.602325492843,-72.90610676791538,-78.66244752335541,60.843850455024295,-45.37019227161308,41.74080062081384,-12.831776539931553,-47.111706199222695,26.57985252911061,8.33611688611056,-26.821676533722936,-82.1123201821519,-32.13066050490319,-86.5414565777032,69.19684118297519,4.568059769909482,82.65916732323768,-3.7343790762875955,-44.11458738784007,95.29178872888102,19.04324059940889,-6.9358013862867836,-90.96132116817708,-9.971511269603113,-65.67773065430767,-99.9154973913169,-58.36503539898328,67.51597426382645,-36.601114746451316,11.082174648838645,96.47992525665953,70.6902068896531,92.83759780418814,-45.71521992702734,-0.839822722753496,-33.137403025531015,-35.81736077990459,-56.18346068690474,11.534095724435645,-58.995643615693425,-33.44546771112127,-84.43779027958706,86.29470620514468,-5.81912978202071,25.958382767801538,-1
26.275065209650194,15.281110290726673,39.875773146644235,84.790981964986,22.761280235086744,56.64223107581029,-2.8726013844627403,-23.972775434600237,58.22435406746189,79.26799304310194,51.925027772615465,-93.95005319261438,6.546713719324359,61.24818214289479,47.38046994151631,-71.84945293304428,-47.65276014057225,-15.40854462270201,-74.77727678093682,-13.410165838484872,96.92816286110533,-57.7098976825378,-37.967623057410485,-61.755066935548285,13.47187129313869,93.6653376395206,24.012458541013416,65.66554963183603,-34.9284628088498,-25.85024742527959,55.10186291864403,63.28016691569778,-17.901419680106684,39.44556517100193,-25.74833105997942,33.37712181196616,-43.156360477124856,65.17218327102546,-36.265394183272925,98.70381177107873,-69.88267111920277,32.08357133149218,83.81077687108382,-68.44292396094012,58.48823521010053,83.52316287076317,48.870018454599546,62.38085651257222,-32.52937635630143,-43.688966789790925,-1
-62.395053076916774,-99.26873773107015,79.14383494960029,-27.588829965501716,-91.70402742110953,55.648152725289094,-72.44070644525152,57.11389393478703,19.678212787833843,24.10609729921427,-23.240264590437732,-42.808106022602985,-69.36753597845089,93.46196504872856,-61.32954571174976,48.08991391713178,-43.711482174494144,-30.603899262961235,-60.082311259102525,94.95368907249147,-89.20818980230277,-34.17063173867976,-48.3430744219437,-81.13215163718432,99.71724103454017,-33.327682023262724,65.35908816139559,-15.951850143044283,68.68973244390494,-61.3387990472795,-28.930512302961617,-26.528829358551903,79.40884468925748,80.53488815462953,-9.231913172061908,21.150665339402224,-49.22955049050051,-32.71540365653958,77.3615681311455,62.492487972042625,-29.833352045340263,-78.40552667354477,31.543548640142575,22.903577500090265,-87.55945538944019,73.07196919854448,53.6222649156372,59.79830223609852,63.36720208212412,59.833033595548756,1
-9.925812748362972,39.905574080514384,-16.326217973598574,-45.680215283920454,82.51155437573198,-98.09532887720877,29.003536251167645,40.10239793141804,-21.788944593113783,-99.63594280912783,-30.847003357430197,85.5843543706232,-1.7045915868997241,59.04994570553515,47.05364050603913,22.074534852065568,36.93301168142625,62.26775866367231,-65.32093348935885,-78.14097010820905,-36.98546253451636,73.3191267093546,-47.6867566619499,-0.4299340456177134,84.92433263549876,48.29427944798471,-26.505546660620325,27.904690237596498,-20.055430805570666,-34.61872949910018,-20.705868908340435,27.74548195431909,96.92689874085721,4.90149984227574,10.002323198459436,-85.76209797632603,19.167610737568623,95.05753056212097,-93.91204528519488,-37.05775833484268,-28.15500665674628,-28.412436992905526,40.60840653059137,45.98657681702903,-90.10012327001165,-15.283200502467125,-55.776521361392774,78.29140458307634,47.84170411590756,-96.95833876787438,-1
-78.86706314765121,63.59269886983071,27.20807102637717,-84.74968713074931,50.45158529476521,-16.316043246534463,97.64299058315626,-81.92549558999139,68.56297071690233,54.30916832546009,-2.418963885445976,11.926818106411389,15.297033524896307,59.43734582878338,-70.24444080096896,-57.95705046308291,16.151559899060302,31.17678877295066,57.57716178609496,61.44176626655343,-59.846872449716045,6.75211209376549,-26.979497927040924,-48.30119131002155,84.21313668827116,-66.7839652387824,40.92827612903119,-79.23174480693724,-13.337543310877038,-83.8129005981495,-75.66099931293881,-14.123385963156721,-4.784168753811485,75.23834824517667,28.02737714858796,-46.42394223605084,-71.15186730923095,14.008350631147053,-96.79172613133302,-74.66917161881013,73.34270574724582,-91.29460226524206,-95.46800627992711,3.7736070905718577,57.082332945544096,-54.56104392083536,-25.595572829716502,-94.65871299637747,-83.9614641159531,57.548204562521846,-1
-18.0742210209536,14.481545193553018,-17.754527473667906,-86.84465931777108,7.621131711846374,13.234908351095598,-56.27350383342926,-57.251098277835965,19.687476690556352,63.38818469233013,31.863032822257196,-19.05200871390136,64.24388885324603,-79.65313954581359,-99.81794742943102,84.73514922464261,-59.502080383627096,-87.29787603053236,90.40943620925614,-30.799267380493262,-31.245376432482132,-70.1354999735796,3.6218287447102426,54.92010596811036,-92.71770276191111,88.22216619340452,43.1075995402617,81.78423073826414,-76.24165411690574,-67.002630624181,-20.50898429302012,-98.70291689454538,-72.75655542606296,2.0791219325341217,72.75638360561433,-7.203803127333529,40.95059117842581,-55.066520130411774,51.39561365705026,-15.636281442635735,-24.485277461092437,-82.67817819616734,-15.139196898112317,-33.934651841288115,51.485693829307195,8.116950207845036,-8.850613764613541,-6.297545618027954,-67.75165126759642,-27.985792278443512,1
78.5046579909692,33.990698171843604,52.67813568827194,50.32411016896273,-67.75263831307088,49.6468982866389,-82.53092497268202,-36.31342051661224,-26.557563723370322,86.70550067504675,9.860996312979992,-4.437938408788227,-24.00053912107549,-67.8433034523274,-46.02775159851791,-73.63213582428935,28.652393486424984,29.551059457940852,10.652058722309803,62.7363159212525,39.41329410666202,11.27405230487797,85.16594328551915,10.468366455380917,-65.71712575617074,56.28011364111552,98.09984271182577,6.228072812225065,-68.83151722077525,87.68493380325134,62.59793553548383,61.866975949058315,-11.652840752144527,-44.072875851359086,-49.07486171521809,93.37544167883345,-16.38419903213763,-50.435276931040086,-81.17761983942692,89.82304320490039,-43.14445000691847,-63.09455034091997,-43.11536323100664,-98.74764382833949,62.4761011888599,33.18288527709677,36.11817054830394,-3.8105906078256453,-58.6252304304979,83.68410559159724,-1
51.350301137727,-26.990486661479693,-7.243880527815435,-29.200886091066664,-39.21526327734672,60.71481707677458,-73.8515987795066,-47.22350143001508,-88.34088498888484,-98.02950009565254,21.004004920884185,-97.71544391111773,-40.93392989192108,54.71034568467638,-3.8207242376803237,-6.360567989456584,76.09377211032472,-39.20859350961783,25.869934227718346,26.92366868240687,7.707500040256534,-77.40312745915276,99.20299762945041,-12.972529262324443,15.046491579891324,29.014059833860557,5.688600859833741,62.942538264315516,3.3012765991935,28.013235893428117,92.66514228345522,-60.78492865187115,-90.38587671367047,90.78144394198674,26.106510795582665,-9.971192079988398,85.5587354353577,-4.574324313186892,-19.00431002941798,86.43516464284474,-25.75410270198948,-48.07857528461496,96.47593328281096,-52.60072159052016,-87.20287481971678,-66.71397494934487,79.78322547587183,39.02054445678641,14.7839018177458,9.649103493365871,-1
90.62402287882756,81.86082928120987,-83.25517337821802,-34.701134467349675,31.542133831068497,-14.127035922164595,-76.89519753845111,54.59169838223633,-69.02021764834028,10.011863024576371,64.030054993423,-65.72626178588625,-11.186284522081252,-53.032618223226244,-17.34388487932182,68.68770379147034,-0.16429784827943195,-80.15952862490943,48.87911196527119,23.004913978315074,-51.61149596738986,-25.347585707503,75.6829650837985,77.2727047135252,-75.80564518679921,-11.33094058040001,-29.17491981700053,51.28686415076527,52.659074247167894,2.0177469068638914,83.602127692089,-87.32155387675915,-72.10932225095688,35.48168754264907,2.8659418767433777,-14.197192662653137,-65.09314480339899,-80.12474875279139,-72.42739074053537,94.02320489888052,19.89745428986336,-41.557765477606054,65.40239923495557,23.58230933861209,-38.47733455805409,69.79579479430907,0.7131318749574262,-1.6606130930029792,-64.6905757414734,-79.54578111737571,1
-10.052031509892004,6.710886710715897,-14.249718331729142,-12.318133528146078,28.92840132126983,80.45099387533705,12.639719321335718,30.370091759893057,90.69586489651903,29.285623032779853,-54.66813457106223,-6.597138028478213,-39.45038630978581,56.83948250275034,78.92213932964404,36.91412690432304,-7.827924685222683,65.98398004049312,-83.8354478723212,-25.724398416804092,18.515997365787328,-61.92347063422956,-0.19552434895682325,-43.29726300701731,-12.356757742018658,42.539043163799846,12.428765722412805,59.74160292384235,77.05060653202656,-56.031993313479276,71.39642898713575,76.24326023076077,-27.52928834987982,-29.06389310634698,-25.933947462289495,-86.78879315800494,-74.71299357243936,-97.50044818211279,23.88308266581592,-97.73510592445227,48.29607879736213,66.79254271997078,-10.193979749260038,15.021349627904357,53.18218547162752,82.01441894432554,-19.38217212402735,57.237716474157,60.2383927403624,58.315927169907695,1
-15.65581462530892,-8.359038949556805,84.41853071446633,16.705909773182654,-18.687699315268148,-93.32188583420486,-39.98157816123915,57.52903684625147,-41.441248830554024,42.7673564223191,35.143348785120395,59.29270425137989,59.028991759391914,-89.51668254105243,28.478012792087554,-86.7296361674927,97.5917936703905,-16.557535417303455,58.13197778459673,46.03129650683647,-39.198044333916314,-97.85922424333428,-68.73821697905804,60.541140694074926,62.69465529646388,50.18749040594096,38.90168852646636,-95.85032146693284,56.59478058253987,-74.53408672441418,-83.46845078424823,-48.35617882691481,-11.777926621666438,-40.36711206558894,37.116961277521,-21.326882202199698,-54.834902872938244,8.95250453565059,27.608466128318113,66.30519999661837,-76.5212435088554,96.90948107567766,-61.71733634648573,-6.4564157042806585,-89.23107978280413,92.99659242662733,-56.779226222061084,-71.1812018653415,97.38551105716613,11.131381096539997,1
89.13962940005646,-3.2406206834407385,51.39895189793111,-93.77828316251677,83.1913190931356,-85.15457682630907,-48.489512330920824,52.82466959302664,-5.7543665360110055,69.4820684814091,38.35452393856477,52.87868500762963,-0.88433524896206,-85.60576385807914,-76.3628055677554,-0.5113586223021827,39.76096680818824,54.44334195373207,72.9382329162994,38.44224194865086,-61.44352375920219,-36.42424480732964,-78.6125269211824,-26.510938071173726,-57.38263976255151,-2.1358989040026586,81.49798629140568,56.335574766378755,69.41014713292466,44.3164185537193,-72.57629245859385,66.66639953138488,-0.9682807322835174,13.19864261713603,-38.78894494738123,-99.08464375791372,91.13985164642281,79.76188977116158,-30.285721840929995,-45.45524795569635,34.96410033412067,-79.96694482024648,61.50786442328672,-77.2889178127578,-36.668691714679504,-93.73355699336369,-27.34150418162767,-19.49881150839221,-24.570458454849714,-67.94912906839272,-1
-42.87480228755138,-7.264838845364395,-6.318090995128259,-99.80020154661146,-74.87180457808071,-27.79558728227225,58.007262795254775,70.48606653772222,50.56751752034455,62.126878301790214,64.70912926541118,-57.32678076226523,-10.40287419788055,96.86796953618023,-15.771208676600736,-63.06174748284698,-15.930772141615066,-42.2834599946972,-46.86567160345145,97.96263724902585,23.59567052424009,71.11566230524517,22.99315281555141,-10.669119256362649,-28.090086255858097,90.08419985094841,68.99303206953402,52.20103269007333,-73.70212194453747,-8.839170078264786,-44.2428435285938,-42.072559728322624,46.420002449101816,38.92695279552461,66.71944364477457,80.67016413594087,17.705373683247004,-94.6349028236011,-70.82125532223789,70.92148499623906,-79.65816290050469,79.68805283946048,-16.11021757374182,60.32768717710513,66.06379327548203,79.66222750148623,87.00474558505948,-0.9578148758575935,19.813416627456306,-64.45457855968226,1
-26.21727208604551,68.7457585420515,30.7205905070453,-35.21217596785684,-94.18247628220513,-70.68759943712706,2.4026491537589862,84.4883187783868,77.40514157903047,-25.42019996041222,-89.21693218442728,-0.948576116445139,44.74831619913732,90.66493212623666,-54.22040468539562,-9.632429295069073,-34.02654512153491,2.2882349903735815,-64.47418491262198,42.90428151001399,-29.9442468484731,12.506174160076881,24.012787423338565,56.694810019277185,-55.22646463795802,59.89628239683219,-87.43260190851754,-91.46090989500965,-49.04352517875723,-15.348658611314008,30.228998611593425,85.81719861539457,26.877388961089736,-36.85413404398932,-32.68288735860392,-42.280085098485465,-72.66610917575585,-33.99024684152717,42.14658675684285,-48.22974260444062,55.15582471511661,-44.826436310991966,-24.485946120217307,-12.033890016987115,-1.840308107969065,-97.65589824617393,60.50216814071214,13.913999541344424,79.70134770560674,54.18471937325256,1
11.315685700430663,23.470850197613416,13.565218279916792,76.64104037469244,23.062281445487855,28.167258658949578,-70.28430417822749,19.44065645042005,-40.979935024150095,-22.59274240767087,61.4004089677081,-53.5306060435276,55.54807639877018,67.97300868401351,69.52227993844744,45.785209715721464,90.72847467316362,74.89565041230753,-45.87422747493972,-60.039684070076916,-63.190977544619486,64.60396602313091,83.68070806513916,9.89189683577247,39.84477559977236,9.483567919494291,40.1681490129875,-22.206838137013847,73.09522399674196,-15.965112767892037,51.077924966546135,70.59896071679347,23.019992305468605,-6.68486240167239,-21.536704880020622,85.25405282777899,-2.6324902181364678,-22.99834801586948,59.280678216524194,88.46096887130832,74.35841843133318,-6.746042581439028,29.88476075722292,-0.9233097246282824,-52.180309805815824,-66.64088480935376,-36.08808428944279,-83.43208539007396,-73.53494014323527,6.563977960194151,-1
-63.108189788023324,16.273311440914966,55.92687122669582,-38.07333525832137,15.953001780101843,48.929648191115064,75.49905567708106,71.80172213677153,-54.417856554677016,35.70814847011155,-15.352033628683643,-8.513039698033609,19.51760471251265,40.14648804579616,-0.8178328288363588,66.58983792296743,-74.9087813839646,4.7376432739151255,0.31952576841034386,8.466099884856845,43.03597304384971,-68.0757003350519,-79.16393780888009,64.42052483974541,0.6065084848207078,32.6862755456136,-90.95106011779974,52.79724854428568,69.58293862627886,-18.608146915644937,-52.528415943206255,-57.69457596848313,40.73563865349314,22.830619581119805,35.38150753717261,-45.6433960763019,-21.268171208129132,-39.976559918450945,87.96829345283552,-52.53889336607058,-86.81251775076544,-45.20893634651466,-47.22328390774106,-24.90046329495972,52.82960595924399,30.77014467915751,-73.07487944181325,67.61706380417462,-18.569454581466942,-64.95584353666354,1
-94.96018103578608,-98.87373745038926,-92.01356214687814,94.36941085615771,-55.98645704902763,56.83413736335797,-31.71806868354838,-20.26778671176737,60.064765430734695,89.6239470963682,38.76935464238534,74.08272074644461,66.14164425539138,-6.38680212946457,-95.95416793037772,-23.738701399396135,-99.25237885611047,-41.75492379680008,-80.53167732692496,-78.74717468887995,59.85406287928521,-38.245168530293185,-65.63453859727441,17.38571737678845,-9.526673237167316,-4.752955197046575,24.654173173483528,94.73589742601109,-31.816012723698876,-54.03720544112298,-63.389907321211815,-32.20175675707284,28.732191691962896,-49.944888134796,-56.95721583501447,-35.19479783591794,-82.5641828877395,56.31972132822324,-87.55408216063876,44.72696088726582,87.21851808456361,69.13956896968051,96.35930179853679,-1.9676702891839142,-89.60505998115448,67.00529809057826,38.206265392738686,98.27917631700998,-98.57334848496305,20.312894203658715,-1
91.91532886420669,67.37268444531844,62.041169900667114,-14.550560753659127,67.9044111444424,26.273705820127375,41.17996222126524,-71.43322486491451,10.177312244546584,77.68542400134055,55.14732526965591,89.08428441153296,0.31034943468073095,70.87946531066885,-11.799236450656593,-98.1925283321599,75.5915429774627,-51.974842855360336,21.768851876580953,58.1076378913379,28.12115260334872,-98.72016030596184,45.04349454458662,-29.355437144483744,76.12492956362564,-50.239510444317894,-95.57721795359062,85.70582930051373,-42.76290263038853,-38.559263437617176,23.25659850834097,-38.09392073632494,-34.90809388631875,72.72370528690513,45.85557434196065,83.39092710211926,52.1950395583269,80.6295597707483,43.78476321144939,-36.44606816454985,-96.80502582555486,-82.2676972592916,-8.5792180703788,-31.725811141610123,-59.049488179552135,15.162619335497695,-73.5389798607092,-72.40903336340261,10.411363487298814,-74.62572307397406,1
18.969475900381923,-71.86933215326665,25.772117068900428,47.277958010008945,-18.257495452096222,29.733094492528238,-85.69625284375687,28.901758856463545,14.957387452794691,79.90741607762456,-51.95392034955682,63.14853488811613,31.852510467322503,55.64014470740614,-9.594813073883174,21.432969994072266,-60.29870488167619,-65.78525395567962,-37.59097441720512,96.51551483250367,-34.01269366707649,-22.197700127312615,72.35410514930783,92.50794958109807,31.81671311779749,-23.9038091669115,-83.68587165027479,24.540586101707078,93.02783125452325,-31.468706304170738,-21.52006895425022,-30.377560233859498,-84.8825190026344,78.56389888749024,-6.366467507881254,32.58935036339281,64.58343017351658,-22.650571377770774,-86.79309247677038,-42.41759505567926,-77.25620482327642,-12.016887133629623,25.496467529689994,-84.90423246355041,98.3174876046578,-37.37573058302293,60.83773010877411,-97.75897878945017,97.86721050515615,-12.601691213845669,1
-54.12684459246553,-9.535304473140798,-17.730750223699914,-85.8070733428929,-5.365348395729242,33.85868498935778,38.38904717950973,71.42303000502125,-94.2343329689353,73.13771405453056,-33.491257258958186,-66.81350841017027,80.47406438087256,-15.10320591817404,49.790877703398735,-28.09178014373657,8.039396612760385,-22.6033475527953,-25.450398708257154,23.47016430593027,82.35321854081232,-41.60591333284256,8.354309389630714,85.13991661787074,-76.14558015343727,-70.94597079721427,-54.42367150421879,46.857012910464704,-28.35833377860652,20.3482731133725,-5.718157940233539,66.07459266795075,-80.5130818802607,1.3767720903418876,84.38354378337934,17.367264517687772,-45.34373125235152,-29.018806415968882,98.01997680302895,-63.85558717044808,-94.00351419487424,-23.536766130652296,-36.344341962026135,-10.595349328792693,-2.4348957450745843,22.387449201756453,-94.00267986398829,12.481877744398375,0.5021788069386588,53.76527518394519,1
11.07271018752624,-92.48675409120388,66.7981524198193,-62.61293099166472,-19.139068387468683,4.057746174300931,48.644050080521254,-3.2688968630683064,57.838627354666215,-22.81488633644844,-53.90671051940199,-10.980325314149212,7.991770253414572,69.59979012991215,20.161911656180138,-94.69843117067107,99.68111436242773,52.352728083862814,-21.87630444439273,67.31668247812632,-34.89276000270385,27.594477553927504,61.92423566214919,74.34902876505228,31.04507754252134,47.31325006163544,76.64886439613983,-75.88489087749545,-88.14343506839593,-21.245140949126778,77.11097579760937,-9.34497462754753,92.6267670655291,-8.455291435330594,-60.02248771782386,-68.69876743469108,85.5332096447815,-19.838960706432758,85.2359927163684,-12.904373968750463,34.34422855759982,0.8581564061311582,-15.773785329345174,-45.635801719530235,65.38417126918046,-29.105609338324783,-43.08807541274431,-43.30790679352099,-79.78413417207602,-73.41922015280242,-1
-46.38727183542475,85.31707664367622,30.263979445247855,51.14282672021696,98.54746089509737,-68.74833646847087,32.469728022290184,-60.66663777046286,87.28635257422118,-99.09984290334353,16.491437411363023,-44.0755752202314,-82.44589375559823,40.296062888497914,52.58210300626982,-19.31799511534922,90.03281899121995,-24.087930691102557,27.227386972476424,85.40661825995218,-4.995039854517813,49.818783021515515,-29.638193979974176,38.96844573173769,85.0014051621626,-3.517283061912522,-58.30842291448013,45.34777527288355,64.20513694723817,-9.695583131370881,-31.070629188507198,-86.47536809393064,-64.0487440769586,-75.3474725886845,-18.144488083211698,-53.42693634944522,-68.27397788753507,17.666421696204694,89.11426048724508,-92.85724784294487,54.0125278941062,-85.09444963941328,-0.7924979643485983,15.485840150568308,-71.20382612911477,-24.593521972825812,56.1465336079975,78.37711275587739,-50.84116835324291,-87.19180936135493,-1
-62.672012040463486,-81.34252305560629,-86.0816305207382,95.8751639332909,-13.53984600316079,-70.60019056732925,86.61902445438429,-41.2441106899347,44.79067932885451,-47.60815401647922,-47.449507612218376,-0.8300965734364212,61.91644154770805,61.69632005405788,51.42720234703012,-13.97103746081305,89.16284479552141,79.69800584171116,-39.27761994278547,41.153606398665715,55.426157768160124,67.26835633794403,-52.17937689223176,-63.09594712085269,40.584894062000984,50.296876444119306,83.67141007671864,8.754555804863855,-91.46432953312483,80.51431860092978,83.33166550284736,32.33819628286403,76.64334486836376,-0.13083724292685872,57.51483451201841,-2.0504068846464634,45.75786023639557,-3.1470829681778554,33.99628210607216,55.45736447917852,-43.775494265836755,-49.050219831621725,-89.76541499917514,55.133743796127646,90.69418093470702,-5.362442009442248,98.45406670347177,-11.525808209745804,46.391944117347805,99.54717676640587,-1
63.189387793723455,86.2980773837852,77.8609447656437,-96.57558284056762,-94.16183190110638,-40.30739265090464,93.87405820369324,99.81651717438965,-89.46183488929069,-46.43881023606795,-67.86803243427778,97.9803786602489,-13.8058258066945,-17.903061125770876,36.47181962410849,62.02033799588335,-78.17672098413844,24.34935678992089,-79.26007648350107,99.72514146332333,-88.5747111485373,-32.38392305386451,-35.23480676854793,26.03308511131162,-26.496629459264483,8.386679067601335,-81.58604542308932,-7.42349531013673,84.37040201942426,-74.52506609042211,44.90951952678262,-31.227075717771854,48.31670508073381,31.583928571048176,-28.596764541258153,-60.59033006723431,10.429328386627319,12.032982468161862,-40.00296639301626,3.6871039318532297,42.275719339806955,10.533359533951497,-1.8721217421641825,-82.08867855042746,-51.71813855247427,-11.735666635770443,-10.35147792791635,-90.11648276395997,34.85380940261976,11.04281523206383,1
-65.29509700269827,11.059165065636265,6.8203380171731,-94.22703210839384,55.11296769349613,56.41129377376464,-71.79807155229085,-15.18205807978687,-67.10069341653626,-83.7971710628252,-42.98446642602687,-62.06777418624998,98.43628191390243,98.69918388614661,-19.75718206921387,38.33512871839821,17.50746245281998,9.248519525987149,-46.55228958938365,-66.64814568726115,20.186537791650096,-1.5442799486306455,-4.847384697512041,4.709863336434992,41.504893365875574,11.74420860013781,-51.533416748166076,86.64512440143082,-84.17994752914927,90.44856725279183,52.10434322645884,-78.2792193120407,-22.837414831026052,15.66691007175703,94.39832515504361,-11.253915621674437,-96.62143478299467,63.190518089628284,-72.25771173031077,47.25459442272643,-14.915410838642032,-52.66212322911448,-49.07211679836499,-70.35638045468744,-74.56229265234325,27.178449392119404,59.80633493536902,-97.05764652137154,-67.68945960145723,83.92798770797384,-1
-77.04622562615651,-69.87780938629618,-9.34005227069143,43.74078990039462,-14.169499089620459,34.19160681405958,-17.640355078679335,75.71828149085448,-72.84022872997502,51.590044092318465,-64.39348122394317,97.14505064261104,65.17834354894185,-99.61507639262295,34.090055437036284,80.540570011157,61.58433695408243,-45.87826082131905,21.33386431701254,-38.54078569261965,-11.19565482746168,68.00870949066794,84.87961760523478,9.743845916970344,33.24069350534958,-94.32753078614073,-34.05769126860338,51.429234522008386,-52.87074601417281,65.23654495035927,-6.9576154196290645,81.98550110938544,6.157473669134433,23.50326216656464,-59.157372850030775,96.88432214468929,-82.87004145498489,94.28929459399964,-38.54309652982057,87.24792683663779,-76.93188747687606,-81.0041178328811,-2.25711384684746,26.041181232689496,22.99971003775869,37.716913725327316,-39.80067073831264,11.970817716438305,62.531600760464755,98.62038256596338,-1
-19.14205054902618,67.5682761811037,-14.55939454363309,54.80066258195194,-5.403246669573235,-35.14839986040758,65.80808069423074,-57.957921208620135,-49.86340702631049,-36.46537610542633,18.08283896234279,81.91660476323332,22.17238278723535,65.22850974003501,97.61694056650285,60.64368028542941,92.05069175865006,-61.68523490298201,-67.47862953341925,-24.969584160552444,15.687077826323147,-34.19603290779429,-54.90307886486996,-97.78870417427974,-66.54240569625433,-78.11271311248063,10.705725083230334,24.667857881099195,-11.954040063963419,-18.113867526578773,-90.48498368888794,46.36719544620178,39.58606348264365,-46.81517793880423,-2.402214666551302,-8.684944291822092,24.801801746634,18.918105124487198,-53.75864234804202,30.252744537742018,-55.49044012326703,-18.712220466579538,63.864885092023115,26.694271333642064,-59.768081407171266,-51.40333603821814,37.776907138413094,-68.09068913180113,-70.8344894219216,-37.210950391213046,-1
-49.951420367080935,15.965915209545003,-61.83810171073858,17.222107179627017,96.9808498269825,2.678814317009497,85.4214921491174,-94.13730849048858,-14.660776257289896,50.56701682855552,-80.8732461537353,33.07668167094485,-80.0604113967214,55.1782644730161,-25.309333218067053,69.38751021002446,-8.333098743403994,88.63001011285866,-15.099345977575538,72.92646846905143,87.81304574238084,95.43018017848709,-47.01283018244702,-80.07715018003319,18.89869733527317,43.45693431593858,-59.805232004283006,-73.1581758551626,-1.751979276204338,-15.668571194875724,45.33036237200537,-98.46622318517882,-79.1679245773716,69.21010167059242,92.71936707110402,92.97435198508285,-60.50817130419552,-90.4387081467109,-45.21778737035393,29.009817927756046,95.43350731062782,-35.19817154307549,3.3188575547991093,63.018774090068575,45.70068279974308,51.42338723628822,-8.884302219132607,-79.45199169851298,-40.24142078186941,-49.28326662508302,1
73.10142517879606,-64.82194331626758,-42.94440061182405,-35.86705475543002,-92.06773900514591,95.55255769277485,-26.351290970976777,-65.20654624223756,-82.65116173041048,-49.71004402719312,62.343711179357484,1.8626569747309532,-3.2005954128206895,-21.957214288939284,-64.28124799297001,-47.279371925611315,94.84998977605224,76.00171947944682,-89.56123890363122,-96.47122453854529,-42.15707970521554,-72.03404249498311,-24.0102380065091,-3.036237956109673,-25.68287745301315,21.953789193896327,-53.3415259411159,-54.850812296444815,97.59415423457921,-66.34154829254348,51.39640923179462,8.451214083000409,29.72294024140419,3.714454809744595,-86.05809714075671,-47.516488991677996,-26.661416116468615,-37.33965059253996,-22.097171251778235,-56.7998593125836,41.768634654115914,74.89684890453418,11.23728590632345,20.27720717853336,69.62728844922626,-12.575052221798131,-89.79561389405532,-24.249116563314004,-59.44555105430294,-73.26002112681175,-1
64.5967610083535,21.71431863479485,-63.50473378015413,-13.613315327304676,-49.465157608484624,-31.5821917598645,26.02045657648833,-40.974438038862516,-85.20914154776958,40.721148539512996,-16.82490990320386,-63.62451471771675,11.579820275775859,61.806099605129305,94.79663083146937,43.28682601350425,-13.62319732098291,-75.84868422609101,-28.34947459543649,91.79348412553924,-13.115861909927887,-79.78031998236548,-86.49467634491086,49.313909644943095,-96.92973694990133,-27.25361100842835,-18.437368098024805,-85.33475890430486,-84.5531041114017,-76.25219071616152,8.837481547734498,64.85868914203797,-96.39254532193459,-17.090937775060183,-56.89470692676466,16.437723041962713,62.771570913611384,-7.423046569339476,-6.895847664797557,73.63693530501016,43.983883179754116,64.25576797653858,-75.82729878811327,2.5532971034226932,-91.49087971441973,63.75959505059791,-97.44515560900192,-32.838778501934925,74.06618644281949,-29.006367730395155,1
-36.226636335772234,37.48737218817345,-8.77892009655747,-29.95961493740633,-57.37230492819136,84.43121856883047,37.801502169015805,27.47227823518176,-39.3727193779555,62.462865430452126,11.543971329605512,6.501649111891126,-1.244393541433837,-43.294073281027835,41.890625907473265,56.715109889861026,-99.77578730927732,86.07149313096295,-12.493559467015757,52.83001315048591,11.15698956620102,-5.433744208524871,-30.561798120284394,5.510403570740195,86.82994560603404,-55.27985943140881,10.3262439335261,-24.4299698337028,64.09855887316053,-36.59723558219727,-74.13072277103099,32.69481520719239,-51.941918888387775,90.629139704766,51.99522529826473,-14.685828688195329,18.05663344168991,80.20237650071155,56.61581626507041,-70.26904870470756,-42.68590421029322,-45.64022209060037,92.50586595772074,0.38786715629312596,-21.675009390593488,-78.34628693866081,3.7046730462270574,60.77075815694195,88.97666477244704,-95.99163041439304,1
46.53981011805607,-5.3573626231202525,69.40938377411098,5.157768707109284,56.975981899856436,-8.967350206480717,22.979327752946105,-20.511614548565674,89.59260361128662,-27.967889893325193,-81.63439808300983,-17.4842085598993,47.19146303315776,84.0625058747789,-26.430555001180608,-79.3547553967022,64.0830147678758,-31.12751352450745,33.89656797703307,-96.9018098425222,54.83230957470769,-37.187017049650926,-21.458486432694528,2.0624213350931058,-49.87914878671198,8.405513784743079,1.7810027535820154,-91.29258538400703,-62.577595338133364,-2.242634722567402,-2.6568118734589348,-31.419010498763896,-74.91017068127705,53.4558923621631,6.3481483671135095,87.3233778287474,80.55245677392179,84.54877445396136,86.51392055969373,-89.30466537176942,-20.261883666424225,-25.50794517689458,-37.447242989167975,-78.40252515023982,-89.80344824278241,32.09964649602145,-17.446171531047725,80.71013274571166,57.21031469972152,-49.70829429327463,1
0.6272517160175397,46.63207562735991,15.665820540860835,-97.5725083369599,-43.414414183419225,35.78575393207518,-55.10102556267385,21.59320970814143,39.383309060275735,-36.418401826222535,92.11565644501647,64.12338799775105,67.20701347593777,77.93215195907328,-88.05575956892724,-49.2924142719187,94.42255662977638,62.0891750871304,62.814991859023905,-54.64505962044992,51.204373106265535,-94.38149824670849,-8.74228748687969,11.331320934858695,96.28204691132893,-75.74908042759873,0.9321549390711681,-86.03619128120646,35.135333753959145,42.17045816834309,-66.81306575622621,-5.989985372305313,49.97540646777645,-34.94950380366721,57.91779762952578,-47.43727388777301,-32.41615279273313,-83.37361596006264,34.73318961630042,-84.41220386547639,59.06284631220748,38.17742685463429,-62.05286360819491,-24.423014761448528,12.545012597238923,72.31230357768376,75.16324841760232,-14.022448506505071,43.14716340439085,2.116500560321356,1
45.143901677672005,-7.202916511923846,-45.299426834058586,-62.7735691263801,-49.79876424512535,62.172193903758284,23.30933782989348,-81.96523528359083,-90.59126709426621,28.789247740129525,16.84237777031325,63.66352808335017,-66.96916838496645,-5.490580987648457,18.364272191851356,47.76196429919398,42.87852115209171,15.366997618358354,32.6485515475934,-58.822119838100036,-62.809265983729354,-91.45298529910477,-80.6540262476204,-42.16613904813531,80.45342683372832,1.3989973450466238,-9.366146423050253,31.349876514524652,-42.79386880142688,-25.473478836366766,13.925464304057272,-95.4903930641759,22.008213569912186,13.85579717669836,9.051736198511435,-51.29865176757418,42.058720075266365,-47.01998815671742,-51.03512135233723,63.88870219265718,-34.33692751278585,-74.76669649956975,-95.12629841211661,1.617028188935194,-64.15704753452387,-94.42443335361219,33.453571916966496,-82.86864467499635,38.747471815189925,-82.90981881162483,1
-7.301191239885526,-94.83220555599776,-20.280067456308842,-75.47615590851231,84.95373728718033,-74.45478707537411,-70.79695703539713,-32.642038445901704,-33.2856677116701,42.538781070512414,11.97037137262376,66.79780270857,-1.9537959597707157,92.37545157438441,55.12028080442076,14.895992040851041,30.910543258327323,-23.582691709077366,-39.70464182806124,-55.860529121922674,92.97813695179013,13.775546483694214,-29.74782869461623,-62.045618895542006,-33.624183159853956,-51.044737160901256,80.30634917872399,-69.25706466165155,-96.48143639671515,-22.993422368861076,-61.835283361882844,-55.56582358632846,23.544974110398,88.4081385317977,87.92011898833417,-61.121473431573634,-17.60284611460297,-62.55277605631555,-45.72127253071423,58.45309999908204,16.528483340127863,-86.2276214282793,64.28979818484885,69.4212566053015,79.27483666906053,-88.6471490753193,-45.82091942359789,59.905454302890945,-70.73947594784183,-82.29527899960073,1
-29.675462552073114,58.50795352426735,-56.75342112180175,67.17026423599086,-60.29426192291718,20.577477800934503,47.10969740610628,92.87891766785629,-39.61512910176015,-9.838084859312218,8.33078983709305,-94.84354823444741,-90.25468888087889,50.14187839632157,-84.85272102910272,92.42485031338396,14.063209864027002,-20.462413608223954,-5.648612908396871,93.70893333156428,-30.46687814481497,-33.63751760143283,92.44812867159189,29.843906612635095,35.60044953231085,-91.16173706137509,42.06505001096721,7.071351997265168,10.735246891754286,-70.69583193225675,-55.93178588695211,45.11487466478056,90.48757329565896,-21.933088681685575,59.46695843178867,-75.31675065939754,-6.616393213804955,-29.060175973348535,35.42512597305199,-65.81629239282893,96.78942194256146,38.505928020032286,47.15389546213734,-96.8315638530207,-99.43015502079395,59.00086459432691,43.85557217180164,83.60980475090045,-50.97734905881563,35.97709487096844,-1
15.518673176231502,67.11434101812975,-64.55812403575209,49.417241878965,18.30204395380035,-11.151215839535595,-63.36046636357429,29.640343976515595,56.66668669937252,2.90855984688622,-33.58061465590261,5.823893582234561,-13.51323600349643,36.3158574337526,-41.41578592918484,12.767307853434005,-48.13226362509477,74.6902192720502,53.86481942059635,12.639301455174518,-82.70658212229202,-22.314693037903794,-91.5747526144858,-5.623270044682812,-90.43141867482673,-54.967854986649314,47.038350587271964,21.064275228784297,-75.20883442674287,-59.68139137288089,-0.3015156580323435,17.995872223425067,37.46621634740427,11.529194017075568,79.0502543859507,-33.934897975247054,-85.6417952417563,76.965055946138,-58.495020978649094,-82.71089274812817,70.64726191902997,-99.81140904375583,6.269381024196747,-88.83437916687622,65.07267032162162,-1.3912220245594966,-35.89139850344354,3.470901241732747,69.90104133074306,89.4726858261472,-1
-74.63519548991624,-95.25672793884188,59.58627350226311,-90.97780089592122,-49.61492592867152,29.244705564935884,29.5508170893292,84.15290392658744,-93.95509758690572,53.55676184129109,66.98644479237217,40.36751891508112,73.78268953143444,-96.48377744116183,-69.36371989937129,91.8525436380271,9.204486682382694,9.837822141057998,49.470878836603674,-24.518934917446813,71.4931345378568,-84.55678487779316,-11.140983832147981,10.062704467567045,58.5872992255382,99.60395063093944,47.16937415279182,-64.69660471215536,-75.62299930554168,34.57471566266031,41.58964634381826,-59.59179398694947,-63.2054625493178,53.332991985843336,51.28809919242073,4.468707438245659,-89.65343493677614,1.0329828826901775,27.340700495817558,-97.08030365668685,-2.22313810219525,23.093340944545403,94.49101920923945,-84.96150336225037,-40.79374181464024,77.5644391220842,88.51840692599549,-72.17826090012124,14.759514681219699,-90.63134136024541,1
-49.42837634997777,30.924238703092584,17.807788121668096,-1.5115478266996831,-62.16562727965813,68.18840489836509,65.7723642936111,-48.63637047201459,58.980642525657856,-80.62026171087832,92.0025821518783,-84.86208483881464,89.20243734511382,41.99234245285973,29.711106305213292,-66.5087061047891,39.20122004226761,-94.58765760325394,72.94353469765528,-73.8554855395495,-17.91108240468482,69.03840819351706,86.6053474513964,-75.2535198552327,-97.39247091878308,44.400114974518516,-19.0195927940741,52.7696956070659,39.14753603424424,88.03935916794822,23.108467259990164,70.93991504552366,-62.28910116096338,82.17665674306463,90.67866786578048,-3.6894053325020337,98.50076628204994,64.45536239230086,49.83268309781471,-93.12686020546073,2.4826108240988134,27.63128623020097,-54.74478503493045,-26.212702729331255,41.096115260502756,-20.666805128284764,13.974613191750024,51.45146530573993,93.88127958677526,-50.62382409504218,-1
68.28951061695199,39.86258423106074,-53.76482337252115,83.0387422849133,4.3831741364637224,-46.59353245570097,4.9523908042499585,-29.780193000088516,-86.59826891429343,92.6932486925889,-34.6541668174781,-55.68609227924486,76.79161785091307,15.378744678921791,-93.50001683059487,-53.45974116030796,34.24311888484095,93.29757999154398,-50.188748975289954,-88.52059517566353,13.786543986456977,-13.119992283148463,-57.243776311705965,20.37653343796906,-55.14537102378776,36.56022657516732,8.818358121480443,-99.29194765880985,43.6334331272956,-89.72668434916761,-62.61793196996717,-26.56882865405747,-97.24294524973851,-39.642228865312035,89.59255806126276,69.91197171840568,-41.15357548518337,-24.288026505572986,-64.6275107377047,84.02387733134572,42.1148899626852,51.61698386157963,81.63455109097052,79.41862347132792,-10.255728581887837,-21.86488806697311,-1.494239785983126,-11.042279044054723,51.982869321628556,-3.3612578416947656,1
-85.19106965318193,-52.678043458498536,-11.569177242683452,-31.50000139837252,-17.062458070113678,-26.36885192744242,-47.89536051085,-38.998152500654946,78.35322826686516,-44.86194577577223,-67.65444860212622,89.01880527458766,-52.63968571597226,18.503885490757725,-18.58775395618008,96.60921887384632,-23.894522351084262,23.19762146247382,-86.1242829710366,10.012575935707659,43.25081127594325,-23.53394498832057,-19.58871122487315,-88.57807976471257,-54.9976413345227,-22.97669153395796,32.77549227131925,12.65824085128446,17.86834614738828,92.64696302169793,-8.121314681663662,7.792591040911475,-37.87091072958238,10.010204816480154,97.918926034822,-40.17349890536073,-64.63236341041569,63.27158677578913,-15.73567169821952,-71.75019701504203,-71.15318556585785,81.6559265049354,-35.78079888068277,7.539489825043617,-72.57717753620985,-12.49840986427779,-65.23664942185054,-44.87462800980169,-21.262860742152753,-57.82849892187842,1
-19.35787336323544,-80.06721558464483,36.5674532057798,-81.38080029139658,-24.80266618591895,-60.6063793821247,63.9604663179567,-22.73815317691931,17.543127571711125,-93.10366765498819,-14.796119049522687,39.323438357066976,-6.055950259023433,85.19735410342835,42.71761640071125,16.22415735996651,23.21944189850653,-49.314816406533055,6.561656154515916,35.96665141994367,55.08328464684854,-65.0931426706693,-62.227162182327774,-62.287150481053686,-64.0637007186063,-88.72784304053285,4.102421244537084,-68.9886848095758,8.504700178206107,28.143101858729892,-56.1960116016845,-57.853367692163516,-82.42785829719202,-87.01929860374975,-5.136611086674421,78.36201647847616,59.45730783526767,66.45572001835257,-11.501710634759064,-97.51938191094898,-57.59767152811508,-41.27511537107722,-72.86924908142666,-90.72412713887377,-95.25647455541879,-30.446288102133707,-56.42665565295197,99.75446356933764,-71.54066709118092,-79.50261377408141,-1
-52.186723184994065,-87.69885270827228,6.470225303427796,69.24155397579258,-20.453608539262547,13.78853021325503,58.89412934720116,84.0968856744571,-20.589152762915347,61.260238267273564,-0.25632219315130556,95.56597287598919,52.93080269267108,91.2694393786343,41.69026658251954,19.97355724065683,-17.74266710895577,-37.68137021931348,61.78448856956308,-9.943144179120608,-61.15077579218111,34.20617024069381,-16.713981244638546,35.787022818728275,-24.939572737075366,-89.01272135681666,52.60326780642467,47.746954170648394,55.71878739923031,82.03850636211908,-79.29329005571441,-1.5976554095923063,-91.1027017894892,53.15117006390477,-57.87876872372022,-39.70283211258481,-22.793986703786118,-94.53668496092745,82.90151248137832,-33.097276534985326,74.09937354004771,43.560051654848735,2.0998847308256074,41.435302971178686,97.94634707960813,29.66685721542828,7.777172360751706,11.990500432218937,-55.56600009119555,-76.14616302849535,-1
-52.3634437906547,83.35120062374935,-43.09187794558878,-30.14701883047222,-60.7384400209184,-37.38866255672206,73.34374563128975,50.260940241958764,56.378541698065504,-14.262244077521302,13.198452927971843,-9.117242362459606,88.28598771629186,30.848459451020403,16.70742156704273,-14.999883575376145,2.2258355134491694,-15.88792859624968,-15.213166384888737,91.10632977474395,-95.40142046809402,60.664515337922154,-65.10558614239339,47.176624939542535,63.064022360422086,52.72069150484975,-21.5063718694188,-86.3754713954819,13.973475309637976,46.347727761692084,-48.68387066893325,38.92970243019255,-98.60643756776552,7.404892523331824,5.4745219838725205,-39.86702182707609,-85.29762180632582,-40.73990631740634,-18.89691904173702,-46.08871648380486,14.156427014127644,83.75265468840072,-7.446829275611577,80.63803373126774,-9.83104165430207,39.60481740712254,-34.945712457949526,-79.27174162340074,-35.8331697973116,-63.84256312379526,1
-66.35926884669635,-81.02315397048507,3.210164468358556,-79.00192497497298,-31.831628984386384,1.3864206791969451,77.80823318674624,82.95777265964159,-91.85604412569211,97.30447906450846,12.032257664022382,-99.568231850032,24.149235409503618,-71.14316106818121,44.98436060649752,63.65187589507099,75.0457788997123,-75.50414015220908,90.87380301473894,-97.94789695339227,90.7332996596567,50.90917722758627,-74.7274182350333,-33.184568527671644,-1.6597499896450927,-14.182598132456903,-52.173257553130334,-89.48437139849617,-72.93289164087008,-29.51956916869716,-1.2084558983241038,-6.584817946198001,1.203406794222019,-55.16303680716268,-44.50692619015193,48.30922801999827,-20.948189275117187,56.03793734868586,-74.42791340061078,-42.571450352835406,-46.38834935874405,-79.07345663250692,-86.31566032815059,-62.77744760657951,-43.04302462816418,-84.54680805550375,51.03742084309599,-97.4372911301636,48.63957749499937,-43.27133592471777,-1
30.194693430190824,79.922497874463,-75.22388694088761,43.95228260386642,-14.571214978004335,-7.470326577025602,72.88586907015952,97.664523697493,-64.44674302227122,-7.311288800884498,46.41487371510172,-14.950191501174558,32.04788064388666,2.8678469750620224,97.57315572071639,68.40492959413757,-73.1011483550703,-60.2145591043973,-12.353886967123358,45.352955011442305,-27.040318502593834,85.76271459358364,82.0418796179745,59.640732471585295,-60.780793710321014,-25.281247078011916,71.01633085021965,13.580757695418782,92.66789696895952,79.39941923361445,96.69530413481081,80.65763316492252,35.66728170706608,-72.92796470071497,34.99496094679918,-5.481270082526919,-3.8466008253025024,39.01847804814486,76.41718550893142,-13.828680593876072,-96.51663699281828,-13.11274571245687,11.04535979986143,-74.44565848280436,-92.63743063839694,90.86939048430364,-17.235293058841947,-72.89416147976627,-80.2316779800612,-7.516716069714207,-1
26.948828220805908,51.3409820222939,67.15748729044003,75.44066881880096,94.96155345001546,82.13915928527575,-41.41931932543219,-49.159291082018775,-49.2476295062725,43.672820532353086,95.37142511665712,82.46573554716295,-12.560770511346917,-23.943789430041363,-52.759480558982894,-27.074785057274383,6.028458300371156,25.200893486888944,-47.751045782541524,-88.17760406206321,98.6421701048852,-70.45828159477645,15.378764881215503,72.82507126852374,-35.55308127092327,2.3608213754941403,-66.55909093032776,-25.229592684729482,-38.33698231474967,-49.78782727025906,-27.199796096082494,-47.24396638898716,50.97697471033433,70.09860518534029,44.308743636866666,-7.005274300277776,-99.01744384769111,-38.31204377810597,20.371091712996375,-25.31779446703659,-69.30567490669299,-41.093186984588904,46.38688300114694,43.308759367656364,-70.03730973786182,-87.72585914088815,-28.20512041069034,-56.161202089114504,-13.47275558498933,71.37021972207066,1
12.187594307077248,22.07521195633842,16.6772464655496,-87.45568181972232,12.39082850197373,78.5332031645834,51.49763441646061,16.84945817079044,-17.97246254619658,-22.181200451051367,19.0797493653466,-33.439528972404304,-70.79892394423892,-5.422814036630186,-67.95717296089516,17.401619293762252,-3.472709168913113,-85.07896380977536,-79.14671202197788,-83.75114173463889,-9.866173680729972,64.76856327754479,53.99731459437439,19.624476055173503,-11.324040722907512,94.96746165052986,0.9528414728179797,80.19336198643782,7.412825490759417,23.028367930133925,-33.69585722085699,85.71941975351311,-25.42004285919542,25.735556450864692,55.12306216270355,-23.95046383409705,71.87117010346873,45.44138875150682,70.98053759163923,-24.993584121274964,56.751171745162765,39.02741177240196,67.8709078067987,-81.2059624439754,-5.711219590808952,6.542752440037262,27.547688154402167,66.68145873864623,-6.5386781681733055,-94.27922303828278,-1
38.41472940487378,-49.637059598173664,-81.03391223117973,-71.05341333238556,-49.611957518177306,2.1834526637238554,97.70890384729961,69.89401203047245,-57.59915816904808,58.79858980872251,-8.842224530154425,52.93597126501487,-31.006957070709092,85.44163763541422,-84.6704289721671,-43.23468253074279,71.44926947835194,74.65878389967617,80.49582808735221,84.53351884552106,88.73922933391336,93.56392930734111,67.41201029030933,59.8151027228935,-52.573226974138976,47.05680234804163,82.99899075353056,75.11362007246387,13.980638463127136,-28.3168791377022,77.09939516429634,-29.520396127244084,55.12077324553201,10.97779634948246,-84.05889107249256,56.25770247154048,-90.78102094603395,75.24011925535251,22.84825135506364,72.63714868525187,-37.26407047419544,19.0342169517762,-32.91708999669589,17.746793597571497,14.768772006650337,33.93900363662158,52.17611173488902,-33.5322725279628,70.36718182444187,-54.89442474434547,-1
8.222764975768953,-84.35158028399545,-81.13746970745048,64.31767229716274,-62.698663442844804,16.009731867274652,17.3520531542966,12.615419009494232,12.200970725596093,26.75571829131502,-61.31874690468779,-72.51643063112094,-52.13667645894835,-52.08927546066398,-89.57382948589184,-57.84584219564968,-95.2726234124722,-5.106547435355637,-19.143363080280153,41.56972302288483,-61.03191992106494,-83.13803770496342,-12.606911306404939,-95.76736023396491,-61.26906217581325,-23.30624837694218,-86.31163036357763,-12.185064713562184,-57.76781222411205,-84.28174455934867,-15.292081441486104,32.937832821617576,85.81738684953314,86.30502732342765,15.367258397798352,71.19937093326644,69.07038890287456,99.39811362591686,61.53113876375073,56.800200609287884,-70.37525779812731,-86.48718351343759,37.17747770550761,99.99585228372848,66.8098340387707,-86.61804815633027,-56.53576198339889,93.17451570892078,-22.652026486578407,-56.69795009820664,1
-71.40166358943283,21.46488335861318,-69.44991366647668,23.01023310571297,82.64884515672674,-19.537760696200507,-78.45155225366358,98.53659041673194,-74.65431963486209,-45.77614579703708,-8.640843494389514,-11.356875646516258,1.5545497975435296,58.9853794392335,-88.29633056657849,-49.32224994275509,-67.53153172532936,18.010075824952935,-74.05905443572075,-27.485677646791103,62.98853840947069,-0.9752777468266629,-67.98018903620478,86.57435858063363,-76.68190412182605,-60.90949031243198,17.41525976019183,63.231651430105615,-93.51141162050286,-6.292021218972806,63.332338157633416,-52.68648047791294,-8.199505914716497,-96.60616897528224,-71.44820818911512,91.7304919529771,17.258256612916597,64.87206808104759,-34.13146778477625,-57.10047856844529,33.487029242234314,-26.34135384807523,37.85324199840872,-50.56501222466861,95.85933211008592,-97.35983896387144,64.00437545276833,-26.658047618629226,31.33020674594374,-35.77257248889801,-1
-98.95407729141745,-60.08567682081225,94.97450668624862,-68.58822318017226,-56.91120257764217,-66.00798748876511,-62.11396054338449,62.221482602737524,-36.930522213882824,94.05857284291358,-55.43915185556323,-25.616901862651858,-66.70381205901987,16.78668591994412,63.53069873349696,24.638331445519412,-50.502467701926456,-92.08502560822079,-10.67934652852685,37.10025952050191,-5.3816357738730005,-25.938855624214014,91.23348942579776,-20.587356451143606,8.507851937687661,-52.14536818102194,58.19455284430296,-14.587151057729969,95.99108201659178,-5.687412805851835,-90.73659631654027,-78.14286025437367,95.53487891482672,86.36775197825835,20.155300445519202,-90.54059428704704,-85.29530403089906,-31.39867428082887,70.87841261531818,-32.41386300456321,58.59977848446215,-80.57295757400087,49.990559544724505,-10.490879092286008,68.66905570985546,-96.96514272176589,47.529880959159584,78.30223229767154,-0.9067162868175842,-4.8007725554520135,-1
-80.85708889596765,41.36071924210103,-69.68241761953611,96.35347023959312,21.924056759776207,-64.12192948207624,-11.804274434098389,-6.835602140460395,-13.605873100016737,-6.125521408066746,-92.02760531783557,0.6989928786425281,18.984280651928387,96.93904654421567,31.6340982428799,-16.848077991934858,11.61698703998401,61.95684685006603,37.273595367827284,25.512924957055986,38.53988528010768,-73.71634726689256,83.8021478990205,-95.7186263494504,15.067482151377504,18.4072820151421,69.34181605749683,51.467547668372276,-16.259700612629203,93.7965090498482,-30.649971900471073,72.10742697073792,79.78472128598645,59.291796335542614,98.43475327814258,72.95253646725288,-63.722762868061935,-60.72706304162998,-87.39730052444708,-92.70302258909679,17.62819733697816,22.55851289970559,98.69563310743516,-55.0066773458536,21.52025106413018,8.755418420461524,90.07643790528968,-67.10292330380388,16.971537647984334,-88.31012788391118,1
92.80348142354046,8.681170439652817,-79.77496236366835,83.98027328738428,-70.37175645552487,-94.22236554560763,-74.16367182608641,-70.24320329401263,-15.415077314626188,-36.22666535088832,-74.07359185752219,2.506904528490878,-84.61990964348882,18.619887640069408,75.91291304396995,-57.21865200119331,-64.36554105712315,-53.70016445068062,-79.265958457655,76.00575946262717,-51.62217945763481,-78.47055683921143,44.8769503141923,-17.02757820340777,-4.301816913256403,-45.072550092410864,99.56234260507583,-81.64777640357946,52.64329285381049,-22.92634178317772,43.398801249298856,90.44992657571134,-39.69481147560785,-9.963444812829152,-36.380185297525294,-5.780480969348801,81.21071381811976,-31.352364585274486,-88.39521318675165,-4.356749516697661,46.03440349646678,-28.281024721935452,-67.02824852233675,-41.5045225938941,21.940762749973302,30.71301941835219,-52.17453634603142,73.669336296294,17.07832799687219,4.7851963063101834,-1
-43.091722864613246,91.9833379284182,52.88002227786123,-34.80041629287946,6.2620873778590465,-57.5738848267324,82.01316910701382,-72.12436276169223,4.540340847873111,-83.7039886204,-97.70084816955742,55.33112151805767,-43.697812917192906,-53.48692315371866,-32.33301977044138,-30.573596087733932,62.45130711034648,-83.66849163065419,98.44400169546932,31.115675290678723,66.06809939124568,-80.05965613560949,24.36616483318636,-83.78987911503239,-45.90088560302448,-58.33572299930285,78.25864857782165,-4.141236216584247,2.1984277201230924,19.48032550990861,-31.314243607747215,-10.408881391247732,30.962246630018086,81.49729086309418,-71.41103764905344,-71.5292550614441,33.57606082496835,-64.17908080883927,32.27432054793567,9.426608260306764,-57.50266455273041,96.10297579132936,96.85056920432467,49.08508456504927,23.994925366917357,75.64071489995595,-11.166204057899677,-70.026799076395,38.77321024628927,23.21079452644244,1
82.90973276971178,-22.22970070517671,-59.82585286166846,-72.44289586498063,50.37795832839549,-22.597519344275455,23.08378608159491,-66.07696110432431,-27.423793132105217,29.628896390275884,50.909137626597015,-48.15027813926234,90.95088523025876,60.80315724976833,89.9686123064447,-17.248602686991063,-45.89710307687503,-91.31475161287999,-95.52138095909484,-30.93370133023457,0.3397937301241143,-12.846879123629762,96.73072545591089,-56.1782528680044,32.79969749058114,37.712134978296945,-77.00088176150099,78.5469201289821,13.077093639873638,37.566864895177474,-20.237165934348326,-63.155608604298585,48.94212613806661,-56.74335127370116,-97.08793228714426,60.88749671289631,65.63007643883748,-94.09368623601655,-0.361998367946768,72.303411059842,66.92806877057222,46.87253513662267,27.91042638073536,-95.1913302925937,96.95396911646094,-84.56539094550779,54.69897634222613,-27.00844201956714,59.39003251570389,-89.51857302034799,-1
41.864165694521915,-47.49827914669118,31.590165623882825,68.13630172351642,23.581484823729724,-39.19210762188716,18.10325957736842,59.60696215956838,-62.42052660148498,-29.22220865693616,-97.49966777064314,-34.0964653855964,43.09434593351057,-14.449957613137812,-13.50392195184942,93.46289450873599,-59.2321901502211,-94.16551999989997,-4.40282442638842,-27.852905554891194,-74.55529542812356,14.801396701536262,-42.36077575320334,-68.3536686506913,-81.06601048630932,-98.29642496985042,20.913894564430507,96.0977523126272,-37.534470813636254,55.83663100450195,-20.434960291357214,68.63946260126318,-76.23491056307303,45.43724576238358,-17.73193715827719,64.40650059053905,-82.06619254699139,-93.63582314387531,34.193822175526236,-5.196086205744962,-58.17686145044636,4.773944794081004,53.39148862297219,58.54298451672213,-86.37905921472489,6.533674857335583,75.8878415059931,3.549770290625972,30.02814847012084,-66.71624317467975,1
-25.089422595975734,29.972784340515005,36.548767925408214,50.72437611687181,-98.84934753533973,-13.860812630946626,36.75215495151133,10.90258793359746,-19.62195335224183,-16.602083983249088,-11.657085575985022,4.653068383405554,-26.070224002573795,-61.27689398309861,-78.79914345184997,-65.66647631682929,72.19859581905934,-52.19993784424797,-62.952576134142134,-34.944751072439644,-98.74045469127194,8.262882207427353,-88.90300013406305,8.133074690376503,-27.44629989066476,77.24299543974519,-97.66610900450834,92.82600588588022,-0.3553441505327726,-73.30618202721679,18.70184607564032,92.02083971076152,-9.767036349219467,-57.86010222853275,-12.938375486819425,-85.92499973727246,-79.49613787207605,23.71914480525561,-60.821447390450366,-57.32305320245741,33.554184055043436,-94.8437781730473,38.94912153438105,-23.99147256684111,-48.97684583114248,-43.136879225450485,-72.09802742801745,-81.00088517838289,5.856621168513925,54.550511195915306,1
-88.48824799667115,-11.057444628332846,56.18896379009743,87.0088392781461,85.32839350668903,86.80297831631938,64.45517830468648,81.91884343526769,-77.78502707109915,35.6401049670516,53.82881166896411,33.606249484404486,-95.57447277946018,-55.23470794735215,51.05856606425829,0.4169420504229038,8.092237706677622,42.34543432125753,-69.24894526220997,-37.47644228002307,-49.79384591435978,83.42098529392757,71.56660161126808,51.61669631766415,2.791559683305593,41.10758065245989,-52.54405084670522,-86.87562251196161,33.367022429783674,26.97496555849466,32.16414953529372,91.41299998682288,-70.13744544330392,-76.01782205407157,38.46023354909113,-22.23738539721481,-37.945578839232596,43.604661367444805,-60.30241913446637,21.54242060817279,32.51216858119412,-45.97324532150084,78.26403852323637,-26.981456813612482,-70.61749008698538,-63.00244747164952,-63.68255712166175,81.70904173126675,-64.34636898760357,53.95717884335991,-1
44.547550447760926,-4.649224898334367,-38.848102571299115,-27.323325800700715,-88.8838731031846,-96.39514936711196,95.42037256824398,-55.05698342359915,36.726588019420944,93.30307399776109,-9.885061100058863,-19.504537382142956,62.99705228385113,-38.65999108736513,81.73098032815383,62.72947164514011,53.89051691793577,-94.06756272251047,-44.591622573865976,99.09275069566971,-9.448211586657493,-33.81359462442536,-15.73300601941736,98.9606538533753,-28.520026994657584,-48.38470943940707,81.62572762416403,-98.1004512018208,9.389131307580726,10.578688818701096,95.73910762692773,-2.444143141572553,-50.13320636899452,-32.046212999180426,-69.06340654929613,-97.96127151848569,32.468424557566664,48.80010603361734,15.99581787977678,46.50964699532355,29.691485581031543,-51.39985635450923,-1.0267904572365865,-14.41098960089684,-21.60700357989525,89.79508352379605,35.788352285365534,52.567104101300345,47.483480119231615,7.436618130234109,-1
65.34147194829748,-7.979474688462403,-90.18928548244122,99.17725515194314,3.260364175251567,30.02211994562026,18.120697904796174,26.25286720216866,-88.01851878626874,78.44609104387203,-85.87892280681456,51.89656668101307,-86.02093686675248,33.73140803372246,-4.4592092014205775,32.95556122738239,-20.227785766127766,-17.857825721787975,-96.9240291335405,-87.90639905529723,-46.305707706922284,-53.733359974212206,15.799708471625323,74.5080825216389,-12.802935838505974,84.5892485064083,-42.231506604709864,67.36643829127581,98.13557870982382,40.51422533062404,37.31546714214019,99.91451858160269,-46.66872851698012,-39.6107729919124,18.48435519291303,12.435412347765705,3.021965006444674,-39.4700969309224,78.47602535031714,-76.6259352078489,43.23624064251618,71.1071635621631,53.30350227448153,28.34160836996685,73.44981963048818,-8.563713411681803,-74.56900725686305,-9.724141189321742,27.827550799963745,-51.10775134523644,1
-63.03232041059501,37.353559119433925,68.63982832473704,-82.36907114954018,6.822367680502666,48.03456804734236,-31.495955138223124,-27.030501260774557,99.11381593346314,-96.80348892177018,14.199853043749798,57.12671472275025,-49.78294702752979,39.501598908449324,86.42377294096431,71.15965405529317,84.09425575771459,-60.90276165476845,-74.73336400533084,29.379808738104146,-78.09731291945414,-63.030115632797035,-57.25522520606603,-30.54473110463229,81.81117738136285,-20.324188238067393,-62.5466922732234,17.13259888842886,89.33690701829335,17.14427745412459,-40.11447193358024,-34.57105008636941,-26.914756741327707,87.20884870137982,-53.4960031619667,-29.326076876658647,-0.8883121298835874,-42.65705382464553,-76.57735312751058,95.09008612851596,-1.7367145140610347,71.44428686657946,30.95128389519448,87.5286392071203,54.45184454931743,-94.7230245502567,-94.39775544932158,77.99907523626891,47.346590469515206,-92.87159800598184,1
63.820463534839945,64.53149369608548,35.67862928118146,6.3963599810001455,-1.4291322190126152,-86.6914369783645,80.74484515027592,-16.319068050709973,2.3013504693195586,9.749255688035731,-97.08819996570503,37.7365429392359,-21.884801565826535,96.53329363141572,22.262289968484097,51.83279214909675,7.961686268741914,-40.07411507494765,-76.49065937088422,22.589606786657484,25.709062036352833,46.193559219175825,47.812010505056975,58.7152891301474,-20.051058777793003,3.0971742101931596,24.152895468827367,2.9724725208709657,-27.482277019187464,91.8786051954807,-38.219553061627145,-53.34811467809606,85.93913715655148,-44.90268728759217,-88.9697588791899,10.185450509562571,96.48247039739985,83.96410905073196,-92.42323805684698,-48.78017662273595,95.57957906618867,-30.872939496644975,69.91298699918221,54.94432411178411,81.41113754796146,-40.76893952346528,34.07814838561933,89.73892410735957,4.812825288956162,40.57682716069104,-1
16.908622651891633,-60.1238361978746,-14.928945134263259,90.65527815574598,-28.24042856852948,-90.87152009453794,67.90479785703647,-22.726925788700683,-92.60774319009965,-57.479403188780424,90.84671359196003,14.965590075217364,69.8305320493962,39.39691275364257,84.91422430888406,-18.12012631086948,20.884268166323622,83.52862828207108,69.3215662739739,76.72734290066876,85.43516713594823,52.26246514140641,-35.83170626951389,91.64874015801524,-74.3344383981988,83.57010489911758,-89.25852326348793,-1.2890043850687363,73.32481454169425,32.78167226896525,8.922532173493053,-60.930336798157626,71.50224339125103,76.21963370136984,-83.36559910374376,-29.14153231716476,-78.57354600252246,39.92312347855207,-42.272231364219024,-52.79543409463194,67.6676325711696,20.204217314922147,-63.51016183005369,51.843018411899266,-19.32001483376186,-62.89675511201425,-68.77768483303876,-13.78196994410024,10.840513576172569,-21.670642860487902,-1
64.01350041112988,-34.11666852511142,-76.17998847812888,-74.08925244790088,14.648532969601163,-90.68630274524969,45.33691706276676,-37.17329661491902,52.337342594149305,17.427641901535097,5.9747397502883075,-36.253138980228236,-64.44674955886096,61.6757911352928,57.37839645919709,-31.581206249152032,63.690055895806694,-92.85355824103303,-43.84434553823726,-98.50314697736529,-82.073373269384,11.19048310107766,2.530454844138802,-82.08033784361612,-19.027639578715963,-21.299070483922478,-22.75356645259366,-50.19212257001657,56.60722348443298,36.929982331419694,5.557731163556994,-22.144780121756597,-25.52457392814273,98.41536708184557,82.11275426292411,25.737290886536897,14.977672281101746,-61.08686226186963,84.60415992732842,98.74087685839021,-76.00543988237136,41.29698831482571,54.619407779915974,94.62378529438772,-20.254231912859126,-61.657935663460094,-3.179785978707301,64.59326955150942,-43.76735450843326,54.26026030750765,1
-28.284307695025362,-97.27203083282379,3.3306978522485764,68.45641974964315,11.651926249719864,42.37004457526123,-92.61750891561348,19.638496369554474,-43.84991965404017,45.697270988245975,-66.23422353177335,-37.39541023151951,-2.673704611579055,44.22436000125472,49.23197625557745,16.998780209986933,-93.65617664215569,-81.03510698550025,-11.8531354960175,-55.073729698786636,55.016899205434214,-53.64918478916747,-18.368577388352364,16.476809865600316,-74.11066385300362,-21.377168823563665,-64.72775192508735,63.09650293246028,-11.963595255946458,-51.373990601247435,-32.101729326632196,-1.325798169022292,-78.84285145754978,66.95403134880553,90.0537187343912,-6.90768889517652,49.515509172519955,-12.774782299367928,-24.68623490885082,-8.004117738119888,-75.14611750325602,-52.29228086759823,1.0006090963849772,32.43983364999596,72.65886635761208,-53.52823717322759,32.88786024215236,13.803829617041785,-56.02800035205515,74.73909713275589,1
72.91272190453398,53.231420316555585,-67.67678785394051,6.608657577716627,-22.52830205840786,-74.14072576572852,-94.06296554210596,59.598554398280555,-94.27107040606882,-91.88407721895943,-13.551843678553894,-28.51742144356038,-59.244267830297304,15.153240131176645,-15.197699317773498,12.490143697417679,-37.77281227556089,87.39767271353722,70.69975101009777,-85.97326009659822,70.9335735454014,25.242009680946254,36.618940987336345,-40.28119469744817,-57.699116809458474,-0.1820545368944977,-36.10623028143407,-20.093197429357517,40.11567646432934,-16.446318378790863,79.37096912048679,43.979582707917785,65.45432139493076,69.26362106773908,-70.31176122921218,-60.28726648786997,17.124140591794742,95.58959078639714,-4.696038252772894,-69.52548914298174,57.59134039879791,33.62565119020047,97.57513422783975,-62.682497412674685,69.40291606207057,59.87107456616758,-22.575886540024044,17.148807174724908,-41.417133856099866,63.94253169769951,-1
35.16458502081471,13.111496645277398,-48.577067399171,58.596447144967556,-15.487466996130365,88.95138117041836,58.34615667167856,-91.49999098230188,-36.64149957999581,-22.702660679310995,98.87373582847655,-25.13854018134853,-47.47236562178463,-45.57071853951569,-9.173317877038102,17.041153067123105,30.91267535041277,62.02085532303053,-99.97189430405653,34.97287040408051,-70.15325669463597,-29.170486414748595,30.956143832550595,-55.67099296248061,-52.70918378747622,51.43874356404882,78.68183529075654,-3.0053915047310937,-97.8248952836083,54.46138102052268,43.898596605657815,42.844991069868456,-15.650388366603579,-70.91404170620079,65.3381444411491,-52.39632493409043,40.9769156263788,39.348297993985625,45.23648512020358,-67.40810804351061,-89.90551225418362,-83.63905203323935,-35.49773153945013,-19.2077589360851,15.732128828804278,-16.860420002616678,28.621070237536514,-23.726376941948416,-14.427559670084975,16.847884680559673,-1
15.012114691762932,2.0425832956244108,46.772796798796406,50.40886737652542,-18.106310331476124,-83.12190079262471,-73.86619351503283,68.95303831140228,-59.940915409326024,-25.960631775776918,-24.228473460920654,-60.682284394715765,-91.58260167013049,99.24925122199971,-27.99801931423376,-6.248475668117862,79.78034623478348,-45.34286579092277,52.287519922418056,-66.46574234621156,-86.7229192839061,27.737489009307353,63.08930017055664,-9.821800483055696,94.54174532390064,28.625365293533577,33.92926622947428,64.83624193116034,22.94595990375035,-73.56367082841578,6.553603849291818,34.54503506254366,-19.114588524503233,40.10087535094726,6.22515474813909,48.41639654511991,16.487167226229943,17.988126490749323,13.922814783095674,-29.79684382854188,94.0921802603549,86.10951240405277,-5.101032888270993,-62.390023729922085,13.147285021098611,-95.65927409644668,-0.3154185740546325,-80.93128155316134,-96.85982515923487,21.416806874195586,-1
29.646693761569196,-40.71185504412056,89.77632497989276,-93.55192600068911,97.54591106128822,60.13647128528291,1.984178936978779,12.129893569304983,35.35261838359301,31.451548417281316,66.47005604890461,26.89323727087836,63.45061318038802,-21.44550075908036,45.758698330835074,-3.2156708477114364,-69.80410832873636,-44.57855756537985,-37.3184838032969,-5.2138786679294356,19.848385467313364,66.68490795993574,91.38533714585483,42.757600592738214,-85.54665441053915,-35.55008660350087,-27.999513624306104,9.109102407305514,46.02711811130379,-79.62200984337397,-25.748109922288265,13.57704479453956,-59.56721492438706,26.54549825725867,-60.798932022061926,-49.97900027922788,-67.19566234491714,6.653506513619561,22.01583596565304,87.3753193662777,-2.5389886617753348,56.54574724898737,-50.32784629337457,85.45966284023748,-2.3729810426172264,62.614990013162895,-60.774762447085436,96.2641992106353,26.957709143699176,-17.978153646252863,1
-83.30718300212334,38.514560015516366,57.79017930824671,8.745346966032955,92.5145772322386,80.82809446645513,-8.32182876023002,-80.50877828409931,99.5842553438336,40.451205420921895,-50.906718734516446,96.49448615924126,-22.475202674829475,-14.085357538509854,-58.26214610717288,-23.630180811796947,37.71048404014084,79.64059740666218,-0.8821641816261945,-22.78230801090237,21.8815864981746,4.720347551896339,91.88085603812968,-79.33011446102924,62.14253455592021,98.67070537753361,-36.183482839507406,-71.84590184942483,50.16787442691282,96.3434240449383,40.12082640287849,30.252180994631203,-93.66164043284542,-20.978971835076536,-85.46473552528633,27.224269305683933,-1.1337145267767283,84.38231071362367,31.19692489746521,-25.540377204503457,53.96670906005258,-77.42804303286206,48.01195055931012,45.01598513906015,-36.68680079905211,98.63575589672539,92.67303673426383,86.74911803253741,-80.72817711200733,89.49086724607429,-1
-48.35112234020833,-12.173867839029896,64.74485722739746,50.2614591304353,43.6784803567692,99.62602318476505,42.458877513297836,-23.148073986386123,-16.57762795808509,-21.215618261065643,-80.8375304708709,80.67799523670865,33.37106409649468,-72.34900474297426,-96.24589937407897,-83.31472540101863,3.1062432532204696,-76.70512419752646,39.04371916081749,-38.16567843972709,-16.736942941447097,64.020175473237,-81.1480395326521,-72.02202150729559,-9.217527601115606,-0.09275726609416779,11.673300270844834,57.488240392958545,52.820267403060114,-49.416403856338434,-22.621987897223207,-85.68274521609098,5.0998215138123015,-16.115829793174825,-59.10689207573932,65.40306604350684,-0.612553284439457,-9.005874045076709,-27.098712510875032,97.8289683146653,-19.558127950120394,-1.0550531178807887,20.326230461282194,-89.11851594611997,20.889327891822035,50.11101663320295,-41.2609316488298,-60.1128657895412,55.94187811950209,22.537023902673027,1
-23.320571788348204,3.889757278247515,-4.8412416530528475,6.975763093517969,12.720984510832295,0.7065251793405309,11.093375479774409,-1.7744871488128524,-93.08505886288647,62.910192153966506,-65.41358251500662,-49.02414577235774,-89.38056187083818,8.124962359468114,-3.5797106090347057,-12.351352783610125,96.21196553402132,-87.44673288428675,-56.23476694593164,-63.6111127745167,68.35769214428245,-50.784982128827714,80.5620937817875,-85.02166213341975,59.40073463769693,42.334942606453836,-55.76048216191553,98.00610858469781,-85.2511636577902,61.79368115442634,37.97768830577692,53.44038062009139,-73.89822627976248,86.65241704490649,75.21977618808623,84.06908473932515,74.5585035099977,-92.37510314943967,-29.458341458354326,5.071592754973977,10.47340369300018,-4.107471653544877,52.32008549017402,51.54524154634228,-17.235717760877847,-11.263241633719986,95.36139844536802,-50.13247350945764,24.552131348292477,94.57420865758922,1
14.32253789397997,0.12390646678619532,-8.816812595577247,86.00536757763246,1.800924312411965,31.081424642917312,87.17577264863999,-6.785031693005109,20.220449709846974,-32.78539765725763,92.95740103400249,61.837137450823946,71.62483174092452,53.15208876171678,-72.57363975182089,65.95801550011151,15.372348837594288,2.8649912150117984,-78.96818219548685,87.57870998113319,-81.3473930871506,5.0738989846609,-48.38179519779573,-83.59484706043388,-19.980843215002935,-43.189512601447746,-35.802109582708724,-92.85608686077124,-78.56955853612102,-29.06704545462668,-61.65914621411734,-94.99909705995746,-90.4313109016031,-44.68566538766432,-85.37340058892599,11.086306579160564,36.038010266239155,34.69433186268037,92.11490217257386,-83.5258336101464,-20.618863741536416,-97.58009904367543,-87.00799014677435,21.195345524568012,35.201122937586916,63.74093548927215,-48.61995478621388,-61.529971458592094,19.13515593521157,52.33972344048561,1
-87.92958320188724,-94.14011137931632,89.4175093951111,18.89967314995171,-31.01904100117953,68.96964125372375,-86.4747344724655,-2.6593048147472587,0.005070512539106176,4.850116717114901,-97.36038352375549,-74.44563406703652,91.7122456427629,-31.963756446429585,-11.563948899550127,83.54744793329513,40.8207944774791,-25.904429182171526,73.99615582954368,28.13136000072086,-2.767345992927517,22.939001186552005,50.89532425550746,-18.681238415210032,-41.065113991388145,52.61207131768046,18.44434835596789,16.753949882288182,22.202363013676774,-19.238752253641962,83.45552934203184,93.67242502380125,40.99562570975402,-75.08143909795086,-87.71404861508236,-85.02455493048353,-7.0349746173397705,12.696642635146645,-38.11508314511827,13.112894389807963,-91.69975550730625,-6.348831802706826,58.92114909807711,20.328625213574213,-57.50431968308336,8.880846930052911,70.97975742252132,19.269235380304764,73.96876263761328,-33.74006187943131,-1
44.490423052301054,-98.5293910891146,16.123952096470745,-8.437269983075012,-97.13850204115306,0.14892164050574763,-89.64652381158697,-12.529859007354432,11.10059030636262,80.81067115322332,71.26559899593789,1.6193522714149395,50.419500368783474,-62.241987009266886,25.649663682183288,-72.88914492596466,49.915637847297546,76.44621440461196,-55.07833156622575,86.91796587342066,-86.26511208366914,-88.33750427100773,61.264672812271414,-36.64974618910455,9.977157047821123,-60.174248364544944,53.66019452181209,-28.252558968388428,-63.48570474328803,93.54742266806579,96.00239885295062,-13.751055383483063,-40.96623750175246,50.46774380016274,93.09861125982374,80.17737594606504,90.84522064040993,78.69251973764554,-28.23879133032645,-11.48017208856011,-21.694604929567006,58.8484248141271,-46.187245685073464,-64.2936824585482,90.16960041591977,-82.96860966923072,25.200009480969925,69.1438762138778,-57.80381119459932,88.50804543299168,-1
-74.61111724900547,-95.48606068531147,-89.58952032653858,-25.630139459208223,80.33268293535158,2.675596656796259,-36.66806107115317,19.426446301714975,84.65983653463854,42.007363675852616,-55.408164179531205,-9.739690029690678,-83.13067962975268,90.53917372626796,58.57815302164954,17.642593203018066,-8.97114040810554,13.865762751402855,5.216751990556617,41.92904108388532,0.18880599772521123,-99.84362100576938,-27.47135334070407,-43.70976563488227,30.59154977634745,70.39252169773889,70.93566043863126,-95.18773925565722,-81.19220078486813,14.708753493835715,-7.192314543565942,93.13365860583193,-6.431806472441366,-27.273068851944117,-93.8995320150068,-70.04842002102654,-95.77255602676098,54.626845618670245,-12.12663707095831,2.3148327390066754,-87.84436610970042,75.264254697734,-20.13033485780889,46.1613933290044,79.90508324571783,66.92516934429088,-19.387990137478923,78.21045568595355,85.08182154939644,55.217922256886254,-1
-55.527739050365945,5.02817035392593,-45.906178876698235,-54.36653312388311,-84.1934648534176,-42.858151027534454,-65.65707653865292,-55.904080926442965,-99.23490511065467,14.082916703190278,-43.94878249879313,-75.653310464453,79.9770083498795,56.988178812678825,13.657387634887797,-79.4475286932202,38.192550047418365,43.98643505861938,95.67294763146285,41.58232775100029,67.05976004098338,-36.00151090098554,-62.047170530095116,94.8101582734455,99.45430454842702,-94.4813244398858,-11.563921273099353,40.66914972844316,51.30250983608184,-96.44501142947901,21.593937630024172,85.90389450181885,-81.08801682047171,1.092726820022122,-45.70116154655508,-27.000488320071668,68.7358828214474,-17.794701814922746,70.97480303350417,-74.94008284823275,65.74221158099962,75.9318322464282,89.93239859489219,-88.34859893047357,-35.68396006047101,92.48470540912214,-38.079258936639214,23.54708755365604,-34.39877197032453,-69.77190513240961,1
79.47317315818637,-69.32703451685087,-75.79685665027023,25.521344266412726,-86.56491374682878,-54.84554746050663,81.52660591128117,92.31385430993711,50.45065535664105,85.05278786715792,89.73253581719624,-40.67697318151875,-52.31572959531221,-65.03869511323023,20.30343814440944,76.03790856134307,-9.261293574852502,61.99970615832797,46.85029375246995,73.8591300807756,-50.25124684189291,-39.28493189758964,94.26550449214312,-18.925729857064198,15.039372857314675,-8.700744096707894,-27.764542520124436,88.44238457171485,-14.939426215322001,0.08819567122171179,-1.6931216718892443,-24.439143322583277,-42.49109959984507,22.71181611788664,-21.9018344056001,94.65036351488124,90.22793116425177,-28.90348833164292,80.49794252900898,70.70376982340798,70.45501284455753,85.92793731154259,-75.45949747330187,-4.519380008391977,-82.32359046069944,86.0008596236523,-43.961724098266444,46.79270838830445,-8.423671649916415,-74.09255656066145,1
-60.505902028012535,-10.229726869599403,62.813657477336136,32.49969167226092,33.56171438110641,81.08296266722039,37.19627185864846,-91.29372764239642,55.97403158071498,84.88539094233246,-50.969880651227584,-15.425760932096352,11.819788175021046,61.32340510889665,53.58818645630845,87.78914895691662,66.81244724513695,-72.0483290217739,9.894423499160183,2.517397982654373,-70.6129117526778,33.5210078835473,82.61433025264705,68.77688773491403,-71.40393594888769,28.533356624631978,75.92559699236466,42.597424280858434,68.65479060664205,19.23407203410639,-34.89242871530081,-77.48320646766564,-78.23125131678046,7.1926291155888435,-89.10547489493968,-1.242587602970886,32.02073377477441,-89.04939400139482,5.131490481571149,36.5083344544353,-9.39361474148788,-74.12654146432291,74.30993789278722,-68.0783296034028,-76.90324876636248,-7.840161865800411,55.216041059821464,-19.66032970579093,-75.1013151282593,-33.85746638322277,-1
26.456430727527973,61.219349592149484,-49.04824096003093,42.175125516708476,-71.57133732392211,82.54769468621194,82.0543111864545,62.869011951294425,55.991765638663196,-71.91196145461652,17.664434079978136,18.95197602573704,-22.553918650210306,6.079733982173877,-86.49684614016557,-81.86986238091225,59.7509922513363,-56.6501966356862,-55.78416667706314,23.115533871570975,68.68747796038713,-88.26234747196915,-31.069736666930268,75.58867975535509,-27.14955978487714,67.67625010402594,70.98510751113065,55.85045573060046,31.840994785025828,-76.19050979712749,-48.22132688525846,35.13841773695958,-81.2045430003603,-28.60183858418914,39.240959705728926,-65.06390065578796,-11.08292939168389,-29.76399997093921,-20.564527341899662,-80.72836409736809,-91.29432811381615,58.349289311506425,70.27577165203235,27.66178169671916,-55.11067731481998,-60.89827824301972,-78.3151274326382,-5.659678945221017,-97.62856682692258,-78.03767820205462,1
-25.349641674131988,-40.21476998033335,-41.26471732831276,-66.86736650471745,55.87316714957515,-23.570806622246337,24.77663102480892,35.93447402017273,5.186298872188559,53.024996231901014,25.506310548263983,66.21902864288043,20.956984404407294,45.22425025670029,85.33050672047364,-98.6110894502126,17.527441531397272,-3.63307610558779,-44.80627026593371,-36.22403312721494,85.69892685509424,16.773388876834886,61.2101935395539,48.73095393094141,-69.3228477084782,-57.24637127086303,19.788620240038938,-63.96728494340667,32.79274620290937,54.80302250030377,30.483639091056887,-3.879397847886466,-14.542881081617097,-88.46931307494175,-35.604041645908225,-28.671853628709457,8.826626886482487,92.7391993018419,15.785024254314735,-41.89226356740225,39.04641425151675,57.87531539918737,-4.13786137578731,-96.84342194728588,45.114567465578546,46.880564112375794,-4.481249969283269,-9.807077058929465,-0.5833670932578627,-84.27529997062399,-1
7.187015770423642,30.01849022798629,37.18584414164391,-47.61802162492212,-84.1152600734847,29.57744983465841,-29.37068146782819,-36.622176187569956,-68.86887174611876,89.91445912706342,4.6722858831553395,-47.643717006821504,-75.65436175261053,30.114426555889366,-62.10697554484446,28.192205774230587,14.450676714410122,-94.42106835944115,-27.079574144614128,57.69329763759288,-90.34709855498484,-28.222444369912765,91.0128033414162,53.644531258769746,60.59840335788812,-7.663944094731718,-85.33440239606588,-73.64740950148627,50.78781323820459,12.108404299852666,-41.67033949669927,-5.492368173399527,77.25337156088014,48.16036880771125,2.954897622534787,70.45913020704575,-87.89914980940252,68.75623413336805,-38.8983100306526,-83.29922233580203,-76.89997330157155,42.61905033179033,42.66142200206244,-40.49301368214478,74.45595152768908,-21.22714886720216,60.9218936419621,27.456292221891303,15.896871405616864,85.51521828946213,-1
-90.07881833010345,6.382139376260483,2.301672953127749,-87.37015961862731,-95.43585399703053,48.51624467432626,-29.152055170692933,-48.30749871501203,85.89883348401614,-62.75118422431245,69.32793741692896,42.1470256473136,-84.93987236548075,-24.292852289803108,2.859304419666884,-80.6726804775173,-55.36356793018835,76.5807566491869,-67.73299193383882,1.2496044194695912,37.04753661557635,-61.16549682539385,-63.76828586521059,17.646880879687558,-44.77078657340567,-77.73392092328986,-19.712354086026068,-34.32025245931689,-58.28755486709048,-91.72618780466549,-98.62256461836192,-40.988460018874484,-19.591023826158718,-76.57591277185634,16.112076523852338,50.259371595544735,-39.874239945554855,62.639665293467715,12.85931457146097,-60.723869035324185,10.449572416842926,65.43687842590074,22.85016151434327,38.22465302601873,-87.41772830772058,6.7335150057688224,-26.4696506303721,-29.913392077546746,-77.65470058321758,-89.61615755500374,1
-72.71204948865338,-17.93925562546758,32.75334722433999,69.73373512374195,-96.48945648833758,-40.74140244610014,-98.03782061139464,-88.24704513494382,-64.14423555265938,-56.776775541728064,8.488301728128647,83.15782989966027,-16.464432998852743,-88.33780058087962,27.95234349492533,33.60086380249794,30.39851778537175,-65.64162728499264,-10.441893732691511,4.465050394319718,-29.890292530872983,8.54332496908279,-70.17719915180432,-62.59458976446586,5.2625859722623005,4.248661253725913,6.592499635917505,-98.57867562294831,63.58984668722715,52.90995932099807,-29.92245606859916,64.49189301272301,12.03340244943412,1.0520069478394447,64.99762461090285,38.85293801865518,36.15101046020081,29.833311610309636,-40.536245632645,-24.564589618226208,55.13864889411627,-58.837525545926184,-13.28902318939275,84.71372225701856,53.890354011670865,36.647845166336424,41.11081078946464,-24.865677918843858,-42.85429468064166,-13.040119183342995,1
76.58296330374444,87.71564791720661,-10.913264942793973,29.393136804261758,-13.812653643070476,-77.54105571802046,-42.4665043593506,85.68215480765525,-60.077608091423485,-44.60826662050428,-70.01966705956706,64.22719912411893,75.92991716067843,1.996832536168668,-18.787538290810474,1.5625739169324646,-33.0598229867219,40.554459629772396,-59.13180888743943,-86.50407549094284,-66.51619485146057,-35.13320897858401,41.19474624424987,-23.494504041116883,-67.70096700848077,13.162749829280102,33.97404575848563,-78.98916169300894,-76.93666361966002,-83.46824892865871,-29.179565428649738,66.79761200808147,-38.441544053765966,32.27016706091578,-10.974759843536532,0.9296002296839561,52.487472179618834,-29.38172277668849,-57.3517899273488,0.4882101216078212,42.50174539288477,33.2833487650106,-84.37238111335064,3.1037529027355077,50.032849393703174,-36.77566719804677,44.74919256827542,28.96113259439349,48.710759385921676,-30.15615161079448,1
-56.15720252839114,-28.11523463383658,-90.66043642297738,54.65223041599771,93.04553190113813,-43.328200607524025,-68.51918354292717,64.6314456145472,3.761620248724796,63.476079104007084,-45.5285524163336,21.700093371287778,-35.003936240621684,42.69324951921698,46.69180967645238,36.957131414878006,-25.477902898310376,90.73562966818758,-36.510530289768624,-47.4894356989295,98.81358485762445,14.047941478422274,-99.12673387252289,20.10814500871699,-18.244477143022436,62.31596046506837,37.684839069161086,45.845561273117596,-44.617641570109015,20.496618645961235,-41.01275938086842,-65.77015031878983,-31.31493131961207,-50.84748717886796,13.426677756559215,-40.613930348257576,94.7172209088993,-88.74071659771118,87.06269230626569,-63.08361738054966,-87.30100915614511,25.389077963317646,28.328975257197897,38.14257156883838,-11.68225376798135,-58.25535588361104,13.194810193572721,76.8833322728031,-53.206181260052496,39.79725343992462,1
-4.63130633643658,-52.157782393156246,97.27115910114821,8.22058329083022,57.16566477805293,78.76140507749884,58.57854220088649,25.537286889222884,-96.95073684392896,-12.64621377661706,-37.55905134817426,15.539124203478025,-65.28553861336945,93.46855535421994,86.60016719615928,-17.755911002230945,-35.69158500050176,-62.4966319747986,39.35690860035058,71.07566403829844,-93.29151318315631,-71.72709296374418,98.46733024669979,32.9009233338254,-11.35239388021985,-10.466566257787107,27.5186987844763,-6.50104977017358,15.157997206344959,10.201202064889102,3.21727951009197,-34.181106113090735,28.945996655206727,-99.68373591814692,56.027417010470685,-11.599890492966523,40.908886777540914,-45.4399626027459,-77.22689426648297,38.13924872345967,-1.890155493571683,55.94544443766989,11.00691374415321,-68.65348346801214,82.80497065466531,-96.90194391294035,-49.97965693849018,40.58056440801013,37.410878265814944,-74.65627432815043,-1
-27.383540720272975,71.72002139649965,7.763873449933811,96.6324579822817,-2.6341144125157285,3.6008904714506684,-59.388386160006526,5.074341235231273,83.50082611213148,39.06210796424955,-24.554587028394124,-35.442305917068026,-37.998777282070996,38.330688243683454,26.928432296056656,87.78518710680078,-74.8312514374424,90.68949758458069,-93.83945154123204,42.42079609716535,-23.3624960806212,-15.040839905418338,68.21842775870095,-77.26381687955295,-31.047624328975076,40.08062497689525,6.290537847687432,99.3465010978232,-17.190489314697217,-50.5428147869341,-36.021050595206304,-66.27424165608089,41.83515127477838,-9.894150206486657,-59.24750147829671,39.963717561447964,15.322180206303358,-96.14174097485608,-64.46456498163087,-60.93013130586318,3.1717815864446948,-71.57764456377502,1.88502288588235,-73.06494780424224,26.7957400418165,-13.248030228110125,87.18831232277921,-56.10120969718852,-50.33045157070999,-21.75187595255686,1
-16.278545016334007,76.37096016413656,11.223108297442622,-25.253296633706526,82.78331577920662,30.43969243841127,13.171451021921726,43.762944545257255,97.34663694681751,-92.8471292799264,95.37148912670276,-22.335365769898402,80.31769933784247,4.04615467171709,54.46894107978633,85.57665697367153,-10.155083222073415,81.31063772395737,-1.4646468067576137,-72.77057725859734,71.90334806450431,95.0028170751417,72.65727943714327,-76.65506422712163,18.464422322531405,-28.850064934000486,28.482103671874825,9.64850555398391,15.449290038674405,-21.222146392129957,-11.487101520063206,37.08372132826665,78.80193732966464,15.499956476844773,20.51405773844877,-60.768121625920244,-96.88735700447906,33.57886450727386,-12.978504631531408,-26.2409965596931,-69.58364130379462,-76.08557563317626,28.950392889178488,14.45105116170366,62.491693422298624,31.197730411992296,-0.8657447035545829,-26.395472110372452,-95.87019583521355,59.19299443213072,-1
-80.38348384315108,-67.18728234693296,13.057791990796417,-64.5766862643254,5.241735344803217,74.16105054193204,-45.489893469140675,-64.4781591389249,67.89074318865516,-67.39534409975936,75.53540901875488,25.5294667570344,41.24280472390012,-28.02039829264666,10.961516203921377,43.214878645666744,82.85812896704314,31.977255883430587,-13.371823382927843,94.89345798417366,17.92501824391664,-1.1398790820273348,-28.784994481349997,-90.4309615522092,-51.2656253236512,-85.92802817586886,-26.997842725761885,91.20220612490951,64.3366548583551,12.74662300064972,63.642348097676205,-42.207557734603185,-94.90380598822858,30.104214412584554,40.798495480360174,-72.66498645628323,-25.985716813431765,67.62169174034972,-60.64043215835735,-42.91760279739827,-1.191192853750664,-20.60283228081103,79.19310172577093,-20.966605980447326,-96.99643923621326,39.944804093974966,12.337181458795229,99.30863117309394,-90.72764208640281,-99.114604106963,-1
-77.01340058808663,62.48273152478009,94.0153237820002,93.10216491358659,-94.2736590532717,56.08473379429532,-36.84074024719539,53.24862684184285,37.97654827887132,97.98675310723974,21.399295499897292,-5.378495777433386,51.11539712093821,-22.788840386165333,32.488922942493076,38.82888655720461,-77.24760713764553,-74.67201953260309,-63.76625628939472,-26.073534342770202,-49.019017573704375,3.2333331896513755,-67.18948747724502,-83.83095844596568,7.988381965151888,-92.34516331592586,72.09206034735931,6.26673941822753,-80.79789727688919,34.784142266392024,-48.93679740435011,-7.985715130042976,48.92902259061421,-53.48283681383674,-84.94720205201914,-49.976487602322095,4.408946460452071,96.6271341637563,-32.710239122804325,-44.82374412119974,50.630997436611864,-93.20522633313712,-76.97756630898374,92.0330063244763,90.95471344915339,35.2335173360415,16.24399148533584,-48.30430645812092,-9.86532617623375,77.80670071021368,-1
31.756673342143472,92.46761149624137,89.73123154131298,-55.58696509172161,10.306849929272133,56.28947572513451,-84.88974667780758,7.28904107030705,81.06033303651421,-70.3171280634829,68.70447422879286,80.95549981814932,-24.180048705940393,47.91300652989088,-7.160891961080225,58.3171655842917,29.141473249246275,70.87372054128406,28.55230423741847,6.594173287433506,-7.984842480618724,42.934289750666096,67.76673265902215,-16.384020018920125,-30.368553297531605,-6.985457858918707,9.547688340131714,30.40126651515382,27.911126534519795,-71.2152162650562,71.50796131414688,-8.317961393606211,41.16571860525312,68.16864687335419,59.7404224728879,-19.608571582229132,3.168076227588216,-47.0536962909418,-5.20086590297862,5.506611163588104,-1.5149609445081325,47.934933878595814,-79.0764488041235,9.614230243577452,6.610217984543425,95.76505805100578,-19.919401556431012,-82.9567922237004,-50.72386355045193,-56.797814662872725,1
-22.470238908870584,50.13380285633099,47.63837946489983,74.79988510757886,-87.79325628535244,-44.72129118231389,-8.030957533704836,11.121905398810682,95.441159405619,22.66561191182474,17.004935908909218,8.076137359472241,-18.33801423570192,75.36842871645152,53.44190414822299,-77.33468062173843,-92.124231195955,-96.65578846720348,14.89860904033982,38.78246829517283,93.12196794371056,-70.58147811572192,-79.166885300968,29.720063375752204,-25.455851537851302,31.455668824478067,25.533589290852674,64.64170712880005,19.292170171677043,-86.62759658357695,-98.73170895751804,36.83770502901308,53.86136392156723,27.582156035095835,-39.7213322557531,65.66480246002237,83.89888303559448,-58.50570843392893,31.72839285104277,13.982917810384194,52.0285271134056,53.22805095549211,24.53299379164551,-70.42382318860695,94.81876550836273,36.88125628268034,-4.270959716873477,0.09510269131338589,-87.97518986761379,86.04689686658364,1
20.489888393317557,86.16153446895237,-14.516975962458105,43.56595522817827,56.71853148346608,-38.591614902014925,-42.072254001618646,7.173536549946718,-10.74912421336063,2.4296533887412437,-52.420370393471,-63.33124259642451,-40.66355959211456,-29.08133661350125,-75.58996897263023,-4.363001601440857,93.33927720163481,-64.87344606832899,-1.2240577747483599,59.68223229073146,45.35958723327053,76.52715168985219,-37.61759439904946,34.424737360431465,-4.965042167043606,38.533504887134086,-71.55609944009622,19.925488160527976,-71.70678717205388,70.23227038629096,8.752750072503048,40.86693741986235,-45.12741573925187,25.274486147248027,-53.768910683823876,62.255434165565305,86.67894175072942,-91.35609473369865,-80.38022725418813,49.48815006777474,33.02375626034629,-73.21883024019766,-55.320483237079145,-65.80351263473739,-19.51325378146845,11.053054845617936,21.059653385102294,-74.84165941036403,0.38240823440585814,17.118303370077896,1
-3.239492027870554,63.03604639397781,4.8144893013408705,-85.06411343665808,-11.8255257009845,63.72843770768657,-56.290183749842406,-8.62166371777073,80.37260222467316,-38.79688105239254,-27.88774692219063,2.114124351999152,-69.68680839221737,-96.87469965870869,-46.721082641728586,93.7622474470651,-36.11818802285469,-9.604669111774129,87.94215600622343,-69.89969730376549,-56.67799541134046,-38.679100504760555,74.34943154803653,-83.75894064804264,-78.20665358402243,77.80381710418712,89.82326604135525,1.8879743632983264,14.524305388055225,-54.88185932508163,-97.99423050022756,74.19285975104998,-40.364902443649875,-21.90958715911711,80.31060529921902,36.616958278021684,4.390645142630518,-99.55672900208398,-36.30722342061343,-1.7255633578519678,-85.27983161078394,-65.49762105826349,23.922143110237172,63.21288239575472,-25.835553325326984,-0.5901493924467474,68.73851903351925,92.72925340663977,-65.53153046083278,-53.19613941158978,1
16.19007597763587,-60.18353743440845,-78.41885655540477,88.14934461553321,80.04330047612129,-67.06501589659584,-69.09239926140933,-71.27471342357777,32.20807537085088,-47.96107183870602,-96.3008185138921,-72.06571512353628,-23.68948071539873,79.9096280221654,96.79570601269901,22.32903442688834,97.75780725251443,-70.7636741230865,-2.962038269787243,20.09873794925001,9.360158157169309,89.74618311608484,98.43935717930944,12.866207468019624,0.18614192828754028,9.888112568474199,-13.549788888616263,-47.74965707702157,-22.9031369913088,-34.82190178461211,-60.431830027908504,-6.167478433997914,-27.187793465632254,-22.645373324548416,-57.790090514865234,63.89538861995422,-39.42548637131078,55.47382050191686,89.53296547854123,-14.180205421777757,-13.383896118568558,67.41934572588676,-44.136691925442676,-14.9101150192664,9.124369560350033,80.34303749106618,0.8272896666928773,-31.640557323721524,-90.24270494823674,-59.75021311610751,-1
-5.807949513053302,96.41547572712616,-62.807355188373634,77.8072088266403,59.65705532969815,-41.71038331360939,20.714270455934326,65.50649758791508,-35.32527518986532,73.01594223470204,-30.21542909318748,11.561417683804393,3.0867827385330173,-28.542760269520002,76.48049151847016,18.768635972834048,81.28389314062076,-5.61760213193989,-92.70767017394527,-19.286215693305266,30.682937342043545,20.57282868512975,87.26928114876858,87.37923903220363,-32.86250835704108,-32.0983802205252,91.04772624341516,64.61333077915376,-26.22207657001225,-79.3939852267693,-85.03205517922628,35.17130472478095,3.5167713062996597,-99.00131872422,22.13203091396099,33.21362538409579,-89.93543834341307,-35.71955600142684,-4.060830850955057,93.3325338034656,-32.466029069007035,-30.20496766967848,-82.98501157472572,56.496308530074174,-41.24403132917178,49.8555091792779,-25.424924418075335,12.832909768560626,31.85688495391159,79.28369297744067,1
81.2708770189472,-17.771132704002596,80.58020223267422,0.17399067643310673,35.162973283218406,11.040617782857922,96.28561609601928,22.469981829610447,-92.14784052257829,83.75799851752146,-70.62577444210288,5.899386529642683,-99.26941486961292,-8.809023897205108,30.723463665370275,-8.136420113069079,-62.732938773233606,91.99944686033942,-17.936597297721633,90.59614079300218,5.568972799889906,-69.31160113843771,63.43560613343803,-48.947935087964865,31.85411427981859,-2.8044171695774907,6.948838157369892,13.015831880839741,-50.165238345045914,27.23999155134244,31.379774353483214,80.03043515494335,75.13177024300231,21.261191601512337,-50.43071350770698,59.97702110769936,-88.14100949233782,1.2544926016813776,2.9400143399171554,70.83286334535285,-15.905605376160906,20.376033739393648,7.674637241214313,13.520277834541218,-61.06946667874804,16.844884724732395,88.83236729863742,-18.110404642646145,26.92007804484598,-89.27905934572497,-1
1.0413547153276426,-75.50371662994056,-9.22934886298954,5.478702817569442,-96.96540316563305,-68.21850360385312,-78.1471028757698,42.14927475573913,8.26607185061907,64.47394018183437,22.0858431271364,74.97346732729793,56.99326491990041,87.03557072441953,70.01963663167209,-91.20485873552985,-49.02536764039005,-82.02074855704086,-20.85148098441971,-69.30199722279684,12.190134768802181,-88.0038659720281,-29.02416248487205,-71.23193421859662,87.75524016483044,67.65882969698484,50.345964070843905,-70.13008062824042,-5.409326407740494,46.855637871838354,87.92483244117903,23.80766308059495,66.4288179156552,6.6842446801437205,-36.817679926896844,-73.12185627101499,-24.894430293197487,-30.23394379985382,40.67829433972912,-35.25144172630057,-42.308031716715135,-75.92177202968924,4.549071882631424,63.80878751072311,35.53723259927452,68.35861323978273,11.799676179792073,-47.08603161653415,-29.607579638794206,-77.73544342468288,1
8.92617422142716,57.934722758551146,11.540952381334236,54.27603774404554,55.8413480536457,70.40732345635229,97.3743322697708,-74.73327171562806,89.07642744049122,64.5268461977677,59.88522093513879,-3.53542963924059,-96.09658734750664,57.60548407815162,56.105769126369296,66.64375950296076,15.444469681470324,-70.16997058930848,-7.507383939227495,6.3927078356380775,79.66431698036834,89.93392838875499,-54.180652855551294,-56.1686495062856,-65.73383853355384,39.360413829641686,56.09189838307282,75.22672989370932,34.866448986930266,-65.9567539445099,10.739767799356216,-27.7082828038709,30.30429173958163,-51.14296212935472,-58.03800357050333,-26.450404209580952,-13.711595864155953,50.08760461167964,-63.708805816925974,38.05165827916758,20.956353656116704,86.73634580711555,-84.29656586298827,-40.607592360297026,1.5935503662288824,-79.07681810474116,79.37775569913333,-20.022721037746734,-24.346626063063923,24.535473926922705,-1
96.25941809944933,96.86439576280824,13.034651244787483,60.52608432000676,5.75892236074975,-81.2164084147559,-49.45454706939088,-78.8447858900059,-74.04827467907289,49.155364338719124,90.90674586193435,25.047324628180732,-85.12751830663852,-58.58467205645501,86.8596179795864,-23.077757145691336,17.37961695377534,-76.03106380987697,40.14311798670002,-40.40078540835745,-64.41596698693415,80.22959720795754,-87.45426177383669,59.915328485613685,63.81178587017408,-55.596652334555486,-71.7269875887341,-35.35010083912762,89.27391178592941,63.86792444433627,29.60660731411963,79.47973529056694,-5.60559867496697,-67.65394500824131,44.733801628962,-44.695097564117134,-55.17649296563414,-61.27385270613346,-62.18988412570019,-54.05736744610423,-47.16163970337619,90.1944610263401,6.242540508007124,-8.263344232023726,58.402273296678544,49.23484137602097,-41.8317329129317,-33.97742803620093,-45.64769051556361,52.34125875172745,-1
-98.98768323075626,73.90673436299596,-94.3085216312155,-73.20026375886586,19.60916449340469,34.973921180731935,-65.15959327136005,51.66641736688675,98.13519556516167,-25.799358957149437,32.21895986099247,-83.61377947470692,69.96762195335063,60.12126089098069,64.2489371815195,6.3797870914586525,-66.0696990470173,86.01521074409303,-57.364955333701076,-51.60711104621116,-54.43216392894061,48.283037490465574,-50.9007954274739,-4.636020930557237,-73.51398784269966,-22.870088449055032,39.896208495059,-93.96591281180716,91.37583507552151,13.657493324961933,-53.567688782326826,90.48388056511502,4.148331924036981,76.99541434967298,-8.56133569358039,40.739190332799836,35.98176141111483,56.39321079386045,-0.9606183880499088,-32.86101828250243,-89.64676229148458,-44.95771030752485,-72.99955073720068,29.369870481795544,-76.90513075635394,-75.67070874141852,-18.163324554267945,-5.131098329600945,35.52029861710574,-30.892101825907957,1
-85.74865444694828,-80.39109237781204,-73.48356396376417,-90.88549567723594,40.41285160545729,98.72939358371335,-79.27570741500523,-99.07729280301587,-88.31825238188648,33.37605161811268,-37.42989497683429,-62.76646094446634,-60.658023033024456,-72.01049919688865,-59.483449980429135,-56.89180879951385,76.29298199998183,17.251464148756227,95.794034827064,-2.1251979398758607,-94.36639162187619,-31.544110822760047,-67.1332844590877,-33.41353529008909,11.67036245819628,-8.423762312156157,-40.829269700514345,-54.04677110359592,-53.21410911561557,70.16575582914001,7.145901828454853,-99.48221280090735,-50.77391891534688,-94.07406579864504,58.6670340299367,-21.507464869173234,3.7975493824982607,-64.32658902298414,0.8054477412304522,-7.9818555409886045,56.68703995596701,12.403149570715087,69.14163561861193,-97.78802018367216,23.327469611636005,-12.426918168922228,89.1896866341215,13.305689059710929,-43.972538065705116,-47.79521797095527,-1
61.414180773340604,-92.28168761237323,99.63957585757151,92.24694077843779,-39.20594480579891,-58.497074949953955,44.77716802231316,59.83598644019523,84.24172087414453,22.717282909050198,-19.54078014461456,-6.225618604677962,-77.16198499798384,-29.264952177454944,-78.81665305884582,-67.83761434211213,-65.5328206000724,51.08114255837879,84.58668478724721,90.00935472253465,17.78380264932933,99.00748179916488,73.36709149667337,33.10338177725936,-48.803335066149515,26.641221785907106,-62.41010868406749,66.5871687386092,-91.04059513661961,26.01203476606993,-73.39147354689699,-48.67900191413514,26.592731654670303,35.057592922771676,60.41750834656753,29.667528216791766,14.198910031780002,-21.48735703041376,-86.96789130609137,-33.12919316236207,-58.83138914247872,45.270015079290374,18.048472530512825,-71.06105423770488,83.16976293536655,92.45770394543689,-43.71774374187976,66.20395997404347,-87.75158503782163,69.34735275310115,1
-18.639039809655287,-7.290432148215629,-40.92459923187679,52.20145803718279,23.63370993325826,14.970662586819586,3.1524847062050583,-20.69413943375318,-33.52679177927973,-30.489711164878216,-96.63179696081308,-55.07030954723484,82.80985403197127,23.849217850757796,64.74320452806973,-45.21933468465205,87.00997040995068,35.6404318925139,-64.72016466509581,-48.64368725600254,91.12488809506485,-0.9337912673791635,6.227618507788591,36.54462179755754,-7.70207795526386,-87.04198300642851,46.7601798033302,-0.7099462215790311,20.164815773882054,-88.89466558510706,-60.21865019609767,-8.744964305778268,99.00539639121405,-93.67515599879519,34.131032259043195,26.493892486737792,36.61582214806495,-84.78589066865567,70.32996195463974,1.5795420457165363,-15.251977452632332,-69.08606865858123,-38.08944023212588,-47.61749252930494,-11.322548860454788,37.96094843949223,13.940223578817239,-64.54460161482443,49.95535521782014,-28.892557298528914,-1
-64.92574427531008,58.01664999428755,-55.317491014074996,-33.06699800309103,58.9787499412995,-64.96676716984267,11.405182508629835,96.19050094798655,36.53839206334416,35.71360736648492,-19.25346007552622,65.19309982868415,-50.65115391888233,35.80497438214067,30.272178269729153,-17.043619728176722,76.32104841437041,-80.46736076544434,-17.14804926009144,56.12526849228618,-43.095397780399125,-25.284425746380904,-40.47920556695561,-36.83869167786047,72.18760797718832,33.86087247715599,-58.38549685528576,63.6761036533768,22.147404692256046,77.30879448927831,-58.988362427444564,-92.56325539785952,69.15444974947437,-82.56890419465495,2.457626984994505,-56.61932172836166,-69.18284235877022,-86.16055482396546,89.50350821093247,76.77250616822167,-41.593587618213924,5.736224687941387,3.7495675998087563,36.464854023252514,40.01553005205545,-95.04546289250264,-94.88448080056224,79.92524940762704,-56.995273228162006,-22.719786113530162,1
1.0504744895714282,91.62762396089923,-68.22946161120885,68.95807205791235,88.87953900202831,-88.39388762327589,-98.44914436536729,-72.63311774348087,97.04513354508123,-42.32460520431265,-19.84527692608185,-43.79469907925786,89.76174520790386,-16.282046566741215,-59.938248894603355,75.19277904113571,-45.074617825592945,-89.78432911207888,52.29062914220145,-83.61699063084822,43.68342038464951,-37.85699568411722,34.00708258488817,-96.40169164170096,98.11883984824524,30.486058777887365,-31.909419319105027,42.13456193417633,-28.89413367966634,4.410916395968883,22.16358369346996,20.9136311416042,-49.1663747480926,75.23932677102064,78.3304159454866,32.38211519613458,-37.439903204734115,-52.69443611864026,33.975083810537654,50.09413754956344,-91.00279343051074,-27.666818956687592,-34.0069854415499,-78.97010941979815,-12.616138836744923,99.97787804011207,3.6973236607448428,-64.3164002545811,-20.63103790049476,-21.623263798955534,1
23.631146863623826,65.37356943467242,-47.50310905670465,-41.669362921060205,-44.75636629781003,87.1042570928806,-31.455974044404115,-7.5040575129571465,90.64736058221246,25.784237029229715,78.12723895577568,71.47326956392871,-62.65736030876137,-53.52438936005315,96.96560119515647,-47.14545175435967,-66.0428356218477,-11.620308899554061,-49.59432342343311,-21.43543967381656,87.38607263097632,81.93142634297524,40.45412528500063,37.986763387994785,-48.276258677339754,-64.55263766920179,-85.8651115459513,74.37412849368619,-36.73686437260597,98.777334803011,48.12107170122954,-37.479159282841735,8.03548221414421,-27.057044689772127,-31.943871204043944,-22.519199815975256,56.83396646984872,15.732675744741442,70.66958583456736,63.68529433931366,31.923963980719066,-16.613862034297753,18.673994177665605,-24.554855854733802,89.47492809811618,-49.59361169446974,13.59365342743952,61.309053214720706,-32.661205830810516,-59.09337785719182,-1
-30.996632015086774,54.01780625081639,22.698554370395925,7.85965276685225,-6.031235952030542,-66.28697387731108,4.85271749114338,-99.87022608455514,30.862814070266865,32.124492624319515,-25.14124780466669,-34.710330107633666,-49.81762621557908,75.13098329511016,41.53339278768823,10.809605715254094,-18.551246482914635,-33.499814354208496,74.9902190073818,-27.418135456529313,-78.7325578999123,44.05534404906686,58.6415660939316,78.46501256530766,83.60045971414166,-25.408457080560126,-99.70348153736244,68.02896235717677,49.31814228247811,-52.74993722169368,29.72682145408305,43.33293103409147,10.378530860083174,-61.99367864497902,-48.43325300160606,-13.925854718891586,72.99197657135775,54.403717336777476,76.96074659763892,-17.273330307278997,-31.072535081711663,2.8645460400505556,-28.050780111805324,80.80806155872415,71.54839991758337,86.81465336702865,-21.76948428472423,93.48930954927675,-79.13452193889614,-51.73145332759326,-1
-47.9426284867994,11.978106369157075,18.654218597598458,-62.321403519285234,-50.470776590868894,-40.18378294908649,-27.30365331755209,-90.71894220780008,98.19396395291506,-29.56328697956772,-42.74920988454871,1.204861175638257,-36.869273611211504,21.447418855982846,22.222198564110073,-4.324733285877301,-91.72007591170905,-48.404900845740386,76.90861761485834,-36.99575684101355,95.55963935992494,-33.28664552465061,-72.2008636906513,-53.310127497551285,-53.672811244368354,-23.85386993318484,21.060969828461822,-83.7342444785904,24.118198008232937,88.901685368725,73.92738761191163,-38.45187538642409,12.150797484780611,-17.52186136771698,20.24932960999581,63.69706636731206,22.58592690235956,3.4419142304019488,53.89713179554724,62.88826362548957,63.219468847728166,-94.72997214794407,-9.032129150454978,-18.639619121523594,5.466012388434379,-3.0214781355900016,-85.32647377406887,-9.140912077535162,99.88697318006126,-53.701267180277235,1
-7.260319012003563,-5.113017170565186,22.43324414462913,-21.992344469138985,44.5481535543243,-85.1990848600995,54.53748737909683,3.795870628961268,16.11715125693385,62.72610289593604,24.91811583426859,86.81271539644479,-15.201579817634567,16.660948704279278,6.090668431362346,3.7830691888854915,-83.16577628422675,-79.24973406031737,-80.15596111800411,-46.415585223822916,33.00922773757179,-73.61680459289038,-22.795740459399894,25.60145418371161,-20.464515195007422,-91.63174618366594,-31.54373207423427,89.36685526467173,-0.3985885530457125,-56.51335595090789,-22.32757240415711,96.95161968699693,58.58641402174888,-77.37009536648773,57.07787889222746,89.93441185991821,67.92981884495552,-86.74780885827022,2.2151401022975676,-38.196680831394644,70.91091144848701,-54.63281479590927,-59.48794147419616,59.8621439242084,41.956488368109234,91.9166617398823,48.970210752061604,-90.85825588720162,-11.808851281085467,-95.95438924484164,1
63.149076125224184,-20.502401515474446,36.59231870841296,-11.335998704183979,27.457129362887983,-19.79903150332467,93.51365639638794,-13.136045559672255,-42.635590975635694,4.202182371317306,29.969547356885784,-18.52749446235859,13.794743279063226,-59.90712817820039,91.76046292506828,-74.07354993116004,-99.12132966800102,-48.85415761095919,-73.87657812718291,-0.11055106793446612,-71.8895815426257,-97.3469498564387,-20.04844820320784,-95.22887396679923,93.58647060282462,-63.614265034361054,91.29767636901713,-79.37114415617661,-75.7584151316329,-53.58125850329243,63.449605253999664,58.50315397777342,-43.106061580097446,60.715437523216366,6.1104822575049695,-22.39028091377891,-28.66943180152346,95.0901604912234,36.40391532965103,30.616538064725205,98.67057520376389,-26.591762687196365,-36.55939479151697,-89.95303928464789,-88.85763184974829,-16.054713400399677,34.12169272301233,21.432011940213783,59.00601232960872,-83.04334536982549,-1
-15.173865739522796,-24.3368785669481,97.26336845440258,-13.008178729756636,7.655447908966011,1.854858352486687,86.71883438241605,70.22153091684055,0.4803828151542149,80.04080472120427,40.81605400544862,-57.48565871508424,87.99227913326934,23.716135325766288,88.10181298208036,43.99596966688324,-71.88426201319828,53.537190662653444,14.734904411583358,-62.415299572997625,92.56067760449179,42.434477142054135,39.75306923387208,75.09675220459499,-84.51971342345831,91.91612592842827,16.79511435319307,-30.73119890870022,-31.5643795224442,52.9920312075422,-74.39211984445066,54.71458050199706,-16.085124794936732,86.50847934822204,31.025985111670707,96.05075795061973,6.8348129949930865,59.549947976521736,-56.26588632177065,50.76180508690683,65.4985864973348,-81.18776355930592,97.86272306461515,67.50903905918972,35.2366275786689,45.91658600318473,-74.7036042929529,-25.40066965310585,73.65026480642936,-14.091780653319645,-1
22.786716952012355,61.018675359905245,15.787311881400655,22.62151919111794,7.798401818392179,32.32537230647807,-90.0012764990167,77.56819556307494,24.93191877598207,57.40439069116613,84.71999102857922,0.7559262351235105,-35.5831981475647,-81.96659968509978,-3.4726516887732686,7.67823349043708,-5.1753670850246465,-76.67800511408865,58.316002008007985,64.20767510414876,89.08809570714578,17.03365158361116,92.43158245580071,-89.83235473252583,76.4970400982603,-3.1541944144533716,-2.294753390630632,-38.50672582906493,98.82556561949403,26.23569360151474,-44.66116784943124,2.335204511315922,-50.390892334794124,-3.1884894639672154,50.11403619889637,43.54368130631846,-51.12467348099692,-57.08629968247363,70.2753224982763,-15.622771736592185,-78.9774037234259,-44.23926145229924,-88.51947229101545,59.47908576117936,5.565166110124892,59.355133323038984,-94.06326373150411,55.49406146930906,-35.45251315272495,-65.03029770830011,1
-13.446624080147473,68.36174180576378,73.37471655983578,-46.03247903642447,-74.98575210988619,79.89565409072176,-30.333421033349012,-7.222082575743144,-85.02052022038089,91.01995906519286,-7.252657902465117,41.45050571668355,-59.91326427755887,56.54571347706431,55.56585296004704,80.88672617411385,74.6784141086566,-75.41630194533795,-22.832409456006303,-42.32847629879293,28.688357766753683,-3.975857780067372,-19.401403691474556,41.90351520487883,-64.8427609667888,1.7388136563676824,-1.938991407181902,-61.62334683003232,8.208136742090517,31.18840955240006,51.79210152903977,-2.790372162264987,3.953080408978664,82.75632366564844,-83.71503834758198,-99.55898375551517,90.72807699610561,79.2986987515024,81.9046774095439,0.8396009081557168,-25.85271326136862,62.01621591206293,8.158812489964077,-35.8833583819989,-93.33155888673366,37.87851044680605,-67.85241065140224,79.96954838147153,43.29344980377502,6.100826993946072,-1
-75.73940039889317,34.44682996012102,-26.73937094753221,-78.50571920626375,-44.053850638477,-64.97784614122848,96.69923663686589,-23.871115208113068,94.29141357525305,-35.7159517686066,15.50250922064862,-18.773369535804548,18.753895607991097,18.323474247901103,87.2253887061529,14.684813707474092,16.223921477051206,-8.990665900459518,36.268898490104164,-57.33181466710982,62.14799578306955,-59.275737260151494,12.180729354525724,24.795056553955973,63.88777186714546,-58.59574010890016,35.52059175338857,7.640353369518422,-63.252592202677604,91.2887500631247,-63.9179541960601,11.794822770214637,-83.12328900673387,6.868150669017609,50.1177344049764,-53.71554700997865,-97.8609629945939,-38.7316443341188,56.85328285859384,-92.33260440821643,34.52076753689687,76.44705493688355,45.22513903395961,80.02528507474392,-11.811812997867136,-48.92759032760405,-11.621764758848329,-38.2883042940469,-77.39318713445742,87.39417777561914,-1
-23.896458026021094,96.53048229871385,0.6540896201168778,-90.4904782237673,7.734499996324558,5.747226959050721,12.738983796753274,-60.13148989395878,-73.52938162854745,-28.022734729766995,42.88304939993995,-82.12068592278834,-39.90445489590806,72.3102621886367,-68.95360274267318,-5.812063729590534,77.80227370564762,-16.463661204648545,63.42054081421381,51.88154981818644,41.767966893736656,14.373086768160562,13.3083141463689,31.983290088206445,-83.54207018627051,34.59545025951027,88.50375039494685,57.170658718169136,-14.916297352887682,-20.453364871562528,-1.8585447422870658,-53.108285147119936,36.18341144326655,-16.87257497695896,-38.7037636726743,-85.73400909467865,-6.6829719334701,28.480941455519115,33.569734943365034,-33.493375955963174,-18.931626806895267,-74.19745173447274,-90.16806010423095,44.32854919844567,97.82043665631335,-58.60035132959847,8.336693087731462,31.214956408138733,-34.14861171527109,-0.6331144399948556,-1
28.657643688470642,-54.54778928806754,77.55070188279726,-90.15111971834217,-39.22248640583563,33.29934818086031,-64.20474345697482,84.47611636776776,-79.09597326125436,-18.265884641111512,2.882032699824748,99.10401012433076,74.00319638585236,-67.21022925878286,82.61036650479804,10.637441325316502,98.69259140353057,15.292294705439275,-83.03342865387103,97.42842655050558,-18.766650008978388,74.88366853155563,-72.94416221137882,-6.96552277123763,-82.22341584479162,-77.11180761221394,88.68762761377832,39.085457518385226,91.18059464542219,25.130711404238482,-58.743448767908156,-15.159260454216977,-30.571954056911025,48.59659968755341,-7.540885157105734,27.068472790337154,-17.617442599855096,55.99837626398801,-88.00401631010845,-86.9691769719166,35.11722774287216,61.162828276878344,-39.53517236766992,66.03472574063264,13.406248122673261,-15.013947505824916,-60.99151158008907,92.21636144841551,-71.84817795410811,-90.39395767342486,1
-61.542196238265845,32.446431665918595,-81.78676358356381,49.38073107110466,93.1467402472459,-44.072334389654635,-37.48127986445135,2.429336209529879,-63.32456908236674,30.521767584879512,38.67010890947665,-68.14279595648081,-68.44968854517563,-22.230017101358584,40.61528944857889,-32.067537086180536,64.7736244861616,80.4882231653402,33.856345861303254,24.260120257313616,-17.70223525601547,3.9809080249420674,40.15654652598241,-42.791736804485645,-12.195324978636492,61.50618248218541,19.287378511710756,-86.10226853532474,-31.101969992404022,-81.4457390143807,-15.06381860117338,8.691015372490511,-69.17338467394787,22.39390539991939,90.22723460778408,1.8238675183808226,-99.30192628332044,-86.95555424177735,86.75680852361563,58.75616283261084,-61.64523132011972,-43.64626314659594,73.9591537302465,30.67487413499569,-74.12582740086393,-18.928142186318283,73.2377511011812,-11.7719044548287,49.840472074128456,-22.983071977818327,1
9.629040545604411,-35.137267224883885,-41.9178155715507,19.412404188577483,-90.6919920870052,72.79385132984845,57.95310724101296,9.15983680246788,90.1969640223318,65.69350397658042,-73.39806116733851,10.95378002994127,70.63369743841065,-96.04134911671834,-36.71677537777529,-86.78722276640912,-66.6482153732088,55.96976898460446,-65.73303956910479,81.77652849633776,19.750730485335538,53.50106035083954,-51.20494852541084,57.48730419064023,6.029109548651832,-81.98594053189171,36.115458453452504,-51.430032211889134,-46.1162337603767,51.09794051305764,99.39319432622881,-9.840242227186565,-21.053829820975096,16.139891790726722,-23.14893824840685,-51.11439955429968,97.30236482787348,-55.437244150859065,35.2487727572711,-49.44800299830385,66.27792998422672,-59.97339246379123,22.613875662057197,-4.311001787402418,64.90048446515712,-72.31517596527547,69.86740300082758,28.700121573764903,99.89107111267433,-35.622342680857756,-1
70.78857642837056,65.65471296319768,-2.8431771289535277,99.14964541190591,18.29597721488163,-56.96860677784892,-24.484530336708204,92.76259876803348,-41.289424492880755,19.847450099555218,-93.32763378769067,-28.273758537423603,30.966978134963995,76.8206495879466,18.615428585990884,-83.04108134515991,-67.9668903476373,-38.021080752464556,-6.073014227830839,28.774916251826113,-43.83537946227292,-77.52664350160549,-74.3149319920141,13.715713512560185,24.06553743336886,74.36330224824502,8.045851432429728,-34.85556596732171,92.03840311554066,97.1846097261868,-42.32460699476523,-99.80648679531525,56.98404965373035,43.32309135464928,17.392484311290318,94.67559046209823,-74.74677691550495,10.122901684902246,58.269091767269146,-42.24025731981123,-14.25511407073374,-20.845257534561497,-90.34844609873804,-22.661848769537414,-68.83941931100877,97.1423581555959,-34.780941546042854,81.6694578690811,42.22130217545069,93.16971153574079,1
-49.8066677319404,32.724944153459916,-58.63179237128775,17.553692521217926,17.024465011430863,93.42367089899648,-72.81639461100409,85.83060771207835,-70.06147750345679,-26.78340238409602,46.67826864950749,55.58384408550228,71.88463569195335,94.58188209917708,91.2687971847493,-95.46104494846699,-42.38286062782271,-22.790945727432074,-42.1324663020318,-25.9019415479153,75.57066017865506,-69.90368662463774,38.25790083759125,57.515350457463285,-55.90157803096139,3.462990466126797,-13.05376833831491,-51.415349823895355,-64.53530132253266,40.014913981129155,45.47475010178934,8.281943103942169,-97.39046514753844,-64.96848527511153,9.35821609934419,9.490877181060256,-61.6552143196337,84.22679031083484,-57.761594410286435,15.561453132185846,-35.41247821806415,-46.15367974843343,-98.36595713275018,-90.30870192408855,-61.185358003455036,-53.7907130037375,20.306846787019396,-37.42883949368161,51.738034366037,-39.803724137480586,1
-94.69773789167564,-66.16762123151597,57.23653383964262,19.537405988700158,-7.923824914804499,-79.90675769829987,-19.037368174156754,-8.898290193615011,88.53118655407462,-95.28420988868062,-34.53706976609298,-70.4896881642131,-70.0473698717064,53.78219765119695,-24.172924280928854,11.049775418476003,31.281021143108944,8.304912622342655,37.99651676530138,-95.91079745607895,39.360556366491465,95.61037721636217,45.51686844816365,99.89167381938893,-64.63152357606488,-50.932110791709604,-42.4693497809969,66.94367531681212,-13.874574502776554,11.841558347758749,-25.372638926901274,-4.55943604558189,19.074678301329556,-88.64912808753536,30.66374203332751,27.87059246622465,20.430387185417715,10.217073051524011,-56.18178169687573,-89.49515580277576,61.06667531597648,22.33745010880672,-59.95315620814501,-86.81398064113506,43.22692067253266,-82.75079054170718,83.0102918150969,-32.41825314865177,63.64798684382146,-83.23115440566667,-1
16.439749318822777,-34.91634386347843,-58.874104893543745,54.38124868001785,-61.81264312984689,-89.15983823159334,-4.583873871696213,16.757123694098567,-0.3512776065614389,-71.0664669882911,76.3009347880668,43.39985980371239,20.00575999145633,-77.70113940480513,30.75757146843179,5.3784499871647,-93.11363091132003,21.676039910104762,-89.57121642904029,53.53209775831306,-29.066661518307484,33.297526494136974,-72.4583939183377,61.32806157609306,-14.11948483622345,-47.044382873143434,-82.43400408268324,-15.416401081905434,81.5606963542347,-46.70679683766181,-32.12744691660451,58.99275797057982,-52.53418945030337,63.26918007730072,40.0438090839348,49.88797786051052,38.884238545638794,93.12543910331979,80.87074512095552,43.31808498223336,58.052506620897844,13.905140801568308,-11.093352353597936,85.80559648100729,74.42602153595246,-36.30748937519848,-81.47084602027482,8.682223139428686,-75.0572942967158,-90.78409767105278,1
-53.55746097063654,-67.27675917234475,-9.690727805388704,-5.683480781153477,28.807854505281995,22.10186304759891,25.03364646598169,-98.8832938644022,-38.71963415040798,-62.12006927875851,7.9907098243324555,4.910678306303254,-33.59761801141545,-14.195901457312644,-90.44765715981518,32.462789115452864,67.6300239138335,60.29339583548034,-13.08969760500031,-99.25202589856058,-94.35462518642026,14.552182095335667,-54.30716912542557,-50.016211354178864,-58.62283087387774,40.369625582723415,34.05491310255252,8.195703085065148,99.86678813703321,46.79358063763476,44.204600544536504,-8.573232249604843,24.906032712569925,-28.00960345142252,-45.554451401187414,13.466390318547312,9.155072762911075,55.310933462580834,-89.85367157491517,75.89629213941606,91.65639461852302,-68.08626764577237,20.994033469262746,-69.22534804903262,52.67257750619382,-16.545577052156247,45.138979238465055,43.385630260033054,-68.69023539434407,68.69616113501678,-1
-27.081254360491997,33.92225130750353,-91.287863885516,-41.618077241931275,30.034462714502155,11.743617621585202,20.174060417123613,91.37008424346087,-5.509615926693414,7.220044516843814,89.7525310102067,21.261182856795372,-63.78998966138853,38.97760700137971,-53.957917579922096,-15.127660306654732,-68.81735595633475,34.464889401260706,-76.3763160784674,-8.799752399620075,58.82942202180456,78.08830482954403,-21.904340373823345,-82.26575098833378,19.86548995308381,-38.43074080377444,-19.295307610761142,52.67988943264089,-93.97564555963717,-14.230907685242556,-11.992314090866202,-34.293953510724705,-77.05355623947463,59.43977677947311,66.40830715098733,95.34845805129285,16.54072329070746,-96.23140622596316,64.2372296070966,-76.73672853260227,50.38186849203353,66.53701896256086,24.084254913758855,67.91241948145691,76.0893150527782,50.33109300067923,71.22288845049084,-98.94781265483792,-92.6678031642346,79.87270247543537,1
-14.068637452212982,65.5849909090625,83.40434237611129,80.71659706032835,-50.78427900955664,92.96118396978568,-81.12746643681538,-93.20854759650676,95.05795404315472,28.9347126753255,49.25421349087176,-82.63645743841639,6.113466266432027,-3.21945895217182,69.70904408898309,8.772538282319047,65.57542738662008,56.66033584820127,78.12721773616545,53.63681768192373,37.34177077159458,19.25302514944849,-76.15279466371058,28.09729145467972,1.539132480308922,7.013639684766943,-97.88778572235648,-39.025433756013264,95.83419669993677,88.93853665775521,82.52386973510178,-51.08998392552644,-75.00097293467836,-99.89146493884161,60.02191651638611,34.61950725695155,2.56139991033794,-33.20005234589152,49.61185027413373,71.07724586559743,-65.8796223861439,11.383281091415725,-33.66614570943591,-15.840792877782022,79.89069473490414,-70.91523068920611,-29.695366656061026,-83.71594707783541,-2.2097498534606075,2.8094001475821955,1
-28.233903175299503,35.4248526965128,-27.15955547009679,1.2503468994653701,-33.024944773409956,-48.48619349526058,59.25540219169011,62.57920743658863,17.757209060360694,91.67337855335123,87.97965537161375,-30.727752815084358,-47.27993274731408,48.03476403769713,85.86998251320335,26.586015777587633,-9.360650693147505,29.74427353050413,-15.184839441405074,-76.80916799954345,-92.77458834303613,17.995498062258264,75.22097198005895,58.42374821880503,95.92284179796013,27.93147464145538,36.2849982944694,-16.472989251316122,71.13432185940363,-34.30607386890148,-28.19139893169735,-64.11255812552707,97.89534780759266,-19.82348744087483,-89.08079105570914,-64.93594617953897,76.29235654362239,60.90122861252908,-11.080167630773374,-62.435143672595615,-58.47011091112153,35.41196582713016,-49.148156591688675,-41.44690735646546,-33.38037947038059,52.79504470776192,-61.60316396073069,-95.83281092372185,53.30437178790609,-1.5072379443595878,-1
84.49987623545914,-67.25420842416581,-80.60972147465705,-75.55316142909479,20.523255386938175,61.52922559931443,50.77409065134367,-43.50886422835689,-22.662366351168856,-16.5710854790282,96.77607219279955,57.40469290894103,24.594367545338812,-2.50031529063439,57.44289603073892,-90.92050519577883,71.01818580587468,85.852366261957,-5.716994981957384,72.9578540912502,5.420809019657497,82.66510382778168,73.64118813306706,-59.12055063017432,89.73241388621398,-29.070251674180938,-41.44318140676795,-26.898282670655533,-44.7432778737618,-10.134974415832488,40.26626806489199,-37.80038999761934,-21.329204771611174,-12.37468891859777,-9.615278671875416,-11.458279741618554,-45.65475660270466,59.571790524869215,-20.116946268076035,4.370720399000021,-77.81781812533703,-2.605808005500407,-98.4194592465097,-72.50553578209755,-13.830419990188375,74.34944831661488,47.89873906089957,29.01527192358543,15.660614118839248,-8.5477051858051,-1
77.9826752725725,-55.9780339961673,-18.797492762356157,-76.45636018347453,38.6175517539146,-37.89264492942777,59.374422759025066,-75.52424676487841,-67.1845352727272,-7.947676148644604,29.885370155354508,-45.52368565396099,-14.651011740490134,27.51634326994281,-8.760383542460588,84.08684638711745,-56.81672748019577,-51.731363683145524,25.269924602719684,5.104187675741883,-82.36123934656392,67.37772710852502,-58.9384249801725,13.73816000813224,17.896176020362603,75.4746222411512,-39.01575716193781,16.66782688059729,51.78456548629521,-13.844682090521829,68.63924530760622,-82.25882993844766,47.98388091094546,88.62163956432241,87.33513694728171,-79.15151679056314,99.81620434771318,84.08741840126791,33.50685433452952,-74.39005884417338,3.78592301984726,-33.40573266036104,77.70963632179374,-13.726167670035338,-51.30999931353919,65.54207317807828,10.234987235595753,-75.89926481768039,-72.02396464247312,-11.554988132802961,-1
5.280532187222647,44.70691466621773,20.420366025469946,-14.059838591368035,-53.57220952693345,17.710817744148798,28.02541721077597,-31.085438059508803,93.78818569279886,60.6615994525755,42.703835810219886,32.16502720430162,14.527255354256624,-48.04228894483173,-52.942588241917335,-75.08560242765176,-87.65493563852753,-50.071452098873934,17.086199210210168,61.70554193781743,-6.235530260573171,31.1892274472076,44.056539930962515,-65.64248171746883,-4.479524043162982,28.19269479803782,38.97656964999507,-62.85708658746787,98.0703495327636,27.485751978679176,7.274043442966843,-30.539264836585062,22.48083892126391,-27.349065796037735,-45.56154752374984,48.283451647951836,-56.835906102555356,-27.9306273856335,74.67624247198015,-26.923475218799013,30.971465680896756,61.90979619440171,-77.78787721572142,-80.48471636597881,98.40477244951867,22.639596369900445,-73.62827461251302,-26.460770611102774,-23.791673979767893,-66.08652118549448,1
49.995559690414154,-7.508636586970411,48.7730561776342,91.99698164753505,91.13991178377438,17.632822016041345,-85.98759080215068,-41.23612008570543,13.193744727468882,-52.639355456670515,-73.3787964938651,-26.53497956384838,-70.60050313690701,-52.30391868116373,80.50314242403067,-28.03419372273386,13.07636048046767,-4.217144094257549,-5.118181391878295,72.69201330742021,-76.13319160221013,15.473323490840784,5.104422577192793,-11.72728690695044,-43.56749341130597,72.1658850153303,-12.38904156834704,66.98132530638946,-93.66570346919947,-94.89952887131558,24.692665253404527,24.651423884175898,-37.73939218571516,-6.843254754271385,15.528770320364416,95.33589058176435,57.974356311642936,-5.410475272146613,-27.669963831650207,56.72252743207716,27.627197892657108,99.19322543930576,-1.6592333893013205,-38.75225017389825,-32.0296644004256,-12.242584681165994,32.508718675507964,23.136079802254145,-51.52265035261798,6.180665008865475,1
-1.4861858493404867,-87.69139317303262,34.429737386481435,-37.03983477319266,3.6091768822783337,-25.45371441024251,2.922752889510363,15.186490807158393,-19.011618343439892,-78.4598824482236,-41.50998968532262,-47.549464755185575,-94.22556343226998,34.30739447714083,22.505451711312446,93.59187888746618,-88.6454216551784,-95.97420029028463,24.93879418118587,-37.31202827222171,-69.93451999304041,-78.24448321560118,69.63089866099915,14.376564686688951,84.9362242386041,75.2195967097656,-87.89475603393382,-24.29414942094826,-63.90498048855713,-93.79940538063703,-23.5684287871824,22.360274100993706,-58.277309683050625,-28.525393480993586,-28.528658313348075,-89.1619479420564,42.916484648698514,38.67605403645479,92.83462787985476,54.26466835280644,-34.26084517070072,-71.09312137224848,13.898579944496504,48.43504372510711,0.5265197966855197,-76.51152514498314,34.12904337979242,-19.63304194530528,49.30586608725682,9.201775503637393,-1
-28.91213252718765,-58.60273939997609,72.45032566049744,-31.82285510616309,-64.96669522005243,-31.217382163242263,4.832363092442435,14.320770115535993,-75.17769450102867,-20.511156892866694,-36.97038650984565,-92.40066512714833,30.01530389681207,-24.303720382609555,-97.46293133445292,62.03855583302925,30.675632126786894,-76.59694535222623,-84.01612829619995,-30.20615866425291,80.54676536021458,-54.37191203205063,97.04916277463883,-74.704432453599,-94.76761938161403,-75.83121671490802,19.18185023277414,-5.149365330837583,75.98389962809443,-68.98078206888336,-92.24408453687664,-55.97732322695337,-3.1449573483691466,63.06828793378122,11.862062531547892,-72.44425790671593,63.19595528636944,-19.95183489345503,82.38035562742041,-42.21433131706189,-43.08915655769636,18.94696941993088,11.171556561099223,-5.754923668949587,35.43750932683366,-68.32268552763934,-12.402939951724875,-59.025560671303026,78.82626715017645,36.15789477670964,1
-68.75969841388014,-9.145855127914942,14.873944847802804,-34.44278616764865,-90.05634150240618,7.899709601742643,-43.09540791225863,-11.984653737045448,-82.71485988068187,9.216687377169947,-63.79110731764168,-49.28386980917827,-34.465714144333504,83.29270591035998,26.90964721069477,-23.0100374589602,-3.492336832803659,-15.883254076019071,-63.934261621472864,94.66391650612766,47.716847934486594,63.53080987462971,-68.30995111285341,-45.71881461257688,10.811464504030425,95.29188460016107,-76.97320465262212,79.01422230349135,-93.33529638598255,13.380480580626468,-94.84592775104915,91.93713342163977,25.405585714063108,69.94892305350052,5.663346240625884,4.85208787444688,-20.75456040054729,10.940326594198496,-13.413280904415984,59.36543912334869,27.905553271778842,1.9251281373403657,45.01666525262064,-66.61104585135396,47.42407328601354,-14.93264569595489,-44.97176417304409,30.982840576993596,4.975968656953313,-5.204244900670645,-1
8.85079322273954,-25.27886809318818,-17.60806402084023,0.9249365863395269,-61.38554524065374,99.404620803949,-20.791616815027126,24.792478199045334,-65.319072457739,-61.844165299984375,-79.1835571136902,-11.241739357577416,-7.571295330428612,96.70115126040662,97.32735603005946,81.70549291052421,-31.298998177340593,27.927412167108116,10.77968633444219,50.45279267583405,70.89852689076926,81.42471036072402,-57.422076540542456,-49.62259445992496,-98.42875786215721,35.29169100749175,-67.12022150753465,66.26312304461175,-86.92473155380969,47.330647805028065,-69.65072083697706,-63.95689619245732,11.674985830240175,-0.45973241964844647,38.17107020420349,-71.21115782928737,-69.40047667480218,62.437762152725924,-72.36956023271787,-6.726250002305264,-38.22172663442301,-18.38102119892615,-28.912315809605516,-54.7352459657821,-89.9293432901793,-7.963539558215203,-86.64643906618772,45.769314673992824,63.94943341755996,97.49232094799885,-1
-51.595584003824555,-38.95709397422817,5.126205600073931,-82.95718261964582,-56.63315646140188,-34.71798279311483,-66.30667895319291,-9.824727844453633,69.32542156777453,-94.46071019094859,-37.32338394078667,-85.55993847577015,61.282433899489206,53.24122951738292,32.553328644238576,10.473010002240017,74.05167485680886,-84.30094070897674,20.621305173927993,-47.24683695270677,-72.36329971018836,61.25781314091324,39.992702727119166,23.34037607028749,-84.21188452547779,-84.30235025228849,-63.28360175496055,-43.46777585672233,-52.9499433834971,61.28094022379827,-51.735641729089686,75.09125376760556,-35.013417616843824,-45.272157310243855,16.724833134509765,70.92544284500562,27.5721616478435,95.93798889412597,69.55826630714088,-3.170486863089849,-79.75626183162434,-49.822805791570524,57.95939643283259,-98.90353532485439,-32.15057144142304,-67.84182559314354,80.33341750314182,49.7436207593087,33.66462605652006,-81.1004575930561,-1
73.2191267223383,-50.00820375210089,25.079525976082536,69.19239053919117,45.13109272877327,4.969670908758545,-10.023990916447701,4.567245004098325,17.25541985244432,55.544549401146014,-17.10482902037505,19.0386375038415,52.79714391808196,-72.42348573891454,44.42743568053149,-39.10444963756308,37.32759676806921,-79.81710047503498,49.5627225808384,73.02019356432012,37.432608926303345,-9.512268518963651,-89.09487398711224,20.057724207650978,-99.34134572781983,-33.852760376401775,20.604426122481613,-39.80017184904274,42.57727774150973,-32.14171108098142,-69.75087241342683,65.81058442342598,67.46338639858357,80.09415013503403,15.960110506221852,-82.79132869243821,46.719090051640535,-28.450817855101945,43.77899342701451,56.41867580243948,-53.38630623750908,-98.4772708221374,50.85152919124113,99.05605408861288,40.20746846342581,67.17487535388287,60.41627938274402,77.16441727504733,31.57720197987942,99.27712424370577,1
39.48405344936799,-16.40318289861729,40.55657543319498,-2.092091581169143,-31.791172961958168,25.562859337508954,-91.006698409739,-49.70017258875225,23.85677216335813,-90.67684703086502,-65.9218391854921,33.71757803057545,83.2731204872515,51.26044010405138,64.52488823244937,-7.033562977315697,76.44886483674676,58.045307187091765,-81.39609544757292,-80.0021214783836,45.71740240231418,24.31938131649511,51.4314135235079,-32.021579384566195,42.497151544503794,-12.53445323499001,-35.26052679973665,-2.8197980087156367,17.377597703176974,98.16128050032134,-26.268280491392872,59.329133839680395,-74.65636179323462,-67.14903993888623,-0.12932414485074162,-86.46624922784156,50.412826538655565,4.5895065019502255,78.287604246553,-93.82572239343415,71.58019191920957,48.882312457652546,41.04128095940243,20.22559385991309,-1.1323596639644364,81.04301807768513,-48.827432142931414,-55.49020780015388,-25.154998817024605,-88.88478764501002,-1
-28.64933466128214,-34.4232011963483,-54.00771691979316,-52.05116541234831,54.60637974114343,-46.12704449029022,-87.88061706533827,-1.799605957447639,49.81672826719324,-79.02369134364358,-82.7296677358879,-20.024099736773877,-11.806562657464184,-36.04612799151272,94.87855900053162,-44.520102307088536,0.7536704982036753,-23.782545410900525,-52.17703450092126,-24.739918812842546,-68.07080158716892,-35.553292438893806,68.82071347939888,-97.41265827658552,17.470501102099377,22.46136051300141,-64.25317293051822,18.65170514203072,-12.618640119997337,-41.25250095101811,-54.93952248713332,59.043593011093805,-45.71931188745315,17.401839981052362,-47.467891859174685,20.850770590259188,-55.58537414916509,-86.65264505440793,-97.51115793485725,-60.03161501630194,-72.09064789884616,5.272099230313671,97.02889342366126,-60.70165089939212,-57.73180628576122,3.33826923880234,-66.88678884040235,38.79649178775469,-18.817163103690376,-35.85696814360297,1
59.971051189463054,29.606063611042828,-94.92570239153689,-15.228421166145665,-35.535633545945416,-80.49480194063821,53.99452919033055,-90.87760717527276,-94.36329053745354,-20.226783867773662,-2.339643348194272,18.84766854896401,78.97713471664028,97.7933035506612,-49.61488807289243,-88.61353652507937,82.11511612798358,37.867505855370695,-73.47448580751745,-15.55520767770588,-99.69357904681854,-93.82302196703287,60.43691398594177,13.19139553797713,-98.99141217994656,-25.05600845567126,-89.72190414807616,91.75466292570903,-15.00695696683097,-55.564511530811586,59.88403759523723,24.980470476714146,59.928005213287236,51.2708029300652,20.323958780601487,-93.35539625185771,14.697989147164321,10.114358245658977,-72.29215490575098,-82.54024990568236,-63.401564586914084,4.8666577694665705,-98.77790380555132,85.14563478268698,-56.89443311100564,-16.37592506324961,-67.45572253176732,-15.003413080364723,-54.884043876349395,92.50486527546886,1
12.968226652523285,-96.00541348439438,62.81338119025338,-95.2008108399854,76.43995572349397,82.90961582023121,21.473670069140823,89.66426399974128,53.002472525779694,-20.535707208550008,68.2761961419761,36.60322010655665,-5.554662225885892,-78.80521475346576,-91.40412601521007,-6.829639854951793,35.84193735961685,87.8750009599132,-93.72675595988942,64.69189129957172,-10.473271507182773,45.53687285758576,-9.501372759471337,39.4317237795733,66.03579647305926,-82.90947143045989,94.67351287185525,-53.2063487852775,41.241148462439725,-29.228473289691024,-50.03363778817853,65.97949554110951,83.93265079816462,-4.367208842420524,95.59669386390811,27.215496837221664,67.40815579631595,78.16750546602387,-8.758361411729325,-0.2642770799163401,3.5650208788956803,-66.62998039305658,97.26594840743869,97.88968593789497,88.98999526094923,-64.41338944307014,33.18208897458487,-90.61318052648402,68.91891424332016,18.57279216704488,-1
74.10539325387683,82.64119236283446,16.152218390450628,-76.02282583519914,81.73233396901011,7.103883982188037,56.574785955839104,76.84758926680638,-62.32523047683163,84.13353834153995,-9.987971743244955,-33.94989880469825,-76.71279636397819,-54.0291978888003,-30.797970464215012,66.91111203822729,-84.14232237600243,-21.122652388291158,-88.59788362920638,-32.673684377774165,29.75076400570171,97.52456180822199,3.9133886380837453,-55.9581003960061,-52.00531353681792,8.727839018687149,-84.61230804511548,62.22845589355828,4.079972048644237,-18.56232531512167,-70.182806483501,-26.3107365378158,81.28979324380933,65.52273222118436,-34.42211315798758,-67.22843038518332,76.11615751734274,-70.57505233911701,-76.66142234616493,24.092126686946244,74.94786158835922,-99.99026599596026,-69.05635672582689,-82.71793260290877,-41.60638844763975,98.08769922170333,24.391671443928047,99.73753474136845,31.347773986412562,-63.17047584693904,-1
-29.882488238680608,86.13445111247967,-90.68401158269168,-46.55854464868619,22.08224073873322,-34.049381542446895,-39.9638524762026,-84.68727706701952,-8.701661092563612,-1.2230211473348334,32.04556803241246,96.1573987709263,-88.93740341221617,11.62689536877879,-81.64058685950741,71.83924237382112,-32.273816874538056,81.59004670452191,-20.53085184037326,30.526350281922817,52.02245120942939,-79.86398498747,27.949239140947498,65.47450033416911,-12.833788493456595,-56.52273855126513,15.563926856296632,-9.372279028563284,48.62183041549443,-46.17733261823147,-64.79670040086086,-94.04639524403973,-37.83093209795696,60.63945190219417,-76.1201908809652,85.13326774922766,-14.805351394393256,63.50913954345384,-43.54687739411318,-65.15486641279465,43.62794963489753,43.19547588171636,28.477314109664775,-28.71198380713875,80.46344266654327,-90.14697458346828,49.24461687719693,-42.24171624826922,81.4145962003735,50.28042824295949,-1
78.13169109236847,87.82173966204812,75.3977661947971,-17.30174170126398,62.409047710311825,71.20063316576969,46.405717129598486,82.73557880549274,-4.404370729189196,61.20588127236479,44.783381340157035,-84.59369016972633,22.031117927052875,85.64180429811861,15.744562997852341,-71.14285678675998,83.07269277608557,-77.08814857905935,42.10104868718585,43.1781812596148,-52.97706191142639,70.50292825533666,94.74863037089202,-91.17674073190905,4.995400933316944,76.70773053608883,94.53080960188885,2.174017223525965,-42.001970401754996,54.83461093158189,-72.86618149729247,-50.119848320397665,-46.01072992145787,7.082824740654999,59.29633470429448,58.544111381092705,-25.238770927449167,16.779902252710684,25.87670498318093,24.60581122913723,-80.37437560817284,-46.39183373030236,-73.15429845114124,-64.2188306054349,-7.70072782205564,-63.41017925773755,2.4995217716960383,3.016702790582727,12.923171369833412,-21.846907731203743,-1
-76.23641674638561,90.93327137581377,4.798633492933433,9.593559358785612,-11.492556844541312,57.41121916914659,47.0317595838801,-40.82126649082256,-52.93495759077756,31.615283551187048,32.73116938577991,2.063603879508321,-70.28442286070592,17.997484532586654,22.419229677276448,47.70633617443326,78.06494442583369,-37.74716680021963,-22.04865232989978,-64.08697192434403,-48.051821618802215,22.46626006795971,-15.778936805493942,19.33951822543672,43.9430053801143,68.3702459554462,-16.586322316984933,71.48561044727032,-79.21052958623034,43.60640221881923,44.78808315648402,-65.05088434123425,-34.757878083388746,-32.70293704649929,-62.55736429178014,5.372061614722995,80.50107164721555,14.043619589118862,27.067833539516613,-37.99231209205405,18.478962559809858,76.35799462743375,45.63619699250967,-65.15845103948521,-58.98102328143988,56.21294797835884,-66.76761606452982,25.209356683204305,67.95742439119607,46.11429990563846,-1
39.42716117836184,91.36293411817556,98.11304255134695,-6.2497879131171885,-50.92758880271282,21.295569476377523,-78.34910070973626,40.80819748773081,89.12187009565778,-56.184472039737756,-56.127164033839506,-78.66677587385851,4.702658075436332,30.439069638320376,-13.330352762363361,97.70085137222509,-62.33238760967659,-47.52358115784172,62.2057898155432,37.99386587005421,19.835355179784827,-12.54243673001345,91.9244506575705,-32.873151006434085,-87.82198753703219,35.366943895726536,50.158098582973395,82.81019665542965,67.15031146998265,16.779221877273812,60.992980820325954,96.05358751838372,3.639181122462375,-77.63416215903484,49.02495940782376,-69.33387904859134,-84.59382366540547,62.44736880535797,-44.065379078857504,-33.08439117556641,94.56698548869511,-83.60403822400464,-69.28509176011208,23.567126828985067,-43.717064273156936,66.83948493226262,42.983964449533175,-10.27186336081833,9.928394612470456,42.94712824937017,-1
29.114436285485596,-52.918550231694674,-82.51346050127151,-74.6948647368844,32.665171576333506,-36.781910516006256,-79.02819712412867,-49.23414952811067,-55.636131302003314,5.742201149748311,14.386416238347309,70.38484833143201,23.18261329325766,-69.80223878506287,22.745623730737606,-58.35432378027585,35.62785343392315,73.33577644114081,-9.549770178154034,-1.263346045636382,21.759430978575807,-17.49953562911284,-7.69969496160077,81.63000334706399,21.61160146349414,-60.6240584283823,-94.99502591112143,-54.12433697725603,55.626163288997134,-61.92772169061822,-86.62244723155239,58.43686977715993,-75.8573800539738,90.07505710618915,53.42704857037543,61.8916897305981,-73.15265653756245,92.95239430788797,-83.54841541264588,59.934965714771494,-7.982688265654986,66.61010381862232,-6.649888182332035,73.29244099861452,56.92258757369396,28.345901211626114,13.187169263083902,-23.590098307893342,26.713845273734663,64.92290755253899,1
39.20595933499459,9.94345103266221,0.27929571906486217,-63.84480903185463,89.64141236309288,60.53537092751401,-11.849655333474416,-57.83961941420288,36.09405243547428,14.552823694416134,-90.85072057127097,92.44503901337436,-41.313731981594536,-68.92292023562823,-87.96496320256406,-72.27107542801299,-21.650222263500993,39.64412609324987,8.027312058858712,-44.238330716167454,3.511350449563949,87.89645668413141,-92.26996901088633,51.31719272431198,-67.26135371621137,-23.225465781167173,22.962295817645042,42.61107083083405,-72.91279815341795,-4.19054664038336,-18.799608151598534,-63.32994948621735,1.8500041028487004,71.81892685960617,-52.90931470372011,-38.71624135431391,-43.574239890182895,-20.09136987299067,-4.002686526976419,-3.750281705418402,59.864979254482336,-71.31433620153283,19.589379441293005,87.35579781933902,-78.71499711466788,-91.64200915283915,92.86786915207585,44.392955823084066,-8.529587203325576,-80.18553555134169,1
63.48156946122188,-16.24820190346901,-83.82605083357879,-34.227873493864564,-44.45719349628694,1.1555750092123702,99.95787436251905,-41.46637855066484,-40.13428240751038,-55.93490931360665,28.433761508960373,5.95478930332942,-0.5444146179828664,24.770926616519716,-76.85412903371191,-37.96800351029403,-0.15452766558151154,98.31845178725257,-85.21083943678317,-21.729234718232163,-86.87645443908553,-50.671916339101465,-68.97788878066753,97.75473588878296,45.76790462743625,-54.602683029168396,86.86045552180235,90.8239733971551,-93.71904778368022,63.44252063221859,-8.333693167793001,-65.95384039270311,-22.328559017590052,80.64608608720613,69.21348309757883,11.57477159932931,29.806285386500207,24.437143656821746,-94.94310605438156,7.348887420876224,-29.06765323475804,-68.66258052410485,78.67336718940871,-6.950162360953001,33.01004940859511,-4.707715019723764,-18.2057085892163,68.7245151803564,-23.980199446634472,-29.75974425661319,-1
89.9599826583848,-48.378471365317054,42.606291275020794,-4.2595598298429,-58.772216357920605,-90.82122642499016,24.836305869212353,-78.92133850604259,79.66546466087661,-51.06168907397182,-35.34913712840948,76.12184510311761,-98.2521163502788,67.8573356509061,-66.25977473690128,-40.13627849547081,68.22420112757078,-48.66688934402148,54.92062213598754,85.81687634219625,-83.1172577725451,15.522978455788362,39.4235413150526,-50.026225765192244,95.04753297470532,46.383937787653764,11.469741197448855,77.93341994195373,-93.23899714889782,55.62849187340552,-0.6502819571384322,-54.97763142922405,31.75280542076942,36.56928301981884,-81.49684436978546,63.28811321532774,-96.70273256401465,31.265288143774654,-54.22796191289778,72.27803194061616,-21.705867059074095,-79.12054447821151,83.78340623935449,-24.489715218538777,87.19094123434928,89.36550526755741,56.78744079726792,-80.7650427856569,92.37887471615687,38.45615702513771,-1
-6.178557790484263,-15.122196385497915,-51.32605731872479,-33.644498199070554,71.47803391743628,55.45975714265157,-78.92102638868923,15.462805291299972,58.05666717074055,-59.29833753958038,84.8050963585836,50.16422731850295,-87.67256905109033,81.50554317024609,-19.575159142567514,-63.72546753097361,-67.12081119693548,63.80898007581533,-74.2939358156357,-26.168058686854053,2.140313366336244,-32.798259571387604,15.728908649833826,-87.86677338749898,16.899228395969374,-19.0870713908121,12.900280603326351,-23.668591811624168,82.81386691302319,37.43853021228472,-6.985783366591193,9.6599252799586,89.06831985881723,20.06418935619743,27.68207371624605,-82.87788738639085,-12.975724470820865,22.344038583125013,-48.34292207976139,-96.35768006905472,-89.80051311048152,10.894801480398229,-50.30261591933682,-29.843039572937343,77.22043048556625,-51.51609382732667,-12.993846550686385,-74.37141177239852,45.608901247802606,-76.85290048662546,-1
-44.84648634972861,-31.40669605998437,66.02778045533071,18.23100092454783,36.07043843037829,-77.76669976481254,-98.54426720498839,31.5319021697764,93.36482366735513,-54.09833169880365,41.067522184027496,19.656948782350113,63.79592194783788,-13.95811520298733,47.83056651982679,-85.70840620713062,-53.83058339812992,-51.68716234794135,-80.20569864335405,-11.960243095091514,33.56907011829807,87.64629873651819,1.2095852971688998,-10.627594547720136,69.43372657613753,-54.72526888394245,89.76217207822413,-8.12773603230319,16.60769209668878,-32.40946528471811,7.0394553076570645,18.573056250825573,16.443288694768853,-20.948830007579033,-70.91058627695999,-95.59628248088639,78.29058680479045,-61.91317393302924,-74.05501983518094,93.5359188412786,47.62138961988089,-22.959403914031725,25.003397662331125,-85.57208127978669,51.57969293355873,98.92245464369952,33.1351648023026,19.142035670002855,-95.08957797880694,92.76064490931657,-1
-44.507064055009195,0.6438414365924245,-50.616700978241916,63.33574785518468,94.8999766525566,66.75766625972838,78.96315001218704,84.16783721875916,-22.859748249746232,61.91802214133969,-64.15906915539125,21.267963966803364,-30.92096510613331,3.969268305980208,85.70292798349567,40.80592699990092,-23.960015844316814,81.86530881625575,23.188791523871075,79.58639967197229,-48.98118724179843,31.951587809899195,91.00422982487967,-65.20480939598379,-99.40359596944808,-46.33506690559135,-45.02952863568919,97.0717310055766,88.45708838927894,60.80291440210638,-40.163258990371965,-51.84092673036433,83.65281637997589,-60.12391285200527,-13.408942944579636,-60.85062427436468,-84.66166965526007,-69.47443713739654,-37.24148491582113,-96.94375776624346,-9.495141150597263,1.5721338307817376,-3.1220575124979035,25.551137932944926,95.64624788243091,12.531592382654239,83.11087420863595,-49.2539206621434,-57.66292350297228,64.03415732846602,-1
-26.44337345614936,23.32439563305502,10.706177071436656,-11.696260697826986,22.71186096230278,-17.18081345147324,-98.23819852129674,65.65527883573253,-11.545301518076954,-85.67598686796127,32.11265039713271,37.55955514336026,-9.3217014295858,-55.96045257204534,-44.29803217401707,11.509560010779325,61.13939822613011,5.415346308830095,-62.16510779072204,-55.62206585871077,80.87842944311245,-56.2312070971491,7.554609627159124,-68.9342493108434,92.89236564357694,-39.15055013003554,77.4393228810527,-60.64411235928047,68.51249728507236,21.333453587513418,16.800786257012163,-86.14725546807696,31.365017685721796,43.18309630578159,29.045098505362404,-1.5170616901208405,-20.28307723010252,63.271715091083934,-39.29210086217727,34.28984558140564,-40.78226770676936,-98.88968507150359,-84.11196951875513,-33.87293768534589,8.012653857001226,71.31131736554806,-7.919492675852297,44.085870629560986,-74.91770124310379,-42.156227748094196,1
62.38924692757669,-95.67460150764124,27.74468176340119,-54.55586118001789,74.5235940393226,22.92512167588903,41.43678546249154,-60.71100946816554,93.46505135906514,30.86437414374413,17.17349359623455,45.48335833091136,-41.840978203627685,-68.19918409778339,44.65513837609646,-84.55049407372486,-44.455295139417196,-74.84333396903475,91.76007151321554,11.22730956518916,26.677925376615946,-90.11529090622803,45.231722266590566,-93.25972735645989,-78.861664949891,-39.532945914662434,82.14511741278491,-77.7785192558073,11.809182705346814,62.72233738917859,-17.70058757675153,-41.29569460758413,-75.09952651543537,-18.214441269870747,48.46346397072091,60.145273253945106,-11.311192138047787,93.0643933384325,15.017805161161263,-98.8865706106498,-54.27586666088,84.65251126266767,-68.95638042648646,90.47191848915128,-79.11440131544282,66.38120544931917,97.4769215875292,-45.96342163958518,36.29494195607734,-54.34903424054418,1
-33.6056990528309,2.6439951655637515,38.92152232534568,15.426966973851506,53.81941851706077,-67.70818102844909,71.29553876868476,-29.970854624022934,-78.4083647489222,5.4795929830331715,92.62483888411779,45.801814599114806,56.95617157978188,91.50784587173194,52.18137139075645,-84.33935827542794,22.65644622332381,-21.641901351617648,-20.53187761644952,6.7717302624029685,89.35389237792202,-41.47337785684522,-45.00901306493652,29.7552948770078,40.85219099858591,-38.07249178638876,6.690132893529736,-56.675044380625586,55.53528814159304,-68.14098489641123,-8.044724823975983,87.3293134201368,1.6187610459531356,-9.739811345856822,-60.84744258174031,44.6417116390418,46.23613670043591,20.319107222985224,14.251430575800654,-6.296700227005104,-99.26456153793022,-89.14442480307297,-60.86818891529357,-25.05833541090439,-97.13030833396927,-34.029011474967845,85.29633098399071,47.87884273123328,32.169173314004155,37.406964086191635,-1
20.697533319290955,-74.2491125263889,-67.47434073685659,-91.97044599425192,37.57043700843076,-92.78804758754657,-10.552138273350238,7.350807235129949,-14.929396240508225,-77.05332785022627,-1.3691225781273175,75.45556136159192,-3.797101258426224,47.999325661579604,66.43787346430946,-90.50841568217736,-1.9920006583431302,54.5021143621708,95.40645012430485,9.223495327308754,43.025578776513726,-81.26283553189593,51.8729842628654,-27.444953954345692,97.36607979606157,-30.341218799267082,92.16178025781173,70.64160744386797,38.14450208180028,36.42384561412234,53.26667398489141,69.73251569874103,-89.53329322660247,-67.411853000306,-2.9053590865946575,-99.4479260240916,-60.02466468485525,32.69472834394875,41.10808004233232,-97.61356985147577,-91.36975224286934,-26.956474092092648,84.58609025122496,46.35313890109171,35.061908315253675,-76.2599098370028,77.17729886932901,-26.853514445363274,24.5700134663561,3.266546882702073,-1
-2.3517725956443627,-42.96268079799044,-50.261638105772974,5.668938687310842,-28.951427797928957,75.75169595999984,82.5025219078214,-73.2804880207969,-32.157330301560066,-68.20475048582402,42.636506328833946,-76.96813685730808,-60.34847565394878,47.98249657789623,54.62087358246373,-93.09618338048371,-45.72921986128207,22.49385245741675,-44.09256952332614,55.82392336594984,-35.81302386942751,70.70859906392158,-1.3794006713574163,-70.05333147095988,-89.45115398604295,83.09195025725032,-84.06454524876949,24.618505401181096,-69.57714218509648,-69.21978003827965,-95.12350786747778,-51.71194546559861,14.710578423094873,81.62599145030535,-95.62375210294611,-15.033729938721805,-12.942864763528576,-25.56348813917586,-58.58121195140144,-53.65834898191393,-23.489397899184766,-24.028115244263688,31.384373872629453,-11.425952257305255,17.5902208825744,88.77579827744503,87.36030583110127,-52.68711256574563,63.489530399104154,-88.08818191253845,-1
35.93944336666905,-0.37406516320392313,0.13932555906197308,-72.92750764794845,-35.62406982277588,-27.015897120003117,43.39014906334319,84.5387026885866,-10.276990259097957,-10.673836369261252,-45.37669182734254,12.549044313907757,87.64270289619651,67.57180239913947,17.919174412810904,46.892601921190106,-99.23036620420159,81.94734209118735,51.89953121502015,13.751957332803741,-8.903426649843908,11.377245676732855,84.92692205556907,-25.217899362775114,99.40543395340546,-41.08186860338074,-41.077542116057074,89.18630760694094,-64.24803548230778,-4.087448757741413,-22.58854370834935,-94.475652054441,-26.563008730217447,8.749804960952105,-62.88776553594073,31.612785359494296,-76.44238048992322,-22.373367231434543,94.15786355286016,35.148016837488484,-18.738091257796597,-55.16025581748447,-69.46926241252491,80.98903413682248,-4.695974176692204,70.82911559304338,-26.919363094810095,-69.71934772916487,34.369622573037674,-92.13106867520409,1
-89.33040060222046,57.133320388891235,-62.32104651990156,-10.0080847262781,-63.58647754439508,45.82051572066007,97.66091351815967,-59.18823158029609,-24.602364139893567,-70.38727576170473,-98.00789370318384,-94.35166900769225,5.050827607462253,13.55134066117833,22.178241364059943,-86.7201649592917,68.96568663458174,-78.84679258717506,-43.6657376896387,-56.89027970738587,85.22633704442012,-77.49497373599871,-71.47163177653928,12.032343671227338,-72.01543022420171,32.159617083182326,13.990547436877023,97.65346135150477,96.31796727551571,27.835772067676203,26.052031881045167,-2.6781190063234135,-61.8829120528106,-19.29698549609971,-70.09133517457924,90.73385925293732,97.33127324750859,49.58135164418184,71.23402562604909,-94.32740184523915,78.78737439699432,-9.6951391399069,81.00810038091058,-72.48356326374976,-96.09528914586114,-58.66578345689126,74.34116272600616,79.49200017204993,3.373121826765299,-53.0123450995541,-1
-64.59790314465064,-74.94975378075841,32.260792457373356,18.831871575930293,92.80565816648794,21.416392784234503,58.09365219201459,34.47937551400793,3.3773773840713517,-27.39299005865712,75.74962263655385,75.85959897405158,24.03221047079127,19.43276725739129,34.821124234083186,45.90168338578164,-37.36118304541789,81.6407409108408,3.150799065728279,-84.56662173494615,1.0320311450506807,-61.9640751569001,40.71172871907183,0.987864647569836,-74.74953677774725,59.330120847538666,-23.748866699192234,13.156983749871912,-16.69359742219123,61.691305118696306,13.060108471880795,46.6810518735746,23.54314364459249,-90.81771747783071,95.5866045867325,77.37565841748054,27.632481160528968,-61.08236710593182,64.01194130467388,34.313593205093724,16.399038222092813,-14.257421617993458,-88.05667589030219,63.462834784213214,-70.1886680319618,57.669584172928836,-84.53090071643726,-95.32136802758234,-63.44003938150116,-95.25848745482115,1
-10.261275475493875,42.939217801324446,-3.4923185066654696,-39.55012101736051,-77.98093894762272,40.32041869402346,-46.607611979755895,-78.94147869243892,-26.95624916852644,-54.78578446426434,98.25275714028731,9.854021679761388,-81.59299639179487,20.417387638358633,1.4225874697311838,31.933663004840696,94.41171305292335,-53.545152644036854,91.34143587074746,3.831024383888291,-91.66179270991401,75.52648406895045,20.705916688952925,97.76310092217832,-53.48166283618574,30.708385815173983,47.96376387498279,69.8111822223548,-80.31630809204367,54.849234527137355,-3.430285134942963,93.12818213549795,-76.72418106379335,14.094196711832097,-49.54305761257898,41.24929078284947,94.3640700621086,36.41542504847533,90.71476782783412,55.337216455369656,-65.76654427481321,-53.225855181211124,-19.177620297123184,39.11567682787643,-81.77399349077423,62.72367747909081,-6.4065016954823335,64.69457244908983,-57.33971868870995,-45.99501917495452,-1
81.52220051131098,-50.80005193864097,-13.659404268716187,-22.974985816155552,-5.907003476479517,-2.3261026090298174,44.68929840901407,54.0289388142576,12.560104437383828,-20.687419914878106,64.18627435983493,-57.99313229782348,77.9894681103755,-92.33831004304068,-39.97619786891069,7.898606234454931,8.75135865911507,-97.46891540467146,-74.06597027463732,77.38918409078008,97.2403679039864,-2.036470163120029,10.660303443609237,-83.67730180559789,86.31581359974462,-71.91457766920395,-22.512485271233288,-62.78902713107342,73.00050147825468,58.03302455544184,-33.754720705449,-51.65888687440283,76.8139495305877,15.912219356281426,-86.48730400892491,-62.71463020371761,40.38781209550032,21.924824642538113,-43.800722043332804,81.49956073932185,48.34516709959712,39.86892495744547,45.66865661301057,24.893694174057728,19.71150331476403,9.76017591086567,-23.325176512157043,-84.64296182092053,86.77764861959702,20.389218126527624,-1
-29.11501024138903,-24.440635218117706,11.736288787446753,14.941840573515066,-20.189756265769176,3.849335526977285,-25.660800014104908,-70.52582364875246,37.214172821695286,0.6117580765162955,14.694343990346042,-86.06222325036015,15.520133185744456,4.819837028616547,12.668568308488815,44.64552909488816,86.55186000703193,55.6656933511012,20.072475406408714,-50.46882819117646,-49.32504309349017,-65.55608556416794,82.99407413256972,95.99604322241316,31.78660303422319,4.950387702930485,-75.19381508341345,28.570091787876947,-56.770213884514774,3.324287017678458,49.44885829167879,49.111330260735315,81.236910784413,99.35909503269039,18.101905441412057,43.70129019843006,30.091456259745797,15.448164973512888,7.501036497702202,-76.55278400114497,-33.4349637872904,-82.42805651117926,-10.041579179028886,13.781323622949259,4.224632951670259,-25.033727692832414,-30.078130839994643,94.49302360651527,28.894246644262694,84.80259582568121,-1
89.2913026300811,-93.60110797113505,76.39751815322592,91.4983115741903,21.883020731619823,3.773383955954074,89.11880278996179,-20.260636186372196,35.55003260026433,-71.88096485835989,-20.550923042609128,-94.68053358253998,-36.12026752105682,-69.98876605968874,89.99951389746306,-34.56142725891959,89.09412231573617,-25.36221395331934,36.19310867980761,59.263615822984804,0.06848382089688698,-93.44470846261214,72.3165162415809,12.74778150934182,-80.93094226170183,84.48231341361216,-57.0279609017672,47.4901866134542,-49.202084902859866,77.844590958863,80.28382322308659,78.13504720826458,-68.61701357764372,66.29056584434073,39.215327697025344,67.15134877086462,93.27218398012837,1.5543803132944731,87.90420594708587,-66.17781757442876,-8.557315334044489,-6.246448126034537,2.8311828713895864,86.28465132482276,-5.213066457828148,46.17359273725302,85.1289315893201,-98.22102594010609,63.50192483275342,-50.13613185633865,-1
47.89384664774545,79.08254223884379,3.8183460679456402,-45.77764761291407,8.24613175222882,87.81153175806625,3.7359557382616373,-9.30510921582382,-82.84260391987968,0.9583090430828491,-63.960721316829435,-95.96190646535581,64.02418309776405,82.75730746906493,52.532863452463715,75.51542814432699,-38.59399177899216,-4.191411170360965,32.303249995908374,16.286581975910224,-74.4597606333695,83.78588686043403,0.3678276882702818,94.67952013707813,99.37900046834486,42.928305055718795,14.322286937017111,-78.95206472590606,58.34802180673233,-83.89415107463549,67.489622608932,16.380052576590657,-53.24498511654316,-86.04350282001035,57.74964203635869,-24.992309459754665,66.82195000937358,81.77419975518865,-15.843259025575591,25.11998127070531,15.65091206623994,-77.55940638793548,16.661708182621666,22.464487955991274,39.4925706767053,37.13022568762253,-84.54321397358224,-50.69460874546861,-66.79949508907302,58.020983540392365,-1
88.13584902306809,-12.790605176284188,72.12089806994192,29.837856927298645,77.39755157439785,41.2817280551001,-69.40124480431946,97.00313565452808,44.747488985709964,-30.31812852801174,43.97561179785842,-61.0887849637956,-64.76074960943976,65.7837665110763,70.38392343172853,69.35596596263326,-10.591700827615554,-44.65640525509102,16.683161623648246,-4.153702234044502,-1.1445875476911311,57.88311605316156,11.449125524494491,-64.0630772787265,-82.36753419334164,-64.41379995354197,-81.98149683968579,-0.5313546945708794,-3.29956443314623,73.74146068365565,44.03787025373629,62.95579382630572,-43.46742921187816,42.8111999453094,-87.7268691995593,-71.3134652260001,39.766569247272315,4.673287510579897,94.18628438904076,60.248880331011065,41.86961474133676,75.52959245358119,92.72854349295199,15.952666815781669,-85.75435512175605,-23.42229402053964,-1.3815365214796032,-92.41055348430709,-63.492396935399476,79.97829230730466,-1
85.87519782551715,-71.1519957763793,-12.11035534141594,52.28951642542424,-45.001774042016216,-34.41608972571004,-37.2598548349774,47.96682506935835,-32.50409640425099,46.05771555207886,66.53476141744025,-74.20447822379484,30.068371062643052,-74.28048058927006,64.47550734747074,-97.05956681055505,90.95165685591897,-32.23030564873784,16.98910398384311,39.29904390072073,60.58364782955107,44.5303235268932,27.075102890461267,9.143167534352699,6.613303841966896,-28.621733369227954,-62.58492321226292,39.1474320146086,-12.780453987285128,34.212028091645834,82.79633845399644,-5.337157944789411,24.78166639170145,-0.7088880938736395,-32.717497091487544,-40.74609804634215,-8.015931943375193,48.40471413634643,-18.62172901683212,-69.82734458958144,-9.152223566592994,33.36314798887946,-49.0978688721496,-63.45808751193596,61.169834642162755,82.56487533301228,73.32329290295792,-75.79378325625568,54.550763173332825,45.800568640315106,-1
-61.59678305199265,-3.7234576503145007,72.36562616492054,59.20743097271247,-51.25266759443803,-86.47302475975076,-27.754424897397655,66.33767077497441,94.93366148152555,87.13475906269053,97.0362516794082,-87.07499531441681,-11.90507243218866,43.83109251905458,-80.97139137542553,-7.986528576149922,72.34192698232505,97.34514188706558,-30.13053458333394,7.806903004800333,-70.45310312631648,-41.327701465520875,-3.7016011568242533,-91.18924399334938,-25.00846477326624,-74.06494175956459,-50.36129347695331,84.9732027165476,46.705101716920325,65.23754173545075,60.8257471485058,60.001487608205935,-60.1461000091873,-80.63349434754694,83.01290043207061,-34.48124094259978,46.93989076989524,93.27972681113758,-49.2100177608441,26.763817840629827,8.655852356268866,10.077043674229856,10.288986154545015,93.79588759738095,-6.160843679429888,-33.73448165558371,-59.284668106430935,25.93429178093338,-31.88705948829704,-8.864326892315262,1
92.23811276478284,22.26833124954524,63.70851598110062,72.33143109940963,87.16255169654531,97.03793793547771,-60.46418315286359,-70.42901478809853,4.20965255659145,45.86037913131992,-63.07577367319463,-55.64360930330905,-75.72924479286966,-77.42323131216949,-28.562135236074027,-55.718831830609346,52.6827305983675,89.06084838198782,33.252635458037645,0.7930094466468915,19.872625885391997,57.03816147294239,27.616987083900057,-64.40339281468036,74.28598100332502,-34.782280297747505,87.67851096306163,96.08773321530083,45.8597068610857,15.985140621676734,-3.0455127858295157,24.39923185125616,-69.04366087146157,-35.958006555055505,33.07081798831953,73.55928577131499,-69.56337574642919,-4.507155343582994,3.2856044122605113,-3.7952118712327234,-70.60714275751087,-16.830084379056416,-85.02803665702174,2.5810036136446826,80.32495497228174,-88.64971670257364,21.576459467132977,3.5600313797156815,4.649840395469894,-66.9008522330424,1
-87.7107419738425,-43.97317624492405,-87.84376627411932,50.341192035863,18.562413070299954,-40.34146431384467,-53.04984799608414,-21.416387736117997,10.35245933536666,-9.222099903063636,25.421699181915542,-6.171099589906319,-13.138432667923894,-26.2260384772611,-15.51737267887043,-83.26234358642542,12.164209718841533,-18.87401002223426,12.250393605532068,13.125104250324625,27.95801862721244,-29.347933320439992,94.6110512373944,-70.24836615959825,-40.640141921221606,15.908920949800603,13.775152995726515,38.07745523347691,76.0950708791915,-98.32340114826921,-52.37347014019349,38.1698742241673,15.498031768587822,11.508223687740454,-18.71933820449499,-14.472147594903674,-25.66915462820849,-86.39898659379412,91.63101891388035,-83.91856676949767,44.08459228775712,-60.088459318093236,-58.64488838843953,63.04901802654729,-27.447169216430083,52.812761558353,34.82088896694614,22.601067427867918,37.754000028510745,28.55740978270228,1
60.48035689026486,86.5558249375469,98.2803726099223,27.147355651053815,92.77777362209767,-57.249378540103365,-9.839347648171042,-30.65209183944168,50.286403822977235,-4.081110927848442,61.03626977225241,-97.21651597666101,63.445606620637506,-34.825425166167506,95.61760151951663,-67.92423136183321,-56.931587672063785,-55.39772424484766,54.43054970863207,-29.33230732122402,-5.726968624401536,67.70835447337024,17.111041530002296,-25.499677666659608,-98.35022870810228,40.34185657693044,66.81632704918687,-73.02676484122813,-15.078957167203797,11.070315012536568,87.16877643878294,4.841911604624954,-76.55124433408528,-99.4982276401964,5.547645929256078,48.85884469252855,90.74780525115088,18.108797359351357,-92.01819554582636,56.324791556423605,-8.760838539076417,-16.490863509758483,-52.41465694103602,-90.9844291402224,85.53305540326645,85.55935366328612,43.10108129124794,96.62126299740652,-2.5859940008341624,12.912377950750027,-1
-28.153326120046856,93.57291319027107,-54.439848857428764,5.851108190150029,29.25267540814548,95.84701850723468,-57.53569320129308,-65.29071977977694,97.890902745023,93.75896933158455,-90.44554694331133,-63.68349521488517,-14.614812721320831,-55.45877188702002,-85.62366929759062,-80.17606960294665,84.6499413513522,83.00708317614226,-25.561406031664163,72.83968408069015,-82.1783576545527,-18.531165054608365,25.261560609729997,-71.44900050827118,-63.78968478488032,92.67638315891386,20.226154838154557,-54.122652809394125,27.22029937012978,-64.18368639646877,3.9946200405057084,-61.427271899289515,-22.237336144795464,-59.603237912943754,-73.26371572802104,35.75715019278206,-31.222002565372378,48.34161720953671,-49.02936343211921,9.914010554051188,-65.83049264637447,-70.96253854449532,22.992281777724855,96.87802149129084,-32.74851610282023,-47.433881441335444,-25.82828860839959,92.99478757754127,97.02992631090555,19.207106266605905,1
10.770856880264162,38.67550770377048,-89.99623581956273,9.30034277957661,21.269061096922343,71.89865797779564,0.31899999159507786,85.87361800046628,84.96337892356519,6.6379165754783,32.41649492471521,98.03556958197422,-83.27389779722753,-20.454906900154484,-63.234721245429014,22.842867314050096,55.346363057442574,-12.087139927501937,-23.559132832247258,44.94276737642167,-87.27001362804133,93.09056798194197,-28.633596623581383,10.825619858675978,-55.950099321149224,83.99830607377629,21.98948936806859,-44.71393797452705,74.41338823006072,-40.279824324542865,79.89124204320811,-52.279330786666954,55.391112472605556,-6.356810518711882,-70.87553982011255,-79.18378096887268,-63.383420066057724,-1.5563293507831872,53.262076328800646,15.754645955548298,-92.79850757239238,-87.46393477968061,-84.24174031423435,-41.84665364223192,57.13224944495346,-76.527293493815,-1.2354220128339932,-96.0679712689704,21.40847727888817,-87.20461736542103,1
-36.9272513467765,89.81592063656336,-23.884811724378594,-1.2422459487183772,21.085009176011397,7.5982841066642095,-30.554645928620758,0.6245154333602443,-89.0693834163583,57.11866750867043,73.84511112525243,6.529033458935075,81.8837670074524,12.206220853970692,-64.32294127101704,-22.321713303505476,-86.09243936913715,-25.311850534249714,-6.163391777202293,-89.67997718160478,74.68627917038776,-61.81088978125875,17.3685798509663,84.3813233068525,-8.748575088887094,74.0235775696365,9.09024467184038,91.79654458888643,92.08722940614385,75.69956714239046,-1.9211386911966315,63.25067736658713,33.92582490048599,91.12117673304101,-92.07363094639052,-23.988948280455105,26.418644392037365,-95.80531952158915,-55.99726681500896,-58.67973964037554,-83.85915571109393,4.227702606817189,43.079213723076805,-24.71798639768103,50.30896688253543,75.09993291301203,-16.615467749876217,87.36504477053683,-64.10613042309384,6.403426951415739,1
-51.58894569769992,-39.806736073675665,-16.588952753458884,36.11096952889636,-61.95202323824021,85.99883648393109,58.792069181584395,70.56079665529444,-35.81926653834704,43.7875971667718,-55.369647249351914,0.5425520398528079,0.08515810340333019,-97.23656580192707,-74.37239094182985,-13.894695918565787,52.11689167292829,-71.44188809435906,43.49494725890261,76.52914513059036,-3.296121745302898,-41.55758238794422,28.717151100621322,-57.43725968553588,93.09997566522614,59.20442881705381,-46.20008843575032,6.35157578748229,45.683016763753756,18.704023486531284,88.28066916524435,2.071326317332151,54.69240653514217,96.51010815559005,-50.24687606578706,56.955240044219096,22.513958439589302,-4.999086961512859,-85.08081705745865,-59.13990382201977,49.829182324791645,-66.65064214072154,91.28938222508671,-31.92550353947614,-76.4850520747661,-79.16990574244687,-42.09278980721931,21.494252248279494,3.7193158195756695,-70.21769517452066,1
91.51620301676346,-11.33593584546027,-28.782065249050603,14.783488791915772,-96.19851999486573,-58.286194334214336,-72.42100334006427,72.43615838993307,-29.601787548469133,89.67219969141235,-65.37994385347386,41.01119197054902,-48.53025294352591,-87.781993378109,39.534882358422294,-51.20517790836176,-92.28541227704208,-74.38202313536657,25.742100624849073,-14.028444608544916,79.10038223629135,88.67495736611596,-31.79955436187751,-60.009735288354584,-82.02743947107737,-41.223649381621726,9.225793746729423,-39.4675861463335,-48.28772281405256,17.91131830451205,-45.116765881462875,-20.918869669964096,73.44240035972763,10.968064748233928,-61.14347974047993,-49.23041796032144,55.10511223698853,-7.563713479567895,31.997643317551052,-91.78241124629638,61.77813492099912,81.15790889593703,-58.194757002693564,-67.96975639777578,-40.65307631726343,54.98363166205468,59.99564901894797,-53.27726008755968,10.672463624831053,45.989347364786,1
80.08361143266609,53.063259905077246,-96.28585624698023,-43.216520067113876,28.411429347481317,-54.5503817632091,26.35912416095465,-57.526154373468664,52.24904047764656,-54.17812356402369,-40.97209072776551,-40.430601541032885,-2.1392466847945286,79.76004414723857,-59.49391605439614,86.09648752428458,-69.71088602068377,-10.13811569813177,-85.71224745767532,-73.59233610945421,37.07869933994891,-37.75539472225231,-8.831692696392238,78.45395772540061,-95.01624692352468,-5.122086830552746,-65.60162428663776,-88.51793932320254,49.81817007583237,-74.77579782305577,91.14186432140156,56.398622403088666,-58.042227154473935,-1.186647721876426,42.06340324932745,56.944813971442045,40.210583422574075,97.26522243186747,-39.52548897563244,98.75592426736495,-14.45815801068062,-37.61700673295791,-84.48674160209254,-30.75076317123559,63.02250451918684,-21.629547444289088,17.783183030947498,-49.00226069084452,13.740330571384575,-84.22164618965853,1
-77.4839219176126,82.45091222023115,-34.329585237856364,-29.0550064104945,89.42192282911785,93.11499594534769,-57.329991648320004,7.233433071623182,90.2126059445796,6.071380907128116,50.19269723036399,-85.92866079741226,-79.03874499986688,17.1824996761962,-69.9522218851889,-52.97175564975991,-58.01171105388461,90.05512469205163,-49.145353445026615,-47.75671032730769,-2.72257803136678,-83.76987536022789,-62.72685607978128,87.8441548356889,-33.0084317567713,-41.27631082317518,48.99265621953174,-31.900101399310856,66.9127529660611,33.16508718408923,-35.361432407979464,-29.52279250026959,-58.428988006701445,-7.878910768314,-17.531288712432172,49.03071029584453,95.26109149392016,-17.83732482816214,-43.19285810257591,-49.618816701056815,-67.33869118821488,-39.95848404278537,70.89408334116956,93.20626270679594,-13.586480795213077,-23.649053034369018,60.05738099444727,20.863404632152125,-35.884174926408804,-10.151753844950221,1
69.47758611427474,83.18860079081048,-33.46909981898976,-82.35313494287311,12.289803462200922,-81.8650698774102,4.112128219092,-81.28244204381892,78.52882191387911,-9.763691260003341,71.16865279138645,57.64612755813803,-45.96501264445385,33.38175320479135,65.96665216966193,-4.965970664090008,46.2300298296899,-82.41572727546138,-50.77311961315423,81.33166289341597,-76.30194116961952,34.024042363494544,-59.63969517439962,-14.502602460198148,-63.18188691054625,-51.615945186810805,92.71121958752238,-39.69621764482769,-20.550781338076817,-4.846367914464906,-29.928954564760275,45.33044192047353,-60.87807963637917,-86.94823730842323,-95.23123199240308,72.60543014725704,-42.961621760749495,78.74622472579364,90.58791009821837,28.490596714099183,64.88003072364745,-65.4458374598293,-83.93971884407236,43.716572305114255,-28.630465136008866,-27.354090849971826,63.95940628216593,-98.93096745353225,-67.79426503176067,-7.049799135556128,-1
94.35641654419214,86.51334174119219,10.685912232745494,63.86375246939292,-35.66319066659311,75.49680826350672,-0.769312143161244,46.97349339382663,63.5665557482948,21.24273797434296,85.68792307115379,81.2195227223533,-93.38507822737303,23.258721187134682,82.12337554598827,35.90910820060418,43.24304201233494,14.258423207585864,-96.68033699671754,73.57520450641405,34.302339711792854,-4.39697332376538,-85.63902869900939,-75.27522501427366,-55.740864742365034,-73.67927683899036,-48.585846503863664,11.920146958725098,-20.298561260581963,71.37478475166367,75.45804056617365,56.71960867432827,24.76391613369968,72.99171724337808,72.99881778311865,-32.61325945198918,41.15571201911558,-4.934241638736793,30.21989345793628,48.85573432419241,-13.400626311305402,-6.199927820087467,-89.17664720694165,-14.325311339585525,20.258855609054805,90.54031108402717,62.70120345564479,-10.514297857116304,-9.225206633660378,-7.537379112354699,1
89.41813342170383,-15.932922160900205,24.8671053102411,-14.030851258729953,-61.803593891959416,30.883967107944557,81.63966789160366,1.7497065897471629,12.676264125399527,-99.71423916660515,27.49826691496861,53.02896817601649,-84.33563295478893,-47.77102630452743,67.88599745629676,-71.95167609958462,41.69343569522442,-8.380236533628135,-73.7817960392138,-19.095518311454597,-5.775142874946624,-13.740957792743714,-31.806267851251306,-20.737621181182703,49.440426035332194,-75.31670166007169,-84.74312878393073,35.842662079276465,-26.82270570487333,-37.40053845735536,-60.37162815514725,98.17138846742102,-69.31550323999804,-53.200498501477945,3.567444661222922,-50.38863985501787,-87.4001309081409,-58.75325933080007,-43.000736125230766,-39.27368489839258,96.29788658522435,-96.03171773859032,-35.91024660317119,-10.423530327593866,-24.945543656123846,-9.933478347876772,52.57705083051067,-39.3175143915584,-13.929605123320087,71.93591557193304,-1
60.70753189252068,-96.4084272499698,-19.096719376973653,94.8544481055892,-6.537524368986396,-79.4930037424608,-65.84891320245788,-66.85790258567472,61.21066914629799,96.86184637355615,43.125881492494415,86.047369331667,83.80659144479529,92.36104397418308,92.040433407383,55.87180959309458,42.97852498528104,-87.8030159184016,-60.69749908332298,15.751680708661283,-76.58215370003556,-80.79673817561972,80.4592803201217,47.73882643598776,98.31740309992483,-3.102199140853344,3.008934380154855,43.496228641731136,90.87850063255638,29.712986112835267,61.042979171900754,58.47124663492977,1.2091163161248772,-6.4468810197565745,13.424528762664693,-9.206280912383932,-7.886515422903059,14.29051882750585,67.88334283583649,70.04456765628655,-84.87049349012005,35.27089203351201,16.306667631411443,23.648547481529917,10.712545953742207,-26.538421952810694,81.94398447875068,99.41592581740179,-76.8622249187111,92.84724562911265,-1
-43.863356896805136,-84.40122671811818,-17.932481132845822,61.956805347662765,68.49084087450291,64.85797510489044,3.582588541576385,-97.38150086023056,-82.28035941611478,92.48268039794283,91.76824545498613,54.61735268836446,20.350660612037913,66.13466194409168,51.56980213058304,34.9202587522268,19.64846742849285,-85.92559517630059,-52.33323506531937,-66.33456148808699,-45.91373011201752,-20.68366005666337,-20.06469811526459,2.8655903787550017,19.73677960526048,18.787858975574608,63.89820841630407,37.029307599538384,30.69366097798806,-24.6899223358906,-70.85069612645718,-1.6684489361556558,11.63515037882945,10.373043789779175,-61.87063266897257,-14.645820978560351,-80.95555624560069,95.96424990521768,-74.8515622882212,21.955006598611874,-65.54232817765156,-25.16626262859883,99.42569042427039,-31.339922822530113,-4.517609845437548,25.752354147007267,20.02852698768855,-31.880451000968762,39.846036235219174,-97.27195290474155,-1
-66.85036460695585,-30.02090727052027,-12.24755586967406,-65.56647090710982,-55.245541683829316,-51.9280367022732,1.6161548447158651,64.46762690141426,-54.9436018717254,-38.94273251979759,-7.882954986519849,77.68455990334138,-91.98228980131753,35.20823021629792,-10.629083663888352,-33.258227714513026,58.91353248133922,37.345611501014986,31.71021970350131,-51.92367101383306,53.9077171354478,65.8937430979015,88.06595303501291,83.65154196162581,24.00412511514341,-1.3924916374046177,6.178120272800427,-82.51450891604213,-78.38513393929333,89.17990421114794,-9.866053898776528,-79.82101006156397,-34.774316335256955,77.10398250093888,-3.1581772269929047,-33.99610865290488,-59.13413113274093,80.05321247152787,-50.86483701699145,49.802967939691854,-76.98384045933685,-15.626227834057872,-47.18775356777392,-30.903840297208205,-52.00719878848021,-32.402580891034646,-13.275014526086395,-24.355447441168863,-16.857815565882788,-82.72504758603958,1
27.18806536534217,-45.923352937868735,-27.78111139853287,23.410849220841996,-91.6147291244033,-82.67595419808728,76.03603706008062,22.820874964059797,86.07861393024166,88.82650834445505,-35.02783774792687,24.833864230812267,94.96577477628222,-26.548174103689277,-75.05185686638703,57.311433359281466,78.92059243778027,-66.176358037413,77.85169167999854,67.43554830537047,29.096782847061974,-73.291770302288,-68.36255115955683,85.48722587626878,-55.928920264624416,-73.36858343597017,-20.570284795233732,28.944719650495472,58.45726024217197,23.569342615684974,9.409965890691012,56.28512358661118,-8.669311447891033,17.54904745701387,20.804677382367885,-44.94422846873507,-36.162364038607684,-70.74257224323688,-95.36940972787282,-94.75836587995052,27.79943227657975,-84.38328477831251,-78.45551643927988,4.202704035117662,78.25195966959049,-8.3938398319346,86.68195996583052,27.098528228824776,3.2973222174284444,1.8449560807296166,1
92.56207141480519,1.8226770375044055,96.64319733074916,-83.93537886209333,48.475276574527584,58.23733744687277,-8.882231551446068,60.79883822876826,97.69724406405024,27.27174002177364,-42.70853044873783,-63.141786417682624,-69.53476548513248,-56.459337948262856,-4.611086070040571,78.94506909780682,-82.29430573110568,-98.85600560104355,34.49055381649097,36.32685156680725,97.18339086919636,-93.74678509377196,-25.794253544161734,82.4871461957585,94.057185974042,-70.60254541919618,55.78094125578761,-19.539520411412198,-34.30585651870808,-13.049475617932885,-75.62647978806012,-47.38995307228755,41.25165506923622,60.152494734136894,21.606421040587207,42.33171244624327,61.88881988764163,91.59988837277064,-24.975464596544825,1.317935455894002,12.341454861612377,11.901478327776417,61.23295801665964,8.489134283191888,76.96017946584996,33.470617655556225,-54.532109469501975,-96.37208263368447,-83.09481089813116,-26.024704243584324,-1
-75.12632019989795,49.444929017717385,27.9233464864124,-68.64611253299955,-9.099279803479604,41.233468577904915,-87.96333587207619,-17.403970905710736,-45.45963003929199,99.44275229380938,-24.493359388331243,15.46396606164626,72.24490236254479,20.43737251690476,47.69827199074146,-68.38393081124055,-91.63451181200821,20.550271404424535,-24.68046330775175,34.46244990053398,-82.53004195967691,1.7109028058409876,-48.365170082897954,39.812267301708374,0.5868201432385263,48.85260944124849,-38.507366371394866,7.803878853078743,-51.17573559203337,67.96035731228946,89.38699514869185,44.17660100918846,73.94689915098812,47.07068920070901,-4.180604793451195,90.13910652425133,-57.24222989020578,79.39362657374323,54.13587408091709,-87.23124387645021,58.23324536874486,92.07310651844296,88.74500245702359,18.25554257973478,-47.54362584772167,1.1281084554096026,-71.94891152420158,68.75883458309522,-4.638188446000456,72.24135734055065,1
-43.56258506135997,24.301462227616824,-36.61094227288291,-72.64899527732248,-25.053597309375704,-79.80723775175977,-50.88914999612164,-81.13411734766638,13.274245389474729,-12.246044076273549,-17.37497733814017,-70.94031636912402,69.52329794179647,50.510171862743505,-12.998010798772114,57.30033317348352,1.03238110754873,39.90477534828776,-38.73807011184623,93.07323674166892,61.45948083689652,-1.346466915325422,30.3081727043361,-80.8025753204335,-2.73719466650428,39.28496200656761,63.299636542005175,23.114507710608407,37.70686638371396,-13.232246770592553,48.92636052939599,-0.0061398797316343234,99.64775656162891,-33.941970695275074,36.45444906490184,17.336135591497253,38.00929120280776,79.95038947682406,-21.871890661034968,26.05986926954958,-52.690722805566836,-70.56578754681587,87.76206567785019,-29.197390481009066,-69.9363171850222,-28.261735934698223,87.80942547248665,31.60825137712328,99.32300829282113,-0.250793427517209,-1
24.932713770852757,71.90059512497959,51.32455761798903,4.374594552979389,99.73078372177554,-49.75489613753541,4.578122753193156,-99.75212484672491,-55.73255838437212,-30.155889045471042,-79.2085186039457,61.30350755599204,-67.29283416298739,54.464221917768555,7.927441983735335,-56.0245361808422,-72.6257758311291,9.879331552877474,-46.13285749646552,-58.92122265571362,28.410562793265655,71.80272981317927,-60.149330584194736,47.91324210267442,-36.55272651746475,23.614625461309387,-72.11544573154154,13.365676139792583,-3.5378765425657264,49.5910874166228,37.47422358086891,82.42807412795548,-79.9271439072101,-92.69382882774467,-76.25780618335733,96.79454223285543,46.659950415552146,-61.26913486098178,-70.5610454048357,-61.694216747482876,49.595315039140274,45.44629022646092,-52.64647620977809,22.154996372684963,-80.87759280794593,-64.17029803824931,88.14722591623922,43.28755805064165,-17.726798391854445,46.71680891201652,1
-11.484530813436919,34.80027421397071,-35.08426816694417,69.19187308460252,58.370372551026094,-33.071831107287224,-99.47367119570305,-96.62025222975532,-55.92403712675258,-2.8398819114056124,65.27495536260437,64.19607598333818,-32.28892354919712,-4.197575702377449,-10.28261173186121,64.0304993711218,48.241052670667955,24.54570802728142,-99.20238045343426,27.57037769948265,2.7105269413956705,66.18257341862412,-3.6398108222573313,60.615362886621256,2.360395507061952,-18.61520588357517,34.37020203619488,-24.1632483100675,-90.00332139621673,0.9672434461962496,-84.06760246808082,66.61873882347689,-47.053195063766665,75.47631897012346,-82.50778138931722,-22.916780355772005,-48.020866508260404,27.94194882371231,88.89639591134392,-17.697086580841997,60.698802809549704,-67.6889051234283,21.04639949266469,-66.85860281280841,-97.6865179274712,88.43566158696174,9.516769853221248,89.48241662030262,29.094474256510892,22.16264739083995,-1
21.581042818140745,-3.528758283449406,-71.93529604643479,22.68525230424639,-60.94256979679808,76.90041624529854,70.7782750566717,-41.334975116576864,18.642968147148125,8.77154193717196,67.54948483929775,-73.15906199766684,84.39596971839072,-59.682693749709955,93.34591121929739,81.57699194536536,47.767568085365184,-27.290234193282757,-91.17550063506468,89.06022700712595,-15.125446250866446,28.22451642664049,90.26967433054554,61.00852721041372,-76.02242992093859,71.43231915840141,-99.02651540749143,-0.9709763567108354,-1.9464236024013815,92.3693100382149,-93.8368870482512,-0.6016540457898429,88.0689989572206,45.30048293690487,-53.42090824815637,51.88410293688878,41.29045761460131,-90.24935304084923,39.54387772140319,31.376461135024982,83.87953429342679,35.40452106000012,-67.17806264212116,24.63644761667605,14.269039723364884,70.96688373732357,74.30434466069178,-37.602700477330856,-54.21979564674617,-56.11442434191065,-1
55.02656467222292,61.034879472075346,-7.958676368676933,55.172287731730364,53.160817606177545,19.19415187757194,96.5429984134251,81.68273865540004,-78.41995177015502,7.407968602464038,38.223506530266036,49.87955557540229,-63.32716341963054,72.00190874300597,9.543297390778946,-35.96808853173938,18.446056688508477,87.76056021295312,22.0902787421481,-9.317899801544115,-15.364958744739113,94.59794368670487,48.90665428779948,77.19607212465519,-25.48369577288345,85.66814219671986,35.74045131701908,-94.50352162792264,-14.312313172972566,75.3235095837426,14.317858003864089,51.016577329800526,24.463643394626104,-29.1944570604622,70.63076095076585,-74.86139989039606,-23.003695873658316,-38.82881218032579,69.73877119918211,74.66921020909086,53.97038824490744,-97.16984754384781,-55.4640028932786,-48.033130003838195,7.991966572997839,-86.87592289557047,45.9645985064185,39.44201737413559,-95.42793323331627,-70.76488096713211,-1
-66.02379878985295,60.61512846754897,1.9785151461743595,-27.23345794632293,48.00110772180915,0.262339975004096,57.95849767719474,99.64694471221623,-40.385379341509655,-94.87382999937279,41.248128123301285,-59.14920280956588,-24.225496900759296,-4.717170983808188,-2.2840149646473833,-30.08238250696766,98.09247384156038,-83.5442632372385,-85.48300251469274,-68.40857618326373,-49.26879571852905,-58.7417277255192,93.92791749095989,41.534469427519696,-90.74586653036773,-7.740306170571671,-89.73578808619725,-4.999136033978431,70.14256567964057,94.3244967767715,79.50608886972731,-76.6481368314381,73.79800856688291,31.424180230678814,61.77494068738295,-5.104099848364527,67.41900032244465,-57.59326519569061,-29.9204715477114,39.12082687357298,14.68266973049009,-7.769707156611915,50.30115252997683,-31.00292329472481,-70.29772653365379,29.065379396826415,16.911212562951803,-50.404378259605465,51.73721318196914,23.847060991915356,-1
69.50952661094726,28.77358551102526,13.080678390100857,-76.6906624569605,-51.04141871684587,-18.60579391439859,88.50584905302611,-8.856730902492814,57.30355677668172,26.31679790319845,54.56375449294529,-2.7011738045485743,-33.33364252572659,51.03733018600707,-66.60368581549274,-6.014913091158206,-66.83931950316196,6.16780936050354,3.0618833318429637,57.37888736839713,6.820016834398743,-44.831069232605046,59.00041099172117,95.35626929052867,23.294578285756984,10.582925149727117,-37.632311801251795,-37.9074760812709,74.49107508207965,-17.906429680529314,91.77671877857588,71.70200292780467,-80.78837118604014,76.95938861580257,-3.1249920499010244,20.706580590801366,-25.65426032574669,29.48334555199537,-93.67385071600137,77.26013561732609,8.841115952018768,-99.24678817480061,28.890980907463103,22.49987424246629,14.725397019340946,-16.081604941986697,59.9928209529283,-18.410915025438996,-93.48713616417992,13.709141790512973,-1
-50.604240185600034,-62.64549435377413,-83.99348604681268,35.708405958151786,-98.69673686162494,-94.74203022385541,-98.40788640688172,-45.67664018439959,79.28264735585785,-37.48911655932909,89.5407808845614,-67.7605153341598,87.54944586500906,44.5136424061798,95.56391973852894,-61.42590822032863,74.69703966056233,62.16496612163081,-35.79244511087771,90.75581888177572,-48.83998331945219,-2.7432905828914045,8.05939048790647,2.3726180495486204,4.250886909958069,-20.140610075853616,11.794795998232075,25.217838252853625,38.110441580523116,-7.783079494634265,59.75562202442643,68.31939689800211,-39.6539672569598,44.546272734718684,-82.64213995953219,-6.112379066100843,60.676571535864525,27.561394715797306,-85.8766886300893,62.87017136207325,17.27893170183434,82.11630766991556,67.88454279479953,-35.97867872739772,-56.38244355464748,-56.062736588447805,8.798757471375211,-60.016382979727176,44.95370472572267,-28.208749373608825,-1
-0.9017367587603076,-97.19709649478861,-57.23222210094714,-33.72138246069676,-84.29775635785121,49.413546862036554,-75.42756068357619,-2.998324001345523,62.83652929689421,33.82121193222315,-19.185010624110774,-29.306594322216625,87.66752971505079,-27.96511536507866,-69.60184729798517,-0.97844949633064,-66.14270089059039,-10.1099641074279,39.04031564022529,-93.17919876127957,32.664869848564706,2.305436765973127,-77.61769209206268,77.60212462077857,76.7037120282587,78.32338410807444,-86.34277733781013,83.90441079380747,-20.241346305400782,14.46161911556618,-7.028251684113258,-3.181967143809345,19.42490096406671,-61.731409550385074,-53.847295892384395,-69.58258294822843,56.002916120026356,45.128094522322925,-11.609605792258165,-67.69694736669354,27.440317834508818,-42.02628076857724,72.44964181334561,-98.58165642148744,3.7971237087163416,15.451942183779991,-66.37726046483705,67.64747267426367,5.55827497714634,-91.0266746973666,-1
59.956672889156664,50.480490743893455,-69.93082505364669,-60.07039616373318,89.72203395818866,-82.4331369975319,-59.02011295712239,-71.63263410299545,74.474286577107,48.27414756632845,6.055594432150556,79.88065676597955,24.36764977752594,69.16424944294397,-44.727422172441656,-73.44022957664116,-24.712212110658598,33.559173399334156,-38.7919263215718,-84.93422820390714,-58.45942326164699,87.8249237012055,84.36069085227359,-13.962603847751637,52.24451946327653,46.97129437053974,-79.23765695717815,41.37241083660956,85.73134727672726,-6.852370497867909,3.75396884209313,43.27618547570293,-76.8250991718263,-42.2063275509688,-82.75553782049613,60.63689077602942,99.72689562552856,-23.503968235514662,17.981982560411808,33.88545996383908,23.03201576952496,8.269983725809567,-80.29924540407076,-62.41423722603745,-7.800238430219082,-61.185025611700624,3.5570788029599925,-51.916823217171924,81.48601632289427,53.166745013068606,1
-84.75215640528711,0.7777593582546984,43.54067234186738,41.674599204545245,-9.7509893269103,24.65110497852696,38.396225028703526,-98.92952582716228,4.63065469344906,68.75469119160581,-66.67213523668002,-6.295512655043225,-53.24933111962915,-14.456395028143291,-87.71856029539407,-9.718622769466933,-82.11984181001097,-13.099384387331142,-45.20556011227463,18.156092344994534,32.74065776285724,16.963921789299505,-13.868393787908985,-74.51086825394036,-83.56382548063317,66.73514389319436,88.73044240044473,-36.09758671846177,-4.096694312615696,59.682078346748966,30.949756444280126,44.86852248684261,82.12718680340694,-18.646761222097766,6.522097283249522,34.0521947029888,55.45366018871877,31.22526765227832,60.163513277231715,57.354026827568674,-48.820682190850604,-82.17833743816459,-25.75441446667577,-40.54148225240215,-90.99502721733283,0.2374823003816715,-70.31146483596405,63.02429351807203,64.91921604771099,-0.8677346551825309,1
-73.36357486649533,-14.461642393307784,-10.941045524957914,82.91165553763162,93.82832400997196,-32.14828245310781,57.79909073016748,50.57620020846022,25.86816860246475,14.851837171715559,-55.58698420017238,-82.9540003523755,62.635063953670596,6.1107941260760725,-12.354167040744969,-44.03660943177867,-43.95424415001885,20.93604578296646,-67.56478178979015,21.715300605328267,91.49512190636588,93.05756406556822,77.6600270600884,-6.482783689872377,66.2269701778012,97.92620204312598,82.34043269835405,88.39164061283122,-18.528777249086147,-98.62768474803441,-56.122543439577214,-63.57288229970499,-5.748263602086823,-66.63009902318501,14.98001610801822,-27.027828786264195,4.036558426835256,27.137020237117923,21.437501985015146,-84.41762125805054,-67.27928544468887,5.293418518891741,-1.6635826901287771,-93.97392684015686,64.10813714775244,84.38899037182128,-92.9983746089708,85.37306003815578,69.92247522657041,22.622035969773037,1
-94.15054339308817,67.21578015905618,34.42101340275295,-60.42907006446712,-93.27123549124758,4.5372782332522235,12.0185835350417,-58.25610057474735,-85.233007176889,94.54995229657092,0.5231532377382422,40.26703883510902,32.806998293614754,8.54824437490791,-41.7695615546033,-3.355999954924698,3.4749632431533115,55.99563631992967,-41.115699079792336,92.47596097165635,72.42319030941556,-24.065774931622357,-14.10323761530556,79.01325951095009,13.817861874770742,98.84627042636035,-10.40968009650885,94.49081109804686,-4.706478199160486,-93.4824716674299,1.6199033679717587,-80.73119986862463,83.36677073437724,-96.80283459474437,71.65999670654085,-50.5389800906235,-97.74117892931848,-56.60434986882761,93.59433169931796,-92.64305084684759,55.71508012698422,-57.20588195914955,83.61607362250982,-29.607115790303922,-1.3009132579640408,-66.53469991513833,88.7803456254345,-6.303342299399489,19.884057155324797,19.34136374683952,1
-93.06545915478672,-42.6678837425954,66.21688147131903,51.06840308682678,-8.786453920540225,94.81282484502981,-81.39017740237415,-14.905693397992621,-23.113886668861056,57.89342243149548,35.88212248622554,93.44943651313537,59.34078581688988,44.04423969118204,-16.962941227484492,-31.504998190738775,75.62710291509296,-30.18442020626506,21.216615634125333,-63.40239120278108,-17.919432043308376,-28.689768385909773,-3.5812220580719867,-30.425112444205894,-8.767363512394951,39.19558904191632,36.52141444932653,26.31586969877793,-4.8291744719712,-82.11249523158699,50.58653641479057,47.36411131030957,-53.16633569398201,-46.8059585887672,97.72999579145556,-56.94741326493806,46.79756451496601,-3.9496483452306563,78.21739266676121,-46.7033549438358,-70.17305121530251,2.147726151720832,75.12944777638725,34.775192554010545,38.928018391853726,87.38708508241461,-37.974341243970834,26.93011675133357,-53.528884956032854,-26.050628872962747,1
-35.58416688336435,63.89913707721047,78.86057866372963,-14.157844091660053,-29.809335054524084,-47.353798986944675,-95.68524471873666,56.22305152085772,-27.9440015276152,20.015203730963975,-25.41886126397476,19.798276525895716,28.528537037226585,22.72760807441736,88.27014464397337,-80.44801919872369,69.90620264854047,24.572290986654195,-92.36151455879774,4.255305235983968,75.5981728394348,66.01835554336608,88.7988195037936,95.52846110156818,-89.70554130134201,-4.633030643502579,-26.5022529836138,24.32175895919613,96.57668562154552,36.022115053860404,94.24106400764481,32.687830033736304,-39.59718734359541,47.39566312445319,23.820976347869035,48.4472515906659,99.28841792085029,-5.304424728456269,-28.216710479648825,20.351055860993597,-92.26345579291409,60.64298849816859,3.092633877827083,-81.45348123712441,-17.884060966573117,94.34523445489216,16.73067967624378,-89.2210605843251,-53.47435126323921,-95.58102534651607,1
-3.7311696729352803,98.91285133690496,-67.06906234879409,4.875097331071345,96.81191447708224,55.92422718707789,69.73976304594837,-55.70954979663221,-34.95366246436325,-82.79669149259792,33.16899365270973,59.19785202532765,50.51961055061898,92.73454282630149,-56.721795973696906,-40.52294838448254,-98.38845618765151,-35.74732961581081,65.16610987202745,-17.221630894376162,-28.476533981103486,29.718412108471767,-76.11884202361567,98.86161176457375,41.46427094807194,-16.953162429402212,44.447061572037455,9.036008631567327,35.597953634327894,-70.70263026115768,64.24009541530953,53.10414113305859,21.497062070243487,70.5019956620213,-62.21670883295671,11.38110567272716,83.95803130646743,-14.338186295635083,-46.091338986040896,26.117257868482866,-86.95669585045438,-9.233473793289278,57.902013088266955,51.49154219037732,98.8357851392197,-72.62393761821684,-43.60781165725924,-88.06565890462059,-0.8794862818022295,-55.28396923244754,-1
-42.69609021457541,-15.101433464692974,-54.80264686770151,36.23541921410552,56.78772707248626,4.646549785008531,54.17964427722964,35.362159657224595,52.77649060030757,-81.36641162419436,-74.94706625954213,-9.864390486874797,55.22661288558305,81.18469040172738,34.95156594802893,78.65747257092636,8.909007130925573,-77.87039149419164,-39.89709748791659,-76.97500423771302,24.13582376292807,30.795801639411508,-48.12906124367806,69.15542491960892,79.40729685145129,56.7072143289362,10.170032110208169,0.02305207291908573,72.21763162983436,42.97219289776186,88.61569306903735,-28.705006138910562,-58.357835357953135,54.22176384663547,56.4537631233805,-39.91673621887087,-5.585987518924057,41.31310669041363,3.8240329076488138,-18.930095541123322,31.014687113983086,69.04777920434168,-19.513307813028675,-27.58192874556697,-90.9754270935704,94.36046990665307,-69.06364993832672,-24.691220412428166,26.37298830707482,-14.233862948030989,1
-89.66625566840779,56.7905036195682,88.97512838210886,-9.251648181139686,-49.52550469570583,13.24240898212068,16.89736507690536,-95.05221849242338,73.82359779268208,-52.62669923389778,25.195324090452573,82.38897132567052,14.172507295154247,-45.344182453495364,-28.04422049854432,-33.26238135773012,87.13976905975923,-45.065743749067465,-10.530388010741731,9.009898933962646,-76.02116194252552,-4.896314154202926,-98.86481883256964,23.66893982716445,-98.35733096362075,7.435763616425348,-12.359650693378626,-47.2117292824366,44.128079925786125,-13.642481472462947,90.08729922024378,-82.06881113305606,-31.391881097620413,54.70381053291092,-54.45676983982022,77.68643230498449,-91.02860717267896,-65.15601395503776,-5.358808184198367,-12.695991178761503,17.14947260569552,85.66841014834642,66.2284708719043,38.78753194932659,29.81626993399874,-23.78124357769768,69.88934708444305,-96.62109331683904,31.8533040599076,-38.41543902086839,1
-67.61539867355725,54.16290433286423,63.42545643402897,-70.62509740623462,64.12850945965789,89.85985738138709,-36.82434671947781,-7.694378379941625,84.0196654628484,-39.99008411104068,-40.81496766637556,-17.52625483681274,-57.3928732019809,2.553728061622593,-74.08632796030273,61.72642121573833,79.70502482866218,16.12667284431717,-15.246357540903844,61.32058393429608,36.7848769203147,75.68181899600313,-73.16336831457019,-77.86247064462546,-57.490202541155156,49.59048472183579,93.72328904306255,4.206937867793073,90.92453542623403,69.73129353536055,49.14520926762657,-2.391200200562423,-52.489661579259675,71.0290626023774,-44.337097259523574,-76.98615270410569,64.67504759239304,-42.834128769276525,-17.236143144584176,-98.35013225857776,8.96267612223403,56.48047271360136,-44.22163306051634,-71.15016748558116,-83.65257712919174,-99.76511525699068,34.13605762005875,-12.107563895081512,2.14638653256074,76.8981556750295,-1
-68.75868626267561,80.29717022014981,-63.493689798265216,61.14716437528165,-50.12907397493092,-18.857882268333697,14.532481824128212,-44.793579441880695,-2.921108047162349,-66.87485155126942,-14.562600654622557,-40.75832043071206,97.30543410016054,-48.01141654626107,-52.48369832274589,43.49816341199272,-75.12035778818003,-62.28029062787375,-66.49249115761742,-51.096226669777735,-75.51569868755483,40.76872003079086,55.834199099666904,63.49261571213498,25.770156943195403,45.33500134767257,1.3898528764464828,0.4420261664505887,80.5377320390511,-68.22712048729385,-63.41904238431015,-20.980129180709,49.51479810873934,40.83875352545084,22.072926568617746,73.23726372592876,-4.52302930847523,-94.48342911725118,92.38128171927914,-60.21793851469044,78.9578199267396,-27.695327056600448,77.7874537948178,-28.727151567404462,-37.69101688396417,15.545728813321887,-65.51724490864603,-61.209164296782205,38.03766144920215,-73.69141082854065,1
-59.81326226818871,61.56629036532445,52.111623103984584,-1.6412039874686286,65.73236089088391,75.20416645817483,-66.6903100428834,-33.462708352074785,-47.14743291370882,-1.6427650978652082,97.00024329158927,97.82795020905832,66.68017537236409,30.758289225673423,-0.682469938079791,-6.883904571834279,-39.44116612239921,56.9077089828466,-84.4811493846545,-89.79031364021226,-84.1138108706994,-78.82805336740306,-64.03169126265092,43.890082186453014,-66.33454662253793,27.470933303412906,-31.791269377289936,-3.1450785059712985,11.536486365935744,-30.03234412165385,26.43356298879675,2.800879515090756,-2.324665653432703,-64.205464009185,17.631705908185012,54.380508946968405,62.8831919519223,41.64599445650805,32.981322257486454,83.27858655249045,-10.992002736448441,-99.36257170269462,86.40778751005166,-60.22450476460557,99.88154712913689,-3.012466396701271,87.44764866787057,86.72425939586972,-40.90496878944432,-54.920635448996414,1
-70.15010605170522,26.006915508487637,58.08305006384205,52.00944119219548,96.06582657527619,5.388245007206578,-32.56091159386591,-99.18407863011906,-88.11548861801386,69.84554286773209,-37.18857964327489,37.408540830332925,-96.92400775834558,-83.91534606611,89.24813520502798,-79.41856650652656,31.068298334757003,-33.067561663861866,-31.25641932056071,-63.82373924438818,-83.53192790704746,39.915752100643914,77.55660219298392,42.78626481934407,-95.33372125199658,-80.52303001988994,-58.70398386649151,-43.97309273938779,-53.10389469279415,-26.098015178951812,-44.34715094809314,-8.74109367582156,-3.876642120721854,53.77363569037391,54.933158225786286,-37.67079419781041,46.33564141465453,-5.398312681978595,82.90796673548064,-16.114050253993867,-89.3477880462159,56.45271568962963,65.82873149478786,25.85452984632674,57.47269963614963,-91.88744284817032,-72.99524278528617,29.32648933687824,11.326366705910985,-48.19495550075838,1
3.6659304727473483,-89.07793935730619,88.4668989870074,-6.7992971293974165,85.45246515872748,16.004960463393942,-13.397870881920085,-35.502625638981144,-43.9807509477087,-29.157285625036963,13.339857211937286,-12.29183431155758,-33.16945406404599,98.15720742578208,-42.747315913463055,78.79396350020883,-43.17363600209314,-95.28039423992394,-66.99553505865654,-28.60248249789514,-73.31721554749709,47.691285671539276,-30.397201339479295,6.2287344458081435,4.24415299625953,-43.50681014420545,1.1158472418668453,-56.76607520467838,88.48712200253652,-29.434381332694556,57.674057073139124,60.079830213562815,-69.86133805492038,43.321232330444616,98.44433515381866,-34.84183581713694,8.74643425853418,71.5842533328181,-51.94467943572765,93.1421806807657,-9.292398308523289,16.882919061535446,-96.59869078018362,57.808879131561014,4.0564475548989805,-76.31301715830787,-38.86317376164783,46.61219210891568,74.7037438493224,92.65572706120642,-1
47.50024962194968,-27.691962447408685,70.36736176378665,-48.39122119265691,17.775599428060858,-39.30780307335977,1.6187315485575198,-53.339689251753455,-7.88448745216246,-87.60062453681564,68.92439012363383,-99.5655459249434,-8.28738245985383,63.77690305351754,-83.54534157190238,-34.93041369964011,-15.26738485929738,88.122869528633,-70.07284576518822,-4.058517553078673,92.44482259949248,-69.68820715239528,-8.823082465150065,-70.80911056436764,-20.511134738033746,-7.20789326806684,-8.628048195890699,50.60092787327011,-15.667475533784156,-54.025485178473964,-61.084187548060264,-52.350527149623986,84.38436876633614,-23.711221752086146,-59.551955865733234,58.82146080438443,-35.669355985585156,-75.21263407608339,-77.65673590301535,-0.3296595641839559,-71.090904053342,-86.35091028075101,17.558191158594866,40.80677118937626,-19.259099219994667,96.02269377669884,-98.94920449469235,-86.76243270814179,41.34330029579198,-60.21501108487553,1
-90.3575922278888,-88.9280366123181,-93.5760487864371,-86.30936611479146,82.47532274614363,-55.51140884117947,11.137108558123458,-47.3046434538654,73.08442482161516,37.38453238429514,55.54207137738737,62.22808849143357,-63.405815841203086,-47.672228427391005,71.39618851066163,85.49494889912168,49.49832442074464,-87.1644037883399,34.8397124579069,-58.63310767943632,84.550584449253,-57.79628113099717,95.23757897987736,-96.65857266780785,1.6569196668819473,43.46405950898125,27.690267144179074,-15.429801660169716,-15.570361343450443,-47.550700716964144,-37.73935364502368,-35.176362933202654,-81.05692296757903,-82.00580162557219,-77.92027195970894,16.029072661404584,63.06896787061024,60.07668915237383,-70.72517836663252,-50.1055693529713,69.2000286941138,99.56634528989127,-0.347292014567941,31.778075148754823,88.55079447047459,47.02925216444703,-74.37463470869518,-83.93703586838353,-67.19428594097516,-25.5669467480747,-1
-89.44694842807948,-75.417763491551,-75.34887600982366,63.10848748380147,-55.71051161796885,93.85887247307099,-16.855585678354174,-5.299457156508723,-9.658256476001398,79.78008395909671,94.71636238699207,37.27117639627454,-96.99739185946686,89.70300025015683,-69.88127989440531,12.25893829242439,-25.880747350348912,-13.940613260455237,-37.4353029094151,25.26190290696708,41.740317202602085,-69.35189814429674,60.828682059722695,-69.64585759630225,49.70620727378446,-45.923113794014995,-35.84113330543484,19.2518828063089,-73.2335586227141,61.15687934639749,-53.62015038403882,-84.49560979790216,-40.28020674094104,-79.9025168377897,-87.0659011524791,86.30512454677424,-79.1917781631426,56.3345166399092,-28.607559438997484,92.7369794234832,78.96546652451804,10.991034593752218,15.688376147203371,-78.54685965468057,-66.24469913350487,97.33389038655648,34.98771899775224,96.90509832028735,23.621987986654773,72.9366671326679,-1
4.665926238948259,-74.57947724585192,69.81417498069843,-39.88457838919557,-46.131600050049016,49.92113731647078,40.805800542928495,-11.010843566370738,55.24072805112158,-69.21012906997872,-31.377805579554746,-2.871567966334325,-18.246884089480986,34.967863178090596,44.85221498693258,-48.383889452724645,-36.02526495815586,-6.7017996554685055,36.02317918471732,29.122944840044852,-26.44089005592936,66.26954157066595,73.63881574982486,59.125822285979865,-96.69638374247447,0.07082062064367278,1.8369533891893042,4.267641112202654,40.54069099690466,-46.85363661168764,-54.524933663998844,-85.52571331552134,63.68499535008203,98.2458117770561,-62.286535195541816,65.94576103497397,-60.87283611449315,10.682061985991027,-25.62288363336897,85.4186973050933,71.09534778322788,67.62964064672744,29.541937131712587,-94.73697047027359,-0.10348027717846264,-30.40526496498819,65.35050503042075,83.32322453654234,49.46813345468189,98.10142696770606,-1
-14.954362912461221,-48.460870362164066,77.45820035546589,3.3320991603880543,-98.20114143651378,26.899845867855348,95.6057945906339,-86.32504552140303,-86.43953005626418,-12.242801865173988,-91.39296861561029,-60.46467642162501,59.374084907727564,2.072064340996448,-71.69707890251394,-82.82239590849795,-28.240268906076068,-14.029797258639661,57.942078823009695,75.7218383269043,-88.25867357491751,-47.61074714880282,-16.923583957442958,-6.798401243921788,-12.465883383526702,97.41835482611708,46.80351372384109,49.4849081678841,-94.73301638811024,-55.63076326456083,46.50376672651194,-31.79981595303147,-78.45293964153097,-96.6678339425847,-92.29053137558634,-7.7837787091480095,45.87437153907217,42.29234473940659,6.20140573664672,-83.96627340575289,-29.964327426860862,23.398490953792532,-62.055730112121424,13.32826420134559,-33.4053063801657,-77.44190327301354,22.205730809003228,-46.24614092831503,-5.251022449496048,53.14917767207476,1
-73.85653528204854,-18.6864384189018,-63.84601613981937,80.70624518255852,-91.01598895157288,-38.9097453290814,-45.223765290056626,43.02063571141838,-41.51339180732971,40.689226005595,-70.05906543569213,-17.606698251643337,-93.67990653201423,22.48184417543675,-38.058863777221475,6.854316311632374,-87.25571750083319,35.80355791882363,26.23667208898827,-36.00928831257926,67.96479670111339,-57.21143653080303,52.11148579072747,70.56842770860635,-47.38082680631066,80.50598648935926,-85.57877617137103,34.953011312683,94.55310247036027,-46.72081593869013,38.089511587239485,-85.41282278373731,79.97514950070314,-60.8899376162205,43.52152826276847,72.7885502201467,-38.70731501926219,2.8108170104577113,3.683733092134588,-41.189105355039125,21.111948411036025,-21.26235401683016,-59.84999250042353,39.98758858891475,44.05879752028633,16.55836625348151,18.99295569430288,-89.2917463257214,78.27576773899966,-74.72972302789758,1
24.799697105796483,35.910367314536785,-20.072303501212858,98.83475833634688,31.37466045187179,-26.69712926286472,-34.56045182888823,-97.10019643536842,67.582899472094,-98.75045678461818,-12.179104499963984,75.9677570846562,92.57017863485584,-95.86526407522229,-20.823778169296943,63.42317313673746,-64.14825713768946,53.303334900028375,67.99774414840834,0.7538354460581331,-0.34742631569095295,-67.00169822734597,63.188683373154845,64.88528193200199,-77.14223075375736,-39.77664600525872,-99.7459725519578,6.880492606670387,78.4143819031425,-9.559514561370179,4.8935154393901,17.22201386717674,73.82130079877581,-36.218521558362205,-57.62673923980468,-20.08152339338274,-20.959858612489768,-11.748853709234709,77.53369538318503,-52.376156012004586,-47.00013574429143,25.317408946750163,88.95938392874191,-48.68469674275768,63.057837189913414,-23.739606869900356,48.2265049253715,24.171324647827092,-18.138725759319,-54.73072459742314,-1
-48.93272524735117,23.124879336625327,76.96061619203917,-70.06449888591024,-64.38691233505358,-35.75973026138699,56.75151764225029,-77.06368426865058,71.32423336825642,-14.723823569381892,-10.259359676648131,5.80027118965441,90.05501194643014,-57.08610882267817,-92.04777321368782,2.0317314504389117,93.26644723824782,14.31713588502636,-42.29809122585557,-26.538961356036978,-95.89332628336761,9.761570321431861,63.2661094246007,-53.01521953245012,22.028555692011338,-3.015642609084736,-63.06542669277786,20.07208987418518,-57.07406413770049,-81.14684276231465,-41.37245302716852,-9.376564951062292,-60.609889020568474,25.95686225998047,-44.950680625685216,-51.636676902478776,37.98340348236519,-14.564435369939702,-0.4990551576740785,27.490592505415094,-57.622120917412964,-63.35073643206226,65.28636187396924,-63.64333040163961,32.88924567525396,-22.138557922906998,49.680729605301224,-0.9377067620132067,-64.5241476402772,79.43570409101949,1
32.36783796987572,-25.745815898921236,-92.50240862606813,-35.21288678439325,-90.70770455561808,-89.35454302489381,-58.80908816034138,77.81128339097481,74.40177069999754,-33.67999384091382,-66.89845779486676,-76.46200144838649,-75.9146442673015,-93.47549727979174,-7.885183278020676,-7.925301165829595,92.00219447636638,72.64570416563663,43.235865711875135,1.7764674125749735,11.700814987105247,66.83131271586325,41.539579729599154,78.68223911467703,66.2515282503525,-11.174950340853982,8.033395913046064,-24.076655815051765,-52.82141457914891,-77.60936077442604,49.51198970075444,44.881783252754985,-26.994045467430226,4.184523491600729,-57.60682278317275,-63.98963304330205,17.622094923022118,-63.03795397158582,-38.741505706426715,-83.15394474810161,64.1904719640776,-32.96641983519196,86.40917859260733,84.05957455684455,-54.63104833529498,70.43377521640323,-24.853251224160516,-97.30137531987812,-14.06836724259091,56.81356124328647,-1
-52.550182500639984,21.642275353289335,56.81235596569576,7.885302915247266,-26.721466657038945,-78.47151563330723,-92.16212139257287,99.05612141308535,-18.240836331480878,85.18361773435828,-61.578888563589864,-9.309563077249322,-33.53839761077127,19.803478688554492,-35.592427785988036,10.417836138093392,34.94479093425812,-68.78777914782337,-14.586338159262496,-94.62329726936476,80.41405753972114,-66.67873891081939,33.13775187655429,-47.36218673043378,34.399947727028575,-47.184673826947396,-67.51600347370277,-62.48915262985029,38.740742046637365,-21.48847056293077,-29.07610802938663,19.543307000099404,-92.00777144756043,-31.935923197531494,-70.26673551860804,-9.357650933786402,-88.88189829696849,-10.27470493196634,46.64803959232506,-26.42473701667518,-6.281946009576899,-62.19193373967804,29.032035497521235,1.9499731700967686,77.41878683893512,-87.2388149104013,44.88051910576573,97.0750548350793,-26.61230441138838,29.119484855375617,1
7.678995857391541,76.91439741165252,85.245490041166,-34.65526337108034,42.809759876496656,74.90041845653553,-80.84737477747206,64.3602905516417,35.43582948755113,33.54996791017976,-22.069191925631884,95.48999724863697,-73.81706015814144,-64.57080511218729,-54.88053689016237,16.488728258926983,93.0039743027057,-38.56169313301543,-48.88068646789199,54.157735404648406,-27.781322173517722,27.42844319616134,-16.106506141794497,-18.73227224465998,-65.05052200787138,-67.29910602350229,16.071501252412617,70.0629918006972,-73.82033335799487,92.67903521778283,-27.9914023233611,-27.85195486587382,-34.002952540375304,15.501871079207802,-86.8794285193978,-19.13993049187532,-5.194371025525697,12.853878909987657,35.267098308819556,37.32674702616271,-92.88327310016611,15.71499422338671,27.77902878972722,-90.21177658805499,-59.29632762665107,37.4831626301,55.7591325518691,-67.22476336804542,12.986953894504396,48.17912528614298,-1
34.450137458838924,23.244850321390587,25.66727305973076,-20.88016363003453,-69.51142311841929,-77.32518371811392,42.21278384707264,16.702268958860003,44.07872587914804,-15.824807946580236,-28.211553714973817,-70.64116290329446,60.66154956545057,-56.49483795911825,-11.813328089823827,91.5635695382359,-93.13416856952163,-71.62666409616878,-93.76248757015485,-9.555245847324542,-82.20568460495943,55.32794040677294,31.88837949073971,59.25182057301913,-96.24744624931414,-86.6541144473497,-26.13373878724316,46.488689759787206,-62.01000258475282,50.68350924737709,27.38413532026405,57.09645793002244,-20.2490965067109,-61.224947468406675,82.39865417061446,49.99981099006533,-13.426550609261099,-31.56200290634068,-70.52547181045267,37.776989931471434,43.07206515398752,-67.17108599811654,22.00087263260812,-44.19626059081247,54.90330507697925,-36.444335918273005,-34.646209503062835,-5.88753152608983,10.449749887782914,-79.76437557827525,-1
-75.31002683792897,-2.9310205731163848,8.914418297766844,-95.96772357642118,-86.9476525874682,-75.57875915384113,74.10887818026583,-33.60020624390525,-31.04721803741866,10.011239937121857,89.9702398667437,-12.978401261705997,-25.513377903673828,68.6800985789447,20.28520611275131,32.97942298881347,-91.78800682655995,-82.47533525272468,-7.391276216014674,73.79421233956467,67.78196666147528,7.952073327573842,-72.77510613816656,-37.61554685745494,-98.98106981525889,41.30530990577904,-95.75037622463631,-22.982939738612515,20.694451291714614,-54.67546931495075,31.07713409489915,-73.36876833840857,-69.20341876413787,23.724177676015884,-2.446425110822645,0.9197046934384758,-42.25135074757462,25.282182117750935,87.5154765650968,37.57929564922725,-39.19019525411338,72.76773934178078,-91.7863076288331,-9.841623554693271,69.32325706865748,41.68417394112885,22.939672529834894,70.9176784481119,-39.92198847260096,-9.718748774508782,1
3.9547897112035315,38.680170685808804,22.415863640771832,-65.48284119014558,67.6184453413903,47.96326687764204,92.0204609801047,-1.4564197716064484,60.35409823394315,-81.41453199689914,-70.44402564350558,-63.30941445407714,-67.6537236740153,50.7643791427065,-62.81741275014736,86.83991499858905,-14.308395118971504,-57.86294492241601,91.13561213467312,7.444451838842923,-59.474568588453344,-6.984615043815438,-9.891777833946819,-65.10951579046863,72.96046761672866,90.67296496347578,69.12639280415803,56.7165529945168,40.873998957137644,37.65269273724391,51.56665674709825,33.487630154251434,60.42660814846246,5.117583815898456,63.80666178410584,65.81987013415966,9.818155758943618,-19.42059169217039,0.18719112521554848,-17.665105428691646,-42.26936796727223,-84.0716365963921,-62.144719525264705,-97.46729410671936,-52.230783187809294,-5.099719406661023,-59.01951455905665,-5.887100514271964,-80.48521579695176,58.54113041367441,-1
-8.15202448060839,55.703176012332705,29.361132069819377,-93.41628264720924,37.238300096920426,9.550091830123833,-65.75416126602272,45.16210617222427,-51.45993602613965,32.82414355346745,28.860814484036297,55.994809955786195,88.00670068082317,-5.146656073244856,-18.396957528579705,30.7399831532789,-64.77046361613152,67.02092729106371,40.613510764535675,-81.33567026808994,54.240811133716306,90.36213282834464,-65.14696307600673,-74.36460529603224,-93.16939494612804,41.52245183623518,57.68844702960908,27.591314273240044,95.73770765647609,84.47196877846577,66.32864795193066,-92.53464199988271,78.13406140321109,66.9637151980022,-20.653682531294336,-15.999820185657754,-74.63293838378509,-5.192782317461692,44.58949585055129,83.44764662083205,14.864471221165616,-53.02637356644826,-87.77725732451938,43.20353499557919,-61.70676538483739,9.573283011915137,-48.51536964926964,-57.699106651045454,-69.81043657540182,-5.601914727568499,1
-44.01322061081143,99.7585871631309,-94.27376123286943,78.5022838188303,79.73455111272759,-5.217049919595709,-98.57845058242806,97.18277716539455,64.86265662858887,-7.793327231197921,-77.71463726749232,-63.27363313351753,-79.58127598608485,-12.45169365007952,-0.20984320460067352,36.68514813334792,-68.69354539104097,-21.02837248541927,-2.470891051970554,-46.285534274352116,33.376084451791144,64.94787746443058,-18.288265455451437,5.269821216223974,87.86706672869752,55.10128488305338,-23.271613994802195,-77.85656965851643,11.703942385743971,-87.30341987051466,-56.70936673050129,79.07390253399356,73.45310650192428,-71.79614287983027,59.8647475150058,28.98948237879779,-31.193983970543428,-47.7412002357136,-3.052935918971073,9.626731613366275,15.045851671053583,22.19264581487667,96.47275737572002,55.603723435888014,5.416876043278634,-37.149145585623856,12.01589966479932,-67.53164499060615,-45.56965489668647,-18.026118737090897,1
79.21825998469865,84.92835822572732,-50.12484240082158,-92.86511672789352,90.64320610123727,66.16702909361922,-34.066198900326626,8.263276328410726,-83.18995354723955,-68.72260031329517,-88.76046914253916,22.73876746518397,-34.97207873262617,-51.54337194956329,-26.838416986326592,36.19323518728089,35.392306258514,42.75088872539675,12.946573402420853,97.42019176019696,58.36181575355411,89.00102866773545,30.14763665950889,-62.45800967428388,-61.86693137633685,74.33720559170874,-79.27082237801741,-80.88780671639628,-20.126528831806894,-99.27668342138611,-30.363499220271834,-97.00417956483616,-4.903360259604156,-30.542452827313824,-63.18302006893233,60.132876306574474,38.09356987323747,-41.40969312024747,26.978426908750407,-43.47391623122616,-49.53694467251641,-9.349630092370646,6.667558109360655,-40.06555903099929,82.49398005868275,58.81405944706427,4.061972662104424,70.28350502566224,-25.678556631239786,-2.6159043955917554,1
-67.95487980469875,78.70691669968738,52.67625195671252,80.81634170826163,-18.087727941311243,-15.30099223442636,83.5435721039731,-51.779402218673034,-51.84781589328904,-48.337399864681466,-3.3415882582362,-28.378488973058282,-57.43346169695136,-60.93247023686388,-53.94693914176576,90.76608092509835,8.123553465276828,-29.44375280748524,0.5834408738030277,-61.13029163636856,84.57244269700846,34.97295386807403,60.64273591716022,-49.14330370923552,91.63094578257386,-43.9830055930482,-6.047012008596624,3.872192357793949,54.052460621783865,61.58591288183831,-73.70997451859878,21.230427811182167,-95.39741471243572,-37.22252703654152,93.04882213410494,-25.94600434598324,38.88867901931468,58.179751037987444,62.338248344846534,-44.15381568566599,-45.24459564414634,65.39201309666922,36.4351643658423,33.09244154062341,6.617451107610776,-55.73493385896242,33.99737600693231,-31.75857190657068,83.1526438945152,-51.27298775633755,-1
-0.9706945972051386,86.63858340980366,79.99665537573082,28.178332967441406,23.0530735941946,19.93088500929585,81.40162425212415,71.07659578713964,30.473654560706564,82.43210992018953,97.00407443856193,24.194061252124158,45.49235381970618,71.94785941893142,-28.010839205304222,-67.11150052763031,-1.0253496228404373,19.792027883629572,-66.35935854377769,-70.97837603678903,-3.3401952608690806,-65.8974999435372,-35.75762731998316,-60.07083034754703,95.70366871544493,41.674253840598965,-47.3176605280786,81.79955862464828,99.99787696524294,77.38574502736913,-76.26198849019062,-68.98886325567383,85.60798159986115,-1.8536064374757473,64.43576902636534,61.495306082184754,-31.076747016971623,-62.05409419178436,-28.76594749787877,-13.529285951229838,42.0022280042848,50.800660266034015,12.325764930544423,12.308494965940824,-81.93769833756926,-72.50525327423394,27.124002769103782,-98.86054442789116,-24.20085451700953,79.95942455014858,1
62.559913451500506,-85.46688248376866,-46.668761573499104,-8.490918525317582,-56.435082534271295,94.48133894206347,-57.1308879872652,46.13570889698394,-35.05971290775858,-26.91853135007338,-69.11745111836747,23.907608352924186,-70.02448510862678,83.86190389065405,46.78719336614711,82.43096075184079,-56.83817853655515,33.524224127337675,-67.06794364280837,-11.201133480984211,-21.626819797779604,-91.78244641769393,-90.65309387777478,63.0818013844339,-30.291646317114186,34.748135118345175,62.00530669489817,44.33564269596948,-82.44739484235784,-73.61050594026581,63.04376567759621,55.221884675783514,46.93561186614704,-72.26727471209433,-17.259714813244003,37.94941358321512,-23.320525200929836,-57.830024997691545,68.48426830408835,-64.18390860683479,-5.876756834231628,69.70549346987983,95.70774257442343,24.778258230411538,2.9399196222252186,96.4710217049163,-87.81880526050334,-9.492236713989044,-2.2705960689490894,91.19684656016292,-1
6.422697053063132,-62.35356004619088,-26.33792358265366,35.59960304851691,20.109247800207243,-15.225298781860658,24.527870540522272,-47.2443936885397,-73.12551468778356,0.8969981975491805,-60.08414926408445,29.440222419965636,25.83494305704248,24.13719640810521,69.4294626662566,93.68118350587798,15.692868543784016,4.598854893003335,-44.742806902577236,-3.1546125478776617,51.15786438001669,88.53954187759294,-93.28969815465162,-85.70297594064851,81.93644962018573,-92.87159160076853,40.47288643180161,70.01582853390252,40.22676936766297,-69.88595028017524,13.153654838801614,-14.427049812361673,34.98957943412526,-37.62337181080429,-98.0941154165782,44.05256408551321,-14.568255263468274,76.24807845118508,-52.434589317566235,-98.65837565893682,-1.5300793594610838,-48.700101570573736,-39.49503592949961,98.10800426886931,-11.395231200471542,82.20988145779506,6.264616313023112,-46.242033922646584,96.42092603307671,-97.66947392161703,-1
-75.57801719799464,83.08324029334068,-24.858838923945896,22.26615066057053,99.41840352204972,58.70539033489672,63.60502176735528,82.66205043418995,-97.93653013929573,-4.459701043063063,67.02374509670756,-85.74174868782087,-84.09301473088522,-70.70524652567059,-6.076887528478522,-4.226505159685075,57.60920544922922,-31.579452374327516,-91.08767230930495,87.67140556993934,-93.04878105976724,-68.38621662983746,-89.47912528456634,-61.6328515105236,26.886799214222762,80.28628993407509,59.71627898801967,7.038423767106622,-42.14477900837667,55.63203991734173,54.97382928803438,-55.28984088461879,1.5846509658915124,7.471506970895177,43.6427482552032,86.13582058785556,3.318549226323981,-70.11058056083097,-89.39045102656577,56.15111047396181,-56.333635901840815,66.70916006714157,-62.28691893623115,-47.62723334045435,5.997150321324128,-54.11422568815474,-0.24068544008710546,1.195950771633278,-85.24965071687348,96.86884619126411,-1
93.96377292675695,-41.696614369761534,-5.631405032477261,-52.84769742728539,-9.825153719552034,-70.88755045427529,-2.160986755474113,88.57801226713852,54.12619667379414,15.227992671020559,-77.31726799221425,-74.82508554846963,-38.98810168292957,-61.90683442216933,1.1243048496911996,87.69776906697197,-59.5150374607631,-12.891726600242578,8.77537409349057,81.47213970254356,59.961980472438256,-9.449140476717318,-94.88962168218012,-62.00395661417828,20.719041399071656,-99.98033549083107,74.91142255781514,75.2849906403489,-70.76292866717446,15.518115857487388,-83.80303160170155,12.292154988384567,24.56262627166879,57.42583558147393,3.90782429643626,-10.499499751272452,-57.67634711640734,-46.84414453802874,-28.527627560702868,13.075825097437587,77.51722650603551,-58.67318711994749,-67.40403761769731,-88.05546544118836,-17.19923105005583,-29.99049841633814,22.8253240730526,3.1419854199656356,-82.42301041759515,91.74463900977543,-1
33.01119780132623,-3.7452096344789965,37.36424319845918,82.42718038463667,55.042263446834255,-22.41747392257429,-79.95566306626982,-81.49403449570826,79.84748037083656,-21.762048020682315,-40.30915227877243,19.23242215434672,74.02562872050714,-18.57979724924772,31.37826961819627,-44.082831479750695,58.95443050687402,35.87120434933789,-43.03013063177485,18.048153223540126,95.71908890940287,44.30919194605454,28.62544574961902,-61.36114654878653,-51.011924553735376,33.028800077052324,65.52707598343014,-14.480140476189803,84.41374163313341,73.24526226271306,-19.176594148771215,-14.807128325880754,-90.05461196473601,97.22159859199519,39.753489723798765,85.69546961108861,45.852322849198885,-17.796250284475533,75.04987443673144,54.280726251615675,68.70195002768838,96.39390544554064,-65.8914154792134,-18.65241430777438,47.96680279753292,65.53155550200438,67.61292086098206,33.80506910478786,-58.632241772823626,60.9375988790795,1
-43.14518141449666,99.48458781071082,10.443013610925902,67.67981769733842,45.16410413885694,92.1748712042544,-75.79899326015502,2.9007837806669556,10.220121201915006,62.267223907173985,76.42419432214072,-53.01658400929246,-32.85573107578324,-98.52907500770125,-75.78878118080007,-0.4521454043240567,-61.57377905928241,-70.733821890653,46.05862170073593,-84.0692653084314,-79.97885458989242,70.71457329640572,-14.691382967736018,30.88690969051686,-5.7501943985639485,68.63154076050776,-74.8922201100792,-88.37374414940358,-33.362068843578044,85.66709007465789,-41.1917370726435,-39.59384830471553,9.659704894005827,97.37002078232376,40.716106748029205,47.53190170491314,-98.0536357312709,-92.97315212203326,-76.32705087349392,-35.58563051728889,37.16404381592355,-64.95504090747724,-64.45195058946823,-82.80253087763809,33.811192907023155,99.7865418267098,46.96341532617089,4.959029360338178,24.459715250321224,-53.90253410595254,1
-16.446643566533254,14.554501947421812,62.62100942216878,-43.69299197862113,-24.041947704408955,89.97899600372483,16.834836836344834,-76.95542073680544,-92.46164060393096,34.24171230676066,76.73774756494282,29.4118329396822,30.35000471711919,-0.6672344839326172,-22.49860904912724,-29.48240122572976,38.20675770851392,-25.148799953422767,97.87070067189498,-40.35859471530703,-89.19006743933902,25.66882354947988,12.732463066245444,-32.56754013227156,-91.14592631627443,-74.231210001661,-22.42705501012287,68.54040929503287,64.0746629749867,59.28023281949123,92.32701877137501,6.495790012565081,-99.31638600326407,-7.843656888505393,56.12578891095714,59.11117267665142,-43.699626657904766,28.942777197857936,38.66362383957596,-80.8829047749522,-9.134301238007467,81.67452556378265,-17.56209697040734,66.50744508588156,-23.96792660501545,-85.00166791876372,-30.922974544826886,-28.074598590305584,-68.90015788213984,-88.7123986167839,1
48.32545749037777,-46.04078842152717,-11.771280126184692,-67.3868265279873,85.37444056293165,-83.4381942061895,-13.215502173530027,54.789733786186616,10.315075555433339,-50.55882909267957,-15.107655917092572,88.66438103319527,87.09013291425327,43.74797109725549,-95.28998060418972,-31.71098312557801,0.6612145994377272,22.70014664222053,-37.17658713726777,29.066554893019514,71.1665890171349,-31.844721784563987,19.499283938565128,31.24318349725769,-86.67096807802469,9.221414436004267,7.988978025872399,1.0741145329584896,-23.901933801043356,-24.635147807592944,-42.2444377770304,98.36642840684021,37.89338688030912,-61.588662031166244,-12.469722032910596,-7.116876880490494,87.52480137708858,-45.38686405366068,15.17885510145392,7.253047092119047,-81.11685752902717,17.29158131046266,-9.118339638052802,45.6339200597333,12.071246780793672,-41.50531250209934,97.30894721483762,-86.25320127045725,-16.030986675215317,-19.45147133347716,1
-42.507667020549974,38.63387205076921,15.84400704551156,41.74104010980059,37.73783018623348,16.046764687065988,-0.24610968897387409,-91.61108079982844,-96.76116480060767,7.852973298839316,29.249409460176594,-79.65080866405259,-72.62534407275837,-83.43505317241176,-17.17440327898825,-72.89215492441978,31.03160101950263,-93.92752251705974,-10.603082505957602,36.702602998731635,-76.15193814618024,-31.867727452885973,-8.419624377280385,-97.61028512240281,73.70962694471223,83.41095152121144,29.45468217744323,47.62874322378016,45.72893064127564,-77.33405401727389,10.624316999972976,-66.70679993513984,-43.119481726410605,-70.35015258388464,-61.16815066892085,41.31560065891776,-99.52931917899681,-54.260635217872675,27.900478807870854,61.57194603983112,56.604874871858044,66.18929134389228,-46.842630586874236,-0.5257423534650059,-43.23369563891919,83.51747007209457,72.65976263594703,-43.28486075975131,-5.676497949199842,-2.1637712230071457,1
-92.03771211084924,45.939925489344176,-65.03261690675777,-68.0845534426573,14.483812793099318,72.84723398623618,31.83709446116447,-45.06521449903052,-62.173337544814956,-74.88494707892602,21.88946355427015,-74.67771562282778,35.86550351849348,68.22545354431355,-47.50158191241054,-58.03294406264436,-67.4999038944103,-57.08402991608723,-92.75205683874808,74.01333387471166,96.37564359628342,51.91831655119586,48.29706367368104,-11.290862076855007,-93.60818264790245,28.238569457615256,-73.06079222922631,-41.71983457872352,-87.09832451288635,-36.44502814644384,38.43353078005177,68.16306615186627,46.38240179202677,-85.86515699786364,49.2591291348094,73.4759937230734,-94.16320162154912,-92.19081856425176,80.81664012540935,-48.54710248779119,23.29870351990364,-91.91584425173593,87.75097608939365,-12.661009416901365,-88.46571715134249,-17.494802709017335,-50.247639316764925,-94.25829282664391,32.73266585599649,81.71152953392024,-1
-72.00252465564742,74.25437019002342,-77.13537717617496,-95.11713703555557,-20.979849397042145,76.90019265303175,20.1316089992724,-47.200255629222234,-62.97934544889878,36.85964452729772,59.44473196439341,-52.23032452765535,-7.625986708914368,-83.89259551292963,55.49676560772636,79.56371569057893,-97.82731192553236,86.8143089274692,-38.502749284284896,27.481542229613964,-77.75492264529782,-83.60467498909547,-9.203759330267317,-71.04359145202082,-53.03964325183206,-44.20031820020049,78.24344388415011,62.28947949681822,98.97888054216565,82.51401431844982,-7.310382556123457,-40.02036663083368,50.69801120952593,-51.369636294653475,97.25057512792398,99.89368889753561,-92.29274072446778,57.970243331247815,26.394648384842327,87.2703892079364,48.50893487529859,46.45144486363395,84.72299882128365,86.31484610990978,12.971796764549936,3.04505185945429,42.97379080111813,-96.23254508721664,40.116752242670714,-34.471742096176854,-1
-27.719244186562733,77.00306490945172,-59.14704833339892,-77.25139611725513,50.53080024225599,77.81418509763279,47.60065661056879,55.759511169425906,-30.710502281114202,-74.49753286204965,-43.87609376711956,18.04765770349978,-99.44589892683216,-3.8665024852723775,-57.82175627068058,-66.76975841153552,58.52430654584006,-28.310245359913694,73.95319591696216,57.93615698770293,85.7330831827889,92.9989710526836,56.61597635875697,-21.225586862225356,18.777598289868266,8.9603308627062,84.81051344049737,57.658496359790036,91.12488372682233,12.772977675392625,-18.814523614268424,50.2276477712075,7.76552809809526,-48.5687285306112,10.921648049325256,-5.293019099865106,-64.09208442975333,78.89598253613258,84.30063049115438,92.80388567728806,-14.981208538411096,-75.83617568063374,86.45938122160109,93.26041853011256,-77.99076365819622,27.652846365120908,93.03130466848631,-64.59459692102885,92.26511357009241,-13.98119826951904,-1
-95.81100779381744,59.108878385329604,-67.66553288925769,-25.41357350598159,-93.68650071802374,-92.54625544729203,-62.26020064093349,82.35483382454404,-15.990229157741624,-4.302531744338012,67.74910101270166,63.997311801265795,-19.68050571776739,-79.4546727004491,4.390855089167019,7.5284035611064155,-62.32549377468817,-66.19337203560569,-59.325325881264575,-57.334932341054376,-46.81324088902124,-6.4469606385207925,10.644351336714266,77.28622131000526,-24.888954788566494,37.70789431101039,-11.396002185014794,0.25391606445239745,94.54081029814958,-53.34693101959949,38.02181137191582,-37.94983931550631,-27.09501584800003,-45.80136170498081,38.45265738251419,-17.591542667642884,-66.01560485974242,26.497168153595595,87.85365107372621,-47.12363200761056,-72.02053354126525,-59.63579701611719,15.115417595509271,44.79586326626335,53.61373856084256,11.057795050514343,-78.21306669972073,-83.79186362481033,91.6596818268768,-7.577434682781913,1
-81.40187203537357,-92.08849868747737,74.1783580935612,84.95718194280272,-41.62960681668206,-73.22458316730804,9.36111484172686,-15.171165244099512,74.82382841961956,-25.688545230776157,-31.65553872013615,-87.64324560412899,-75.54720446722216,-93.41978794208825,34.67564966498685,-12.809997890497101,-6.736601529162584,96.1968729776699,21.22618960600701,6.598054392796328,-93.39081717968838,51.013410610916,-13.982020215825756,81.66342926377823,78.36872029515214,-28.092266482278475,-19.366385287162984,-5.286867774101083,5.989909431481294,33.157193199757955,-23.40289791058514,-24.997985755378863,-79.30206947350754,-48.24168897860916,77.91796771864824,-20.107971596812575,-37.19299044111264,43.89314939501833,-93.67692978877331,-67.65781840104712,-70.07385406552874,-68.32895751875711,62.43433227619113,-53.13936107243582,92.15816558806688,50.84561670293175,10.407750350454364,12.067791365149972,2.7414887776304937,-90.45379088946383,-1
62.96502274930245,61.75988890023015,-86.41475915543475,-16.960472171618164,63.87956894110826,32.74116395915428,-1.403198431951708,-76.20283120006384,13.028721318160578,53.7613391178117,-72.71004920091279,-59.39055476291097,79.91180341767529,-52.110189590458525,-38.79689355786542,19.139376965463484,-95.43605831291922,61.28739479427168,71.9663191563263,-77.00220668097633,54.91261935760724,-95.80823714209576,-64.58843046789573,-82.04294114329971,-84.66843172385863,51.13444528450654,75.03135813507018,57.836361782615654,21.291503625523816,-81.37408439455393,10.39771174350605,74.68439778785122,78.80878562679166,73.30374450241163,-9.847408888716757,-15.849231327060977,-88.72596665165955,98.13622069251016,28.03628403629719,-79.77213736947726,41.500881768207364,61.660932429276215,35.648312533895165,-74.4933470121477,-96.72397446203469,97.57486436689595,-84.11566844667873,-63.91502186963665,95.03820094252808,81.6909967933887,1
86.9087761431031,-45.14762996822006,-3.611144121455851,43.78196306504219,0.8090366246922542,98.55025465039026,81.29678609924218,-49.637929909224134,72.1892686205507,-60.025591587467474,-28.96958523071129,33.70795471094908,-30.427246043635336,17.087216353838073,-10.86919847299312,53.57260566432387,85.62963749983032,60.27581634941134,40.85191766347447,-2.025438157467903,26.562157521584837,4.003047890975495,-13.81920354997716,76.07299697751785,7.378027914390088,54.68366143197494,22.016619585803227,-74.810866506187,-59.83607681059433,-17.94680407981393,19.032390080131293,-99.36622326522398,74.23579146301395,76.42540897366871,-61.42652752974027,-64.40687106314266,73.5260016656616,34.54343402912028,-3.084781585821446,72.85958863597489,-34.39630352710152,48.64552284325853,85.31825008413722,-74.97781298889359,-24.0823550495264,-4.248187852797855,18.157947851469004,98.20156174050334,56.56932517264991,-58.094952224638476,-1
-41.30223535837567,77.55030493433762,25.133436126318614,-82.02841639999063,46.30973650771321,-6.8322722161508125,37.21919831669578,-15.186140633802125,-36.28634725680373,98.4916855384094,78.79596775386946,-39.3530738224376,25.552824563290088,-67.76112486860792,-47.40122460926586,59.02972152981957,60.24571610238132,-52.68478008221702,-54.85112975307666,-29.349160418794867,-93.79924947925863,55.852034309170705,-74.70112320437772,-47.30417687722359,39.50956242743845,10.6522642946791,-71.55620468273803,35.57530292699008,-41.978178916991425,98.20160975424162,35.5733378815018,-86.02919487897924,12.66346978833846,58.64861078002812,-55.38738048778744,22.196383993317596,-23.786563262912864,20.77367726111649,3.3732662425857853,72.81314048503663,-1.3400161621245843,-92.32051627684325,-28.890980595772177,35.79314784751901,-82.61699553364446,-32.2546272791805,-90.67899959909376,35.920500971680525,9.696643780328145,8.382744910115065,1
32.486802340213615,-17.30684665796798,-65.2926160722233,-63.267692243622854,-20.51294552258487,-51.31751358397272,-25.81038447396662,-86.17982444292119,-16.90228599874213,1.9931094131739258,19.327169976324598,-29.20937801525099,-15.537464101646364,-6.9012357252985055,-53.03140489232811,94.22525409357604,-0.23985454644343918,11.312268049051482,-46.227785470903626,-74.81342042873129,-53.849505097987695,-40.87032383274645,82.79119281237638,-86.8639658372117,-43.84429820268259,74.20215026931209,72.36517159085133,-73.57465599357946,-30.121697234396706,-23.12124276855627,27.36675114383489,92.68039355776315,82.31798733271495,-76.3664904104891,17.968807023499167,-14.67786825838428,-57.274944999548126,-3.686878646429605,98.4860328680264,-98.35487075095313,71.82181479803319,34.61171477342887,58.610190138314465,98.46962549838494,66.5328497680307,-69.58816462419419,-39.95983753339048,91.95035547139335,-86.10230198405822,81.39391871617246,-1
-6.38618915314197,-44.91066404189819,29.019489128530665,-2.3833045605710765,-95.61471404221535,67.77284620624988,-61.608569713046826,1.4247101870017929,-92.27842128061172,33.946215292227805,-33.87924983466458,4.4783941089673505,-72.1247253611625,8.229978207224619,4.521747715558718,-15.164827220724035,85.15566178497619,-60.45109843698515,-77.81398423894757,-87.884326814751,42.354717555413174,-7.576276204730604,95.16599860582161,-0.4979345994730693,-96.06912787391973,-90.44377488387134,9.812084767413708,-2.7215821714638935,-56.28054237960522,-58.36548274170767,-64.27168943706403,-12.899561355923467,3.65630336682527,87.79826240946295,-31.073576994612793,67.4315644438733,-56.567059671403385,-89.17487988250257,-59.20276242975451,-96.91891705707587,49.32040853966751,-83.82093829837913,20.99245933832195,41.30500330460623,-58.1987242905154,-56.204365789751584,-35.841173050772525,-16.956357175460624,-44.514502868551276,23.69494732882653,1
-70.58530381419241,30.03743328913066,95.29655524017417,-7.334219690745385,56.58433058817903,-46.98915360222253,-81.18699019253408,90.9260597128935,29.336419611027765,69.8604180943432,-50.73666681314282,52.49952425098883,39.79947624705045,-77.52114966079006,73.41069506093677,38.944556390966255,7.576156915388822,-76.12960299804206,66.42239181097167,53.16167621090062,-64.08783435414098,-35.1332185189103,85.94133164648508,23.058226039855214,26.85892476636245,-54.228583446986356,47.966208180055446,91.99674041727695,-28.896368036786143,-11.099897716465293,81.45111451148395,-88.80701671050028,-42.88763879366295,92.0147128052497,-42.784243815834785,-76.12157219073035,3.704128034704098,-67.83399288476728,-76.40306641975134,90.05241831938378,20.455194528579554,97.90849269087872,-86.65561124088543,34.25356544160195,-16.995822361626693,-48.84989479784725,65.90702106550003,41.333963990831336,-9.597622567986647,-69.27284316463286,1
75.02672372423044,-26.430563771439793,-12.393643373106073,-32.49023737993495,-41.948671912827876,-26.870110761554812,25.847675126862327,95.64453400529786,-22.04141630331793,-85.99215029361594,46.35773333178847,98.75180366649408,-78.01265465308553,-26.737643297305524,80.21103492380692,8.191967645485306,49.11824202803672,-89.04484421242154,-40.05245564878135,70.55355333804266,14.868263530245244,-54.60632947796533,11.031261921272545,75.18636356418111,-48.88490366442741,-97.33277620710203,-92.66147333029447,77.04145637327997,-5.1081866886894005,-26.919848430034506,-36.242346801142865,-88.04744497591564,95.08176030025953,76.83431234948651,87.92463739704596,39.71789265793265,52.61287095527598,-76.42243000720741,60.325417262967534,-20.469404656966205,-56.77433816235584,-48.46805653146695,-11.821297301301442,-79.73914363652872,-14.116222881385411,52.99967436123754,-52.14353201154314,-46.211251745287704,77.77779626578908,-43.01599687870012,1
-68.54535836405694,-58.096155137493575,38.581830313616166,52.10644042088728,69.18033348742259,62.04789257985354,-15.33200587576708,33.558082979804,-28.473561317143094,-84.85071954572663,-63.006281175047164,-52.41426718703235,-38.45966349860084,23.54193633997832,-91.68103895078126,46.21249761935445,93.7505031238193,-1.736854433098344,-91.73137265444227,7.565341254085169,-55.67995117105875,38.23814074965901,-42.130876257818194,97.82023585574214,78.57667149538332,-62.7250813124103,-11.659739044219506,-79.54802085416563,50.06221514412198,-58.88464739968986,-28.41974170213099,-14.753650227176095,4.2438068339824895,-21.965413039233027,28.101540863949907,33.16777115890409,90.15599550263039,-50.0964115853755,90.6236653991725,82.17298054332022,-36.56479704684279,-17.731454999269246,73.0649401407176,84.27078503070851,78.36616644123032,-64.91404593272199,-24.73224717304383,-59.864793994835416,2.4165177915955525,-18.958435071828617,-1
77.54083655165996,-51.679744712847395,67.73143089849142,-86.21345957518218,-91.59628174672807,-88.92229308438944,59.11289227835789,-52.27882244318276,-93.49602481356764,-69.27592372581557,-16.43715810202464,-1.7457194030186827,77.94695873755845,-62.32977537082145,-95.4864164632957,43.06245625647034,36.05872545004448,45.340404434243396,47.89446491766387,-95.97181642359105,-24.00123955716667,73.84694615113966,-35.08621006891977,-96.00416724175231,12.100284840012804,-65.72443050689844,-4.895889547391647,1.3305488224255555,7.501938462068807,79.27736922468793,-56.343917665777646,4.0327025056229076,-6.7594912052439895,-7.662410381052624,24.33154845395987,-15.031308463332692,17.13551557927974,-30.65883631929141,-93.69530483181569,74.96717689632641,-28.617408021347956,-59.80800814589799,55.30175561093759,-43.422205614846135,83.82621986190296,27.72089053952334,12.338458464621027,71.38307159767706,-76.21080902226105,-23.577616245443053,-1
8.002382920902122,-38.32957566476025,-22.856657447795996,4.643603993458441,-20.470028335397444,24.71308123345362,-24.838106115710445,86.43373540726094,7.983105212535563,58.11545869014381,17.758208101899157,-83.9023672170989,-57.578014040889954,11.490859221217491,23.49636364727874,44.48113602817111,-33.2932703340941,-11.602631931785695,77.76198367612369,21.69592290725329,-90.38316450924432,-20.533022347151288,39.477538410623566,-20.567486451413203,-41.03592287182738,12.67391121069403,26.126850388407206,-80.5803411323403,-12.604266691776502,83.05521240976395,83.55666404376333,77.72127007783075,43.380027747104975,5.58671147779765,85.49900894413716,34.33011052958199,94.30286128272701,-69.61755490753589,24.232904960118788,-63.02391315320885,74.20844706529016,68.82902730750868,-5.63794704435017,7.85254692110054,40.71094194494685,-0.26420977002233315,-57.20894744456284,-5.662839695314091,-57.905142250329966,70.37778032607144,-1
-20.94813691376845,83.41970103435884,56.48832704003868,-95.3873226005546,-25.733328314530766,75.24060820829635,-56.92532478179497,80.4211729204921,8.793586924700179,20.94809127907496,-83.74866404792257,45.365912227266506,15.895773179613457,-28.936645604087204,-47.543112537492924,88.3471673492769,-89.14138445111345,-86.31642255799596,-87.30181614654948,66.93932313355555,-73.17437199067825,-6.089590009432413,-13.755058866389433,44.233769411810925,-44.93552206166436,3.9137884748907936,59.39197010358478,60.31532872801958,53.25402255528846,65.50676965514333,-36.33295225628548,-69.27672898563868,-14.979621236992031,-36.814859629861665,-22.587875273776376,37.279142567516004,-25.976759411185398,43.16951342181835,30.456898719772283,-20.569002810578183,75.06384417222372,-38.14312444138048,-75.87685586004088,20.751166545990188,-9.373249952381599,-57.6271108706788,-40.25962297386136,-23.93055748802601,-65.32659182382957,-39.32483912982219,1
-72.15092577648096,-61.69573558997037,69.52227484312985,-76.8294445992471,-92.50281057493194,21.451641072041383,23.30848419781026,-37.98096508647741,-37.88433757509071,53.55368620200173,-50.4096830133367,-6.9981348408673085,-47.2565051211447,44.856579291984445,-47.15684276939205,-57.12744275634394,48.14483823207101,3.0644350320637557,-68.84215752744302,-76.28592607278594,-35.42212712978328,56.01420602636708,94.31974658603968,8.754736384855846,-56.917193875948804,-48.02795407598288,-76.99680232261623,78.45424058347973,71.78535545693578,-1.3339166403691252,70.31621817702256,52.44771812574379,43.83002964929125,37.52691191300329,-63.19698841280002,3.254271172635171,61.97260633921354,17.33232200779129,-38.5282635079579,-39.280641339262814,85.73708554964276,-48.0482605693501,29.174464664994986,-31.05658033786176,-59.562397586693926,32.87177496737817,-88.63770116058187,-79.03225177293982,-67.78189402663904,95.66694724662835,-1
11.10991397712398,39.12815068908162,75.91264752255626,-44.93102997231118,33.16455281111848,-75.13834014974552,-31.633016073205795,-4.8447527439638804,-82.95232096653842,93.00956381677628,27.70707238849117,77.29753705584156,98.43170878743166,4.05867394480677,74.96485765744825,-61.597994412264036,45.44115281309749,43.02936972226402,72.16165027604976,-36.51802377717439,91.7854868062206,-49.65094649586872,37.47125864180745,65.23971296348051,-92.70549239082588,4.477864943870614,2.9359939058743976,51.58477278882705,-77.1623858759118,32.97325424253569,-80.99952934129433,-48.704159130669034,-27.399658653623902,-87.93392793257262,38.64620053367804,-72.29847527050367,87.00957807985782,89.54617580867935,-73.84227510198329,58.89729034722032,3.3821001621591193,-34.56890394525354,-49.91376894219515,80.22619822942724,95.2814052400822,-59.069455823543905,-13.140762525464297,26.98205955755067,27.353815870984818,-63.198404167435584,1
50.17421355829947,-21.1041218322285,0.5279609951070512,5.896576475878803,67.77031685287545,90.24474912792104,26.501529865954467,-16.574062165424024,-53.9291880170141,24.047021577245104,1.108917389256007,-71.74412307244033,-18.653920370816763,90.28780095766828,56.869041143558405,-71.06857030236037,-36.41816305627077,75.75007413795242,-91.78909155170354,-64.57812889778769,18.51081029301895,-42.68910185777053,-91.57640649134329,26.19086538517425,-75.63778711747646,79.38884253592735,-69.40538792571846,-72.17065867273674,-32.5679971881988,75.43127530230942,-37.41025626777284,-5.968840868754512,-26.02255223436545,-93.22315282871052,75.99207415635883,93.27045147231638,97.38135970984683,25.391355577391536,-67.43154804445805,58.967145540215085,-58.045179027013916,62.60073895706202,-31.262829181100145,7.753384187577538,-77.727350064773,77.10007810945345,53.85999347308129,97.2873374959467,94.65356439895578,39.40460851971605,-1
-7.464878986921292,-19.27066110130444,47.76548747023591,73.56649934689935,33.59652756587889,58.68390543772662,-94.36943527598906,34.91193417775048,62.26080213788953,-75.09892133251815,-84.5272786331649,78.53314869330202,-93.9730540216575,-3.3054395820657305,65.91503212837816,-56.50819760103134,-91.41065270271922,43.670653173567956,-90.06019458374004,-84.60408774146691,63.266294102834564,-56.0079135768508,-70.46206114762109,21.76058302411505,83.74347042628673,-24.83339356860941,-19.870499621063814,19.042658041512198,-44.98051779641996,-83.93965631141427,-96.09567976629818,-38.84215479881685,-44.6096099749725,86.781250329496,44.46790253241025,-57.33371088987429,60.825188985591495,-50.59473500872889,39.68264984937812,-95.33056611437229,-80.636614303027,58.412681421465265,34.67510109085035,60.88698087091146,12.547973125796005,-92.64153877876906,-12.248423486364572,-15.553364678297285,-80.93645608396452,98.8623802911917,1
-56.18623817962845,-68.29595319451812,-1.786410069284301,75.01179283378855,50.19465193342117,41.153353861527876,11.19974496681418,32.827621401713344,22.873167969015512,78.02840897512388,-71.10301961732803,52.215198829049854,-13.205839299206716,19.919522631858655,8.700527615299492,80.79953887187636,-95.24179087411765,-95.36201369753444,-34.3470779497556,-22.63279492924306,82.09871039867323,20.317537293114114,29.991489241699156,64.06873684595473,36.930071536041254,-28.13801650580035,-25.84840527810806,-53.955823664979796,-56.72764997616302,-55.96388235415575,-47.80705026444125,8.77825113196657,6.560218970635546,76.17863340083102,-40.63899689546042,-8.688457820164118,-74.69246801590062,-1.6338730512824355,-52.268346978827005,-76.15938703046791,68.66955667817274,-80.13217172969817,49.28809247653018,22.937320607363716,-44.72613655681925,28.24402472844656,89.35898229519367,-92.15106932952177,-43.40782610898004,-95.87287749800521,1
-91.68420803068125,7.3736435941204235,-83.91135995813315,74.3194301903122,21.27589571480675,-38.80877159604752,-51.821466117653884,59.402319987065965,5.596745055699827,-0.027959760784312948,31.37018873771663,-28.566071787284415,-51.55696396821916,94.93341383526496,-51.62603977755937,-71.77878628153815,24.482664280827365,77.826488509777,46.10286426107086,43.26799585709054,75.26758329727193,-21.559167727225898,35.59220222334716,-52.82377565551084,-62.06237243769335,79.14619699345494,-97.39993484227432,30.818535203121,35.800877579025695,-42.8375538090495,-27.721292007751373,-32.41621303417435,64.02650597143452,76.22430930362736,-86.90471146056672,-69.48931029006759,63.29266572515175,62.62850206893978,-79.49019687196497,-7.925022292977516,-12.37395129066094,-60.09890554476915,-77.912608746959,7.5415728970885,-43.41681399162187,21.79741835099955,-8.52720658832169,59.53185383804583,87.67533200579112,83.01179531396426,1
9.591897794738586,-42.63067087056,1.8490501005750275,1.1734597057376845,-27.026478135917742,-24.938137872861745,74.45657778040348,-86.3359455535561,46.296349284981375,16.777215105121584,-18.420149786016296,36.7159741228657,20.093363172823658,32.13435855435631,-32.786240203528095,62.00186799162009,-6.299895741677304,-67.88895492131127,-92.01986601595931,-52.75487736231859,-63.793642896405615,-78.10239640065548,-24.11235923770674,86.4684543114798,-28.642996796450618,6.141191386514549,-25.980364309941464,80.44084568686483,95.95707666602854,-49.02938606089702,-64.59722732901179,41.56075139577419,-62.40017141574772,-38.757285375611005,-53.20560593856249,21.85603210551949,-47.93072432076024,-99.57140872401273,-5.552570969619211,18.39764429820994,54.84330545823133,-2.2837023069855604,0.5466771474871308,54.183975701937044,-95.17026094923354,30.339408823072517,-19.953460120291382,-81.32116835775645,83.22996127586379,24.84566217708344,1
-88.43146468732073,-29.494151739896537,-45.49047042139418,29.093685103633533,37.35185341649296,-34.673227943801365,-31.06734506232867,-38.00702360945139,73.74311394149694,-12.605966011346979,31.322714162323564,24.644552508122047,-12.812304435081117,-42.12859574094423,-67.0802223416705,81.26038680366963,51.280327300556394,-30.857147534159964,60.554238594354416,76.90909302629768,58.453606454272006,32.58710438093735,58.459721445035,87.49139087221536,-56.653567614811905,85.98041202899273,78.55696380097831,46.93122774240774,-51.541190002199414,-68.77776958430334,-36.87745186024678,-87.39184675940047,-73.3275634634743,-65.97300497393206,77.60079125922454,-94.39079620664263,5.999630563225963,-96.70762579841492,64.09247789815288,94.68768693087338,-54.25752518125482,-38.37000256122369,74.30650262996596,74.81369788343869,69.00137672366148,-62.010834176508055,-48.65624555640715,18.006786383354537,-22.335246583367734,-12.861451196479052,1
-95.98576044445473,14.554055337389158,14.373937874346424,-7.898168018364245,-33.16323152490608,-83.0472679550873,97.32257133686176,41.01607837906474,-80.61497957265658,36.80222876892816,-47.26648493584542,4.465967634437675,83.71967155910156,77.85809129290459,21.568004733373257,99.94212596289344,70.19673940547912,79.06008203258321,-44.17659565600367,-22.116761258798263,-84.69606145652926,64.80874786631895,-91.09940049232534,-35.229180933485154,-48.0124423538026,12.613146723955452,94.08057765997697,40.1410840651983,27.55408039231095,72.3346265663379,-5.212716151182178,94.57907499104451,71.86817815417831,91.8100920124175,87.89187472314103,1.124964309385291,76.40646539521146,31.770264685691473,36.26353038692321,46.44173530044583,-37.847436842798054,-23.397044992848976,-93.16064558540975,6.649500822988301,81.17904664391727,-55.57033364124197,60.25721305357928,49.73122297697503,-21.0916815377779,-94.81486297871524,1
-30.348906595339926,94.88786212769506,18.05981435111991,-9.365317621223525,-37.14598035581549,47.05920960410225,48.68721835552583,78.04886248968265,-16.231804992375757,-97.36398273881643,36.50460851603415,-33.95667163250138,-23.110970391347223,9.374881813269951,-55.43769871560629,45.492409003017286,-68.75002384631819,-55.06101213759405,17.15066090931623,-75.5160668588487,-12.176228820285019,72.13478037884161,-55.123391412503395,-32.21420701073039,-34.43196197195408,96.84179773950382,52.15058705327712,-47.32744663906636,-29.68585059392042,13.496501819781543,16.365200604910555,-27.471588422947434,87.07017588425975,-2.5075302608988324,-34.197661591974835,-48.3790287348181,-68.65129384234021,51.05629978118375,-23.518257967223576,82.26375081435367,64.36267913856835,-21.593776814014547,40.23854299959751,5.62941717872522,-55.74046748839834,-17.24644888083931,12.172554785276873,-73.8662472129831,-52.857656628193126,97.43074217737271,-1
81.88590073717529,-73.83152773023605,88.06967553403834,-2.758262296031461,66.31729713456559,-97.74989553040949,-25.027661235520227,97.09721152254073,90.56639936522393,-98.92680175653604,71.81192070934233,-10.424376725761533,75.31302213937491,-67.88822246702,-35.745515084033855,37.8810244601527,59.91745528170853,-90.81763359002397,59.897234130550856,93.09729686826029,-42.63663241535471,-28.44139383679945,43.758129081661195,-71.74212838678902,23.97141957037283,37.915433182876086,-21.329448352100627,-38.309892595825175,-72.14329140558138,-0.14641269241364796,19.788970819383778,-24.40845786545593,-91.27335601994389,53.708366427329025,-75.3465872097057,60.95994400137681,37.40333690788776,60.25908011718906,-18.349059421322252,85.79908401501689,-45.82720985039257,35.514255198874054,41.10738360440965,47.3825015880569,24.432790680167614,82.08043522172423,-78.20172746711769,90.26034367696076,-0.16844772718083334,97.80827301525062,1
14.321529896588771,70.8691965565431,75.285854968487,-35.4280111661095,18.18979203032025,30.699013942908635,-11.962040577662236,-3.891828542034176,-9.585370426544088,15.12742719645017,67.33591522952045,6.561429476168826,-25.307468841700526,62.91029381381753,2.6894134822280904,-1.9166885745386395,-93.94532220401865,40.858303291164106,84.79585546427003,66.85809301462379,-78.80758969391937,-54.3026851089025,76.30642299905088,49.933855007621816,7.794279029236463,26.9717066484298,21.27732179691175,-22.11169530950498,55.888801950537214,61.98629551330899,58.38051188203383,65.70687091358818,90.58888991331617,74.28031587019231,-16.928979610132274,47.44442191645712,48.06638803231786,66.22838667316117,74.11671742312174,39.31497335536588,-46.96428661689658,-43.12773797785212,57.75463314302982,23.63714127627871,-82.54109805585372,-87.34953862692272,22.598725322155786,45.46383064067351,85.26810480438516,79.42186307697946,-1
91.48960380761923,9.523220130749422,-99.75927721819642,80.79523437531543,43.20272818656872,25.251346064134054,-4.262631521086547,9.905515180343926,77.7705777340349,-1.1057531018911675,82.34745474905628,12.514104338115189,-43.96883592349645,88.4631225622189,-17.640327282704817,-56.490216238774416,14.33816466206872,62.486137244747994,17.959590217798322,84.17459164520244,35.965475436762176,-71.95548497064468,51.38886394575454,97.26940353416552,-75.1739242159412,92.98404376702632,-51.28120044720277,20.710497371607772,-42.31815529902041,-75.39441399098949,75.84091506489347,81.88047501885563,-82.8133822244123,69.22311618860181,-84.67172683008235,83.88428579879553,-51.02404744792353,8.681928864346418,-88.9911532773632,60.7636260407707,-80.53745198676638,59.08229634177968,-70.09805935858047,13.185833178802227,-24.253711921987303,89.4454692190061,78.52582299785504,42.93648115885688,-92.83155233131582,13.824547751437393,1
-55.963359610037735,-84.50327468890346,35.77564647811931,-88.60942654086377,29.55419768280092,-55.47741752528794,99.48479469621788,77.76791645387405,-11.45760403203954,41.41454172653346,-46.86321785979379,-84.45740702483961,60.72980147548651,-19.70308613762998,83.96934943862647,17.32463949457616,-54.96071208732298,89.80759473067309,-53.266008251490064,82.2332098258099,35.33805140590189,-98.76093618788175,-45.22815282182406,27.26864624933401,-14.673422350735592,-51.24390805253809,-11.175532156071426,53.30544910919434,-64.1902852268196,16.83467654006523,-4.286225973620603,59.096007136088474,-66.97314582872093,-91.68247766164879,-52.16486116690595,87.29871182079566,47.20146965953177,-38.20838104347464,5.435886478977039,56.35824887521542,59.37688429092191,43.08667743113634,-80.23048815353297,49.71204266544618,-26.924037138046472,-67.5278510169576,-99.59983487875279,5.955721194494686,-32.8061144918169,4.875710955823749,-1
-41.70781730124122,21.302445064643777,22.571072313063766,65.43574133160254,-51.506151339388495,65.69731627792618,-88.71530491651554,-29.089665422307604,37.14772698928584,92.34830998800055,61.1806765762617,79.32692568783094,-6.280708102644823,77.51618260729236,-94.8934164597142,0.2521379814800042,2.6722654614470542,-55.99565931190842,94.4406479847585,-50.15237021613363,13.541597798713227,-65.23485931132767,-29.12147024618102,-38.73203616021759,48.63744231751511,-10.230908775409773,24.68419011428047,-77.62189352381866,-64.88900214704485,97.32910858070511,28.471664682871392,-30.392033317527705,30.24202450739017,-85.10170224840505,22.15866905501187,67.95504924104955,-92.06245599438121,85.07151970606924,-2.839034319861881,-41.11498749567555,-87.47761819294664,11.533008742708944,-53.24562461194884,-8.116302390406688,82.94532823283797,-3.316170191472011,-34.373104161901935,-37.920541811451194,-78.04814206153992,53.520708090510084,1
-37.938303579090494,54.22720963416444,26.03711381091449,86.40916724772453,98.50761398109555,40.091655285954005,78.30857478478919,98.71799944530369,81.78577094962748,13.372106661625537,85.90747735258208,79.38874999496676,-81.4143050367509,-26.909116103385017,51.251149758842644,-27.314561178505087,-21.440805537295986,-35.94629872932002,36.65030641422268,-34.82163506140843,-24.981615596356406,76.70379692223051,-79.05551771147898,20.925193072647644,67.44855270010794,-11.55460015504623,75.26782178621889,4.721696921904922,-10.216732017647786,-47.11132963390639,84.34887631689577,-41.60644340795769,-31.649952975274886,-62.187135427167426,-81.02935374291516,89.33082865278797,-76.69066382118271,-56.39007582325017,-11.046438401252303,-74.80155178141018,2.0130812083776704,-11.341768125320456,-64.64602857231488,-29.095559431032257,23.90407977398614,97.54971154382758,79.93652727093848,27.799304676467045,83.13732202585902,78.99486888898443,-1
99.38988348233394,17.364089014712732,-91.67935332893573,-32.400793737615416,-4.066563427983041,-79.90727826805883,73.25871058394696,43.783305346341166,-8.671052404360395,52.72542911961369,-53.422327923310256,-31.620936266240165,63.750564248212896,-65.93088332022703,54.834698698078455,-73.42872022764271,43.37864347835628,37.589585364381946,-79.3757448998089,-25.397762135774187,94.44775381682382,-90.49583278097528,-9.967411346437089,86.17415954478267,77.53325704973889,27.53168597271349,20.758693502669573,56.771405386075514,-23.49105521496368,62.88518799732128,72.4922175672308,-81.00029666601966,-78.01687230012224,-80.34205086222892,29.30678875406184,-78.33947490129127,73.76308157335473,94.44884769853817,0.8955248118386976,-66.22441568277766,35.484081257698335,-77.04512183186446,99.28728823364662,52.87640181641123,16.615414074048076,-19.262432899377274,-50.82485238712506,-27.416010810253155,82.3585347208925,-57.42351634343208,1
48.54130423999621,-16.458286605404822,-27.374257902072813,-30.995866677906676,-39.50892403379787,-48.207033419959245,-61.88146771036489,-75.58579403059144,-52.95249450511093,-13.726542039690884,-47.85460901851428,-49.487248898020496,-6.8296160313385315,69.15911606130044,50.663337681407484,-66.33891877140869,2.3333434096781076,32.75269313273304,-99.42678679266439,-9.09404454304574,-10.156540770765972,66.52230953718092,-80.78372315467226,17.85809801820531,-34.40788116525151,14.669239070898627,80.13743963760325,97.57327064301867,2.493459837548073,-47.31827964432427,-45.98024841570761,-10.371436768496366,-39.308313844998224,-62.90629389776561,36.058141138128434,-53.273430927793974,-18.23230394393285,20.301544732284555,-81.01895511794805,-80.91404829298843,75.99858084605708,38.42405387911839,78.04618480928812,-95.0423618416538,71.25909171950312,92.10348587470398,47.57301606035844,36.027638157550314,66.89030958070654,-81.36184092810099,-1
45.69813543232263,26.777892366488373,51.62584129936897,-43.07401761213618,-77.57614996746022,32.860320051985724,86.75213675756837,-66.34548730817434,52.20667294468046,84.13122704208698,-76.95686147582177,-24.756812066601768,-19.60444928004557,-83.44319849235428,-36.0629178340599,62.23639569612109,60.69831590672047,-71.66202772901747,-71.75054646028727,34.33372794934343,72.02885705431353,46.79129133844526,-8.07067986157601,65.3846834794939,-6.097183009156964,-35.922741165850766,-19.5257585721468,33.61186483560232,-80.80376067919421,-28.67664758707558,65.4329713948043,-14.014453120065156,13.700858795069152,-10.80044467237262,59.65162913519197,-82.3654499594443,-66.9607517153213,-25.94676802203584,92.68076980735782,-98.42800378886385,89.14964504085782,-65.82903293843893,-24.863407214165377,70.4795698827661,-70.87432911139152,2.0656199136558655,38.98489730765559,85.1048611272293,-1.6012823399190523,-8.483438786955759,1
32.70747440334213,-71.13759126250369,-5.726377965400502,86.77868762997267,75.48969673019522,6.965615648022933,-80.18887382060586,-84.17152081339614,-93.10005551779122,69.69504968544015,43.24894610889311,-70.32743779583078,45.70981754233176,-1.3288303307187164,31.167464175092334,-8.565961559142082,-16.87296290258837,21.663584667164784,72.91691328452143,32.33361637933078,52.695460091579776,62.94347189624705,88.22615526555907,-57.23560953061726,-36.92748784952269,-26.255176857327058,-45.391445323888014,98.56173938288961,-36.89575395279911,7.0522690387674345,5.94843749341311,-89.82778510680342,48.26058680566109,2.036390132639852,88.62908617539651,-46.56959847357023,-33.88945810527359,-77.6394885679791,-67.14340545188713,18.0948108981041,-10.188548494212583,-61.79985316867265,-52.09764041165978,-72.54535436087579,-55.50049346255006,18.071791706331283,40.11162729464306,41.14826852517268,-60.234886290382384,-17.00717713865197,-1
-64.39280662604972,-81.28811861753289,73.7256341020722,-35.38225054108955,-40.640771903967085,88.72156436473102,51.10670686786801,20.947301969348104,63.76848657959056,92.87534484303646,6.025005400763476,49.00823569233046,91.72793963278684,50.659087561458136,-92.41906055672942,2.3588011624263316,67.22225098287805,-6.307012392921621,-39.294541545416095,54.32631843364945,12.32325845942222,-2.1744966392050173,-20.824285069543905,-51.646789206128794,-46.0813944634354,82.05490158904476,58.453615553232055,-59.118253578911116,89.66001231841594,48.68967839364697,-54.84170322443453,30.091577469370748,-87.41351531350914,-34.36889743985549,-52.445816386952785,-6.822648611996968,-37.11708647650796,-31.65702930366676,55.93057416247075,4.589706504070648,15.502839022964366,-53.98221406568715,-28.28991551086189,56.83150362747597,-49.4399294722695,-86.22664265588777,-78.01067260572505,-3.948708323763867,56.33550318900046,-44.91072439160089,1
21.427056176715382,92.00237616382509,-0.727125506738588,60.42328943258002,8.694984076872657,-43.85381257343197,-77.66496347013396,-85.98870145004133,-70.02302623912598,38.27998437989919,-4.852481007894042,32.100015353950994,-13.631425295739533,3.8836193183044543,-37.0417124527725,-45.92783046500812,-79.09688025556349,-17.036347278209035,-0.407756942335638,69.02655356432146,69.70838469524429,-88.83799868533349,-64.92305824718045,-30.13028284471757,-48.349828457209455,-99.46315368436291,-75.68147841673203,-20.20156671613276,-83.31744102144151,87.67854023145796,47.33652021677838,-6.896707346470237,-82.39956328602005,30.502471693189904,-93.12726618956208,81.82933157478277,46.48646486730061,-56.37699274976071,89.37993955423849,-70.15472431542702,-83.18599912697317,-91.98941202538933,87.42846169862267,70.42389175379301,-45.02775107425223,92.92946649159782,-90.62231777344127,-57.994552140862865,-32.19623426291653,-98.52420355203392,1
-59.50388796695252,-89.53056431373739,51.26635729603183,93.28696201686392,30.57461859403196,17.078442207328862,-62.835924896182945,27.443823361583526,76.80357195803666,-27.473448294293505,-21.37612137925447,88.7936804475022,24.30378699906521,82.73974871836828,-16.77437420512831,-55.500597035920364,89.26888443633439,55.601756286814776,10.743594992134376,-97.27497983443911,-11.896947256108547,46.98481661928099,-13.483908387246956,-62.97966225233576,12.69529231343816,-13.773216745642486,-45.81766207817661,-70.3497517697181,-17.562697287924706,-81.33287634407691,96.54573581930069,-85.26295895320715,76.30291690262064,-33.84390430383171,13.242120445857026,-28.394940152647848,-97.37069170393562,94.4803090429931,39.36458956889706,-76.1340327871929,33.05231211221334,98.00568546782881,14.06841792627256,87.81979446002538,-5.687994212451471,13.965074931245056,-27.1903139971664,-6.402257383549809,19.673454389488597,-37.680984853979126,1
91.0896382876135,25.042306771503007,65.61099459385457,-96.37811254240889,-48.17597914571543,-79.06397919244334,0.7850707649665196,-80.76765927381561,-57.16793121336576,73.60137725502102,-4.515738402908681,-68.25881338513912,-57.31693255637897,62.83533412288568,-42.1731048065485,82.48472293705296,64.21328441634603,-52.66548364112771,-7.505600124245419,-14.559960194408063,-45.260663939133664,25.37443017762746,12.041120614411398,40.11268487087315,-49.38117033935725,-56.88799073306923,-24.11399060903227,76.76036365287823,4.6368569948568705,45.29368713801841,78.77739525301286,83.05767353800056,-64.03428642661947,89.91502284826706,35.05759778593122,9.142130098335727,-11.630488936526888,-89.08875704181696,25.450255267572828,-13.356885360688352,36.332397332915235,-57.292239139468684,-8.712962679704674,-12.609829414836923,-12.86339043545415,-47.3681174913346,-74.29823835294513,6.3954947884669195,21.835227898091205,61.72806601598876,-1
-60.38047344805197,33.34177107929136,0.4797055687071321,3.2633123322340083,-88.93986273433032,70.74572759287662,-17.094731467897546,-66.2787749752845,84.8228966804601,-70.1296159704464,8.576567774311059,-29.511502296473054,29.9061899247055,22.787183560207865,56.98329386100741,-73.62668515154536,33.23685262388557,84.57552369066198,64.24635404128716,62.75783346689252,28.95397953627574,68.32873358403174,-12.074650367687084,-86.91801859286554,-16.832614431536157,95.75555229116858,-82.3868474829292,1.2992581967332626,-26.630516434421196,-69.58420943131884,-5.193293640990177,-46.853496871856,-6.620608160637303,-30.584611313798277,-74.22659852100826,88.80746101825784,-97.75921965352138,72.99208019889372,-73.79183131025637,-88.59912048731982,-90.0613079562858,-36.20846958604762,75.64322624857849,-35.66732148905045,39.38671355481284,95.6501976095852,-62.78379818140296,-43.67734993594286,-10.208825361566909,-10.801715981396939,1
76.51197535446946,-34.12438659315646,-52.93488980805008,-4.885984649269275,-51.87495465412286,-1.5795788722140713,75.72822359785147,-84.29081660537668,25.558495640068074,72.06577830901293,-71.57677481592458,-32.960006965909685,57.05123194468504,-86.10759497857057,46.52930612286923,-86.43472250052149,-5.847641763716439,-53.665367297086505,63.29270509771524,63.422601954639816,-39.81542008960501,-47.40514701586667,-18.64826704356946,-98.09815278715884,-57.437863280921306,47.53976688736216,-42.40115324722904,82.15021728084295,71.29207276433294,6.773419264093846,-76.75287479266966,81.75159556512236,-67.21766134504688,84.69925162081185,96.62756510927971,52.94626091533229,-41.27737385306474,28.483553707806408,42.48870129432211,44.356401702603534,15.238509700990477,97.0249479140233,70.94265406483726,-57.92695941232486,54.21694878190851,74.20402622265226,-70.94822389744331,44.940513309034316,-27.05223782854158,86.39151936997152,1
-89.87550554618517,21.83907827866524,29.31945676049409,-22.232696590520007,31.12397608899775,-72.4218445157329,45.36649015813589,19.604437556391673,85.29270729411272,-0.28628948887627814,-92.92757786235507,-15.507373121598363,29.3673575721798,-40.31698257863867,22.67015797961149,21.431535576457577,-5.63638018061809,20.14066483269363,21.379608735736497,24.18620495889779,-9.302290059959034,-11.922422960571623,-0.9234504422978489,-19.335738250338252,23.4625802740142,84.0274600204304,67.34219886168464,7.287914045322609,3.1453769882468237,65.77594811430302,-97.59866746158818,62.68149241134307,-32.9163527940042,-54.752546182437236,27.28476355175033,-31.709624526891474,-16.81911716488331,-87.57091680247314,-34.961778769905564,-8.893783629337577,-90.12281100098403,94.15187722365744,-12.942937384424496,-30.712972032299746,-57.949836922649034,0.5344864568493222,32.58618438726086,-24.625994799268256,69.53428015450513,-19.12722305609762,1
-66.74893393005988,31.848907410174377,21.81633100420271,-85.3243220512448,59.12178496389464,97.17910418435116,61.29051353908034,15.643136274607556,-66.95068660032496,74.05567865935913,-1.4281713604427466,34.837217347941646,68.29999771130645,97.73872413797463,20.565955784584403,-95.54327695281715,83.9201753339498,-51.25216359880302,9.797902140465254,94.93397059056684,-1.3966921239897374,-50.681019192493615,15.167112859310265,38.41932739759832,-31.075059827621217,-23.916788606329646,-58.32883464996619,36.82774930011939,-76.75633662152399,-70.06458991044447,-44.61993548210161,-96.52583599006599,0.09994079295437075,74.61360971297384,-87.28389718269855,-91.58032283909891,82.46732709957936,-91.60018591091253,12.496245780577738,16.45870001918985,33.24986267615165,-74.81528678397736,-43.132155983477595,-79.82689872511581,-10.220024682040645,55.090199994399086,-65.3167992079613,12.109918979853234,79.22512029763396,87.41065550030686,-1
-82.32301060309626,15.100203693811793,26.890627951120607,32.47432487924979,16.98421894496593,14.902019904972434,64.81089793380167,46.512842974178255,-61.536437439201386,64.56223569866421,-93.35811739336737,56.31335180537857,-44.375014316511916,84.71059340185747,66.8523962440519,91.27523657919417,-82.31906844659397,-72.68293546658298,-59.58746337390195,-31.330564862281676,-42.92827799520873,59.37383372465902,-71.48179823399556,-28.20498834809493,-1.7819615376154303,25.29253190735632,6.872837403185855,33.21340862059208,-55.21202745509925,-5.759521470420296,-22.758749327619455,-44.4478971248025,98.5096145207088,35.610603396112765,1.5857649419669002,-85.20928277573108,81.87282655677714,-28.431392729497645,43.022428174315706,-91.7920215906574,55.22195901016369,-93.12723536635082,88.39384183756377,29.42842212032872,-21.30924998934485,-6.594272158577581,-40.16852192188125,-95.95943513891262,-42.429563223860626,72.14224708014646,-1
-53.610580776804916,76.34179392771694,-78.20567413921684,39.71965734540785,86.00381176389917,47.29347749000044,44.52570014787881,-48.27256642638127,-35.563137102388566,-9.822076981026598,-64.16987948538159,-26.781523328558563,44.61550860262443,71.36475579748324,-7.489103404089789,-10.759304001849884,75.40148985978425,-73.65975271070704,76.81487178884583,33.03016441487861,63.89841755929737,76.77789132483036,35.251776490703406,-58.86269487085938,-3.876669538792129,29.879583445526208,66.30606902917785,86.55335334095443,-56.51479012378557,16.488439539891985,-17.381039927623632,51.53295144106437,-10.346580266094094,56.35880837235612,80.43427861031734,35.51982580165998,-86.12933568097935,88.99830687674554,-39.57872331123078,-88.46897557097293,-52.81022067656724,-85.73098040731426,3.365870769821754,-87.82924301445868,-9.78290337672891,79.40018572410031,87.50341965289948,-28.555630917303418,-39.6035789502275,-93.16169682204425,-1
-21.227118869168308,-46.95429549946508,-52.460247938754236,-91.35601254900855,44.049080154996375,-4.577393664514233,-92.0195314913823,-7.872016906563189,40.87219396360874,53.35342315070136,29.58517793330745,-25.320258875007553,-55.697624707582015,44.43340096496087,-77.62071645300381,-91.83597940504364,89.59251162045314,20.55033900194036,-14.371099326268478,6.576177040306575,-93.26048494497951,8.446030959981911,-4.070382074484584,66.3640447693652,44.783411381989055,-43.583754061267264,27.51905021336252,-87.14913303028075,73.49381487939371,73.37458062968432,-35.23106821116862,37.12136420658118,-24.17778180625558,43.71895392632712,-53.43323321936728,-88.41200061595408,-58.46413459581263,20.41886375226551,32.767265697338445,96.19516904589454,-95.78032235877005,-91.4721630892929,-39.283582907817305,-20.568337594661685,32.886726484145186,37.80294627989554,-71.50665981305384,77.3303394687353,-39.70791334704471,-77.8895809682947,-1
17.600092685925688,-88.34055922752859,97.36213635975116,-61.79096786894094,34.03453841178697,-74.50592904295175,48.76090215605706,-84.76644615984219,-68.42891272026372,55.62697687916102,-79.20925325068904,-35.90178905362107,67.07401359240757,-23.5117116392949,-69.793299994659,71.88885865214905,34.598889561467246,-29.542333393987846,-54.07884681854696,50.94802338597117,-31.438418478128227,-10.66465779965877,-78.89087582816063,61.55282787225801,35.43606544724241,-87.02393300887366,28.399130124344737,-74.03659194218352,-30.626045510634953,47.15133529640639,-63.62494750025427,73.58926191442922,97.16632511494737,44.52421775126879,39.704414010090545,-87.105774749109,-43.059813084839064,-74.0252595665807,8.252467518012878,-63.049328633832346,62.26736386175776,60.18716636007528,67.08605337211503,70.61333714042738,-22.856773856007905,36.30483526599005,-39.69055535873471,-21.87426147869438,-20.643981451610443,-97.25283748726639,-1
-72.32568105588868,6.397663654156375,-59.27027177534452,-48.95957519688041,62.0496888848034,79.43409991937204,60.9247111390863,57.17116725182359,49.45685095141232,40.10987857510955,-66.0987491333893,-20.05935656524717,36.59269214580493,-23.388897583838755,-73.80717997746993,35.116800523397984,92.53841549987197,-99.55760849164952,16.359744744278885,22.11787789063881,-50.36045520653709,-34.64722391749409,57.2589727704098,14.299123896794,31.22952097363745,-40.39194767628012,-0.7380260669804102,51.965323812793486,-44.43924178490752,20.73624272614363,-51.744382785789526,-75.25152610990287,91.05860827923988,65.36523359431959,-56.905505365205,-58.875070173948174,68.96125237042537,95.08966676906999,-44.12747090190796,-80.03838309802924,18.2898002151759,-37.235808894034705,25.95390600650282,-79.41303799137893,-91.50644406588322,69.07489447970357,-42.29779690684725,-2.88079407227994,2.08736406910009,39.792923661502925,-1
-32.4769657192744,-96.79436870897537,-7.935721988520328,-94.20145100020403,-37.93399857308739,33.512420357234305,-38.39782045894526,83.71902622018143,46.96829817041282,93.27707707433783,16.8197745928168,-61.17531941899577,-77.11496375241094,-94.47872572340334,-16.256854072969958,-42.971244922588994,68.08410795039302,-11.566101591483616,-7.3357860869197395,-70.39350239996311,-56.66012735896888,-34.43010518829685,-7.515682245809188,55.33254692774932,-6.7094789325471,25.0563096512262,-84.56678090823118,81.01746486097235,78.74584537206957,-28.370852298026577,8.85042460243129,50.3203190918733,98.72892648741177,28.55572926487804,82.37187812255357,-90.80519662044571,21.90763119185435,83.70939165640004,-49.3408802886133,41.87181550842598,98.63488078683685,17.432865253313622,57.23421401369927,0.3505446498303968,-89.03009731752299,-83.80292854546971,21.765150843915194,-63.13507557595515,-36.602377418781096,15.771849846696568,-1
52.72115883195215,-42.919186307315506,21.844532553870934,64.43658116334677,11.621688243304803,99.67697600162171,-35.942999756178025,13.670319005204163,75.75054890250723,-22.163322977374264,-67.7040946122035,-27.84674173406205,-17.96881221839284,56.83193047106326,-87.6455553076978,39.33980980189932,-36.94601909678137,70.88904898687844,28.83814141938751,62.51358861537531,-84.98377172897962,46.25665003404015,25.704635628559032,1.228655943397385,62.405908867822205,-38.581806708409935,-25.38155350515079,-7.396977762769993,65.38898439886717,-16.72210212333107,75.38388160009589,63.12335039812061,89.88524464203519,58.650527099830526,24.570287136211235,-37.13707704188278,-50.90984476792586,-0.5358037766092423,22.02865244990815,47.75691504831471,32.937859900779614,-49.37970210140759,-56.79154443560734,82.64088744038148,13.928037320051942,41.743402157257236,10.209352703937327,-22.702512799244772,-76.19910576322786,55.875150848613,-1
-31.879166683741673,-86.8798470109941,48.74736299048911,40.79718437293266,-69.63131087094487,81.56092228947892,-4.14297906003344,-31.562256751244604,24.543758531739428,9.702053686764515,89.61743926604188,77.92288558068122,-1.6817581394048773,-72.34302974718966,-67.34083159876101,-16.624707006345773,95.51316292126518,-89.23856561967862,67.30481218122671,-13.950659565338654,-77.57728645732189,3.7983790741423746,59.07156354451524,-96.54567881794493,-69.8684930854852,-53.948850605852215,93.35590504653132,-71.17684223356405,36.50444539984346,-2.2779677172279946,-26.73221291293035,40.93721368984518,33.58953330178963,93.17812546495239,-72.49576243813291,60.6083982631412,5.4110479343735705,-20.42606383640073,-0.6199553225515473,-82.4324649951708,-32.48363276338881,57.332020642243634,-84.87447335754108,61.19959891283483,-45.022650029117,-4.622356647971614,-39.303019578911005,-91.04915805048894,57.03201934902623,57.20757961061872,1
54.44895385933148,10.562975143669817,87.26855067964556,86.61881462197084,-16.002840308809965,-52.37887450558425,-76.43542947601311,27.069927947191587,76.23736528717043,21.12054496014308,73.81370345614528,93.42307475135806,-35.793111802177705,-67.59329851649811,-4.376999533099905,-3.2629194754613593,64.39107835424088,96.12086079786994,3.271870421102662,47.12487186553537,-2.4834740003804257,-74.95461291764396,24.57190991517197,-12.857642555079437,77.77107650101792,39.181480092723035,37.69089609682811,-20.197923701990092,21.627778703810435,44.958120229577844,37.11826588558401,-59.08848413672392,81.2048844979287,91.89952041035502,-72.10066207141148,70.59225261709244,-33.0048953230705,-57.4783691469994,51.12532038177514,51.12978884426454,18.414084143906862,45.17793212763456,13.425412761189449,-84.58207880006412,-58.97435722264819,-25.447501218781568,-80.94622661459226,55.825642359166096,-56.42836356673398,80.76420958299806,1
67.63099499772852,74.65087133833453,-5.749856675294367,81.07018046540739,-25.29507443752344,-8.50906902239295,-96.42798879693517,84.6353808888008,-34.542115654859344,-65.71582893608057,-18.811537745288803,35.21972753073837,23.680248295530333,-84.63084596115051,-71.48919741085528,-53.18314821923453,30.01275360900368,3.174078805020031,-80.0610040252445,65.67484381817408,8.525744612028575,64.04743990999214,-36.03947815055737,92.67052292208194,48.11929131225662,-19.312119504167953,59.907175588001735,-74.07055437797756,-9.15051687779858,-81.04234446476269,-97.04830659772303,88.1475522775811,-54.61599137260311,8.216781151893656,-98.07156430689278,-52.63590565041321,-3.4825225904182417,-60.5256841467605,23.289771659230098,27.787715231629022,-88.4437627000649,-32.123757178364414,72.79226633739205,-88.47753772559976,77.86848773819989,-19.422003338347537,-6.731398672936393,-89.81248584398142,8.49084863908007,94.59078217102052,1
-28.575768139899438,22.908203644263097,-44.30159932852267,-49.47610787964507,-48.10487008563631,38.16328982260541,3.9309911601290253,-85.02600772544386,91.97993960833816,-36.0603251205615,-55.14956099679924,94.76756297608026,-49.345281215044665,-55.15356685295538,-28.04268977476869,-91.20300293385226,-59.94390278532098,-36.2669413551844,56.699474552054994,78.58116495293655,-19.39949618694476,56.51487794469821,90.14623836811592,-79.17116778395763,-27.06779962323425,-62.75496395280058,71.68754339485187,-11.138815363047769,58.004708660364145,95.82976487597165,58.55303445389899,-28.575865592068922,38.12611050962809,-79.18533603811369,-20.109305985453148,-44.75271262483766,-78.15623091504729,41.06400833509713,58.55471787925862,35.68409687853932,86.58783715557718,14.926635164312316,96.71423571387885,77.47909369479572,-3.983018134551216,-61.13510151814163,84.92095016152373,-74.31303672365402,65.10190960450748,26.22292647852514,-1
-70.6609771969637,-22.068515542376915,-26.133966236071046,-43.086657984029664,-31.18451249794525,-85.37395205090786,41.18525333864713,-46.95340918399644,-2.7739305106376406,37.72877090851088,-37.02300720529412,-41.0955669626641,-39.08390945157936,-7.847863067711643,-63.926124084756864,87.77816892198459,7.27522122677135,11.224282546958946,-56.92857014163357,-93.30924831906016,-81.11246981054899,-83.90322948550133,-78.41849024682773,-31.493045037503364,7.140691500638766,94.46770779687537,-85.85966851015789,-70.03531666895077,-34.83914112994604,-33.85670881931679,-46.17643702168455,-99.18861709328269,77.79283380731593,-5.9845604573213365,20.928686851143667,-37.43329557078445,20.48268228914685,23.09577751395095,37.97251419067095,-47.028570666305484,-58.43692734524944,15.412245981868367,67.81694000870675,46.75532438384445,-4.6018383423895415,68.19609003837516,35.074287851658596,-35.43017536740143,62.38669838846357,-68.12671313355445,1
6.5915573102670635,-50.43751141861863,-58.6973670140432,-53.57427957937881,-82.44770510422282,6.188746214472943,-95.93121267715084,43.320872903902796,8.71446098852509,-42.411374079358374,4.835822088192359,18.225757909677824,-48.31203008807605,-66.79880538404501,44.87021457288384,0.9790462213050404,-6.323557229865017,-83.25549076858948,-71.12513367286392,-27.920158885942442,81.32547481527419,-67.30818415208603,45.352942843896045,-60.74871816045666,31.018356898331945,-64.1671686538643,4.349170838778505,-82.04825752726236,35.78382067694051,33.456064778032385,-64.79712893969534,-83.52747765157531,-97.95170028453464,44.85120106380589,-21.850441130970694,-21.677397236263744,-40.61794896509241,45.10124032020269,29.72580970375347,89.79104583864728,50.74487092271016,76.44381443198768,-25.605182997180236,-31.598655022145877,-93.576603156701,76.99570302212021,39.270702687908965,-35.05300595123322,71.53908130705625,29.162901124249345,1
7.666388651142682,-25.21225727924508,-81.67235896485442,-39.06073198274211,78.52306681780632,-62.89091998440941,9.80189645245666,-77.49464193744022,-70.77286199764202,-98.18967164882739,28.044784507794475,50.96172698366519,-20.524250164734397,7.899909059208582,-72.08328940737087,-68.12211381223312,35.529033368454776,-30.682077199954165,-17.91008428157228,79.52885468114991,-73.54349369723067,-36.39179799301546,-31.595148204377523,-50.26969335146072,94.82784422159293,-5.652034079271857,29.516900871098983,-15.563418751424663,-59.09962488148197,-27.3680853596165,3.9330097444695724,-45.73862132246889,-56.84690930274363,-3.2008148027968417,96.45725402868402,21.118248398895688,94.31916732740075,-31.749226408187624,-20.27445809239066,-43.65245774767219,16.25962751332561,93.22991571599519,-19.46437565095131,-4.055501922716644,-40.19889586133025,4.514660145046449,20.944104109658724,-98.27210147075711,92.2299613525885,-42.211532673512544,1
67.58167497036072,-48.98255551572037,83.29366973321132,-35.881218583936445,46.17216460891399,63.31100480810329,-66.61755743244024,-97.87615350460801,3.116466065731572,-4.130729746506034,77.3065185917267,21.679307078666938,-5.536116318377623,3.9583611633368037,-57.98876755742741,26.709878932136803,32.86395547762754,-13.745840575918152,-22.41538604458968,-72.94448002374445,41.67034200097933,45.54902553240058,30.94585178109267,-80.90557898259888,78.74148086156092,-84.12160499447137,-52.322900280594254,-27.9302442273585,28.469270148312233,-12.878030775322031,57.49604669533642,-36.69092190206948,2.7799043393359426,50.08686955364615,76.32884522243015,-97.97505774584813,53.68613136246432,62.92668550830058,-50.82414164351747,-67.59396104851353,-60.16457488347528,37.86494172078284,13.076324246272037,-39.27394224985705,76.90963873921248,52.50630323875177,-95.9940323914603,-9.28373328999237,25.27363309669373,-65.18148225078362,-1
94.21164903307354,-80.1524670160638,-3.1054381933614934,-11.770234990639622,-55.44837729057868,-81.88111885048667,82.6176356103878,-65.62776868029363,-57.0930443546773,-71.62527235992853,58.85222568033328,37.671313753018865,-85.27394546925792,57.78408186877098,-32.233742566010065,36.46608303820656,77.1556685208804,63.231205509237355,-34.79911940350834,-27.706794268255393,-29.497017735493245,-26.616579853062532,-48.096360796228545,-18.786382413006606,69.62502354700266,51.664838537250574,-65.77644145314679,55.88892417623461,-56.92165780034173,83.88936721184416,-75.66779462111307,79.83041843352063,11.313827447222963,-39.46038127602427,-31.894913715628718,26.762278328730588,-17.96684443643737,93.07983021850782,-94.03497316359824,14.910083593764156,-89.86407340463762,-0.8717442308997079,-14.932806946083048,5.199307178036847,1.4671863805146899,33.53970656315738,15.260380310650802,-44.04370979588552,-98.76893266108122,98.10113001445856,-1
-9.124533088007823,-43.90898704798894,38.85494928717259,-87.54988201170914,91.05732276989909,13.579645790034945,83.46678402924789,-12.978253461820671,-67.33342229697126,68.45723355239267,59.29625256539387,99.87686421323897,-63.26971113607647,54.51739167909895,-79.96167959989955,-88.51748119325404,-62.533020547687435,-64.23349406436019,7.496362050418995,61.78274183182032,-44.19772923255565,-6.743856194544321,9.975960964288703,5.374632049259787,-59.80252301804114,77.81364983643036,39.63812404672805,-72.48451268874989,-12.9521508852052,-46.57085048977583,9.54013129614222,72.41327424698252,-63.22287269545255,90.50041720210498,45.36420664337953,19.567956874704322,-45.999651330974636,-11.947492249299742,26.344710059638317,39.47105077788814,-89.82674221227606,89.66590399804645,13.719732769774453,36.922070650574454,58.64740170232224,82.82365605115578,52.46318565036103,66.9774016506303,61.453651009623,38.85850983566428,1
-76.92107156421653,95.701193386538,-11.727984262875708,-86.5542728858379,-80.58450190526851,97.85034569591093,-48.65601161733404,83.15370354189236,95.41595490873937,33.49765431103302,-39.94555718306023,3.2958949311528585,8.83760008899084,54.02922557257489,-14.665245204305918,-95.79754158288043,-76.12208526992373,32.17132522165241,40.228605799294286,-83.39496018493796,0.8771427316115705,99.50948459986029,-3.6095651034758305,90.75717387059993,63.91751628309723,-79.53368045182847,27.834566780090725,0.051347034211886466,-30.11421572446848,33.409379167864614,71.88209122248728,-54.01392711494572,-84.5239353381801,-86.79738534284147,-85.76344175217426,-28.172405445458494,23.232179982498025,20.59893202532494,-23.554614118836128,8.273974518837008,-38.81888329598002,4.328744728725582,-3.3543434067268265,39.315781014899045,-10.0017521839479,-44.75994825346656,-37.63359494097542,-93.76886998631275,-65.61279088429468,-33.165256746872004,1
91.34408677786996,9.816644513744578,7.667898070003247,7.733991937086614,60.97178309314316,81.58450748338419,80.89497354215487,-95.52726507058362,0.8763921637060292,17.805438576379643,-39.955582922448386,48.14738916457031,-8.362894258683667,-11.77670407309246,-2.6723460509374632,-85.3505400522713,-17.64360733072469,-47.47097764893742,-98.54526119743596,82.9582187833139,96.78376784078148,-89.71440819484292,70.42045041798352,95.96029979122079,-21.333944313909598,-10.755726523813706,-6.054985380439732,57.2338782310224,76.68080257697468,10.316123116220794,94.68528564699855,-70.76638767650871,91.52732286043906,47.26199712188941,-69.19895928300551,-69.16701250975149,63.80507948330455,-63.283488392247,36.852632017303364,45.465369051836944,-12.083698538802096,20.945009093391207,-9.050351408071961,-22.614850553309267,23.593091892523603,22.682592171055305,72.49861842216035,-83.30263031247426,55.843849750338705,-38.37462800146252,-1
62.8767841338163,-65.08320306472794,-16.01849046030648,24.068572263443187,97.1807654246928,-79.12461423608315,27.70110517905357,-19.524212352645762,-49.45990174076478,25.87619900804748,48.33945566650277,5.204683404778947,-52.22299050990073,9.708998623551082,83.3121098171037,-32.70217904708737,-2.4537857792278146,-75.79827521177809,-61.07550706118434,-63.66698645523952,-78.57233372509975,-77.13153833398113,-43.62150362142361,6.878082587760275,63.971432746089306,68.11536563462911,-23.779323410035616,-97.6897513549951,75.7007861472328,-21.00752664040138,67.00511440785871,91.98584411392929,85.91555428371049,13.562400633606117,-73.73070093353455,49.67469141622976,82.88547286823916,-75.5373118925892,-47.77105252066782,-11.175022580995673,-72.8996441563718,-87.5775561490122,13.256483202773438,-40.875542894250884,-2.2892354476850443,-75.7027784216288,1.949431210630408,-2.976688548451307,-75.65365813450478,53.84890029420288,-1
70.11634581884837,25.018310537305723,72.48087045861783,-29.065834677937914,94.87171992317772,-35.515566777309246,-29.16398664038111,90.97205860381936,23.618383807466174,25.639322075856214,41.9292786511096,50.82186722066422,27.419536477611842,-31.339011963146035,8.681711180192934,6.171813342874373,25.617419740267366,-90.27924298826962,18.526989718306908,-70.50453573390072,-9.098795535811078,10.942576200784913,97.51818463155027,-0.8950243233633302,50.08765205720212,-96.91647637173266,-27.10093389860704,74.28167229694364,-70.52895203646554,-43.16649247492301,5.554459776100714,-35.033121811617065,58.18427927150387,-70.76227532210632,-71.21473855659859,97.85660115889092,74.03839273246453,99.79618831533037,64.6803017283896,-99.9006808821527,-6.259525670657638,-79.78401057399577,-59.94694186541445,84.59372717672318,18.95562866974143,82.35618336855151,97.31857888567754,-37.93853233136291,-83.66644425203779,71.70660401538828,-1
17.117536774522506,88.39828937677433,91.74865938168745,49.18338759971127,74.88775703214878,91.6368311951137,-90.96077053877278,-29.45259867129306,-50.20380323786284,51.80309734849337,38.09583843351754,69.50416920833575,75.04498872563482,-28.007172129414528,29.850562339059934,-45.92499710376763,61.11092782026563,-52.0088410345769,96.86952918070443,25.098318758255374,20.17554470709078,69.90549780431553,-91.35799927632766,-1.693654862892373,33.942625443644914,77.03942088935705,-34.702190753939405,-76.13870936977733,-24.052589548369042,-43.250994303578636,55.26433434715082,1.3059834583309282,-99.50575228507867,-10.881250283159886,62.95256116947357,20.91977288100449,26.62507952643358,63.72037384756473,87.59496274756125,88.50144794648125,8.26814071991771,-14.158768546719003,98.93676968483155,71.04668407302844,57.802597156828995,-25.536084648506517,-80.85498017237975,-72.6429069890493,82.64280982234871,39.23746936100153,1
-69.68098503998013,-1.8772848203601882,-24.991860351957996,-70.31797532347257,52.05424868056673,-42.36564669051326,-73.230242083941,-87.99481011286683,77.16822061820173,-33.19311422414482,81.71719543283336,34.795481584088975,-1.6893233562251169,1.5645563833740965,99.31017512071375,-56.57704947830642,-45.36867065172889,50.49211783718667,-55.85184925027276,96.30970494853244,60.086551297564625,20.713353818707787,-31.290263826596814,-63.82590515476634,70.59190539561072,-30.616194168607407,43.916331322059705,43.534441958297464,-90.61368030522172,-64.69477788129404,-35.304825231799185,-99.01265643470163,-53.68863380778626,-46.18151941885888,-47.115660778545745,9.535462110363582,74.66864754727212,-83.04759106478978,4.463726293427968,55.86801943825506,32.643981649603916,59.3934244405888,-53.76048279792669,-19.26806261943787,-19.093814618827736,35.295417411370664,-0.6604648681338858,16.238262824480174,97.73321507477789,84.49856492080951,-1
-96.32186469050666,36.94503277620092,80.88506846343003,-25.815314978187004,-28.103309634557476,-50.833746342005796,-99.70700138616195,47.101270430468674,56.65925937847288,95.4788041648531,-9.796850736724139,-68.10049330177148,-32.95454853073565,84.27652921635752,61.31397825611836,50.22809962239123,-41.506688088419644,20.852766146642438,55.44991350374602,67.05845075304572,-30.43374261273803,-62.25634558028317,-79.14738790304479,86.41401496787566,-46.04403801687089,-53.74316583062397,72.62040368850145,21.16657393283441,-59.33231185789685,1.845213234395942,99.08852602046593,0.83080144604304,94.55789150452802,16.753898774805137,12.482342075784075,-0.6997909066703158,-21.644663221440567,-4.3536588679483685,29.89604502509161,95.46195435011018,10.68487666659368,-49.58165756575836,-89.44206613967201,76.28023953611427,-21.764489355844233,72.65693413598885,88.97771120591617,97.86153815772275,3.92897117816689,-26.120510733892417,1
-51.52926097264754,20.66511312891967,-31.18004719405269,-6.4919475466261645,-42.588678776168855,-22.425546554706415,-55.59903294950455,-78.93931339463037,-73.70385412405417,-78.62702367299099,82.35518487605395,-10.51057175619789,-54.520094625567815,74.02552440345406,22.60437560418407,67.01739420818399,-97.27629651777008,-90.31866886947249,26.424155813155537,70.72067690188402,-44.574874297582156,-54.921343857503715,-56.90050829146769,75.69186706056391,-4.273489204476391,-98.47854056660555,-73.21606878641644,-91.05318022593913,-80.82962984958448,-33.61640854120458,38.532136499950326,-62.32047239217102,82.00699631275103,-8.78038063081685,19.28123684348715,14.000375607380363,-66.21661596168427,98.00561708716077,15.502524724317809,99.97643075807937,-8.780175586797753,-47.74868282042828,1.8124247771055195,-46.12312345875704,-67.12389322414373,-74.67090823602214,71.4869877413571,31.906335946828477,-39.368239045981944,-31.10878786044617,-1
-67.44180215875413,-28.8063218335527,-62.36316616641089,-56.23183660984479,-27.427234020658986,-29.358550515907297,35.92695867324795,28.68090586781247,49.70242546781901,63.64560148205288,-2.4765084333049145,21.32382666024246,-63.49907213650836,-11.664674728337715,-59.021724605141166,30.153093581378073,-8.347806206409729,41.610202070274084,45.225791440278726,20.850949956667478,93.86793419924996,76.43429223643523,29.731686666326482,64.50784771172863,90.7821122527184,8.70570055824382,49.95622803516696,92.69289076631603,82.99758928691838,73.9542368725102,23.786892945531335,62.78770146817823,-28.536958456570517,-20.880535841464493,-89.61648416953093,-36.35639981349814,16.085582950009254,-38.98088227995466,-84.62856899063942,-74.16593976200305,61.65539592140635,30.271825124148478,10.133001654061061,22.866568319188247,25.11394574217971,56.65466433095176,-61.7447183361661,-53.65458410537747,-65.849548749305,-33.130789594444494,-1
-76.00941165380604,-68.35185163694746,75.85452823658184,-16.87970662706644,-17.476064988193002,79.26866082693866,-92.6021009313565,-51.57735183347334,99.56970391178825,-63.72843027843482,-85.42723589271387,-21.850211737930152,-16.491763233915123,71.35381292513816,-52.4515635158381,-0.28688149490787396,-77.24831623660648,54.746692194174045,39.67440972614327,-37.12985020887185,-63.5393292248887,-79.28682073995428,84.86023060498127,40.616811637532095,-66.11110589637835,-74.25621630780284,-10.338855576736222,96.7870092076839,40.63455920562046,92.7572472477352,31.919579428121608,-44.1166715280058,-47.31781290181769,37.43136647931368,85.20870562405449,58.598393428486304,80.41033273495307,-18.154263026070467,-67.13594490839354,-8.678875897133295,36.57317162417701,-74.62405676527956,-82.28649441463152,39.594999511079635,-40.555915123314755,97.1044371846007,-29.77963800493106,-75.64931216221282,88.3526929658806,92.06785370046887,1
11.356982185637591,91.66553729627736,-78.0280485894533,-1.0969086083363067,-58.98303360560497,-68.0121381120872,6.548389081098378,-47.877725838380016,10.474920200910702,61.85791842196355,30.560584467499893,-80.82772928310538,-84.35153366212631,42.10792454578046,60.381529712462,58.40427856850573,18.11635989165707,75.74852047708234,-30.06634640234371,68.88606575594662,-14.672493573837684,3.734428688199685,43.52120832713865,87.245537951525,-11.568462510983338,-78.66028007904421,18.618266251431777,-44.59888289763896,-78.23496484351493,-81.53738150037114,-84.54698079483147,-13.581869591662851,40.93717027438859,-65.90715889046743,-59.285663914352035,71.31091308976093,41.09662141111136,55.57213074704558,90.02129482355045,22.731952053102475,32.81337245127017,-88.52084121195188,63.261967021478824,55.41664423251916,47.653510450999704,61.143329929052356,-40.64541662137928,-10.958055438250838,43.51206169913152,42.44543746548706,-1
15.671952623308002,25.248964552606594,-66.10665822231209,24.65179513855989,-27.1080304120713,18.12905019753171,-85.00933116104785,85.91936334855032,47.66049412045308,10.967046789058202,84.22879981233484,-24.74050583981881,55.42483168376944,41.44604359144677,-73.72693438484245,28.564026568264865,94.26819682478907,91.49307342879447,37.53112495478564,-42.09694710692755,-35.46379130508926,25.522911258821026,44.452949373262385,61.48932138578033,-86.47396597529536,-40.38713204996822,78.34188569863335,-26.623038525814152,-19.662729655262808,-53.40246805589943,93.21873978510831,67.5318959188242,78.08519893666062,20.898896473705705,-47.87508054472289,-87.43322333859712,-12.11211875725104,-71.55207069829677,5.951793301177261,93.82335619262972,-52.95263701676558,7.975105082288607,75.06759574197471,7.205903442775082,15.601660982094145,55.29714255703868,-17.05192904342705,-35.402212805709325,-13.791490525774691,-25.643551352135745,-1
17.983537370926612,-95.07111907273547,41.022629327798995,-53.349135635490306,14.99097711057125,0.4959745287610957,-13.48509562122338,87.60736146514424,16.662402813598035,-69.92885188008633,78.27300757995067,-24.535915794145296,-35.964653988427386,6.127378068907134,-51.48368898225782,-80.55900206464932,-34.46020455392748,-92.14754757633807,97.82795455520767,-96.38743106232515,-65.54873701921352,-1.376406818698456,61.8185947446629,80.05933543018483,73.30904851042587,-48.39666096162083,63.22003548810625,-50.940684339347484,-10.504758029110548,-19.43566338955833,70.31317588848808,49.8208101132611,-86.26739348478772,-54.04193733209879,-91.12849928545597,-95.5921700304176,-2.992924294987958,66.83961660045688,8.985436625074826,-68.61819505651168,-14.791492557889342,-20.47898030271402,94.28989482861692,95.12997362148661,-31.64948420506515,26.50096014817869,55.81676806455607,-23.301290824725825,-27.444539250335424,83.88865285176914,-1
-27.403431919225667,-8.936317987614316,-0.2910243337413476,73.58222634785224,-94.14372304637075,55.96590123660883,-70.91848338883221,66.21746738621087,-20.00082367143044,75.67707658602617,26.20302654568711,-74.42358700366057,-9.9667432974599,99.72034329435388,-70.01049717731986,-15.918121941981369,49.128750504930736,-95.32860970602096,38.101331269254445,49.144497923607645,79.02451966868321,-30.36710217494607,35.572371808207436,-15.037952898813842,-91.2434211918617,-80.34802323149759,-65.64949539169407,-57.98598044796426,67.2964939109558,-11.053790287261407,-60.25458784795561,-24.99321281585847,59.17900637320233,18.56711685444421,-69.5806796535984,16.98982529600572,93.13067796944318,-97.4294615797193,56.58463455921273,-45.30892377875158,82.16829742811018,-48.716339880084725,-28.22213948638222,44.45227191505214,5.30851824936434,-61.66938003674567,-38.65383272323897,-21.180805423721267,6.5701887108001245,0.21136675711777286,1
-19.829716647272022,63.93540055609182,-98.23703334110547,-33.11076262433505,56.16292621705912,-21.55595427959443,96.32054834290125,18.780230732221554,-94.30735566328683,-23.321071127025576,-21.556420265077065,-84.15421156695257,-66.80417333611842,54.753696710233584,-44.657597289860675,58.19150407632719,99.70447268816025,9.309725427057572,-67.07183060751882,-73.22156733299502,-23.831841292500087,57.632829777641575,-57.12999023846825,-52.81669995420246,24.82912641611506,-94.42666884251227,-80.24252637444496,-51.013660033055295,-74.92907116790673,50.940692713895004,-92.67409660187198,-87.77871508886601,-92.84477443741534,-46.27267986948218,11.391363274207464,43.84850094512984,55.18916543679708,93.17200266517764,76.74910904978282,61.61243803723414,-13.03340334458855,16.593316706210743,38.0125700226227,-56.26652709232107,-40.89685155941447,-37.34892486846091,16.92245391335028,-46.71337523006807,59.8914183642068,-88.81125017447258,-1
-31.750434474768724,-98.0061530530963,-31.816718161581917,-14.563767518325648,-99.50090927983418,0.453387770439889,-90.71377906553218,-86.71765701031968,18.281699500291907,-75.72195059215161,70.59433611608154,-36.62592235199562,-63.041527559309785,-72.47493631824618,32.25752935238083,14.950352935448905,90.38406438962573,77.76877250017293,55.11762507111922,64.95388818708054,-4.329099608749829,-51.14782019724278,91.4690171132346,99.97251221859759,-32.550760787100714,-46.75147881178785,-45.052112269404596,32.18100316676731,55.99550991450127,-72.45568643594662,32.37564156544141,-16.09808017366157,-96.4086364380199,-11.693982172815339,-29.61124367242664,14.704706716563791,-5.6576258164190705,-75.94833427894898,-73.59113942784683,59.976570726099084,6.6760414332551505,9.507451048703516,-36.19257353700775,-92.53495324809728,40.646169097547954,92.05807354606071,99.52687662714504,13.140620811305553,43.87823796892897,-34.830843098476706,-1
-51.89368296397026,74.30913614162529,-44.81548938637938,79.28748714374731,-21.499597545956405,-35.482710770073254,-64.79495855975927,77.6586595020089,81.0736254230824,12.736766768045783,40.20136188065351,-77.79112578236793,8.013984094084222,15.3835865549716,-30.50299836999774,-90.42632209593503,13.225937814246478,89.944171633872,-21.764295597722324,-46.665261442088756,-60.75116129573526,60.72106160946868,8.483764487235675,-89.09377532887173,31.95980410282675,23.079233824902374,-68.06538081585416,29.900405507026875,-79.11607611022444,-10.769327469786134,-50.64491739984398,-82.50144500833925,-82.36346643037302,-13.377230894770875,-79.22046398290563,77.9828934903332,-41.03115138402944,89.53724952007323,6.436677645001581,-14.266376826304977,-11.548037390091253,-26.281571899080774,-90.0980705024879,20.781239976530145,95.31195031965879,68.40952768075047,-21.183107777953666,-54.013169880977415,40.29774356273336,-92.63750417575429,1
-31.75111004845587,-30.9640323408739,-51.17263583861873,92.71002763261095,17.440425975362416,85.79013394981715,5.689773469215126,19.02885060777288,-8.26394422234462,-45.05605827721209,-13.605621501748772,77.85936941833918,6.155440616550038,35.634922233191844,-88.85939065073522,44.594251540526756,-29.850969829212985,46.220527194684735,-79.17340610588992,-20.73956174408815,11.592264179774475,54.906412125333816,-49.01981591015377,34.81995063819389,-8.762407733467256,94.07169983234166,84.13822992936198,-83.3591379722343,36.594396479391634,31.16494141860261,51.59872843334105,62.92781377988385,57.77087455145008,94.72157031076776,37.43455592671779,92.73213922899956,-82.52843163687945,55.69629273343452,-35.93951739074292,16.6436677597854,19.746176156260105,-21.47687435504335,-79.73180911391522,-12.670852734174161,18.88779603168409,24.589724350195752,70.24411914257823,87.25275185758613,-79.76667909628455,15.722621943588706,1
4.515319867349035,-62.27355071518503,36.592883737737424,-28.952896533899477,-95.90430777512013,45.92964168424379,22.40086783437276,-40.97393643339671,95.04234411212093,77.93488627885816,-68.58996432308314,62.20562266118421,62.146344030421574,69.3514713325738,22.026136446721353,44.85138564784282,-47.507085549600326,-55.096853933296686,22.645092115550526,26.697026422020315,95.36186158272474,47.66439281100807,-56.369358797697245,37.88019636300234,-93.79218485991407,43.88742985556843,-70.24957454793201,30.31525742321014,-78.90806515705705,-46.298253499652574,63.986134545837416,58.962457777913414,-35.73011729423857,-80.95403083897297,-24.256186131035435,-42.555306197510134,71.02431695774578,-59.17714281704025,70.25267153490401,-4.007832838587035,38.37529299242155,-59.30501855173578,-33.48484577752613,27.07276333210811,-77.45206002728047,-42.46244745866505,-79.00875119132856,-5.908082938337628,-59.93412163170253,-96.27593521537656,1
47.57699696692123,-9.802699470331248,-14.79983789951811,68.91127514243206,7.968704508540455,35.04392950792638,68.74301012610792,-53.44992542330007,81.55293032743364,64.28433564476597,-84.81887001828,-52.47927243091901,-10.092308845289224,-77.05843862371036,45.139584124311085,-1.0348770230874464,65.45937254823778,-38.67547354854517,-38.834281677731994,-11.647095615530034,65.26065903908346,24.3302760616465,-83.7872642259189,67.44337747052415,64.56377769912405,-70.89317983170426,76.09233777838244,-46.84635951023039,76.84754480059735,54.37860205699437,33.83507154482837,-14.274938011440867,-43.56507914512966,-40.07771091461743,77.00369364016657,-69.42676950464963,85.94022326249743,-34.899645420621695,-50.80051381970212,-47.11652199165675,-16.176679206461216,87.50982209853885,80.08368943796626,83.85234699233393,-43.21302037320491,56.87039462602098,-86.96358015183404,-93.5567593348036,-4.770100242772358,-46.41714063705007,-1
-44.144782309117915,98.33722807854713,-92.40043253905156,-14.89314045576009,-31.852128857797425,89.98499419489463,74.2957883970225,36.56583408794839,-90.02871374335194,-39.43408782397611,-27.46608382384433,-23.700295208972094,12.69435254614784,-66.11127567236596,70.70261975857929,66.15169236053978,60.78563181449124,-93.35705136513579,9.544652917538656,-97.80536531771955,-67.04088527830689,54.157274937975075,-98.09649930478281,-94.54141152494108,-21.185579740899314,-97.4871453117349,-25.080617847358425,50.76874227621519,0.97136896308308,-20.755534197208064,-2.5903502751077667,48.49472560042855,33.69354337831521,19.721560248945053,30.91226581037637,-11.128685055533126,99.75489966707431,93.66103238236303,-76.91458736307474,-14.63401358003442,-61.485516771155524,-49.018455614844946,83.06904911984014,18.91999353390608,33.74825259232219,81.16591761548557,-12.566572975891305,-40.084351767621506,-26.010812371202434,-90.00737033120939,-1
67.79946554360214,84.34533389033228,-87.51012886664364,7.904588702529921,61.43201565843688,81.10407570093736,-51.094713708230884,40.50923458876244,55.6188790090458,-6.871213172702099,49.1186116140712,72.19310420056556,87.73963413265608,-81.7271953505825,92.04878668966731,74.85910136344751,-87.1989346252016,85.23241126654679,-97.18333584353229,-61.27035060372423,25.74243986602663,6.949090899178898,-2.6877599177441454,-31.16961148133028,74.59224231812397,93.024908646965,-43.35245299099058,-56.25356897261824,-31.702626333963764,84.92923122974341,-75.11893242235391,72.20664063923783,-49.281182472752505,-28.78791696612764,32.265490822418684,51.838049156604995,-50.296672053819606,40.27966811436494,44.195129783191135,51.7008717540146,0.29174887401862293,-76.12398834623235,-7.318743930326505,19.670982967160697,-16.001580815964616,-28.2773501659985,-61.44792207529699,-26.874604142148513,1.969554613504343,60.736900115943,1
-35.91974277195702,14.62984959624913,67.38776896199124,61.6652797843129,-16.75606384847461,59.48656433075203,-99.38039268436336,-60.017193241340514,-4.489977004390667,-18.4497726020266,85.22459719115503,64.83514124266088,-34.92729397541892,79.28502590223528,75.64568916556976,-95.94900390027976,72.75167329949,96.72498831283457,23.531217280407674,-79.87066508990827,58.59435680714168,-47.477630639475386,-25.7540924518796,-74.30181923015276,-76.45255701657592,-54.05715557915971,-5.131860466124635,17.035224850356954,-76.28476257003922,-44.076789962550244,-21.57133587761855,-63.88253397680632,18.013347138878217,-27.505285976607865,93.8974342375376,83.73526193717024,-82.26001606803234,68.9166422501666,-40.523658979437435,-96.43901517380571,-65.1388558641849,-55.99605715597906,-16.408467087110722,-53.2462980004722,28.11079039982053,57.11563012648736,-59.90688161232214,-98.65762478485789,12.30682659109273,69.93087460388122,1
3.7835410565675147,-38.216455431246786,-19.28592151007973,51.975740807758,39.12456057164951,-31.372889297206783,-60.95838155533828,-76.42600724508135,-85.11262076938036,61.78026011206143,-16.36289560810144,72.29883440870518,-18.832979496870593,-94.17420284168836,-67.35054735521209,-63.61080489735631,72.37580324263374,47.58459872701633,-16.617835893144544,5.064316566525335,-90.19289488471922,-6.106936170294432,54.28686391824397,-15.741747240056085,1.6587713544291063,-71.30985531477869,99.45800148755808,-98.61238157405711,7.523276143668767,-45.60485034223414,45.411770524272555,16.920767015319058,-73.19318861546292,-78.59564553100336,-25.904009470944573,99.95312861299294,53.21784529463173,92.19878044421205,92.32222091833899,-26.539229413715603,5.906674878942624,-77.38740974350797,48.42177176458242,24.07343357934819,-32.99564663105974,-37.35601935525212,45.125658447684,-75.55078728284215,42.025461337588496,-29.014746151929074,1
33.57358134016269,17.894160618649366,-41.65522256392782,-33.82963902547101,47.49529437979774,98.6048880339215,-32.93757174807581,31.223126811971724,-26.138562600336115,3.686749165079476,-10.436410016867214,-7.285185036170432,-18.95141559288112,-92.43513560698725,12.444106345959625,62.82293956653115,32.9681714761918,65.6262142428217,-71.70386586699689,47.1864916546711,62.54357074520345,-33.66774371913384,83.98801883661366,13.241716025677647,-89.10649194198086,60.00940501298044,-4.6037868911441535,-77.40068586353519,20.83262157229946,-19.50502802094583,-62.76387133174794,-37.57391689451741,84.27791903338507,-53.34368565700278,-89.22789328099296,85.36499981322257,39.32789602713251,-36.55817960520618,-54.53345960638276,34.962059507534434,96.61053958682459,34.585826309813854,-30.907685207844622,-29.086403296402423,98.03942440929865,60.656419600829395,23.91863090676125,-82.78388719150958,36.49616109359246,-35.27614175922358,-1
57.2690028831104,-10.539448749479874,99.22904842483837,11.339134164170645,82.62175738390988,-23.458742961999462,83.21679711627505,56.566892674372525,-43.924998675898586,71.34506716103391,79.51956417793943,-53.07871663724881,-36.24318736916927,-83.17430789269835,98.43776291628461,5.863153325069987,-10.276964585014454,96.75507064834784,-33.484727998159045,37.70955650456105,69.08092202388019,-63.067465754310746,66.51775260920417,-7.786911486778791,54.124374142534634,89.12405782818968,47.30388016866988,-48.73349575557542,48.25774424119106,-58.64342316195075,-79.97643339108633,70.07557535185583,-14.084097357876374,-35.8718066364692,-80.27772138206961,-14.589840081725768,18.5648097374268,-17.927325008399933,-44.16270740467567,-34.00486801057474,-2.1797209475486596,7.1847173565406734,-29.37864494336675,27.864548371222455,-57.00487178485547,83.62642344100252,-87.28047901585151,0.07270899569422795,-61.35808261278566,-96.61274126387991,-1
-40.08686440922522,1.5794832006761794,27.47817007465987,-69.20780117911477,26.047631421232325,5.42361811368086,-15.453966762801869,-85.88607229659891,-7.3386862799642785,32.7393975709837,41.15714072153688,77.29516504442003,46.880190017604804,76.3591885343912,-10.489047579038413,43.610169148785076,-31.758846923993175,0.2701072652716192,40.16050873979316,-5.4836388190322936,-38.97898132933042,-80.20050998292365,-61.17307092993429,47.77912842411314,-26.89487348643604,-62.52595868797184,-74.40808202348109,-77.96918048749299,-96.96326299503701,15.0545603132949,-53.44935387608771,-4.416103506248277,-69.18062773918096,46.412976667799,-18.502483656388222,-11.91775239058073,-10.638799449358388,25.905280314548634,82.41064684901261,55.37034454757091,23.34081478121155,28.960449957970837,52.55966004205089,65.3262849700707,-19.89322872879751,-21.533729590294072,78.34328295006208,40.35806008420235,-4.050723983323309,-79.0012646443251,1
-75.03583720663033,74.31037129164955,-45.58316848440447,38.07866771873674,35.54731991615665,50.44438435287523,41.8993481186983,-18.65599863338609,-80.36086675845854,37.66256650912371,43.42028887323909,65.81378441196222,51.43492320169915,-86.5984504554395,47.67652716309206,-2.0873928370716897,41.54416683697812,-50.57131346934647,-45.83586975211173,-58.52421912152668,-81.46238906843068,-7.312973681753917,10.749602720208202,91.78694142129282,-75.6570834550957,26.262547512577996,-12.164255374857817,-67.98936341811448,15.921543918854965,-47.73766478058652,-26.524377825856106,24.219431158730373,-54.38748863759108,-92.9772916625969,88.21655385962273,56.09775374235741,-98.26098589622173,-16.09749935740888,-89.84985996136339,-78.75536083087056,69.41215608965678,-18.863222122943824,9.510501289495195,-76.77957308626668,65.16190448523514,-13.528128607545327,-17.881586550633855,-8.634654895758587,-5.903698885621836,-65.85532900597536,1
-72.63627381620772,53.02976997225278,39.73139601624803,43.437377945054294,-37.267818164866284,39.813182554251284,-12.436340678876093,45.345724842177106,53.52340877952696,-76.89241535874166,23.336636933701,41.78321463265024,-86.65319852798012,25.189119755259767,-2.4752723014950675,74.02302262899576,78.9507684742596,15.150584978510608,-57.025993315909275,-97.91500833701153,-78.0714571443945,69.27742532272549,-57.9784411547704,-12.490679352915706,41.266361698169305,15.390586407197588,77.94846554163232,-72.23828929554081,66.88508952718823,25.459313185684735,54.8989284227695,-16.735229327666417,-5.578064340137061,-4.689932318312856,19.29511382855671,94.55133577414031,-94.39556206738702,61.60689559849132,24.940618071574733,-9.041497262608502,-19.21430714084525,42.10047337957127,-65.97845118919477,10.431365124416942,64.71518198594637,-86.59711194183552,52.98618849276963,-2.43496587352692,-73.49604738610131,28.93436531853152,1
-29.06675900298343,-57.14563813794808,-85.54559754895261,-67.87719470615926,64.85094439300155,30.271681010241082,40.504010182487264,33.81674786440843,-14.371771465545109,-59.13371533456851,99.91213226808381,91.06672008715708,-89.25284225405636,-70.30381614003554,70.74608766967523,-30.42170712527667,-62.24400807001717,-13.86678539718362,-85.10173581441039,-99.30448739540896,21.788734721001532,65.49197929914567,-47.55910603502214,74.16668399184297,-84.67744559172436,75.83864877034682,51.30727462226349,73.93442748437619,95.4090229228253,24.13481266192244,44.41710216276985,81.23087376315755,-16.42285386120996,7.936723327376853,-91.70508411387803,-87.05121273587304,3.9282995188821843,40.04800182126479,31.62252687570691,58.36096532880322,49.70818054589071,22.360174052655182,-34.827931461426616,-16.196089529719558,-35.58242638477044,95.3377226697589,-27.662040503475254,-64.84446447518127,-30.94983395291105,85.33577765163909,-1
64.25003091194085,11.976633115396766,-85.76464022726464,-50.469980305079055,24.618747065556107,-35.33982499912378,99.49083342685344,-46.748263897448325,45.71391914379842,51.437272218147115,7.3436396775408355,-74.17151136583986,64.54798976537481,99.77814322650937,-76.15078685782113,-5.612327052804972,46.520097156738075,-22.600577015112222,-83.03476389731166,-43.71549980813052,63.33481329352958,-10.839549638648435,61.42355153775853,-51.621049490761315,23.080509896631284,-51.28108996291205,-28.448481414724625,15.449385318243117,-75.31686360438839,95.9016506673083,97.60510036960929,-51.19528195026351,-89.29989969526757,-1.5267199992024416,-7.4776532748319795,-74.97818263540623,74.74338219208516,-80.88069117415333,-8.669959023930502,26.7880015348386,84.44505577623443,15.641924879079568,-41.75552270787301,84.52080983031038,67.94825552132784,66.84216503097329,-74.85342762997485,4.24935731432214,35.97286457554151,-30.457304558585705,-1
13.9779369742633,47.48628828542442,26.1559466209864,-63.78385953841179,-52.91063488966712,-32.21456132862646,87.58778796961084,93.49082414345534,-2.0664020662989344,-15.108801058983474,52.11995324154833,-75.69350550973732,-98.68423655889795,-74.40816934543584,21.20429430955903,13.234871024843443,-56.6770686696195,79.03370701638372,-0.40734665351284605,-89.3001291478833,89.47030830827754,-36.59172018000785,-22.341691808780766,6.329599643351031,-25.16569338979076,89.39126954826895,97.4819856841938,89.36676006544752,-5.423331281285357,23.73962960156399,-48.16125597091276,32.74965059031513,40.333162914194276,67.04170180993708,32.87934084837096,-99.78654015591412,-24.87575164037122,-64.55044670088145,-3.3834297183007465,90.93798841171053,95.69496788112707,10.277922743301588,-26.49880763571919,90.28331889570367,-59.64072792839854,42.35730306559253,-16.00183413092857,-85.90190467856857,-70.38977232551677,12.427571993619907,1
32.764894970545015,-41.74125055889895,-40.658742166020076,-42.599964184206016,49.48850506411182,2.0060417606509304,80.8124775066349,57.928380328284845,29.6200674056619,6.800807110214606,59.70396807070668,-9.493868886701804,9.777317043679346,44.221752859008234,-92.43549008375274,-80.73814044131981,54.3234593257086,73.350121683119,67.54077840702294,-87.10108877365361,-72.62861616156984,-20.261555441969932,98.31461248095943,-21.496634766977934,10.535697967955343,-50.116999862549605,-14.922698093183499,38.83817480659678,85.91673604920481,-82.67088445794026,66.16646699574846,95.90935601860934,81.54323302570353,24.338321782293534,-53.89579822252837,10.060601024552327,-70.29463159781255,30.7468590721073,14.657863165682357,76.94701936583562,33.5269262442479,-9.339016215217384,-56.33717563092713,-79.47261484469942,-84.81113071339846,-31.7451464863407,80.85603316177253,54.06870176869447,32.645247743317725,-75.28502555420971,-1
-21.510978515472928,25.746803011998594,55.230372821124575,-48.58363562972636,-9.489067610286426,30.447588873346604,45.96098798309799,62.46017002981392,-28.734741304916398,-99.58959169587176,87.43280189572911,96.06615634711383,79.19411403881034,31.820843982013656,-19.74300439427843,0.7489491709629021,-9.533965404523514,-52.19451027400537,-0.933863702455568,93.33090024842119,-86.31930907910092,75.83807680204092,29.51893558045279,48.74665967561157,87.3982705276685,69.59079021858824,93.8367303677129,-26.93716375375827,-70.05865844324741,-88.47882138341956,64.92434225054936,59.318221974625914,29.459112018101933,12.178091235465331,-48.44398619095307,73.812061836813,85.61518713496676,24.773232725948176,31.648833950173582,23.306859178398895,-75.22208330136084,74.13685537762052,-10.23440088269065,6.967579894128534,37.376449040514416,-11.72986708353561,-49.82036394472657,-15.956605402550224,-99.13017254983201,41.29167371735082,-1
-33.01887706858278,56.13986083432573,30.26722116004109,-23.167963381503668,48.526856573504176,-64.78280831664777,13.888887338137963,64.71513826259019,-35.075421790025516,-26.130087567829904,-3.7696558294637157,-14.593241785485603,-12.897764735564124,39.47541079671771,81.0588751864228,18.64538819089354,-17.14311405420716,-5.918687352194368,38.90248794510396,60.05776538075463,6.870306546132269,-74.44364919866484,36.96273133629205,-1.233556531389965,9.098933207046272,-17.56873931026719,-73.37810806467056,-96.40093852089649,63.19530980574987,-55.86744555015828,45.244746559091084,-57.11179852297163,45.03345554954416,75.61071113540063,-10.184960580820729,-87.58614711028953,47.85246427992698,36.47187795460633,-58.284974885359084,47.73542163332641,-95.58852250085177,-43.284473582537665,34.862540849167004,-79.82476019700135,-27.843525398062027,-30.191029397855004,19.346743214776964,61.41505427869686,-98.23889908764028,18.378043964766235,-1
79.58383739153317,-82.07364533907642,-33.9284622601878,91.33201768484267,-47.1429557575036,-99.06888368664355,43.16546739719277,-42.329486289760986,-94.07720650176361,-9.705384213538352,-19.782443258543864,-66.48744520884738,69.00971732275619,92.53094357388315,47.38458606306921,-89.32203736913975,35.61501448913958,1.193840593811288,-76.7191683269294,14.966848513567214,34.216328452803054,57.59631642413072,-99.84122094660704,82.01980621081131,-67.45321713672502,-52.701150317404895,-92.67276681508754,-78.44850991908046,-69.28270928905764,-53.15852578996949,-13.892971917789396,72.72465916182739,98.68324590230424,-46.5648364985296,19.623050981907113,-40.7937743937161,80.15252027745777,-44.014020479847396,-61.20458434607598,23.97312392711686,-84.89807545550308,-49.52868910103445,-60.514955621363,-27.907575403036972,-22.726189399847158,58.76692454828719,-56.941112616242016,-56.26809767117542,87.31568622074153,-89.62077101070813,-1
-37.75650098732128,-19.096095108352998,-46.24058076660449,52.68356284413437,-53.02196680563598,-64.75343236981664,-77.39849038194572,25.586642603456866,-62.13929270171023,-61.67222753696373,-24.72467605548229,-77.6684917942022,-6.489109371853232,73.94530119060849,-37.36507301861609,-73.52219489048181,11.300271764536546,50.45134864585185,-59.36738116320719,70.40944446426374,7.541019681999202,-79.0845467389685,44.043534604030924,5.672820606745148,93.97637729998974,90.25931963719657,0.5574521312988026,94.1472689007145,-39.308704962258375,-97.70230649495828,55.26445557645778,9.208862214768104,10.606935557365091,-21.526706133615264,92.71262682615858,27.398827699602066,-33.21918499928785,-13.444791208481078,-36.415256522669125,-35.095774081300334,56.04577703431093,5.525486316064061,31.338107568356776,-26.65107055187663,24.299117240402722,40.6807418668069,-69.6270990112883,-0.5877820016159347,24.1891914206235,39.76156619043178,1
23.413303223560263,-40.48585671183691,91.73813078235108,59.1665317900883,-92.93954909718607,81.97019497281707,96.37250997472728,-25.144268548629185,-13.77747563939296,-4.702976311500649,50.98287487129741,80.88943534652358,16.38521685115937,-34.88256177485904,85.66147525268269,21.739901980818118,-67.0166530224011,87.92552447291914,68.81438833821986,78.08663778437045,-21.684461219524323,43.07851386947931,-7.2247660841305645,47.705105614064166,74.02321359702157,-69.75761714333734,69.82799394346026,-50.7501874383534,-93.02277302766618,-24.110847085096083,-44.23801004379866,-56.06845936795022,-52.036516038877714,88.67675908532283,-44.057996907646114,4.86709093434952,-19.62952799442644,29.626551758773928,-32.552429537646404,-74.02793009693804,-19.19272837189301,66.98023805966474,-18.422309975090684,-60.13779869777092,-89.22751280815847,-58.13322948851276,-62.74190554322925,92.93612521382215,-47.275568392951975,-6.206850841072395,-1
14.175483367895254,42.8306292784348,-60.31985415085672,9.36040518290244,-41.23141624806694,-71.72498887904639,77.69858731140101,-61.53991526677331,-38.04449183415333,-81.00632135684829,38.887028253774105,64.74035613449996,50.64145745117577,16.745869872287074,-65.02412586891933,-99.12834176041889,7.699186262310036,-92.9205720931074,-23.95010332753573,-38.51632985110294,28.308614375475088,-68.50692711581196,66.62024347792243,92.92975572809854,-76.68220202755492,83.09075960415782,14.133513843906002,13.644795632623953,67.55413033077647,-95.10601931724503,12.139923696095309,78.53065999128091,-3.6933124440354987,-96.89501840109138,-76.96595904266026,-74.84483265948026,-28.304152911854644,-81.25989451016778,-15.573849089642565,17.672155966602986,75.9922332151317,14.462620902914239,-98.26702949253867,-66.90196933460768,71.24469508390385,-82.9080839305332,89.05236875083432,-44.825251944429326,-95.55433749576106,-83.01801774249917,-1
68.42378462714174,-8.327304114738766,-13.545742442366276,69.61893276022428,53.11764752873631,-20.628146766035655,16.152720663437805,-78.46803292846734,-95.3001256219074,3.590395621509643,74.26998475711994,28.064961823380543,62.18389860147255,13.31182067420815,-35.009509403760106,-10.138602276704361,-69.2229952952652,9.766206711184537,-39.05313369516252,-39.771348125690544,-2.182679798176096,63.71803979749296,-43.74698757658879,31.005704358485275,54.8824517805227,-77.08989336302183,18.283394595441308,17.977122088819968,-67.33507928939429,-46.871709967696404,-88.86688134537425,-38.89090950524798,-24.680577333044653,-74.05647836883271,60.66542348810847,-48.631784916496755,-47.44860099635992,-94.1084980228815,47.87057286806933,68.74810431128085,28.364872346283335,26.24552424448477,-51.927200619996405,-45.840033182069504,-5.209241679776412,54.227505315426384,-52.236440522184566,-24.144241334425104,-85.70399871531399,-16.02849525326937,-1
-60.25686369316552,48.13271621332521,61.47418795849788,-54.89937949580748,-69.4008426643651,-61.363217453395436,-71.45846615721632,-5.225820853795838,-7.294818180111591,65.63865098172593,-83.51394461066688,38.62909479787211,-25.304123810428592,16.954248899355903,34.416525048915645,-71.73126167045814,-3.7384617119449786,-82.29624131217543,8.680774518538371,0.6512165796472118,99.20636806735564,-59.58173860241549,49.12300958327393,-16.056155516850737,98.90772016276253,-10.099778015721327,-61.8541567520468,14.65097819361209,23.981681483506605,59.63972835424403,8.676825684953002,31.118520613081074,46.98402756334056,17.421492174526932,32.787877907117064,-5.535252382465501,-33.29252344251013,42.438261973573844,63.611796047164546,75.44531408243401,51.268413789365724,1.7216368150296972,-8.366366942908044,2.525059001951945,99.28306154866132,-12.999312448189727,45.4654190135671,-24.739890631397543,-2.1983570417814917,31.94346311730206,1
88.74031856404417,97.26998458883241,39.25269506010662,-46.803492124011626,3.482837763379635,-64.12806208993408,-40.30832109757636,95.08575233312783,-13.73012442673354,97.08449819178901,47.74357664113006,91.16224217618552,80.84835763005586,-21.32078156920325,-57.16357991118155,-71.19124935408514,10.199036504519924,-11.001442394943766,3.5363398893726554,81.68248894341042,19.68252893471798,-39.76581586713004,-4.65461598014781,-5.105216876977693,-94.43275135675142,20.002465249504468,6.944062736683975,27.02729513836846,14.923056060694506,-37.436314327844045,35.549647999612716,7.7744739906508045,-83.69530478152076,-69.2455253509438,61.75998949283368,61.13692890316821,99.8389381064215,-88.65933660489739,-33.078212264398914,-12.68746691206934,-49.72722825839369,77.61169363188594,-42.02664885899079,-17.035827713703554,-47.01397521763453,64.01366994717065,42.94679963616187,-28.893131445896287,6.4950571794022665,-32.46935880573881,1
-45.538534696126206,46.52253984807976,-61.591601288199186,-93.72007403745177,-78.98288096551143,-3.584635352824222,-2.757407532266015,66.3234615263496,95.25283450205612,-61.13176173241091,39.788678705259144,-97.51206463105136,-76.98073912277748,76.9218338437131,-82.29570332331342,-28.158532564504824,61.51819665796384,9.825024556260018,-65.102250179995,-98.72956455896085,11.539576914679301,0.044492406374672555,-48.15694474576069,-29.743700140293925,-35.22001696525652,11.538406668746177,-29.106327855905505,12.208871966330875,-7.691708053866606,-72.82084229660899,32.87527163145444,48.942569685527786,-5.695636964332124,54.70809379451262,-26.948796314799566,-42.468062251594986,65.08851741819876,26.98296785919166,-85.85800519094727,89.92973275644479,82.95295698677126,-21.63514869173369,-46.4725283604998,-23.506576309671516,-75.0769602834203,20.402690896284795,0.19596198565557188,26.11728471338388,22.839852208937003,-95.39513751857287,1
96.14786871668588,-57.429982792328516,53.09970008105992,-4.110754252598838,90.47030079181107,96.26974341743124,33.17034581972442,-8.082968829994215,-17.09934662783374,-79.84768108732257,-12.781340534521561,56.62921508244048,78.67698157366485,-12.147013399467625,86.27764136894348,-33.60238057082728,-49.01698892162394,43.30200870655872,-16.6873201128231,20.661140807658,67.75086963824154,-51.580413428663775,-58.45446659270823,-54.90797792737023,89.91707821777024,-63.611481757160114,79.1423693384543,84.89027425318187,-30.819826486814364,-63.80319252949729,-11.719547077809352,-27.337318460990033,82.79467645943174,-55.02712916414894,-9.726514852753084,38.91934127436002,-90.68631443497247,-56.264399287728374,25.414889350238127,83.98387147817775,-98.4097756411639,-29.71551645967719,35.97125079860294,11.557385403500064,41.63741239453009,-90.46215042538368,-40.13997168329557,92.19735838845259,-8.74069136827464,-46.77860849899687,-1
-40.575656875365,-82.51663842578323,15.381907064550276,-2.4869273442150472,-3.424975605462066,48.22710307409409,-28.886987956583397,88.31028713796115,9.890298891501374,-48.30630844898487,17.605121570422327,-46.27900361064394,-65.32154401862005,-68.0116700281058,72.63730427159695,-84.58563066212517,-57.95101483702969,-99.15307433789047,-26.932774336481955,-60.79144351397498,-0.2784998235878362,79.38414913018241,91.32860619803094,44.0445468914792,-48.636450008839695,-22.31754791131719,-20.003373843445104,27.833501469090365,-4.642004231351152,41.206964844063634,-36.11884918527686,71.97610618397965,-69.4329320676706,-26.05842326888306,-90.4621978010237,61.359285025556034,-22.567436339746322,-96.0754292183661,78.95014947467308,-45.28188437307414,33.16338333881987,-81.7717451684423,-26.49336768274297,-26.49506976193527,85.11782082659741,-33.35983990613154,48.18593135367507,72.87643602354854,-27.682353174230315,79.48740578814508,-1
-30.49624093724907,53.57218462517105,-45.70786739580181,-48.73165433054842,-70.85867765049821,78.46140946842414,-15.312273669456005,76.57266611888906,-80.96814151719599,-96.93911482428332,-69.87748914472125,-34.786574121441475,48.83418950187607,-46.63717025168304,-10.834445843323266,-91.44491241692509,62.45856787258049,-3.404041920482271,90.49290430152993,25.18441487620437,59.536800332968,77.63644734957828,74.00954724937398,-20.892350858622777,46.26168586200359,-28.956029809564086,26.348360668133466,3.178244867559414,-0.40240824723747437,43.93427418171956,-31.312272915550793,58.5495336601783,57.927129800828936,13.457048478156992,20.343558833607574,55.33959379542571,-11.503505413189757,67.86884505370338,-91.31925522854173,-92.48723315356654,20.889841035453685,85.88656367101876,-7.959604423922386,-39.04285010869308,45.46097789421367,10.630694958889848,13.865736629590813,77.06293112350099,-77.78380208415126,-81.99846957579611,-1
87.66314573026321,-48.347128422567295,-97.67467974292667,66.15217336264533,-22.759415090823794,-27.996208356984752,47.078020107147864,56.589624546910045,-97.21609926653755,-23.88954599898456,-78.69834746143556,32.73401212474988,43.84530398020527,49.992736031079176,54.38225140338025,60.64093340698338,-38.46732723018431,-25.549116374514753,-62.34269265920247,76.0640228808941,-7.884832214734502,36.84461536988272,-63.67491440884152,64.21577610088036,-24.171139204731304,72.67081701941359,-64.02117027145711,48.5980878916433,52.21323303312468,-53.86682562155658,-72.13649371914761,-74.19194734029998,-69.53496191143267,0.2964911801031036,11.625227070561266,91.67234417368482,-53.49182014829934,37.89476436246866,-73.85410096141905,50.63882953297704,-77.4961134982372,78.01026506343024,-91.39924211918036,27.965720795406995,16.623229731547113,-18.935374047586365,82.60657544280181,97.51568764734103,-49.29335089174431,-26.05418693862505,1
-60.780457452321414,68.49282136711503,-97.71346466555919,9.422263947656191,-22.554084075406152,-84.04604044996123,98.80373836287785,-82.95911382171275,30.658472334460072,70.59762561030772,-26.275394723281423,-77.10458162770519,-81.87168492156786,78.30579336206574,43.89328844876687,67.86096875497708,-51.584640469819206,-90.62668994490654,-15.553660182207537,58.350889187192394,-29.24666111631015,4.768304497517192,-37.76050164581699,60.38656543729712,-48.63490620032378,-15.033284059047133,0.2849159775688719,-35.942889294595275,95.60489621067669,28.9130377991998,-29.701697307866198,90.61471680865878,-72.96305418599229,85.52184010772851,-34.941364068117636,19.485650421858608,-6.246675878519952,66.21113997663656,96.42943842344536,-24.548538388197343,-25.118421380902916,-38.155033849450916,-64.04535131729918,17.376312775623575,82.29231273771248,8.636592077207794,-63.405220784047245,-91.71241509264145,42.806575611402764,6.479344416481723,-1
46.299292808627825,-98.05992901539156,10.589378715578476,-39.87461869227029,-58.10952499493198,35.72477134805567,33.313218856946605,49.421481716710076,85.611994553757,-97.03251729904459,-38.0394341358121,82.0512497103968,6.734872902702335,31.903765462576928,-86.81468355412349,-43.70711487344558,92.53850522534682,53.12073304611508,-13.943174105153801,-26.68840760672468,75.61493084047666,-42.51256633875986,54.989018730205885,-58.91983448669302,37.29913877741063,6.288259043668276,78.93514437056672,-85.06194960021698,13.219521794840517,-62.016676029421625,66.291799646328,-57.096439462705085,95.55199287759183,-38.90572115775177,29.19773930558094,9.994620671024677,-64.96663967056958,-84.30767093867877,-31.452231743225184,23.136377143294823,-71.12714396935738,-37.959827219017384,54.48539313753136,52.300588217339055,25.482133020198745,66.77647495496751,-50.234848673591046,-74.79788736224612,71.4881076611087,-76.7000473574511,1
29.901785941489464,37.82181629736482,77.66154948754107,-71.36873766718561,15.435439074268515,-23.26251967231508,59.16911157477773,98.4016466004006,94.0766280094079,-11.590096544898216,11.813244918743493,-94.31221175165123,43.06186763193125,-63.75603515278323,-1.8766026439178916,-96.48496348741577,12.955218571656047,-25.424245304749775,81.81676308451026,6.434516565789465,-26.790284689839368,-13.667868737620864,-20.257375709956094,11.144373292357287,50.60505223362759,60.9040685172333,1.4687044699012546,94.58939400321984,2.0304439858295495,-57.638001592571506,47.365708578906094,34.243404108658325,17.26051519731395,52.87691456669555,-81.67419697424663,-38.10555989717146,85.24653784602148,-94.59348054594818,48.74809914182322,81.67220160388499,82.88989778954286,-77.64133537173592,48.91964363197161,-49.23974100557815,48.20473008851184,-20.725854074495118,-60.84368689169912,-36.78245287020437,39.86796313600712,-98.60796625781427,1
28.715539039304986,86.68262540469095,55.921728508493004,0.4588817387567161,50.885405831985594,99.51427607330709,47.00772861018453,-36.03092532299876,26.440081820232336,-62.2075076016384,-37.24614291081352,54.49968611280269,-64.28134330752877,-10.07765306865555,28.854749274197303,57.95308276660887,34.187404331964814,57.47522005941977,-37.40723992318495,-61.015557118227306,-66.75583191350299,-62.79014334115709,-89.40975395112855,45.923727312297245,-35.69979889601032,-98.48254572078375,-70.03609915786157,-63.79435951871917,78.50546274176227,-48.78631543262313,32.71312788731822,18.819339613814705,-43.748910937410116,-81.69777273846879,-30.72149654475939,-89.40134421793098,55.74076785727203,-29.997212989578912,-4.119313173363864,20.304834187915105,15.286456841540868,86.77179028214616,-81.45671928078046,85.54763325294331,20.437583642685155,99.03429497425836,57.06284514542608,19.89064096253223,7.643452123858637,64.38920540802422,-1
11.08634112052549,59.00230738569408,-89.17311831953585,-81.35101615572833,-58.81027105656058,-79.66462071380163,0.23059256225674574,-93.66687740747275,-27.187343114608225,37.79324973472916,-45.306047579037845,-11.311292034023836,49.916605330479484,-13.458524660105596,-95.75100656165378,89.02004051626875,-81.07866228420868,14.97496373354872,-4.98716573876618,26.424427506464056,-21.171874815604014,69.5087105195689,-77.97041324410417,-84.05123607745773,-96.946616291182,-77.10384250183145,40.4861544849484,-63.780957535234315,-73.69471161378803,-80.01703283700168,-62.29984236778174,-44.66457161222206,75.27336500538061,-34.72523144304141,4.480334736076557,53.71127414043971,-95.49914074373524,-75.75198387719261,-73.19685196452185,86.14591624856106,-57.018773636432925,70.48278737767114,-61.86376108052507,85.4011703235546,90.39068628535344,79.65192256399948,19.481947003474758,69.24831518384948,-10.744464826790363,-34.18861576365937,1
-90.26103032001404,-46.80518706917758,29.01653839335725,1.5319992902461905,87.68636308254861,43.11432204049365,-85.17297708937164,34.781822291029044,26.978815585350617,-34.08400990762095,-30.8699417758817,-10.41534750852044,-0.1336743288304234,-81.90111686545755,81.57624325113022,53.18780026507818,-97.84328325007401,69.1737283134506,-5.112180437211293,-89.87171177156965,-96.76915354759028,11.323083166091834,27.36872268064367,63.58190030330229,-2.7290077033773628,84.47297810993285,-24.093550509273726,51.941316620580864,23.965114102855267,13.563446950045716,-96.27677678805978,-69.47027608927667,16.17685370682625,85.76741445270619,59.84647197276587,19.029227904198294,91.93006887906876,67.41723542868218,9.598583270377944,23.292535199471033,-12.03082168729675,9.366830114738306,-90.3414459660629,20.85287735524372,-83.62989203795645,42.89440313152798,-72.68437737599795,93.70605298326643,-58.387823658171456,8.776210520540985,1
-29.408299309528687,-55.75243603866327,-63.7899279055705,49.14822731028053,58.155361714515806,84.81146307200137,25.235308538493427,-88.4051107884174,53.14808484090628,-36.63115470093508,-16.690855330966457,3.2050359022388335,20.822471290938196,98.74368492432572,73.78263940448971,-3.176594430667336,67.76119412929259,-93.04548486556739,11.050878060397991,-13.568167165519412,34.762284219803945,-60.2343109639087,99.41984956172769,46.255835604852706,40.678619880710386,0.253564033641851,-76.26806678915763,90.61813128590316,-97.71609052754597,-30.342840846498007,41.875729549199406,45.32659532003646,-80.58645624647181,-61.909051524758915,-36.4383502080613,-72.79984295407895,-26.42591859903112,17.205408023241972,46.4547221617828,-43.034223520848336,19.97256263965879,28.46601413079142,93.23005402381986,22.45338265203756,-2.4952313893134743,-32.31725190086475,85.12402763427377,23.24149684529526,80.55303133934169,78.26933338668337,-1
-41.66748425813935,27.644883008122292,-47.1014253305043,-32.50506099266539,7.497630566838325,62.16197929649431,-80.23009414667747,11.441182136409793,-73.43226864318024,-32.58416940130424,90.93310786339913,16.71381494777806,-53.379460400224275,-13.579134603496826,-1.0694345337447118,15.557912904860174,-17.66148234912191,-12.342686656362886,87.80036316144788,71.17025954882087,30.192125800098268,96.32582838391,21.566876439105684,28.196089263462,-89.3171398886746,51.15634149894055,12.584638339171434,-44.930269954281464,-78.12193226353143,-33.897250304514586,24.016332839884512,-21.26111389168453,96.90154411867664,-25.72467040383053,-4.720773488170721,-63.595858195416355,28.055417654369762,55.785540771623886,-14.080265120544482,75.65321978215036,27.1356464712391,-21.382298085908857,93.2465765496298,-29.209545663933014,17.51260040908251,21.209146613236186,6.428891022239426,63.5410350852963,99.33032565335523,57.61196793640008,-1
22.344149246870444,-69.09583400189621,-53.45395162598929,-66.27435782298093,51.82381911685201,-83.87580956484335,96.32944731405496,79.57036676297241,86.37015604516503,29.80466169616878,16.30348610090391,63.741079983923385,29.046859729609565,0.4721556344868816,-14.315508865092568,80.82823964624254,-83.80881758997506,62.159861203184164,0.14291669141270802,-32.86010740476905,59.088729290070205,79.94986107056243,24.431714663011903,-85.37807888413997,-3.840122077739693,74.13190803012037,-51.06255184852262,99.55520561787608,-84.80122745874472,37.41313870962708,3.239278243336969,97.28350921511822,-64.43084281172233,63.68502218828277,-56.39841448839922,-78.66832795773253,10.736869351099216,-94.76090021372106,-53.327484602386455,-52.64782737531266,-38.61086373630371,-42.17895270651289,36.74231066097977,-67.74741372809694,-87.57828865029032,-49.1194431712302,80.81337003577701,-18.26485043352018,-72.73544463138641,-90.38550570296069,-1
-86.92873184021153,-74.639640174648,84.82958982733979,16.893986328922608,52.63797414389896,-34.113052332347976,58.54739885384714,-43.47209526472226,65.69508800464331,1.686480518967386,80.11228700045788,15.10007182381355,-42.750049509844715,-87.57708557787917,84.24927722221028,-95.37204670008693,-74.34645631938056,24.470425896076534,12.496285241367971,-38.96971387527317,29.39951266197579,49.51782588418905,-19.526156027971638,67.56899648735148,55.848705699366604,-38.91765905426079,96.11042433836187,24.489896654352705,-63.9916209119729,-43.18761382108664,33.78310243851297,51.57096218641195,43.18428619947679,-27.82566366491625,-76.37929410755346,9.91776370118977,-35.4388819922967,-8.56908615017511,-98.18554505025105,73.34417863624549,-93.14994202321338,72.2716661819511,-78.02705948051167,68.13810151733409,-99.8578002620411,28.174715734743074,-20.33927483830402,-2.6628261158039095,-69.90118809086219,87.67404374538364,-1
43.8707244738317,-2.711522571625096,-77.18994045892025,97.64943113804907,-30.02972259392145,-58.02446566624215,-48.05778397950851,-89.33059321500305,36.303415672183206,-46.861367718739075,97.67747204197644,-35.16953746702403,-80.99720861442682,9.480966700457131,-21.79615964353397,-60.40197962361504,1.0453926423167985,17.222022392282852,31.182444522405092,34.18884931142881,-51.73525647974992,92.71590299107217,-42.68060203314297,0.826689624258492,-43.06635169163342,95.1050552951271,34.50346614359526,51.45464907371809,55.06690513552553,-35.85363299364039,-81.81163983756399,82.19367921805741,-86.45374205476307,-2.0250559483862958,-21.912965864027285,-12.499661520405155,0.8068158249698882,46.19358532637236,-21.55709450344338,-44.59795210046475,48.39899215418862,61.18386170919413,84.37765573784719,7.931370627023753,70.61709801796908,28.04023993324617,27.847516288144774,-84.3568832886855,-43.08657703198535,-21.347462778954537,-1
-59.96995115103798,76.25013633637795,-97.76013894885918,-34.87104461002146,-44.87115395154453,20.11967645433404,-73.05984790680877,89.05998088970748,57.18682201451551,16.763391401519257,66.31729340084561,94.01077135404162,62.25438745717307,12.125508718033416,-82.91359913781953,-35.3025630927051,7.881199037447928,-65.9667362721898,72.41938012165357,81.18976385522546,-96.8943492691903,44.34167974756244,-73.58353105185145,9.011195915155668,56.48867686287386,-10.861150967345992,-13.108116838606463,-32.66094279606864,97.14730775536387,33.59060678701334,24.317471160628983,-63.44436728114087,-59.98522899198881,-19.291326209106984,-40.83913404566151,18.282421672097882,-10.01407834736743,-32.56913017364069,-80.7883346036979,72.91205387568266,49.69063879238459,11.864629232399167,88.84632137949154,-7.898140931452801,64.21156160649758,-70.54149747542371,89.179011824866,-38.5202492544136,92.54907306693985,-56.50091857096409,1
96.80263264209285,-61.310554397612506,77.30613414103357,19.96824422862285,-96.11688802468687,-72.6538348168783,24.483920158668965,-43.76614370959055,-46.71377244995634,-57.91515794857705,33.88024230587246,-88.25911607439778,5.62317491819779,37.64906808265394,-88.72819539210278,-68.86827281406195,-85.99766650339367,-2.7630948425387203,81.65140747742444,-11.497734572436997,27.998997866155378,-15.511997203264698,86.02226008622415,-76.4171690326153,95.45304690191415,-11.697904056232986,64.23258769726178,-9.183180336988485,67.85965139662525,63.69378701373526,25.536080765871688,-32.30726847014968,-37.54572671160239,54.53096170068429,66.78310792481128,-23.853843986425872,-84.55986011258285,81.82435145870767,-87.91172609041531,53.792278874609906,67.98558288533147,-28.451644964264517,-43.48734042010713,-7.304403758079786,26.326944879587614,-13.393922634477235,-0.8647360985001313,53.04704979390664,-81.0921841578268,78.49822549123346,-1
-58.13013533265794,82.22410027839152,-41.85122682186522,68.51767588673349,76.82080458964222,9.26277950094972,-69.7367076367909,83.2007521891341,-57.35376674449218,17.086123060542164,21.955745351443156,71.19384142025979,24.76407535702316,-3.2548719357346414,84.29454040979653,9.924023395121566,53.71790819839248,-10.714129989257401,22.57605350514396,65.84411448082804,-70.03039652149208,-13.51133439996552,62.37037499319692,71.55146686155624,-65.99010493590028,-19.127897998229585,26.865589512570025,2.7592049011252016,-85.57327581761602,-14.00178551545072,-68.9245256199604,-69.12571603350594,-34.19342271360597,82.84059895085952,19.014229896743572,98.89749168229781,83.45569717821874,-94.30993364372003,87.14363286980489,-69.25658696550478,58.13422278945279,-53.38291788659066,71.62747738514824,83.45117463711091,-47.04660063008814,70.39169747023121,-61.19980049721192,-18.80131914768313,90.96749692666188,47.82993724949853,1
-26.70769302572043,-1.733913617573819,-19.453526026606767,29.5156981613718,87.35441393741712,-44.88883692561878,-71.55828103705464,-87.78146010360103,80.26079724902465,83.83472164902804,74.92918007961768,0.5213705411919278,-22.807414394453062,-80.14698988616058,86.73794097972907,-41.119699661230015,84.03535915120983,56.02162930432658,-85.38311217378939,10.039506131523382,2.4346166140478402,53.809073975281876,-39.47018872739185,23.41441734750893,73.33308433567663,7.877122241713835,-63.353053462795984,-4.822021101598267,7.680548552378923,94.68351424356223,-31.601926694074294,60.01258260704398,-53.330305604287645,79.18572004923439,84.7049724184541,30.59719347714116,53.930174175508995,-30.264295522431837,8.000965659664487,-35.64243484073042,-6.8130704492295,80.15491197892186,93.39319934066597,-52.11186045146072,12.965882696671713,89.23484203566622,-54.06950534722539,23.85785489281072,89.75079854333165,-61.12659214252476,-1
25.178275287401817,-67.82794130298042,42.47880569458434,72.63746967361124,99.98019540184632,36.45648092042205,32.035219554593084,-79.53159356560045,-11.029987786367144,-58.38566036173698,-43.055514256570795,54.50914937216791,-22.560285260329806,94.83889732509707,-63.521110678402295,5.361340178461774,28.767393308310147,-12.984058904061982,-67.66157013080519,26.88407289088748,-70.57571335159486,-15.199436178435334,15.927957389457873,90.20969534004655,-79.79348367296171,-26.677342440060542,-95.15117288730899,32.487351406996,76.97318382702827,19.332666014912903,12.812331501468549,-49.76517460633991,-24.77057397777142,-95.68884517080534,-80.40277850530907,-29.546032118543224,-34.950960634937545,-69.60964517085333,-48.74976508096498,-36.001127446851555,31.89789867064013,-72.45615968792309,-17.633812386444532,-72.81007645419916,13.992029626564047,84.03560859795661,-32.3825092420593,-29.141113176675276,-9.897577708292033,-43.50905196405146,-1
66.472707932199,50.97450578171211,-77.35587001331015,73.0751224204219,-85.43690608431555,-6.479297096311015,91.74174670724818,2.3121814276371566,52.24869192555818,65.89609512269689,95.4097512619025,55.21204980862393,7.7839356183083055,93.07488727702867,64.33254796060172,13.89489579743784,-51.19888407732913,63.37078963087288,37.51318275881383,-62.85050356743196,-42.3168203101979,-18.785936594691407,40.57495698780312,-38.42184499137211,39.56239513356533,-48.50196894528476,60.49073018784935,66.91122480147865,70.75384729673993,66.6050055795686,-35.58971558975534,62.01075942270705,28.50167665107014,-9.143235500593974,-61.02023464297912,79.55487926648092,20.773392004456625,51.63079409979605,42.93884029340947,70.42155726331148,98.19402752349558,-84.76513200438978,-15.645431502004925,-37.5105858457091,80.69549497246834,82.49095325151143,82.51028997101523,-77.22531664181871,-27.923773366960674,9.887586662733966,-1
77.21868706264164,11.123430936480588,-81.10858974625617,-76.83306833172605,6.801863461437847,17.954209130882532,-79.85985647490274,43.5534669403948,-9.68665721116706,-32.205636484616434,-6.299613127508266,-90.07468280604998,10.661709190176353,-20.19737488785171,-33.09248363854962,-92.49842676620695,1.8025532021907225,-96.5447298138764,21.30480025175423,-68.78761137018654,31.263552049205202,-57.489842905264176,78.09654262094651,29.329765129310204,-88.7356730038529,70.14119101073771,25.47573540670402,41.13954541352106,14.364084088242478,-42.04495266400252,-43.042490605176994,-57.31526956532893,56.98519620383462,-45.38316301764591,56.626506889643,-40.18884975994752,-50.94590232123013,-90.59172027866094,19.926978667373433,41.6545802381078,49.9976994681293,-22.54118439521669,53.85270001849585,35.2297938287943,-37.71894453706135,32.039357735836205,-98.25040517164496,63.75130849129519,87.25308435223121,14.289539053362276,1
-10.517526635309068,-88.59952248961321,91.88791914823298,-94.7884228028814,-21.756366991715794,96.41638021508757,79.72081265118118,61.51995267940262,-34.45775609355415,-66.8093610423791,-34.613877486537945,74.52763120254991,7.98882006698301,94.6088884367582,99.9662637466669,94.44137507408234,-11.58919905167437,-99.30413697059079,-32.650880713543714,-18.502283384224555,-18.22714384064801,88.80527685266262,61.675731202807754,-15.636683129752214,-60.89271020894531,39.95798386308712,-73.54310016900322,-76.61209572622091,-77.62836036390496,87.62839160271619,-79.65840324621898,-19.300004421846296,81.79385441537215,26.27840815666076,-60.55734804993102,-65.70961954949495,23.937348562395684,3.1126989224262473,72.16907875299376,18.57750250409211,-85.7456244818371,97.66728691693837,46.514947681155206,49.24093809970961,32.24252158614519,-35.615592475569045,-19.21912284897354,-71.04396119078856,-15.067009233686576,26.573268859748225,-1
-43.676791578873654,-86.44072083437749,95.42906656008117,93.41108064566203,-82.85540631414355,55.431939251965815,66.46910540672604,83.42040354756733,70.05223974041834,65.79822146077208,-52.576466774195694,76.9355994938384,98.97052630928681,33.52234819132863,41.95147770003257,15.969205081284898,-81.8867194024829,54.465199808704,58.61653275230498,-11.73829118957741,-57.6191353156841,-27.537638778601846,-93.413062749156,-77.16514980622343,4.860920240105628,-31.549070895358085,96.83210629462789,-29.51897864221327,35.6300185771309,-25.219319585687245,-12.543205754586936,-49.242460330495,-58.318279195691105,-92.87206001836262,-99.57498087189964,-91.0942615165144,42.824552779641266,-85.9692659513269,14.1119034371511,7.786734565654797,-30.585931736933475,16.690417653980674,43.05877224896696,-37.857873164976354,18.707771438018028,-94.98916605754111,19.485201309829222,-85.63967045338754,-99.70217288398023,92.68399258642677,-1
-19.42534347347258,0.06103127090295857,-22.853534420033355,45.90076528587673,10.56800175281056,-23.778472610976607,94.21438605659381,73.75709263464478,-48.17737883762494,88.85303394027119,-49.11814799190053,69.76452366859286,68.26084415203735,22.77651979470025,10.492195638939393,-8.66286754288295,38.82952398703284,-24.24059517037307,86.53921326404293,15.144291884729967,20.147050303744265,-57.63164274782395,26.337803035362256,-28.56958316771619,-50.56311323266354,49.653087252939855,37.70885485436119,99.60562144758373,-1.9937612096497332,18.36361724497833,31.06646095064994,65.9311442975376,-88.12565876053671,-64.80710389784907,-80.82916780009366,53.05112042272202,-14.564655747842579,20.303547062052616,-34.42176367108998,-72.25973127982488,55.082618671584896,-63.6192016477211,-41.000549947332864,16.55641743896743,37.192231802136234,-75.67612891737339,41.49761729398787,-97.56549869929476,-13.971738974990956,-46.99707443255994,1
41.35544337708916,71.39002597387761,9.097629611392392,90.19363729047987,44.59503870172409,8.5789962713243,96.53096588709542,36.19432474408691,-64.87544671628878,-71.59403769011772,87.86315688845102,-99.47321568510839,8.703011009585794,61.042362999804396,-73.7533096278324,-29.125080824348615,-8.925247137506645,-2.474103441853302,81.82333059651626,90.94491190472908,74.73979707656557,-77.22294962291892,-20.299153284544033,4.472748036664484,52.02142292884318,7.037762997460192,77.26513628080235,57.50931113915195,99.53685864082854,28.746706445734503,22.70990076224642,62.730341371083654,99.7196601310927,17.9545927748473,64.75177693073601,-54.94556277779337,81.2724167938969,67.78309845277352,-81.92401938194864,-83.16769617929475,15.91526737368494,-81.9428114001617,-54.64939929377308,27.208043364608073,66.78365409630024,-30.96706007300945,33.82796276812675,-27.31601691163445,-51.61418076894493,77.50896441997597,-1
-19.613817278151572,-1.9375021180343452,87.42899336302438,99.34528021154662,10.43722178694722,-30.428535771981984,36.050734629215725,-15.094747086099176,-77.53444783047283,40.28275484749216,-29.679734502843488,95.325133507511,-84.35762468340424,-44.24580251496626,14.550328750032818,-47.91980632824124,-75.0911792442993,5.116704002967467,-29.35440555437681,-98.19503652586461,98.55865466874218,-3.7127639289434597,-94.47705516100886,38.127834498577215,-21.934844099929677,-22.414185279740735,14.139137992270491,-83.86972904181862,-11.072186721353376,14.316394732272514,-33.131799899835386,69.9474322006817,-30.67667034217247,-52.70984061863433,-88.85587337022025,48.56222766696797,-58.38248076918584,96.73434657089257,-97.76869697666221,-3.545853496397797,-50.663627834208654,-11.08204266531763,-49.31533347584167,7.10907307993314,93.72339976108177,-14.407015843175827,72.31113257726417,-34.35042999412339,-53.36627389280033,-36.00869448791302,1
14.894622635982387,-73.93591336553283,38.75158406981504,84.4240871922436,-92.34717100213973,14.155003593260716,64.10861562199523,-34.51175330970031,94.90805045035415,15.558412247824634,-6.534402622436517,71.87751764988704,93.57194228591254,-34.814328655537594,87.41900171480023,-76.32766526253836,79.76746340574039,17.10158259448562,-88.81101510512745,45.9958236271342,-98.21025505262287,84.18478902008539,96.98869018547481,93.98601194322157,69.88492014457543,23.037269879957094,-26.440716530884515,37.64067243157919,-96.62587171577263,-74.651596812517,-64.98231301926924,48.9240921877836,52.77677315497397,-96.15782385348015,-27.138694803837794,-7.185176887752704,-50.86167936473309,-90.56466168097685,23.88650643459775,-21.49625758179971,51.63300902941714,-6.606740931548472,-5.514468735852105,80.29068353903247,94.90273418447467,88.73825207700668,82.47980126919177,62.11515681747312,98.46707383917419,95.48285889244903,-1
24.681191631888026,82.76290452498884,98.02195674698342,23.61812463299809,62.621075878905344,-39.454201205610985,-78.88138685872177,73.20030605176007,-92.38666338676443,78.81195098562307,51.88982618089315,94.07710793815141,-26.172953587491804,14.218383804093065,-22.222801524541907,-19.074933955730984,-13.209250793233252,-92.86747981617461,-69.46213853006554,96.68575821743599,93.19012918158805,54.46221181181491,-18.61255093637375,28.575981476257482,-0.11994971016753198,-46.41699867839599,-19.535167420870934,-59.96247100237599,11.095442989335538,-91.65627234933764,31.302168784751103,-47.20228862822336,-93.80015387515893,74.47179044078266,64.0763270745201,24.778292344025928,61.05121439966399,71.86604067681102,-17.499040446053087,84.96019317791382,-22.50214023936114,44.27295938044497,-84.04109408131583,95.06370459533122,-5.2448870772151395,-32.254704288449474,36.99670472503868,-17.573478189661287,78.0834571172663,-95.08881740235957,1
-7.6567712373761765,-88.57345613133401,-41.53409683147331,-26.336698874774896,-30.43807008281665,-58.36302439829177,-54.106415885613046,-90.76021247823935,-58.02291164883238,22.1497193612864,-1.0117999576163754,4.335565219558063,91.64237626728436,-29.632800432502805,65.07584269878302,-4.859348749811133,62.06987429310507,64.56078809930125,-77.94746966467775,-50.16260674493165,58.546089782764454,-43.092558669184555,87.95125323584318,55.279886804173316,-40.9936626627607,17.04227191585727,79.17549458540299,6.695913107647982,83.38565928139937,-60.44208637477113,33.611812307259015,22.807483531425163,-22.39211404862371,-60.6773729353324,97.86239140221772,-2.384939171262303,4.632338243945398,-90.33074982343601,-45.52084962589764,-38.10178259639561,24.01145526233846,-69.40215440790902,2.0311531207664046,29.846555994142562,36.362780071099365,10.708019904004288,50.553562877274146,-14.220379700629351,64.729040690445,-32.655185135885716,1
-84.45307260700304,77.80012216293318,18.02328446889416,-94.70909890391516,-94.94171820207337,-44.88350716844829,-11.540145074088073,-10.647276907144814,94.95450094419112,-92.18055601374306,-78.090352599627,58.24887823774122,17.533308832491826,77.31549855589321,-25.6946621910447,71.8476045903036,93.98361426139755,8.584356260079602,-2.1306738368909777,5.247130629812077,-77.92832012306386,-83.84014030295859,-6.362653237393005,-67.1439362888392,-41.873000461027445,29.275870828030264,-75.42423709724808,-1.4887394526150501,-21.6311893650779,-45.73931094628587,-42.88325026102753,95.31213421174132,-77.170944877473,30.589477135926444,41.28274001110691,66.27033593812754,1.1625881843774835,-21.35096515423065,44.448178938512456,-78.34644986306844,-81.5728615880422,-66.32594142080804,-68.98052185092286,-80.64658793986202,-52.495238034932015,-35.113020634506384,66.91124317486972,9.25031174177262,-4.479520739933008,88.2666976600911,1
77.23635442586902,62.08658271463409,-49.29876221499707,67.34347309492455,-67.53843090070784,57.20505440989376,13.793014509986818,-95.630520622074,-63.4644236552661,6.251883983443122,-92.63611181543423,-86.51483431346536,3.7576126947348314,83.53337962769584,6.267674566734158,-70.88458737886903,-0.7656335742029796,-93.65605144339891,65.53962727422334,-46.92106808145666,18.509121317281767,-16.42866316826411,22.352667069856295,-55.9376046465123,20.757937044198968,97.26176514782063,-30.319798607535915,92.23024951620579,47.96082492778967,-18.79965969232522,34.11243384206409,82.0561477421613,5.35740751700267,-76.9752640200982,0.6306010846126355,78.798404828956,94.93799841504489,58.265170523213214,72.2876728337969,67.23472059073728,7.452448124781853,41.324582994972076,75.18236840759715,75.16533632949412,-89.72042272653147,6.663206039154332,46.68858692540465,91.97523661529146,8.835541148534247,46.93010710639959,-1
-89.93009460612936,-91.89816541173563,-41.6682458998126,-88.77368239578553,-37.94627626402352,98.76961257107689,34.60016668209428,-75.45456582543568,-48.72855016321744,89.57339906562268,49.921763167313316,47.23624301387866,-7.045690362142281,54.61124230922846,-93.83698800253899,83.95961992495054,57.46849396021727,-89.20786839173476,47.25523979238332,-35.05681913778223,37.91667670970759,-32.68974566037048,-1.7423811493268033,49.17588189624763,-91.85499794788737,27.471293470312318,-44.275205819585686,-13.17762509706695,-92.59350204523153,61.80065613171374,-45.30376790184181,-96.48558587923752,-81.33954659554908,56.10474938051678,-50.872638082748665,77.0920554451823,57.49012884159811,-50.414301169925494,29.645523083085067,-6.210232826060988,93.49290477274744,23.025698191350358,53.05324940039313,84.94097248760391,-77.19506638730911,-45.55555905366897,-81.79084837970132,5.629244047239837,-96.28596026317176,-49.632878814400485,-1
38.211162547852354,-65.28557116971206,-53.09117985038938,-73.26595022705958,1.2723119261016649,-18.81983613385721,99.7939484397555,-66.20637273761558,-83.28738675784155,28.346043122171665,-62.6953388843376,92.44499267506086,-56.4524901961712,-42.76136255881027,-77.86938593129537,20.8394788130029,94.80725056930677,55.50589138641172,-73.86051998386971,-51.01685440225652,-56.12920773132088,26.277548019667307,-30.23393965512298,-71.82658122430146,-57.76227116841737,-27.455566422417505,-87.51721657787554,0.8502457763386531,-66.38316576154008,75.47472619842509,14.046658103306072,12.581658126995123,-75.39662246262438,-15.987057588426154,-29.578196377281742,-51.874661264809795,-40.12854744831409,35.4713030900206,-16.386595063566716,-4.300352751874385,-46.35650228047121,34.77754491180053,68.95695406828389,2.5766707916611438,-81.20963626293715,12.458057736433233,59.79395633908166,12.01032872001204,79.84957808467482,6.4915002983722445,-1
-81.74266464277329,5.218802650308405,-69.2051740512342,-37.99962944353894,-16.592955097365845,30.741220960342133,15.326559576752842,-41.93812363159988,-29.6798430663346,-70.27712746263958,23.627002345655555,-89.95932235691907,-78.95948026385342,92.54344458105922,-51.64892337724045,70.06469025807417,-76.47607900291308,-90.81632480355981,30.735881822706176,-12.983899310096092,-70.88501869759625,-37.03127543136331,-50.14456599184318,65.85486724375599,44.85967808470343,22.220290983655786,-78.83238497449611,-4.308811692956468,-17.43448459166683,64.58998027281379,-62.1529694053246,-32.00653849441149,-62.10220169334657,45.16607804255642,70.01991507714322,46.983326500381736,-18.589701259127025,29.929866002661356,61.36438898164684,5.1989755425651225,53.02675322894035,50.667030153155395,79.17670829527887,-42.29970708671984,-17.553478397490153,-35.451406209378476,-84.01908394053473,49.61818372496401,49.072304941003296,3.9560109531897183,-1
30.858510464992378,3.423586171383903,99.12174230288522,30.193714381493976,85.43694901204182,86.52409335117568,83.84830818492262,-53.760669133743534,51.987829802472106,63.76579822066083,39.61122309459225,14.036704497987614,-40.356911469824674,13.143375413606037,73.95321618899558,-56.84832268617286,-70.63789933263693,40.043444642136365,-79.44046800307325,-57.96110259227076,-0.44044209852891925,-73.80021900795914,-13.920160669021058,90.25364609662614,13.082433435231707,57.591785933606246,65.30745858808513,55.304504558166684,54.04100209752909,87.63258874946419,76.03425680801845,-60.94160683468439,19.561704558582832,-66.33902039580322,-78.72868764869068,-72.04370724401599,-24.69647519234141,-81.20246634921426,88.91820944300889,64.59991247602147,-23.567954118474205,-40.94448896697705,-44.76308361165104,-51.506166823743406,-56.073058477066404,43.425245168179885,-37.10348423466223,35.28492007409889,59.82699778737671,-53.22657980439407,-1
-16.180105416582947,-57.052974975687356,-9.758918357520699,31.30661398060036,38.50350185070354,-66.18120860967804,-76.6166290763222,82.8384154805766,-60.27095892675756,84.2098352816559,1.864075199707699,71.36033451478625,84.05226781548527,13.902719283199062,89.25705249436865,9.866523254051444,-79.39675324763513,73.88645285835946,-46.77606710319957,-14.93552973621594,33.42618642277648,-65.83200891997166,71.59365037634396,-68.71462930256583,15.5577981285697,-11.07428697767881,60.81014369187878,93.47314657656852,-76.2780210741161,20.615456684276197,80.47748628550224,81.42711497978644,-60.83762563018187,57.03980765698563,86.61622048855278,-31.44070832786771,-24.81981388853265,-8.179202987754167,76.8763354367606,54.01053695961636,-53.05280679995732,-30.606586933082582,-35.611458079946516,99.45425942244955,-41.25548437812827,-57.34167040079572,76.93818730308715,-70.56628415666376,36.012696902598066,-7.601122460281886,1
62.93420094199783,1.1484596710888724,-38.06388712970883,-45.050993511995415,-96.62656365302826,-43.306335721549296,-33.30319164610238,-80.3605668502432,-21.38077803701097,-55.635629706629494,56.39995049830287,-52.67746777672564,-71.93823213498615,7.03641730613964,-43.78664763444087,24.50230579662636,-25.628406278645045,-74.65463152980465,-9.194590564525157,16.12040133870802,13.326545054649031,18.477740552719,-39.32789931040048,-79.45639153828986,-38.938874020527805,-58.565176282925165,-45.451000067205946,-10.632161466411901,92.23273997452674,68.00592506096507,42.436911274478206,77.20835508482344,-4.702768301733002,68.41042672841701,-17.84324416053468,90.90584509617295,16.869094683564143,-31.860135973991333,-14.167818968859123,41.68473655009393,17.764783640734862,-2.2731700352068174,36.806350817456945,94.00702766207436,-66.82890639342911,-24.88208160505991,15.757465461868577,35.689450892735636,-80.02209820645305,-89.46182252814674,1
65.50757911337485,-65.78280662856758,-35.53333763990527,3.3717051074634696,-94.55257948315719,31.89187939546227,-23.837484109613243,-20.95060781066968,88.77313461721258,-74.7363617652906,87.7725073879555,-67.97768485430042,66.6722079772801,-67.60461480066171,-49.59546217458741,93.02000991829959,-51.49704354673676,-70.01353171079283,34.40749286136301,91.16357255639343,11.811494180896048,-39.349304609696055,-65.53552717198583,-18.34262708714327,-79.3683127424494,-67.71315532820552,-4.0125304466301515,-27.86054072400401,-15.196425468847764,-33.82404413391593,57.70414645157368,-31.262206647708155,-5.911069651295463,-42.87045237124478,35.06283770551258,8.080178405201792,62.62296449780786,-14.657022001153337,-90.60800640195032,-26.38832762505423,-72.17188437969706,56.811346321084926,88.79363980567402,0.11093831459470493,-74.27003788033018,-78.6368745174849,20.014526517179434,-4.96894098793841,-57.27466276003534,-5.2421019050250095,-1
-23.443179919391895,39.063789924876914,68.77699313312644,55.47462584210976,15.689448600555053,-54.276180711928234,-70.01169136288857,-19.639387936451328,-92.7635884929463,88.46532021541623,-37.3732128181258,32.43862472561068,-95.90452357195313,67.79216653289538,-24.526966544161667,-31.435505674593173,73.95610228202156,5.765732477141299,6.913815217143821,-58.16736364350952,-30.98571829582164,-84.38399749232848,-10.885253907113196,16.355254859426367,-94.53720711342571,-21.011132080408103,-70.08659952755386,-31.052048426398258,8.577333924498816,93.55580398520931,-3.0998415513182636,-89.22999025235623,49.27759057896998,-63.79679389509323,-66.75330220232885,-51.555787041923516,-9.899837022215976,21.744730182215548,17.287711633142948,3.8557149532917805,32.10605929373341,28.414158702812443,-34.27578975380257,-59.550377084723195,2.7968647761427974,-19.29292335852591,-99.39169462576277,-63.59361373001964,-29.39055184848513,93.75675410843951,-1
-82.8683500807139,84.15129021094674,-56.985705706989506,28.27336384506046,95.248206587315,83.71469597692192,11.351204865017905,64.87749696997676,43.32207497044587,15.141217091629343,26.157706909941837,-83.2641448753876,53.28193409768619,-35.39662673520158,54.468542406943556,44.1744303200727,-44.26994355072858,-74.32628153883721,27.545895631067552,24.891446636907673,-49.94010081374889,96.83039381272317,70.39538810515634,-13.123341430639996,-39.84799274062048,-74.49692419530176,-82.09772008061107,4.0200233167189765,30.872554130343104,66.28072208688306,43.642400371917546,-3.904528744744937,74.37190783522067,74.86765089276818,44.62231566393092,-20.48371848668127,-10.701282775494292,-74.73034251459502,-1.1607952623669604,24.75896143496587,-89.90588799459753,-35.1422532101316,76.40603338042581,-19.819992570950333,67.44449463964898,-66.14076948573413,0.7229343058965156,-18.30374830913813,51.420146605476646,52.221473918643,-1
-79.08643193311995,-83.34846838987357,-73.63267643929717,81.67650947425281,-17.130378313674683,-83.62711920103088,-79.75725140122304,31.64359871160977,-86.95063282237592,60.41973092042181,-75.24858450662717,59.00043819753145,37.18010004166416,77.2708360688352,22.540508861808405,-32.59191091772806,-28.092580715637467,78.33050638811261,89.82716596901028,-32.93161872206247,-6.807112773518313,9.776871765106108,-15.813833036540586,-60.07911119244018,-6.174421215260708,46.661497343785015,-6.29049369009212,13.593178558051093,93.16885948176136,69.13653297488767,-55.983921245090684,-24.90542559484919,76.96185265242133,-96.60359823762543,-61.11968428676444,-80.17900697640854,-84.13921823661036,-42.1041293123326,-38.85121455793292,-83.66042511344136,-28.35159518395953,84.91535836249241,17.40149272618801,-4.664001436866073,-69.59019061499319,55.788728316790326,-78.99295010905949,-39.3013911393737,-36.61758424733572,59.896196195056774,1
-30.09872558263625,67.22372310900852,8.708782929888415,66.5446195594293,42.4901529423955,-2.2194322691998707,-40.93429597195977,35.20681466324723,93.11851889478862,-7.678128996876637,-15.53738157105549,-11.463302674231144,-22.612619789596494,-15.372193616420745,-69.71366820646915,23.510087400717694,-69.57474730127247,91.29323779689528,-13.199652840670979,49.37160232746112,-35.15464952786755,-69.08564713749476,62.84350975241307,24.107325955185743,-7.159487394981113,74.25334723862485,32.91518622895964,-21.59396283057025,78.45992355692124,69.58467977926855,-2.2814451313624176,-60.508303134254064,-8.329165127340346,-70.39262213674937,18.784069622273208,-75.31418934251238,84.74031681216837,12.970854956324146,-57.87161528512315,-71.77739655616648,48.31701762168515,-5.284663759167756,-53.03115584430513,-3.7672218511614943,-37.77842545440797,-90.50447075618182,-14.64121670482615,-48.734008708658,-75.56383892358507,2.833805932237297,1
-20.299053120525315,92.14926055427108,81.01562555889623,43.96606234999075,74.66826152091994,-48.10507420680628,2.115068311200048,-35.070516021663735,-42.011416627213194,4.889495704169718,58.416455664754466,65.31575360919183,-43.95420455585377,53.534006205197755,66.06167427938755,20.428887153222774,-97.97233506035579,-54.785973114316675,-53.63225726368761,-55.432941492506856,-68.8319589395746,-75.01635871280861,-75.0652827398952,-88.28501844804684,9.852936995779004,-20.843192578888804,-94.92770480234414,39.648669147914205,-1.2060071738750509,4.745446936030632,57.81432657127314,80.36040754011887,18.22161659557848,-13.447686020949149,59.37431297877731,-9.368502344713406,-70.43426546092647,42.551362605699694,-69.46219349671159,9.453297083571854,-93.62936286202523,-3.221182201948963,-69.79936207118237,-85.57649927827637,-81.59766079229682,-78.85404622890766,27.64213112454547,-7.902702338291405,-46.05072454590371,-1.4428150368674295,1
-84.11612620220268,-49.60035567118566,-73.85305210843,25.389571048351,96.13083831250776,-15.993058667343576,-52.194023372116426,-72.5105020802423,98.6705647102306,22.02730980619056,-87.19937817165197,-41.81621605999162,-87.27802465469779,-1.4546789048688282,18.565834277933277,-66.08278601251365,-11.259114957191628,90.55552724317073,59.79385187745365,-17.137038894721243,-97.97670414632289,44.97476721792296,-19.689595321144623,77.63542367870349,-15.429701587052477,-15.168528922222535,-31.828262774750186,23.396760224066313,4.957829914329338,-60.087242157411545,-29.320813033595257,98.6887877922762,64.52918343196015,0.32419852434269103,82.76282250734249,11.611720407551744,-89.87882729097214,34.435866408580324,-78.92601380059784,5.449984580938107,-17.185515805002225,-62.55981580691375,2.898585398659037,47.2322596395193,-85.04943931980785,59.482426534922894,91.32232080579982,65.07375223220365,-66.96693234726695,75.34725833678621,-1
61.28072344656789,35.418756956728856,15.740129538448471,78.94037220483673,-55.34417461351961,-26.146235408891698,33.17936336845065,16.12921364423903,-18.300650162395527,-50.00335373645288,-37.704977192221214,-34.41183678592475,-47.58145039987487,-90.40816990904186,-59.216532105510346,56.096373515760774,-12.13176758234276,62.31883534779212,-91.45519910287678,17.311071808836004,-28.444260508458854,-35.1987230594339,-64.1385807229575,10.932095225263765,82.84566359727944,-29.243862076844977,-17.562938983389344,71.62205188551204,-20.167314180462753,99.81068891701733,81.92807060035881,-40.31009668367529,62.563584278848,-74.82220873555198,86.42988060776392,87.02392712515584,64.57346758271044,92.0640726521519,-52.96205267191314,3.111328123344066,77.52051346820579,-7.973203799205095,39.5733297232363,-92.64018745662004,79.52984535049589,-59.6025064815908,-10.025207056981472,-18.5433580376027,-97.3305670271311,86.18972186357092,-1
-46.15135381012381,-96.50035720252228,50.1622762748878,66.88999146955263,73.56558274627389,-94.07208336479249,-83.66297088267847,-32.64495659883018,-51.155664201548,-89.98278171641996,97.92027601846635,-54.78108533613892,-95.50958175473991,-91.31490198363483,92.2777838286629,-1.7096920274147607,14.485622702624923,35.702354733495326,-7.044286191993422,95.53279729394333,93.62400261479976,2.0441437510201723,59.37826999087562,74.8092820215256,-54.97514889671544,78.08158978040987,17.18856800603008,64.49823369888043,96.44705929681265,-69.50128882119317,15.794519093359611,-1.9064551788174526,68.55525197432542,-86.68899628791269,-84.88588715733474,54.37909523949179,-15.469679666249618,91.01904085569723,-4.914013785769612,59.686515027371314,67.64341915866882,-11.033010729180035,79.97068364664355,-89.95000896657217,-53.10734292187185,58.03208164093428,-21.990339041123192,61.26666899219518,-35.9432363025187,26.293407842181907,-1
39.78976569747712,-15.312239020041503,52.811117970487686,29.76517530012282,-82.766661319717,96.21096768206198,-67.65229405349092,-6.220491097560796,-74.71534885807034,-67.44460306386483,-42.79459104192724,-25.356647771861887,15.195487663838804,64.32506290548602,25.206863734329715,-97.36763513268265,-98.62199128850094,-91.94360914184333,-20.858999754114024,-86.71200270951832,55.972046814447395,-85.5378269505833,-24.628819074487623,48.02949503705466,32.81442578995046,51.445812570287075,40.02774773438219,-61.653365920928,-68.36105637885237,-12.371356835780745,-25.764415797440506,-13.889800433010336,-22.101166239759323,-51.102116583904625,5.996464421740086,-66.93327282818782,17.24063678927692,16.43789765393511,-46.666094675177085,-89.33164863085344,-97.26809655533242,55.60560282423481,-44.72521451755493,1.3175081951997782,-16.049546596703863,-13.309055902221445,9.608630301488134,74.33715032051398,-57.428815938178545,37.95858703914823,1
-30.544592193898495,20.80099954790002,63.37209610820449,-80.22576898926981,70.41900360940909,30.305937073001473,-48.45338438817064,76.89519160331074,-51.777346339733235,-85.94518911279172,16.983805928968508,-9.678605709595644,45.5671070374886,1.6480447774273301,30.4904218378432,5.0835525432979125,6.75145278297731,-78.42671352741576,56.64013350843376,29.408020932621184,-0.8823148482811121,52.81474614092244,-49.53176012095759,-33.979470473228915,-97.73140183998488,-80.45761398572735,89.91681120237172,8.988794943416266,76.74424371350952,-62.07167631229342,97.07594512070392,-87.7685226579415,20.761220602747102,40.76200791799201,78.2797922013676,36.95179689449867,10.137467468810769,54.13683997502653,-34.09275123811109,84.86324922663434,-68.39297132585486,-12.786476542976175,82.1075484105614,63.643349900631705,77.94711970212634,51.4291989372598,-90.99305863569438,-38.89357134679978,36.282884803924134,-5.533413621717017,1
2.53095062901059,0.2882947395821418,-78.8442186211866,66.49735492392901,-66.04099901286413,65.22773207106633,44.17777759243896,-13.979219878023457,-41.400763976916856,45.83217579590854,-81.90660377600763,-83.90397233975106,-27.12058024430422,60.97530191781556,89.33225825406589,-49.80052089269245,96.81673952728303,94.80338943129001,-0.07959237684865172,-94.5685019127541,61.89148570577629,49.38272810796488,-27.296261066955424,-78.5632798010215,68.44897327967533,67.65901532593489,42.04538220514215,-67.103965837179,-50.74186626034503,81.20780245276114,-9.983587968065578,-76.65979879729154,67.82290552955803,95.49151613292426,44.51097918442042,39.22373466692588,70.09744596159578,-13.317892504438575,21.55495085364805,52.25060289725835,-43.61500991874183,81.564236776472,24.882098689934608,62.05297073099061,-16.84250493340494,41.08704862870195,52.405566896749036,-56.63848829450166,23.25496283925203,84.92335973947584,-1
98.50292403239428,-99.81883295078195,31.04649691526882,42.02081891856625,-90.61871792376989,16.383031025315546,-4.803401102548094,14.502426608336762,-58.31044685832587,66.73442842152991,-77.78710895740201,-40.538907661165794,-67.73801724535397,65.17744512996899,-20.06149435395841,32.80465592443733,71.00114594235265,-7.475406841806858,-22.149375024174816,72.42691130194498,-81.6701593713897,-8.843897290386863,49.44129560552756,-88.497673157632,-56.36673779498145,86.20738503963508,84.3587644367934,14.649500208915597,10.487544708839096,-33.75079220021928,-53.768808565791645,69.58369409508825,-71.23040252954277,47.130171063035704,-40.08578853217537,-90.44757286155831,-34.325089690220196,97.0916301303568,-9.070774103681174,11.816855029536384,24.862861800496333,-58.86003324885279,94.9424552164059,-86.9481107685957,-57.43534576352965,14.286449376939288,-53.81178084410867,30.143770631475434,91.29202371059114,-69.95096494561326,-1
98.76967777993963,-4.109004370046861,-65.55633555859346,-70.85176482520446,16.023406608406148,-36.334539228841464,52.444325433973205,9.699468221044498,14.233779058181312,-1.9793256750976695,91.36511198488085,65.08953450128348,82.30833979151242,-41.644474155888076,6.408122360663697,68.20364063046713,82.07459111400718,21.54614085382724,-55.90614633935675,17.532358724661748,-88.64809502487492,63.282945768613274,-69.30928263481042,-21.999731219600278,15.065595186725574,67.38721537144323,-41.39881122907507,11.065112760662359,-16.31235570980627,87.21602788481351,-18.697196104036507,88.71227882353776,-74.20091961564435,2.5749029454722177,-18.73031480170036,68.87295185067316,68.39541674505,-46.782941103736974,33.27745870312674,42.53840991250382,-35.75526075082132,75.51306362605328,12.424357948472505,-5.107656955064627,-40.04145192218975,-88.66188082172084,-2.8974485763155826,-6.426492234395511,53.04855824174018,-39.77600263383436,-1
35.92406654702157,43.804564086720205,-28.167212273209373,63.22511473079078,-12.94555222721175,-87.28957399090551,57.76406127045058,-1.7101537794757036,66.55271022979875,66.9533947528281,-88.38155410450467,37.145752917791725,20.632478264640582,-87.55708033859668,-70.39421483661764,-99.92296985052288,-40.18442057120839,17.751678552423655,-78.71012576593988,-38.23936942571311,78.29371931202905,-37.56089327638921,-26.470835951982963,-1.010639507839926,-37.12702118456248,-44.27655949399727,-12.200150058192861,29.224167715147587,-72.21844058271606,-56.01556056222383,0.9076821621289355,-75.68380193153148,20.555675987820948,-31.46300910273419,-42.871079826182104,-23.36409131253521,-46.43392239347577,-68.03461402642674,-11.739042433755628,-0.586156144554522,62.15928349978614,-88.99230084613131,46.52300673360594,-99.65854706702748,-54.45989419400645,98.51275147010375,-32.12256578504653,94.01986879964744,82.70171515894751,24.842442942653875,1
98.59295922386008,-18.16348250830228,-12.91277421959289,-83.50838440320922,61.327224345051945,60.87170226726647,58.27253570296767,-48.27670208821348,62.91847471264353,85.12378354969735,14.322653558879608,-77.7816226552285,83.3867046050874,17.822380932668295,51.046371271133694,64.00702924088725,-95.27205238019367,-34.91122875538136,8.861401641223154,-9.477130934931878,-61.54233705930488,-39.37025325367654,65.01998816128764,-91.23896591113439,63.38156574760191,86.75479743584509,99.64700755488423,93.63456069702542,17.325800062977123,38.278044967734104,67.50042022054032,-33.68265733210298,-9.393916095936177,84.80262242703401,86.4546595209413,-47.34284649579179,-89.03085009112503,-6.889081476096081,40.02811539033479,-40.05905693372913,55.28658514646864,10.366663057944777,-22.72066308667469,34.72460378502669,-81.86750023875126,39.620427584530404,-31.952957892900073,-61.980672084547365,-56.190874333129855,1.6947634651632626,-1
-99.12734606993818,-34.883773496197705,-87.16090280043713,-7.627108199966088,97.09925427841713,91.80804328944942,15.076673110841838,76.37317246750374,17.346916990466823,41.137960885420256,67.36479158588807,42.08840536091151,87.95458164692087,-59.27964989704058,-3.471017691265942,17.783237137440167,74.45452358121156,71.67975284943736,49.224518052650836,-96.96903717508194,95.1708025353858,0.6055306585299292,-70.69792248154525,87.78587867981602,-70.22871836068344,25.98119787444297,5.6883309467464755,8.068369766511424,65.04329511019199,-59.39900251280883,30.875620028889273,-7.403757791981192,29.375032696744796,28.50996023283855,-12.718800849701466,61.254388073645,38.09439457713839,-30.424569690450838,-9.58788548543761,-13.715776172584924,47.85496688143036,93.88338757217869,17.683223131170124,-41.95404466355257,-21.817202901495136,15.599754754080578,-91.55445964744561,-41.374260583109866,-62.17221922446497,90.4067132695653,1
98.98156452928706,-74.67257489632513,46.82490873139372,55.70707420068109,-86.79089253879862,8.852004361896576,15.027688210161429,10.254308139951121,-24.20508770157967,-86.42597939404352,-90.31536633908395,-88.82010594942477,4.7504865037073785,-8.510876491614752,21.95060974142949,-28.682666815074214,-34.07883688040823,95.19749690856727,-73.02885343695011,26.798254150281636,77.06514987510477,88.9006060922163,87.49776038309344,42.32759333413725,47.56109604547078,28.348395294581934,-23.855910175807722,10.293829775939003,-44.0319598038255,-85.45999863624198,22.675536073524015,-16.707578599554324,-84.18552871650908,81.23935652741315,13.535577300089159,-51.0875027306452,-84.8808789401264,60.37973973918821,-51.98926447627803,-42.87718476772224,44.78206605315023,-34.39533415861288,80.87457825686215,-11.953775727681574,-35.0091930723851,-25.678502403719932,60.22966051013333,-82.54344377544186,93.11560518319152,-53.34087978782096,1
77.21722176270328,-79.24505827305185,88.85323193111017,-98.15554528255461,-63.34882706218756,15.597722272554293,72.17908974424597,22.33832450673185,-96.78105769855509,55.20271107928488,82.06435276602062,79.83258848295719,54.013564719229066,-31.10086743244669,-36.07871333710424,28.921546100030696,6.640594963323537,9.109703440481724,-75.14677478138552,-63.348414221535606,75.01254248807496,-56.54179052133945,44.315225473794214,86.04286381675337,-59.539521302900724,74.65928468844882,-46.925440433021116,-94.5281467826565,-31.51617386519048,48.28427402802291,7.91542960290424,52.72978441883495,5.952882322164754,-76.03954674355808,15.782667833480147,84.0814872442399,1.3085111744863411,88.16040899644224,66.64996039313385,99.96239719870121,-67.22205345838972,-31.23224913466305,-55.21306288253036,-45.21745250928808,25.96137065254625,32.96945127189136,66.60898405227067,91.93463030419642,38.01013786150392,-69.68275553390619,1
-2.765269179023406,80.68155117255858,35.438018795357095,-95.84718205510781,6.307359390797984,26.260755465642177,37.45852328570777,-8.547014953165302,-79.18345818925381,84.10857829082192,-60.313893907096514,2.7283315612906023,-42.72459195805076,55.57067920538552,-71.04088806282547,60.422507808451144,45.923864874111075,12.81596825813807,86.82717282344953,7.592389265091384,57.69849785380441,34.2746207337602,69.63900349011126,53.15000237932219,-90.57986046073219,-89.88037889525793,66.36787466585628,55.116572298056724,-61.80614144172023,86.7503846036308,-8.768578855057399,-69.24944571858623,-45.47825517054642,-86.87786731031491,75.96034610003417,-23.52901929521107,93.2813210050507,-61.709995070052884,-6.694545915505216,0.9022035571745164,-96.73081256637764,89.0510913609663,-64.47802751444792,86.9940647667579,-65.2817299893528,-83.22432226770285,-14.233873866865537,85.14266701455554,-47.635774664231455,57.34157978476412,1
-58.7332563188415,73.93917697032677,29.749387447330832,56.78338576930969,-96.69545404269468,84.10052522672365,66.89815917410402,-65.52131115726868,8.087586862877643,52.4928094985014,-55.03092852821669,45.574240353456986,10.076773827478533,-51.562264398440824,35.845104376150374,30.92885717775539,25.061963086144885,55.17781081543123,-91.1360131637475,17.35931916727418,-40.39067437975803,-69.50062607615293,-11.765384045464472,-31.42762183114644,-21.43147876785622,25.823628608198646,32.401986107965485,31.112882953764256,-67.3941627443707,18.129125220872822,28.951761797377998,81.3851378234659,-61.402288946807374,11.301853979227872,-1.02585668615977,-54.4010697699004,58.855021265340156,-16.18043169526051,44.759488036655426,77.63290191053099,-54.237168271082645,-72.47278511922076,-40.84992952256128,9.624387747865711,12.474364235385664,-73.80544353969754,27.734974104036453,98.83169736759652,-65.5276982177294,-60.376808341247276,1
-23.57210503348614,-60.23429394270401,61.22236353168097,1.5076650184151106,-17.972402855711707,-45.15416579495479,-71.71935128422004,-27.32324179042331,-92.82454072400405,-44.771337633051274,-81.2076951184772,95.71839604851115,-43.8396545357145,36.90069580782941,-63.41526155967854,-5.328473762099392,92.65617547244656,43.49853199681371,-50.6465423212922,-75.89393178637374,-56.88140294271491,-86.69470396317315,-91.2473921371252,95.0529406441346,-20.902073357958912,-24.799798786467633,41.74776638187498,-4.793190192851256,5.6330356134990325,-56.08679165179704,-58.4460742333256,-8.05808190032569,-54.13249228845907,-28.43540424143147,-78.37167378530657,76.38600996103116,-77.36429951417199,86.81985576290029,77.59599734405776,-64.14282759591639,3.0544048424376626,46.6469622597144,88.36223757530718,-68.89398578752585,77.13510420706618,93.99188845042866,48.87605991131392,-80.94574246401147,-62.85508123595782,87.50743773921866,1
-32.50914420715421,63.59695421544106,-76.1400838796375,-14.012050442976246,-31.086354108245004,-96.14032491968149,-80.02130829570027,86.08245192258076,-76.04835737790485,73.33961899527932,80.56161189113715,-2.470880853128506,72.53486175609052,76.6827975209298,51.055819810594045,21.669173588309107,41.404356695672504,-81.22015471636772,18.09163096869048,32.442650651808975,22.64323264764589,-34.807416270723564,-23.626993552219375,-8.452213093503417,-6.045891333027669,30.03729785677615,75.01100406101136,-10.245271684593547,-91.739364921858,14.788327802319401,-38.52299831894055,8.612586756298569,-2.6702338609817104,42.50064633210624,24.400738874983105,-12.37197917767412,98.86784390561613,-76.38154911727615,-88.43203044612137,79.41301353537321,-28.526515904687557,82.51788699946744,66.54360566354669,-48.274542897182315,-88.98330877213019,65.15323372018884,97.32071221308257,70.4649123970139,-48.873506482837726,-22.440562835372063,1
50.91387224114732,94.17083957354004,-96.52225141491321,79.39262434212338,-43.89909832450187,34.970482943869854,-79.45853986407212,-89.03060861466625,65.22799736421132,1.2935941676937688,-30.824788661595164,-99.09227552224165,69.83647864557582,-7.53733374279237,-4.635075496783486,-36.68097068190179,-19.083589616842374,-24.295533876164484,-30.900891704046558,-61.2101646625105,-17.229046990706777,91.14012388404441,-73.2909891984147,51.799130239059735,79.68310520880206,-23.203355941227954,-57.14709572047265,-92.99648207739264,35.375341656034976,97.53958150959892,-41.04197398897256,2.3538977505054675,-66.83875296878013,29.484410786553383,76.7186560426232,-8.950576357707291,-3.5179762325183077,-30.545757193801194,46.25980368507888,10.720739056174395,-15.9914026266881,-65.83532725100744,24.532181861428,-81.80960284510168,-24.12319716073101,-5.321717775773152,-35.92834492695248,-94.30850995053481,-3.454642676574494,-30.234188643941053,1
44.5413915396457,-88.72362922935369,20.81442011981271,-4.3126323918246925,54.464409045273186,-17.71144666391784,-16.254814151621517,35.540303288828255,-45.41023796469275,29.534276886697597,-90.48539647272911,92.7323034921449,57.12648642989845,-9.21478528571582,-49.13749208769169,-45.05666938476518,43.493193636423115,49.55253345762381,59.56883554428754,8.101014474077246,76.38522131087791,2.6278247462071818,-47.14345978039882,5.676745249295422,-10.267222472431186,-56.95366778387323,55.53191436140867,65.91836978594657,-13.885785788945043,-45.16109902562606,-81.32130239179611,-99.88701015868315,-54.60449067103254,-31.120171220879826,71.92499954200954,-2.545332403739536,71.81600291124076,64.91994372442446,62.620006260743935,-5.775427999960556,32.12514403484383,-42.23787178067007,90.58875383413695,-38.98728791413089,44.04609396981195,-9.192181457472898,-6.2241675807306365,61.34897584700809,20.74742877015059,-82.91138782925465,1
-3.3535848249129714,85.05292833139288,14.128836509008963,42.9538716998519,-53.38603326102977,88.09467261228764,-48.23262088681965,-98.46179280453762,-10.023495389551854,96.51512904970002,-0.4092894561632505,59.95071147125893,-60.18570668634617,-82.2790949611334,-98.3045425581699,99.5894349242453,18.112071668220082,80.29493211086921,21.18424135640005,50.141453088946264,81.98483679506884,-26.13520723857974,0.5709276163966734,3.9864659468390755,83.86145466493537,9.522456496114472,95.45276269667283,23.463689728407772,-68.39108557146079,-55.04404748531633,1.333032531038512,60.27802559447082,33.59353088559166,83.98703271043658,61.98286729319824,-83.30999377242469,93.10978455974427,35.76917541954859,10.609763656005768,-22.790848507482835,12.346572981165636,-9.088238673947814,36.35420003363316,62.67281971505966,46.37404397021493,-56.31929074638313,-59.631014580365125,27.66466811868777,-31.65317949757423,-86.14119054981302,1
79.10464569924011,79.11114817477701,-69.37731084556032,-49.88574171557043,-14.707039954589021,-28.16014087135838,-83.0571767258397,-20.882011825440088,38.272578742358206,64.54584325823197,49.90568067681991,-6.669099886701531,-66.92659653510786,-28.35351289262394,54.59874878117748,-1.5209443439076438,61.59166784744187,-27.682757957769425,29.95431867711065,-0.42441174536615733,-80.20675155518957,-76.7429711184816,-2.435882213708311,79.52421654985503,2.2697423927436233,82.81863255260635,49.683388137329814,-26.734097735397455,-94.24490372053542,27.47207398525333,-70.24499738758283,-53.71816267792451,95.65245068279359,-82.31003927495344,51.99935843926011,-39.870244662371526,38.571210483665396,-76.08828291953873,80.0617278913154,-78.89444946373004,24.34533704863813,35.1322914344282,8.720912049017386,-31.14881245092495,-8.922720385385375,-29.90613962885695,-97.45613270470372,-24.719915774622805,71.00490956348114,96.00520215200547,-1
68.95664562337754,48.10190424366371,-14.82628782337126,-59.92793919930995,-29.530717634398115,54.236339223645615,96.4096797981505,11.718346171128857,94.34515637271821,-28.360155285214688,-32.233324337328796,42.560483115792465,39.110455722449274,4.9589784927843255,17.409752792570643,21.692741058680582,14.963561840554476,21.82366977047532,41.415171733944135,15.325394950630383,3.8892721258026057,-24.030683114659524,97.2727669746435,98.90198009951482,9.504457805568364,-70.49357056378108,-41.26289582118412,39.02995187588314,-7.3751727805481835,-25.28047500757988,-29.86713446418976,-94.08143148569698,-85.53233989514722,-4.6748956052659025,7.891709040374948,-62.41468248841737,63.28168678427093,50.801238548435265,48.37072187929766,85.09991559455798,60.965269550829646,-32.14675525718664,-28.759210673137957,-6.11273155006009,-99.76311287171362,56.49871808512728,-24.64043935763523,-53.58579568036426,12.808540736169988,-36.019360088014494,1
47.47141547755993,95.01743394153627,-48.602812429243784,5.474657994168226,99.50050069623941,-66.4835033351961,22.054005661642066,-80.13780866073601,-15.17753441257814,67.52580399283326,-81.59590826768954,70.7351266496932,98.50090757104101,-68.23304983884347,44.35928950410781,35.79859926947654,96.14508547364079,24.804380079020177,-74.64015804378208,37.745691668190034,-97.79036279523375,-29.320019954979102,66.6426733546667,-23.292703371027798,-90.51343975056885,50.38491822100892,-24.637979011648085,-72.27009744027919,-2.4634152666325804,29.525164014996307,17.900550530392678,80.07137901992377,-13.417229195892745,-82.05850191212743,75.18940973432677,-75.74824623163705,-45.830923050404834,5.046591364246339,-53.73564549908056,47.6883253541408,-49.836327649861964,78.54584875589438,66.02249091861472,31.81459470277042,47.814873335740515,-61.47436482893794,31.701197367516897,-37.91839234276835,-12.853569815527393,85.98071883722139,-1
-8.96560165326872,-12.644566135336063,5.9798351610015175,13.671009197324139,45.20147693103917,-14.784201627142338,-46.81082882044167,8.598354561618123,87.37679977011027,-85.32006837297688,9.211554458607424,-99.74871858113737,33.15054215304298,-27.086544775364004,36.57552881514806,-96.45242384398793,8.82455106913143,83.53682598787088,-28.72628588752768,48.70078685559943,-57.396184806723795,25.807415320068742,37.96600513651222,13.774970228818702,99.09410878494529,41.048019816226486,48.83700894988414,72.41090457827738,43.00310853222527,59.582406783662094,-93.60596230688168,48.91032999507064,-44.653928024188794,-77.65349584562279,79.67677543026562,88.05835868540646,57.578627709407186,-88.37847912166323,-21.62090124885661,-64.0952674787157,51.31194165266143,31.309021184389906,-17.930125703755493,-45.337480224923546,-38.89633486061261,-93.83800490217521,83.06862522921747,-5.137083352283028,-84.10625047283952,-91.26888041097877,-1
53.51352570358364,50.48184664240185,-41.869934126926324,-61.4962256360404,46.46981392957957,-88.38066920196201,-94.10925821482823,-32.57541549487894,-91.50153541618936,-50.32268839821437,-8.473465156377301,72.1675126876971,59.47950528036267,-37.8595369622337,5.026453424322796,64.1488961923535,-33.35605597179669,-73.43697198777511,86.64553665039381,-75.57113453268639,94.80785259731624,1.15103800349101,92.01454836680958,77.15212703991048,36.93462230025588,77.34760703351486,-38.910142607258116,-65.8614022348679,9.35676362354289,-5.461318834467349,-25.324563994150722,89.02317120894432,33.03317971103354,48.504019568415686,22.8716581607501,9.467638584505139,62.8104440106398,39.03823974653503,8.341529608773854,52.93909100045974,-44.32805908000199,-60.82188058179081,-90.11902041795277,-13.053685379325714,85.21696944832979,-4.652745135208789,93.04812471026679,-91.01052864968513,-81.21544875589422,13.606418102082941,1
-38.85120851054178,-98.84586774140641,-48.42599929039828,8.658672074215048,3.7665351696518456,-62.181791128219466,12.659895214949742,92.93703448860106,-22.26335694297194,-97.49149586063322,59.28703551263712,-59.239912201583714,-21.95533600416904,25.19670326635807,-61.67050076905547,-46.719774497277314,99.6095701430234,12.780669545886354,-69.90116432485462,-70.99971720000799,40.41336272642414,54.034999338714215,18.58431958898717,22.7388399367008,44.85589726552382,-31.777546488672215,36.82378172103472,-57.03100052896926,-5.109181813866641,31.55548123586871,-94.0694096772483,-87.50154389739022,-42.250654909525934,26.368134510692514,-69.96244658595201,-92.76560345117531,10.65383973238798,-19.629727326204033,-90.02184987574924,0.12621639939764862,-10.396103579062071,65.24907387366255,-20.505098376470258,-17.437680475683393,-65.63164039953928,-82.10653377736526,-13.250754137116587,-48.78883030194088,69.83750041524675,24.205711118603006,-1
18.226060651703293,29.44445667957109,9.302741740240705,-1.769365137909901,44.95653135487751,-66.57644068171986,-74.58367754534201,-3.759685035328644,42.59281271535332,46.24333044496379,-81.35786202747283,-27.68011012025697,-94.05225246681988,-80.68775793253589,24.147607936271555,-34.897741067797014,46.60348635924518,-36.19917667828625,68.67735660252984,-21.6946601632976,-56.81841480630616,19.513225886979257,-95.1956078758384,68.62682362187277,-51.215820764989914,-13.837936870070862,95.43711919441296,-12.847834932584504,37.987914310733544,5.092138212065095,38.579893590310775,89.00853975853539,66.86348798357241,-60.50235997300317,-72.22277237119701,52.617772086702956,88.71338263331566,43.054493194273846,-71.20350843849633,-64.77678529949218,-54.46024622016914,-11.71460920308401,-44.717525447279,15.15493679237585,-36.983749136718735,-26.847079093483586,-17.17596014105696,-1.0811311146175626,-9.873765285867321,56.60609510369409,-1
95.17475098201075,-99.71433138416465,-20.14014879484283,36.381033292154314,-26.41781243678585,34.41173827709781,-97.91656065210003,-48.940695991397874,-93.45315754296585,57.45051408156439,39.24561282867168,-49.83937059888424,-42.91229203373128,-76.30257091551198,-65.24024301910475,69.05621342116203,-50.61730677425702,96.92859673583155,-53.469149018990294,-77.77099210879659,-36.94201654842604,22.59159396864321,84.26578194060764,-20.654860967030416,-39.618651535722215,54.97396605503869,68.41546210594308,-40.60162418709088,-38.66351732688258,52.43281320938763,-91.14347606936768,68.53024372377001,-93.95507717839952,-84.02561294121524,15.909587712588234,29.483527120175523,-68.52086190360623,-99.37368173295486,-72.60409758378914,-77.86159240914137,59.661726978095146,99.55859916057304,32.378746116475924,43.85205192319276,-39.0812886319994,-95.46263374071206,-0.941414280139341,71.44085557540615,-62.81776786559943,45.51134752120129,-1
93.36909995985707,-90.140067518166,-76.69107800027348,84.16131740156243,-17.942857869368183,24.661606187841542,-76.77234006997543,-3.2889469198016883,6.637566068218987,-83.8108168442198,50.434220906718366,97.81170211659239,75.7335606857248,1.2385594953716321,86.48234206503736,-88.39504072078512,22.775852209481926,23.659777215441395,9.73881553861338,-83.96169739115776,40.90816772014617,-86.49513765245887,-78.11442642160127,-22.923362897585903,-32.891992929938496,-99.00812182782359,60.47195911854914,94.0679608070289,98.6447005371574,11.969915005756235,77.80433128423553,-77.97138314875032,45.43795318340747,-5.419845217981731,-38.0704896358127,29.20435880470359,-41.89726104197611,-72.52297667296756,8.660332767224446,-72.63175917015228,77.84445647449974,-15.336343892885182,59.305751923640884,-33.515223719689274,-72.09487353787878,-38.237276425356946,51.79922386060019,-36.32872015190542,-84.13738936887091,-26.560368263223893,1
47.71949162646615,74.19351997250851,-35.7489653172175,2.8892856270619376,-65.69803540395145,-58.337704471565075,-56.248513785976954,33.32135549477468,-48.63196084253869,10.599953331359146,58.57639870729622,55.4226201447093,-16.16879303962942,74.12526018345181,48.06558044448545,-18.845045529403293,-73.09201141956427,98.15110123635941,-16.247356687626407,16.08967074637995,59.58325631908269,-61.84679731345317,-97.86740927991254,77.88304297922159,-98.68153840116769,-40.661718914652155,33.95352494913095,47.006013033807704,16.584981483136048,-13.278838165751125,13.62593823351881,-59.679023117736364,-30.9902659088294,89.02685955716095,-88.23474753684371,15.594051806506997,74.38874400457755,-62.42844634715856,55.24644473100133,-86.5994434023703,-29.308110111037507,-36.317360430232085,17.55900797719889,-16.13340470605489,-69.66048562634023,7.2489737063308155,31.31970803087154,72.64463456990745,81.76813639919337,-56.37854358747221,1
-45.95046157384335,7.28207661600608,75.37171660523433,96.49796635881236,-43.08385219047022,-78.09650161152817,29.371493976892026,48.88081676502239,-87.70503459200603,-66.18565221724428,93.53053078994253,1.5344387831851805,-48.10488975110163,-88.85505355015766,-66.1543596609818,-39.74849802121734,-2.881704370157337,69.3170957450856,83.45967605147612,43.241446986872035,-69.71377763789812,-5.945929641510034,57.28524924090911,-63.08654339235669,15.03250443483796,-88.3706876675302,9.486559116998066,89.8549349717305,-7.952761631275379,-94.42659680026573,99.01840507442569,-38.98884118789363,-97.52566820598673,10.81383580037496,43.66430841879634,-51.61964336400722,0.7543775249419014,-43.18213564052555,18.869232960639224,-39.46139441360303,-99.50014810449392,85.20588987891722,30.165252567085304,-23.54664828682833,56.68211438150726,15.990499112617002,18.01941474247606,1.1289464658896406,37.451532218240175,-2.2736376334651567,1
32.996980695199056,21.01425068754874,-13.243119558525464,-60.55882055379984,38.51279830286654,79.69266969571066,22.39182859816775,29.711602893408212,-69.42293402713742,6.6923203842374335,-32.185401376435976,32.978071834038104,-10.086909762194196,-80.21042780116115,-56.37580305550571,53.969787702625865,45.74334734920501,-90.84554350387559,-95.1536374125947,-18.311496945843146,-82.21501535469963,17.293427465541228,-29.475183255281934,54.0938922002849,-3.689472444042181,-35.75323117084659,-77.86523500614373,42.492627927108146,13.170782856622836,-50.584502881074144,-87.4235712956889,-4.437620341463827,-9.66411404555933,-0.802544700390385,-71.32462775765407,-75.65116163175203,53.41952455127617,-90.22386904452604,-23.799688442875592,78.1810661902727,35.8068733199332,91.06256215166002,17.76964670520111,-73.54319481089848,44.0245238978992,-43.376832507146965,-2.3730313786772825,54.87451338933164,-45.84656030208683,-76.55363560289172,-1
-59.305451500480835,2.0785442697413288,-53.118851118348196,-73.68118458969796,-16.286880372528273,-35.48901381077091,-48.01468437486942,97.70755152570243,-92.90809686446282,-55.89630631954938,36.97678076339756,42.33309337251745,80.05219801382262,-64.74005969712891,12.018003036862112,-5.243963825386075,79.38734916957208,-26.96641365212858,-29.14233055631088,67.03019284477551,59.672980899655926,37.78483561605486,30.859578402384727,15.945079650447184,-38.52574386067333,-23.96593434674412,82.94213989063323,37.073374942428075,-73.5152091822198,-56.557749806108745,58.735632881205845,-68.94796244413253,-94.33135667574082,-33.52133124248087,-28.257101837661082,-51.187264180158195,-40.03702069074735,-83.31334491869185,79.69292731060585,80.19527544480539,-66.16734875801684,-82.29414345098698,-27.67934343174187,-63.787482891301714,-99.08187612169269,-83.59354666282394,65.137085368702,-47.20035235804134,10.932489908194114,98.63482537835714,1
-42.318912436250855,-57.925583694032845,12.456500553504554,-93.36073698688764,-43.50615393450039,35.51964215768845,-66.27361457064495,-82.39519416195462,-39.89129753804319,75.18841447277254,-44.26756940789078,-88.71460712416375,-17.067292049507742,66.52162425255071,59.72880592580748,-87.503583294315,22.924104822220755,80.96240153408255,-36.29470552807963,38.159730789423435,44.791923238077004,25.386832934326932,-82.51160246893927,53.73208240236528,-8.795266035094102,91.22870998387646,-56.212112925489954,43.701387174296315,26.11130289920007,33.905492816806714,67.50055026144113,-25.725103765438703,69.43553463628115,7.077208626669872,-99.81169363485185,34.0862642228702,-66.58645467095005,57.08941677306487,-59.13065733412135,61.225451772333656,48.904182816790296,94.17572557263395,-42.542108514815034,57.563897810602725,6.0160495375448875,64.05298263367268,-42.440990497579364,-73.72786348311469,-6.037989981668559,73.03551326252929,-1
25.685291322917408,22.29897054383983,91.7573287880816,-82.06434866812398,10.503956073395585,39.28825422147398,-71.94961169775758,-0.24415040209630945,-83.60721489358116,-96.1199940956795,82.06408769476351,19.90748220806023,-63.6092657983778,-59.7739525048363,-81.42640519825022,44.7375770105358,22.109645320389774,6.872334725234921,-31.650960865275678,-62.090648878032376,-94.45897853035608,-72.50773502277185,14.081918025778378,94.9205862246782,-20.9129664110137,-16.30317542618336,84.91822980791983,33.42994382782075,80.21048096638171,-80.6122702769427,16.773089635000062,16.71123034737218,-16.480028031762913,81.73438799179215,75.77832220093069,-6.434323567980925,-35.22850442062135,84.9892219952429,-60.54654035048581,-59.72175888750788,24.444634529771164,-18.68442355793107,93.73746383458996,-27.55782700912266,-66.01010849139561,-30.736267356550655,10.705991496435146,85.0423738861096,-1.8316799884581911,-99.84271849261455,1
86.0796840338651,39.30143669537782,-24.18265539022957,30.42217144374564,-28.75941389805803,63.11988737615491,36.492195728985365,95.10476905637881,2.1972014784836347,76.96473825857387,92.39650534646597,39.550288594373086,-68.85367267248324,-77.70893625577868,63.63147358993052,50.00843619507626,-4.668513580149053,44.76008316140019,-27.818415707212864,-78.29105905059342,-68.42329958817903,-49.24236164737658,31.770465827438443,-95.3855876450174,3.4532238328848877,-94.99946570126363,-91.64168335608642,-6.434145116636401,-11.978984657851413,91.43871737386291,-31.358310016994608,-8.698322898621853,-58.696510405965576,64.80643346327716,35.39922855212808,-69.66769161109146,26.052931945486506,-65.39397021892606,-98.08401040518962,-66.29228152242203,60.6269682182093,-27.58221100417073,-40.30165253045999,-57.706881688033754,53.84858391709531,-85.28192003868878,75.89293157189917,-93.4690841938424,29.49910718436513,94.35334109444025,-1
30.065137269387378,48.950146325984434,13.163598571893615,94.05874654975045,31.790169401089344,63.321841120215026,-38.43444214813321,-95.24744875638993,-61.72346424815247,-13.621367587954452,92.57438183897537,-27.504396718821937,43.392716946274646,-66.16811995552965,-77.42473431581116,-4.650669128939228,87.35685865448676,-69.62489145772848,13.583802145970992,-59.20373615051682,85.21113253960155,98.26406978863213,-63.33104024856691,29.71454072398319,20.068236948689815,-20.817304139212652,-34.014627737473006,-87.75896471753836,41.868916018868276,7.919643038366104,25.639716631175503,-81.31092937151277,-47.87293269266324,-16.554385826478438,89.64044820012015,60.82160681780408,-89.93751800737004,-88.55917835864801,-42.195924017812736,36.158631787761664,-94.31922987790749,-74.81442310417985,21.650825982497324,13.34504334320998,51.10157795221312,94.20410833889329,68.96863496672378,75.40839283170612,38.927093691617245,-49.33363593696309,1
94.23018147365715,86.6226442337306,39.797021634897106,55.179416477836895,-38.98100376929747,83.12475621335699,-68.25263188195905,-29.478003374785146,54.33288297351808,-86.08178111175016,-24.689657846939483,75.86712182482898,-37.10781207562051,9.373142781740015,65.60670493697737,45.59428442323289,-84.64401721594007,32.522861022975746,-81.91731539916871,60.06243804682646,-74.85954704681232,-89.61474780144852,-32.87467864695269,-79.99478008642427,88.70332138239175,68.20009519111196,72.01537448081831,-50.057313487376675,-57.982025663925654,-40.15778624451642,38.449866701125245,47.00613007684299,72.81242950042147,91.3036499167018,86.83890695419404,76.82977277019793,89.36680534313362,-8.384736695095185,-16.087961993405855,64.91481777390743,-10.519702439317413,85.70452650246722,69.11206155623921,36.393320757279554,62.22298584513106,1.182866032700673,-80.0299221148349,92.26752838585114,16.007344109122542,-20.466728474281055,1
58.787026690370254,-42.12951795555075,-72.48957770497206,-12.832072213089447,-28.55291667664359,81.4964013904966,31.630937030543635,-62.998051477801596,5.916090087629016,-64.64181898293691,74.11416607441251,31.946027996328098,41.98575229351795,-54.1021601259706,-52.92276626800556,8.524252999785404,-25.686672355188847,-97.72624175597598,9.241287978617407,-6.839730448817917,31.9369576574438,-35.59034754010983,6.040302750629394,-61.31032326581458,71.20789587431068,94.85174192882505,71.2925418149805,-59.204087646623236,-70.39377138713994,-37.07643460837691,-48.67557454969753,3.1679167146876637,-51.418129751948086,-79.00901941695706,-23.40916940553521,-47.172792105750425,-7.263416457877625,24.473818610237657,29.43705611394097,-91.64512348206523,-58.095828930632656,70.45276319140243,-68.21835588889246,98.97795901596967,60.04161861088744,99.36153697345222,-86.93003550346403,93.48520131078942,93.42720467499754,84.61822277236092,-1
-60.741139537786594,5.887148108255303,91.25183960547625,-55.95061191372564,67.95680712347809,70.44959439660258,68.57742338850358,87.14290920570667,34.339256954459955,-27.110575784368265,82.70064362106132,-85.11447144051623,53.385536136565406,-12.893891630750403,72.13785173951666,-57.25495200614721,-35.55892559391374,10.974937017862189,-87.77044641833105,-38.67064250378225,-82.9522899865425,32.23608026272919,48.50871476202104,-2.124000640284322,68.49505631105652,-2.9828227871526565,-78.75846314756174,-16.14859199432543,81.42225390141783,17.21968908095502,-26.75327112436281,-5.968669084385894,93.19390772070716,54.50152283072222,16.375305675715367,-50.6655267808928,-43.00433978754303,-83.28110636932134,13.87043275947147,33.598874215573005,64.13815337648953,56.58265088489935,-28.00022963988647,59.7216105944581,69.47500774155341,28.414283682571693,81.49880279488028,72.2156684374691,-40.49012741679916,-63.90297753093468,-1
46.29929806807246,25.251854932485344,21.594233519632496,39.7805143788286,-65.41783940189556,34.30511541164424,-94.59631639210286,14.154843272007838,-89.91889115279339,41.27518515952491,77.5984618708911,1.191710003135853,53.170938025118005,12.247155773585192,-41.69993816644742,-50.037477131572075,55.08059607163767,-64.27665174581577,-14.859834834696883,-95.94976379267773,31.2517433019959,-5.953015498051343,-24.913886825550378,-57.87965344190012,33.17143304721324,87.28795154490666,-83.69322952276643,-72.09172218226807,-75.60521683901753,-43.95641225840195,8.861953802765598,91.88774421178852,-17.13169573947195,36.696568584433294,33.225014164445156,80.66917549922562,-53.3283530560628,-54.10874264482857,10.117827690005726,79.88844578285557,-88.1022423585909,-60.914182524068416,-55.344609675593716,45.798450504457264,-68.6168153003579,-83.32433077539662,4.870614540363377,83.38540560786623,24.14515467022767,-9.79450426908295,1
-84.58834417313376,-37.99319519750999,-3.131419545575028,3.0275346922201294,69.49120371267051,71.96149640323765,48.78678477249568,-36.19969381582524,11.463307414032016,-49.48531994037244,-75.93280023107849,80.00181281182225,-52.50945874875439,-64.93915710763827,-40.05005221218683,-27.00903477783089,-23.777041991958242,-82.93909186392507,6.204745791064198,22.709576198773334,42.53606434716491,-62.8249029483634,65.36469102513189,53.628850428088214,-39.035729784323415,51.95868180795114,46.68580455173799,47.474032913166326,75.01629307533918,-56.473958974243324,-58.09541935176475,-24.237345814368183,56.232644782350604,-54.695400024206876,-26.792598654730696,-7.9049182099439435,21.69699292291891,12.836266660442973,63.42678046556779,-40.83385151043084,-88.27021353630313,-71.95151580877659,43.72572624064398,-30.169263647803916,88.34687132725412,-47.63622448258899,-34.712692642349225,79.03685657055831,42.300931651274,0.13946831141895188,-1
45.07432004697151,-22.409566269021596,-78.28737105943813,32.84359445577647,2.198369995983569,-47.81470685647899,6.921557498225738,-54.71187593378368,-44.13678091415025,-5.76485740887837,64.16037115723759,-49.37720919527955,-28.35544814924826,28.201289727916475,-68.22495990444246,3.2877669800377873,-81.07131452496705,50.04328507340014,-59.0957821156888,-58.69551726368469,-18.2508907866938,-92.4653461891144,38.81888652616493,-98.31628112497404,-29.668862855826376,-44.462978279221055,-39.072093491487145,-74.63888959998252,-94.62244924467524,87.15191843055186,74.32331134751479,-55.670640126620995,60.68236044940966,7.783012925559433,81.15769005112361,74.97107003879702,33.49689690457916,-92.5057287628633,76.73395592841618,-72.9273914078647,-66.68232562022934,-53.07822384830369,43.68699568497266,-78.87108232982195,69.56484758743343,-90.49805980826433,29.766255012311774,-34.4768882449963,61.182351660509994,62.169558265196144,-1
68.40665887528425,58.82691234645446,64.22472522354488,-42.008335639242645,19.458199912241227,20.668125900445332,-36.678814868931056,97.95950403232925,-7.895592640584795,-47.55062322242991,68.57388572973281,67.5035814802778,-34.922833503887745,-14.56277711856886,-91.86524606719695,-91.90941453864863,27.20859132870818,25.63768740257528,-34.274260305013286,23.890316738294757,-89.9262870076647,42.72619968227923,60.98529544828838,-73.5868038513622,12.301763868616305,-79.17618702743646,-86.02667735877543,44.53592579716923,53.17306937470076,-94.74949910196071,47.4368524308276,-70.81555714402094,63.23568830208177,92.35621642566235,45.3113429595175,97.10304017069495,-28.19888869181426,-71.09263352121486,83.95505568012092,-73.62033323921717,49.29010938469963,15.949288544686937,16.420651583690685,-33.3535330765681,-21.94484666349979,-96.10570666558587,-68.88223987151783,98.48406810804809,44.90517429273419,53.852178725735286,1
-13.822495267638814,-0.3621401652041669,52.72638310942682,-8.15252172718182,26.081303712208978,-32.18598277621072,-15.450239205876983,-1.8881250371277645,48.02554204554542,-53.84569110719022,31.398518823619384,-41.72942794869887,60.72599584514987,-85.74683148466806,29.836243863708148,90.03283265771825,-10.498366007845775,-98.51654961407026,93.68124714460984,77.13619986309871,-32.43721303756655,74.91685217799227,99.64921315076799,7.25360952632343,80.89068827629521,59.44594455038384,32.02359734752264,-15.1150512765645,98.62676664477948,-52.79633555035053,63.25903973703859,41.53679207432208,93.59884138978418,49.59787210191166,32.14585940467748,8.10898252453778,-34.56977602169829,91.10478735382029,-66.50946975880396,-66.9097567331607,16.466831946585756,90.85949220503255,41.19869050114974,33.41562868932547,58.582251500750374,-60.17768898941911,22.249695253658118,78.31898101270468,-26.042880067282724,16.923067921103325,-1
-5.652032496312188,-41.75533628434478,12.359570532427597,-75.26163358652416,-53.82928941291536,-57.07836165365967,-55.56019387150022,-6.168843885804591,74.56123865776885,-68.82301636065513,73.33659278128911,63.33568531234107,83.94323316535656,29.44051165247822,-96.33454520992417,-29.70068509274452,-26.777356857883845,89.63686986311566,9.862623212937919,76.72766020960404,-23.72672869412034,94.65033477760502,12.352215568824349,-62.270175917607084,17.19958919635809,73.1180083399654,-77.0494716440179,-65.60175747813238,-53.2401143026094,-78.3055215758947,-17.430653888179677,10.31964746715775,-18.818092042483542,73.57617131309794,50.88894182015494,91.83975898664949,91.86921905683207,8.412916217605343,9.02639452440826,74.88635505771566,67.27031939886626,-17.143150408533785,-87.70673551176836,-55.65272540913357,-51.988679225340185,36.46128263631539,-89.33883231483377,-7.562639232846919,72.87177586507218,-12.998490587227423,1
-96.3986888799091,-46.55802090278518,98.31955510599704,24.411901856421608,-72.44004559120185,-7.16082667101054,1.9983655592565697,-52.755974633709116,39.301994734799194,-18.577856905623108,-19.59673271796356,70.66856000263141,93.75608595296376,55.60348641803361,-28.302807267075636,-12.222158796680134,-13.107838410297418,40.084094867501165,-4.465191983022493,82.12667922713817,-40.38999651130564,-0.7215535281373207,4.20274266525476,40.106074621979616,94.632979585953,-0.3502860220839352,-97.48760696896113,-60.29053946828129,-35.57221493198557,92.8178793914895,-0.7995402377773502,-15.139644311869759,-21.852327364435027,-36.970000280070494,-15.211093229117651,52.98523593668273,3.486212268619113,40.60421405592726,15.468501220909332,33.61567198454182,87.63464593082409,-22.39902336149764,17.919326361761676,93.71641885484934,-60.340481527471844,37.896760837686884,90.31491186491786,56.4850359221802,8.534013902224856,73.42947509135064,1
-48.13302053658111,11.48494893402841,1.5724075231987626,-72.07232015401755,-64.92193300527748,80.48249971581006,-46.84110530223216,59.66779905456988,-82.69087652010816,-59.38101473760133,63.480822246026094,27.16121274255336,-28.705786325736284,0.5032116095932366,-36.60968695032973,5.577838710387056,14.219282227035194,-7.473361083036664,-79.726997821764,3.6422601755298842,-1.374911200910688,-72.94295721863082,96.76251543787237,92.96291214856981,39.295472791666555,-73.8180552690798,92.3040678775522,62.81382957862428,47.75566907163221,-73.53669860988607,-64.50759271110987,-31.55910873723306,-47.664366247031786,-41.244884550977055,19.20344919854793,89.29577739083749,-31.827110329598355,-87.48910166869916,53.369896070127254,-91.49797999381937,-7.525258855374901,-23.194970577049673,-12.944614546208015,-20.656874640519348,15.778153187650261,5.014046771496112,44.93570753930044,79.23904499817803,28.20909958990012,76.59426920484421,1
77.63826993226081,-27.118026800919353,-96.614129514893,-28.234278617123294,-4.908730767595188,-24.578482332378357,74.56488247357174,-59.641440878423914,-27.422088804625687,-58.874614627961996,-83.56227187020227,-87.64613228512627,-94.74508793724374,-65.98250300556089,-34.78055128813908,16.770001707776828,-78.1547108634834,-47.58572022459489,59.326893108788596,83.06304850324022,-66.3854569548185,-44.64122227452387,9.250108329930768,-88.7229328105324,71.36050857150772,-24.058140048666615,38.28384111033935,10.423936802634316,-74.75267652617539,-41.5238860178214,-96.32796440051214,82.21735330767405,-92.82973458927664,71.53164911768008,52.92025984377571,-14.443102854236358,-31.973153279395007,-80.90946004102646,35.060671202638815,-66.3083155703497,-7.808212256832832,-73.32986917225548,95.65234366593012,-49.153006576582705,58.34148269226452,57.86888570115045,67.48948218304506,17.19388342788939,-24.16729546138285,4.098670973167799,-1
42.80652889337128,6.417364787602267,93.86992288396505,-99.29020162704573,96.01854277185501,-71.57459261682469,-46.046056562206125,58.15625376084307,-11.492118563617339,12.628173790383272,-42.10529615512966,-5.205060132178005,-86.63536953645101,84.27371613188427,39.798443651430375,82.28642426676643,32.65912495181297,-69.66762425463196,-37.330708015180704,-23.452085074785245,-30.522342657402476,2.8278277158757135,38.2323485247432,-45.36298118537741,44.059815439485476,-20.100081259454953,-84.20758110007074,-77.12889171276288,89.57184650208987,0.06722260188800533,-67.27382552846527,-29.9412777127325,-92.02274947935277,53.77993895026941,-72.57825552461874,94.69921399155231,-59.18422576135729,-47.134607856427714,90.8110285174514,-42.671246471037236,-88.86809045208972,45.62542191720752,69.18516141143499,-22.506391456053947,-92.96573738732923,-69.7057338125166,88.3230457049873,45.781035197570674,45.72507196021175,37.3928774174459,1
-65.63410792846831,-62.653401180525805,-34.18743661981809,85.22656775464674,-27.11905877275254,-35.341579837200584,17.96214915350771,-82.20791324368642,-25.94352099536937,-42.139214437209674,62.63035835840901,89.54818657166885,-67.47214781404884,-29.466194252640477,-10.180642075223318,40.998466228083515,-34.23378321357005,-55.29035839255305,56.12143260324342,99.0791564704495,61.452376648678666,-12.444474967100149,-53.595955524256425,-56.246059952688384,-99.21491169241033,89.23661730534405,-22.423998503925873,-57.04583903422842,-51.10158040073316,68.33253881800505,-84.16582126815288,94.6872292229948,-55.57684400464233,92.8591722553945,-94.05955502076684,-30.88466893194537,92.4264582399255,-62.17882177116836,-76.71270559436458,-27.295002279933755,82.47746310961347,-99.92641881300781,-22.97503652352499,75.59007602943174,43.825993791822185,-88.98085542521339,76.3100736070077,72.24849506234165,-63.00448916675732,-9.53964912712722,-1
-95.6173342449982,-74.66882543056121,18.62119102243291,46.347994717121026,-36.78405626409899,60.5530575072608,-1.9115494961065878,-76.75300390453599,1.9243678115115728,-65.10251780461103,46.07866738711911,46.14427370193525,-90.45237604206919,-5.56325805429239,-51.6251627825689,-27.112467424061677,8.049341229878152,-63.22603615579057,99.67699576653268,90.76053060288518,64.76103034877158,79.36131440036729,-37.79883654125735,81.75565755811837,48.489663929470424,91.59733208779511,56.080796628197106,-70.235016241328,-40.70595374906123,-76.71073908849667,21.99665442160685,-44.72048033976017,-0.25785035415340474,-17.520634979825815,95.28930919014513,43.94734347295153,-64.05963015156189,-74.21162159257375,-92.21364968009782,65.03490064793476,-42.20450787476868,-3.9965838444966835,-3.4927757570519304,-63.4076281654631,-97.27876344067485,-69.21109005768176,29.591078442382468,32.50100949806699,-25.255492280421947,-64.24596686280002,1
-86.43258817896562,-40.5571772309808,33.44896572664791,81.90771398267773,-97.65947463782148,-51.53900106069851,95.23105802505631,63.96451755965654,-8.635464710143495,13.165779363559409,13.790218124461148,80.64278545375004,57.29339915579189,45.28244264924638,-80.48092353965353,-24.447843986606202,47.670242126464075,-6.41332548397493,2.780101643079206,27.658248553218698,-79.58226550919964,93.5076718257096,-28.258075387402798,24.13035623681779,-21.025950318458158,-57.7369334962875,-94.9491795691719,55.74005937717462,-7.017973574015215,48.83894981586889,-11.482074995977868,1.5292100148600127,93.04326535701463,-5.289174135462304,15.767389632249774,-17.51820839783575,42.62901984594822,61.35080057723073,55.824570418284935,17.93197572899139,-68.08554626553513,11.75206280182843,23.330215566671058,-70.34168665544047,49.36043620690916,84.65831497236164,-17.431542228961703,-48.04865094076875,-58.57449603166576,62.45409269474612,-1
-96.68150387348042,72.78716149199096,83.52663818434203,97.0809566961263,51.84268304214362,14.304193179192069,-15.12378420435931,-71.89224419451543,73.15655704939016,77.36580654979969,-82.0190980089766,-19.202074051316842,87.74393330268109,47.99235630115456,-57.656795013373355,-91.59238020745568,-61.15784512666027,44.73387855568802,30.58360048024852,2.638198238948192,-57.70643901677981,57.04380269466148,-68.58172393898568,88.42219097351568,16.475411379400654,15.579167402545593,-82.7377039032089,-42.52086155301442,12.474066112951206,25.393351136174275,-6.3509018010726095,-66.88666130837473,-52.97209263069711,-33.25108862143911,-31.265610441835918,-98.68142587860054,-81.23638615536862,14.756928973381903,-81.84789860156735,41.6674234394371,-76.23437822108002,-49.4199524423462,26.716880061447085,0.3316963909861954,-29.466132145943575,89.9383232166906,-77.450482804525,-69.48542400645259,93.68878503407532,-44.696304487381845,1
84.87923907530609,71.23072439893207,81.37456636381054,-77.91137461176979,4.841543789539756,-94.60904804037375,26.274815993821775,-39.43556976509734,44.54094252139157,12.721237227205862,85.48486132511601,-29.609459850986468,-47.92434904357074,-13.562823057531233,85.9862478274315,-78.1809156489998,24.21126460896585,-28.031092636078753,-42.79773709283952,-8.855876756177295,-85.27749118206131,70.28706432498953,48.10495456730084,25.462536507319527,-23.92338240933441,-35.84795486015608,34.765527936083686,-54.34673780168098,43.368410226855275,52.48804170154918,-40.74700622072076,60.15036368510667,-76.17604218359571,-38.376124446065106,83.78548924455473,68.32971450066049,85.33572119353767,-98.13185056206729,80.52517975972674,-92.69708657866637,-62.795254148964055,14.74482532357868,82.42049349312859,6.006357239824965,-8.946834612368576,-45.6413853328596,-36.28289301901189,-81.100388776427,-54.00361214627078,-43.07906279796565,-1
-17.07517525459525,-52.70501755226109,71.06289287258767,17.840181352770614,88.10614333639305,53.29104919953974,-44.732141340729314,20.84171515873099,-65.3140959958649,-32.29461906946483,49.36308083007708,23.469857875218295,79.6583841530371,-4.64952439598099,-30.55094744085558,10.224853417841473,89.827891700196,89.75863031640145,65.52236775530616,84.77365818596695,96.87729235127236,-30.751383436699896,69.24143077057016,79.18783116040998,94.72810394459907,64.14442515034682,-89.0470718795092,-94.69946173355545,25.895716693365827,-28.448227260534637,34.310100616279385,-10.32394074011242,67.94785715039595,-95.0845611245715,93.75388355626185,-98.4268200403914,-29.501280121858613,-21.72001226391464,-18.457791269658856,-5.926428186543674,74.81200504120963,-28.31728456785882,42.93694426239338,65.94007627383814,-67.72488921573374,78.3229397887296,97.70424206692735,-76.7401203969417,-85.42634263217354,6.724109887928307,-1
41.3259739757419,-12.882168397458187,-19.253399179013968,66.15854456781483,34.78397481690729,-48.147854349561236,-26.905276112005836,1.7848670657323567,-58.90151710046656,0.5904998369495189,-58.324117882269256,62.68633456264351,53.796777055301874,59.393510402193044,92.46989940814618,-34.03835447280379,98.2071672385888,92.91518796383491,-72.33552123545898,-81.30140649009965,-63.78016998188305,35.09015548099026,25.253142016246272,-16.054205934906363,-26.082146583036263,-16.48415837027622,7.36410244883939,-47.48780953948546,38.75363072403559,33.05981975236179,-23.648343307339758,49.49859995036954,-67.8471681815406,42.626040879079056,-86.14714922313217,48.61698029352985,-43.03674392116756,-3.182353653528949,-52.19831926644498,-93.6013255808621,-95.71223948260086,-84.23140709822923,-2.68880673696772,-5.220661357037827,25.42614984439912,-12.301652558157315,83.90437676289974,-30.287563784961847,64.85155959390752,52.8178011811664,1
68.87141654792319,-68.05010795321115,-77.63992575321257,84.42407795952741,-21.59458878420459,-10.068355111451524,89.59724383323908,-21.708375207693066,-75.58841043846279,-63.830378655433016,21.860415210426027,59.00088780370393,10.69154696031815,-43.33287972364541,17.382844572609926,66.40291988773515,4.165918241895156,-48.80207627883488,3.0017173622227205,-78.6407422607765,10.814290777134246,94.41958462219432,47.53450233544504,-13.939821051164785,-7.4219773050988636,81.39798835607775,-32.856942002878654,71.88786602196865,21.055915313634685,-79.18677245864887,-59.65985589641287,16.547010959835262,-43.11894045651998,75.96571665327389,48.857429614000466,-32.19640445807124,60.03686822841428,72.69634232829691,-68.80469336722823,-64.31619198783528,-73.94896442059834,-86.2533681360813,-76.04794885394278,19.203052423766763,5.325617171207014,-46.31900989499398,-2.760179217283735,91.55886159811413,82.84867405435017,38.940433090838525,1
19.37037537755188,-95.57310979410059,55.70916428453779,21.34953806510613,-34.83642417886337,-7.964917269813029,98.56635897647968,0.45962227150144486,80.63840420805889,65.66833394210218,15.848312778218414,-71.86095565151824,-6.371776711323761,72.78968145945953,1.2270761286144989,-68.47849656908252,92.11526817551612,-32.363544684733796,-57.18505507556748,57.71886779627812,-95.7800109288077,13.017430871052696,-43.26581010325168,84.0217152116762,-14.937005295577734,-88.38399736757567,97.64677257646952,73.0015220740838,10.361297477557557,-17.608664343216773,53.122215844503444,80.47779578936317,36.01821176827943,-99.69864623906257,-77.8791112657192,92.81690138061597,-64.61866434592685,70.44947524900977,-32.84555371539655,11.028129847280027,31.076750673278013,-44.8612120688072,2.3105537590974734,-55.25502632647981,48.35412182153644,60.46188070301221,48.44749868481958,-19.003533158447027,8.323904679537051,78.44714401873688,-1
45.92123566761282,53.749426272502575,43.23477539128612,61.49974633133215,-58.22179315131901,71.9559309940993,49.372942226907554,92.28719518002282,-25.342367264768285,-68.6369356346773,72.2978782466389,18.080245279884338,-66.38196409664683,-40.940684276083594,-96.15244171082257,49.56357559127679,-90.15627706798288,-0.7580804771585719,92.17443465962643,-88.8007468930592,25.691039296968526,-24.028610131289653,-75.0962710709848,66.49326199784821,20.357333565820085,3.478399530369259,-3.3624699856378726,23.84659923281474,-58.85215824633547,-2.449076628669687,-73.09366733917284,67.11502825553421,-18.188699317843813,22.39828323389142,37.5213674566312,84.80709209331482,40.186939039950175,33.38089931767789,-54.32817389581886,89.28655477916305,45.22118769916989,-42.4883355521398,-84.22810000204272,29.347255316032715,-53.83390431012123,14.70759122255052,38.480865442025504,39.57065751607871,72.82557584391697,-30.208056863877857,1
62.75900394138972,-1.5996541135834548,-36.39805903714037,87.72006315894549,-2.803643087179438,-45.162166410150476,91.48309730364033,-46.07407440743896,-10.360816446513226,41.007743508898784,77.47806500466996,49.21380520691102,-63.970775706074676,24.933813079762572,98.23457909692328,12.825013691545252,22.611801575322403,-14.9182185124249,-65.41907753915699,-46.6135846726831,-28.24522779505172,-73.05827835350522,-20.949234693980685,15.14276219841544,-67.36390857703131,3.898463524464873,98.73446539336894,40.93960793713683,98.15405858915202,89.24211860159824,-2.1616705402634864,77.91359603466634,-99.23449022573854,-11.927888433998461,35.52511580839942,54.54169565938312,70.12817094699139,14.46092612021279,41.37601146597203,-30.292724550004664,-50.03077313536781,-93.90495415834815,-74.56166157249764,-55.532197803116844,-68.95419821891704,-55.78400977664293,77.64004471841722,-1.2803540683414383,-77.91933625158663,21.767941325393352,-1
-22.140877191604687,54.367207046021974,-29.218834748628254,-46.93872597591622,1.4948709326815077,-30.794743194650565,-88.66486693270551,-27.449359536643243,-81.13510466868917,82.92055827005143,-98.5904774997979,-39.88134260156917,-76.01640245763016,-59.52793068490596,-12.974005558431884,3.241521560653098,12.156927618101562,-24.585418854814733,17.389043461528388,-52.38227643137099,-17.269335518303592,-52.376051531122904,59.12999935237397,-83.41565800569752,-99.41137360977721,98.72506305833355,-0.9748824390791526,-22.18455088076348,59.75732251357536,-35.165150762261504,-6.056897425759388,72.05542712448931,-93.70971615934533,48.02707122690336,59.11955771557763,-18.09264935601726,-1.208691090220654,-68.41419312538129,94.3742670444332,-12.381224035360887,58.78400694391732,-19.301152505476352,1.376791893727642,-65.6700281220685,58.38295228257488,38.793736844914804,-13.761036786049516,41.32874329413349,-36.49288721963353,-34.71372045351093,1
-56.4217240746512,49.226195647728446,-17.033865622209206,27.609640229402203,93.11184366373163,95.96700452658021,-18.54804836109618,60.753756659480985,39.118494175172884,-99.82835523444795,12.981036101693633,-87.75032647861649,85.80098907460771,-30.793551357659155,86.88689892437876,-36.83477487279288,56.53188623436438,-44.74250420196284,-47.47628195033153,-18.584053587097827,-6.411487468941317,-54.820094909648255,10.007801855005297,-20.50429365342383,17.999138867664357,-79.33075197096919,-48.46677150458487,47.60692945798911,-22.14234105346442,-41.229751038033726,-43.460452835334266,-89.77173124979885,-15.227307518291909,55.12588196391056,-94.918322663249,-47.116124957190245,61.04513224525647,-51.367869723012305,-47.30480150839047,19.004640277021352,92.12331516493884,-81.84058748105832,-92.25543389414746,37.571107249868675,10.746993234337339,31.086996149798466,96.80564741186092,6.396809138406795,75.80895967711535,-17.944376371771398,-1
23.33006290414761,-82.77284569019274,70.44284134459588,-90.8159887817474,-67.3237087070899,-19.39353309149024,-69.48456163103828,-36.85924030191676,-17.46639583656892,27.610421791146138,60.97947844759352,65.7367517416248,-0.5579520589684961,-82.50673178957604,71.71786383662976,5.394641229497907,21.50809976198525,57.82554666535458,67.48937492859298,69.75125838783049,-18.237634013633965,-29.93824532376226,28.939092297611808,-57.216425667777735,32.729516816355556,24.686429920920943,-75.90450811036536,-40.2375257023893,-10.094105117669656,78.76236785384754,-9.68184760007685,-34.376687876123555,-47.63178701633897,-70.43301103312815,50.6899799408568,-55.23464775331608,21.63466230949905,75.62645917345407,78.72547310846505,-66.04875895049275,-45.88217723747536,-47.51713185227735,-69.20159798150232,-51.71814088918523,60.68621543278846,34.236197300449305,-23.42472665795721,27.269045929761077,44.25664819732245,0.2931177080638463,1
95.17305116382627,-83.70522045741163,89.0377159519089,81.19758125178299,39.59194221758463,72.16425214803454,70.9051288533193,64.91622459305498,81.98097478179398,-5.926373424800403,36.57871143333503,-43.819280018099384,-78.7529055954262,21.980896096505617,51.40980795544402,45.15945561377873,15.471426200652317,-78.72573375130898,56.28402062936934,-81.52262668815226,52.06193786897967,66.40007691203701,4.696655516800206,-38.638119474225704,57.58694845347199,26.901934259914157,2.055633325458018,71.48413503860462,93.88694473290994,59.883152647863426,-54.63558163070263,81.0975254880963,-77.3244695371287,12.25553031657249,-25.852464417571028,-17.353024101880663,85.52588902892288,22.954500725627497,-51.53369036139068,67.97900762161873,-99.79717215231399,43.711857037492734,41.7549953574819,-53.17125648335652,41.0392159460682,-29.068139458298532,-14.185391915548422,78.50307672580698,-39.56655377840141,41.171992238109084,-1
80.01663660329615,-26.458298374491363,66.44515610087575,-95.48766984853447,-89.84327215264973,-82.11035031503084,74.58545966221493,84.114398628417,-3.7004725690644307,49.43982125294872,30.687490433754164,0.41987369476372294,-31.95694050800242,-97.72029895408014,-44.744878540203345,-23.446174368364197,-80.54001341486045,9.851953158686982,29.181518420746016,43.18448547553422,-87.36663606429875,-59.942643065505074,-9.120484930458545,-5.10708506018571,-94.13754136267869,-97.04231745921672,49.24510278360731,31.54595006332997,-28.40668881694633,86.22080671784929,-15.18292444661617,-34.8635250313516,27.07172141766921,19.950569177371165,20.289553101498555,-46.24154686545878,-99.665811017882,-39.569184103132685,-94.80492009575686,-71.35359973919755,34.62946248489055,46.605491849234625,-9.478113206600042,-62.605861864405156,52.11146375164256,73.7505588389603,21.39675450022287,-86.29200880492726,21.969250811714616,-31.277570361431202,1
27.511494271042622,-87.61069628420242,-16.650187875189374,-72.95203440305549,-86.58687429172487,-2.7809393609953474,19.295135879008825,-61.43523654733065,-93.66223009173606,74.40956999412401,33.6746811970782,74.95826751844217,20.999494874933617,-53.237469218013025,0.9172819078691958,-31.190694869648013,-96.3033599973547,79.36415898155727,20.520739243239888,-37.41273100008369,36.7895488092677,22.985426143413463,87.30014081307013,61.411672804202965,82.11526737989217,98.29195090578972,91.71154960629849,-81.66095928369734,45.80147133073365,-76.8400023748862,92.22907836224462,25.953290731590542,-40.257522169368464,72.28535759674213,-20.446677643248606,99.68884730313277,-59.30408362698025,86.56673744830343,-62.66636838102493,43.32823528218182,19.85914840214113,-42.73002386323805,21.446033056769735,-38.713838046716646,87.95741891633492,-2.3996919826795704,44.87230314176111,1.6876894937654043,-25.432181711739645,-17.744292134635458,1
88.85329782268678,-81.85582345043383,-7.93460304443343,61.80370845333948,69.2456646230822,-68.64372897179784,73.59868453877905,73.64018950496646,94.22760905777216,-99.49593998494086,56.416388306068,-66.54828883006093,-9.633909146975668,42.7515791627043,93.96086194956393,-24.70476144772276,51.12991663407212,27.211092050943847,82.5176921958421,2.6787937337000614,-36.76111031856104,-54.87892980650597,-15.698283723649226,-77.54558091945668,-89.65681888875335,62.56408303982599,-1.3425781202396507,-52.14920833098085,-62.5706693253608,94.90289414555923,75.49554630991213,42.548101264400856,83.89212573367735,-64.32821708057119,5.623084583474849,72.5735234586756,-39.92433957046282,7.371624396252855,-80.39506564213082,73.85719952192471,-40.44993018296121,67.28248716743636,-52.689604424294046,-49.64264970115393,35.87150665170378,69.21654731089842,-52.7559072854769,65.01488865471177,-58.348639449068095,-77.187837978095,-1
-65.66121845891008,33.882412850728684,34.84731232563979,31.940896429418387,80.99904519446497,97.10979897792512,-14.379576849119857,55.989276600262826,64.58701229454812,61.25059473839053,-55.00451960318023,-86.33991929461264,-10.504812729851594,86.31883033885839,94.41267876907611,59.46601620009528,33.08760442814804,-9.538751561201735,84.30012294159661,-38.004965082128315,-99.19205651067482,4.658369083587544,69.45087680748213,-86.53629528946641,70.69739042405845,-70.03655626017093,94.75617340413388,-68.24835360124786,-35.51500378444115,-52.441456007411105,46.02231412574673,86.08412433635436,80.38113700201711,-77.6868985509245,-62.67225307201858,-83.1519304824462,-73.07611712429691,-84.62851188275478,34.06707466021618,-52.40114024308908,-49.74667717849523,-91.22444198418972,-81.95059305962766,-90.50171429455074,27.016615005953753,-77.99699181718766,-91.72625930267031,-9.570309747435672,-98.01014483118824,-86.59750625341623,-1
-75.88662284454423,-53.26191023492728,45.66310209874695,-16.43623877874927,-97.03931543630718,-82.025905862132,26.819937105159994,86.61598071808382,87.0063315265713,88.64837274779302,27.44790680684868,77.77739402838662,14.834741248688161,-97.6320500338281,67.833480709123,64.91440485182264,-54.9026151823206,44.87338170154388,2.266962762637249,-85.50556907727803,-86.66918964151449,-58.33398314354517,-76.3063490305002,-90.6382116763917,92.78919705932017,15.871752053577268,-95.0492211144557,27.57811547846609,-55.402978779796605,-57.38191407080082,13.34031180997664,-35.875879618423866,-42.02384344950274,91.79412405863414,35.5316535824187,70.77540867226489,-81.07333626204002,83.97236569182331,-96.92894294234875,-73.33679873946942,9.91460544587241,-68.46541719400335,-39.37192279736345,56.23390837246495,-22.428292094969663,-50.784094146369064,-2.146981967602656,48.578654333369684,-46.89547655011381,-94.06299731088241,1
-53.704957246940374,-32.1593137456164,92.64052819428332,-48.20078534007346,1.40535748892799,16.89945279573344,-24.579784103102995,75.31975353016605,-86.91465920283947,-13.607352875245098,68.46327797729356,17.59641664511537,-48.12037780314631,78.38484806960724,-83.09411217466614,61.03780254303092,-31.921309157860776,-50.6019402097202,84.63527027456215,-42.60264169611756,-31.569856396677437,98.0760227721342,-43.44477909446933,-42.33695484990561,-54.59894056889583,8.268682979562342,-71.25343322599171,15.395261907115668,-36.580661683531446,8.333734117481882,-78.35188785239495,-26.598872498882884,70.2798727934989,-64.19915608224716,57.70304221372615,-83.79451439771795,80.31872340627595,77.24813550125947,94.85115038236779,-81.47904278749789,14.574358125622666,-80.15084740430055,-44.506044222220645,36.5267799066022,82.1883497224986,50.59057924908697,-33.45422053315872,52.15977218618005,-80.99201956484862,1.933008959052131,-1
42.943766700407195,72.43059165862437,-93.69307437375518,68.55308723006021,21.738025840070947,39.82588319268706,79.41737120383095,-67.70217894204544,-29.585977906988276,-82.24098230255564,-10.146853187759149,67.34043363671822,-56.567257542864915,50.26083506755191,-38.662923852364315,33.98347780352091,-33.6825438916875,-96.65881892455263,-5.134653377229654,8.285255226771056,72.04768028404428,25.44954237326209,-37.52064892689677,44.24603255741695,38.91579919937425,74.29514958226028,-35.79956474949739,33.30923231636166,-15.614822791672168,-19.806016899908442,-70.28903418024595,18.958958224146812,-92.60033850237099,-65.83438949219196,53.15477418961024,98.23408910079533,-19.684593540008848,-60.29220093986601,86.76951109265946,-53.41988398486626,-37.1726055364046,-30.373591135046695,-61.136933541085206,-13.763876993903494,18.876462623647924,40.386660002509984,-11.557080427151334,16.89456339551583,83.75311931317395,-5.857240230241629,1
74.15069006745182,86.80659822612787,-57.52586893950045,45.888797665309966,45.77405861943268,-40.97810642367903,-3.4223915979196136,47.084409096957785,-6.818963599172207,12.732896139154633,76.77920586391886,60.57023105072025,-56.35606625404679,68.37227611223781,12.575272929171348,26.699698699006746,-31.58478502551054,-87.39778973358023,98.8166692845304,67.17510422346041,-8.860221779376374,-10.895465808590416,77.39722763719584,5.440173311768646,-97.03016025771748,-99.04473573052466,97.38569209670652,13.572857394600973,-51.013339688082326,-91.86112162152452,30.050082533726737,84.45803273412545,-10.430413748261572,94.37930731714266,61.500455795044246,-84.20923239216846,62.06121251877252,8.213979581029434,82.661147162205,-61.576829654733075,-63.17221083106575,-6.978325973005099,-55.93769396680488,-39.08162101390617,26.257197279016566,50.15353555809284,38.300021845690736,6.25379716481666,97.50986682744016,51.27701014502148,-1
-93.77018144132178,32.58125046891317,46.64096099059532,92.29417690494984,84.31846200266361,-10.962490852051104,-82.45584499729696,-35.420129601861234,-45.8311910456787,-53.557817951451895,-13.122659360119897,39.62603665458042,67.3550327296891,50.408369160678376,48.89353639067039,71.20984185772286,71.30874974715698,-98.53805149471862,-81.57971315316237,-27.632612257964183,-84.01111682849178,-53.806361029994875,47.43244398455133,-28.550122751863597,-9.249614320492697,27.397896250693236,78.17527124509269,1.7394982055955523,6.259881090327426,18.512204840626495,94.42690200763576,45.62543402629612,-64.27050501953981,-31.276082018892296,53.34488185359206,73.64419750623006,-11.683334725600616,-26.563742089237024,-15.37815104787461,-85.45146174860912,-65.82565241445562,-70.9544240242002,92.72485914143041,-59.28647236650826,32.124247528075585,34.13774672890847,-93.23248324954379,81.3881234574275,94.80331289271356,-78.07965175802755,1
76.01581751229165,73.90823377184367,80.71186073945637,-30.762938457272227,40.03734420238638,45.24514093877815,33.239321501441935,-78.41961610368453,-55.95679813114991,39.44825978822104,60.40619750464643,-80.81524600476195,85.36960969132193,4.168851921286816,-98.11457035128137,-88.19405214258317,-88.71126861503251,-4.275896684618658,16.41523603567694,83.31642815079988,-5.717093807253676,-39.450453644890395,77.09617219514215,99.06136625605865,35.8882009235833,-63.574325024328424,36.69810775469813,-28.20573758872807,-75.2241172674196,31.204992769621413,-70.89430256476786,-50.27091721200125,-19.99140615453652,19.101437089386366,-80.56199624172919,-76.9289976659955,-89.4557096401509,-92.57526040637094,96.33748015229412,-12.834072901827142,-3.7399655558221667,52.41400598732841,6.6020344599007075,66.53862987314574,-58.93780387716323,-39.99311400761834,-74.89488234545642,-1.012266289877246,26.4047650870463,83.02393065352857,-1
-5.557014967610144,-76.15791143188532,-54.59974013231588,-31.451917282230824,-0.08756881301528097,7.463339046609548,-59.87777128496936,21.209589854803326,44.814154065821754,78.16778281092274,72.93558955916365,65.02914248156173,44.81291009857344,83.12831156980863,-68.14749551033599,-78.3111922870317,44.765389438890935,47.20975923081383,-13.525846372393403,43.49251653558258,-11.243942441041384,36.534288622812284,-3.0781048342740576,-85.117909800896,-6.336662745555287,-96.29724192637894,20.578874309325585,-99.1202737887443,14.360430491379674,92.4776952281419,-9.322293892462469,-82.9296587260213,-39.71957023228001,76.02537052310814,-89.08717050224114,37.599206591767825,-90.92381445993205,-98.59575670402623,82.91039180180778,-94.11459835844182,53.45409882542569,58.306422241959325,-59.18762683190406,-46.641312476311846,18.278507803150745,-71.74917703538361,60.21554055264667,57.60120786392537,67.70369891408333,52.54476341414022,1
-63.77013009306394,33.86308327270032,81.25084734757365,26.741948684622187,8.848924196722919,-23.727204963686717,12.392359646077765,0.21040004709267635,60.89078466572454,68.4808856049905,16.669330986487324,-57.558970758573125,63.16630340934236,11.300387361089463,-63.67323563169429,90.38881108470466,-33.21335277545184,95.17335960478238,96.05589424845874,32.3862431062058,17.318078101041664,19.115001923941605,-38.29681633080604,63.91636432363549,72.88272267393373,11.66296948009267,28.906736010022257,-46.5637663797344,-51.80549814118982,15.241179773776764,-97.41852417845138,91.87890706786786,-82.7855753967548,-3.102377437614564,39.621037974334996,-96.05682897227432,-3.5257849748328454,-82.65997389434185,68.40500263865997,-37.93841583822537,-19.376170831024538,-55.62240222675734,-79.12751874715458,-4.092653224707064,-1.0289969114130457,-40.892019224649715,-53.507449974290175,43.86213612275199,23.03689107708024,87.8763341050383,1
-55.46478417538301,33.52034271664701,96.06441454556517,41.79502918786778,56.27731394474009,-98.35992503865567,-88.97265296774552,14.815203169492008,-71.59304148734938,-27.3486532434777,-33.42723167938824,-85.63924173015774,-65.61191888014375,-34.10394904558373,-76.39446694776906,82.16820033081817,-49.737706708885,-97.77053850542536,-65.36012222119918,71.77993206196217,-97.10883075142691,-72.19003106085913,34.852312227814394,35.94497564664155,25.03250632349024,24.688907993208062,-25.816911681106646,-19.831249200620377,47.79264855933599,-88.76213196236553,20.041947572944665,15.113508843222718,-88.07087569705965,20.54404752201077,40.428797627416145,-50.026284894783046,-85.21077098418573,-55.48168839201861,-87.54308176652457,2.438711521083121,84.14910571306245,-20.885239882443287,89.00008416803976,-25.815190854951737,88.11136334419001,-31.09126651903125,-27.623136185666112,77.49183903026614,-8.068714668667639,30.53622539963152,1
69.84468209883559,-88.3084025526246,-81.75103173914893,-18.692337222597374,95.25432008740796,-2.0653868966876274,-50.82717743951015,27.283117067762745,24.960829344953027,-46.66530950398402,74.22194121415905,-77.51495616809183,81.75839441414746,90.2730479394958,-73.95910239870796,61.95434178148568,97.37834417469605,15.20944941355826,-52.0399434048941,15.292973622828285,-70.75697383004828,6.062125303765086,64.75259159579053,69.46780331384034,87.6134172867238,17.229956269340093,-47.158987140239496,-61.833843629679166,-27.54711165904405,-44.33720509735639,91.67920513142724,80.83599131170254,6.44048236975334,-60.75977598622102,14.273993515447714,47.33097134734072,70.94775797409022,-19.376842007472277,-81.46838658800152,-56.98474879364819,-36.89526460968749,96.09643646935228,-31.84248724075087,37.21206053841874,43.16346969006298,-7.619404828551907,-91.13520158054631,89.79373726494211,-68.26522121224635,-65.39846374400344,-1
-5.0738248500372265,77.71985608743049,18.050673051938887,79.18689925838044,94.52389264459461,77.59705980933336,9.691628407378687,81.23804918519912,99.5450196211921,-38.63301519182127,77.48180484976365,-12.436198218130329,5.311564991730805,48.67540480077125,-91.47041689644053,45.514255427899855,-72.7996828233729,-0.5516995684962751,-45.90472036545754,-2.73169742504318,66.61691327080214,-74.90901755928057,8.043387430370544,38.46983093831403,68.79356954187185,69.15296230657617,-99.73587824097582,-54.38111639235632,88.05728983345057,80.26718581392856,-54.087886815771924,-76.08502324199564,-39.25551986223217,-23.89078491145777,71.71261823863736,-65.1593508327889,9.310753525538232,-88.27494742471305,83.31459049443234,42.84716796370651,-95.55212786525746,22.904274845430493,-95.26386760810392,-47.809418069940634,-83.1477155066153,13.658588165467549,-94.14848863453584,-84.16192407226906,22.8343239599091,77.93289041901429,1
83.90620493120994,-8.867835689381607,31.324389894625824,-53.22645127252474,47.12483004350179,43.71996301914561,9.044883854820071,-62.839521358708936,39.40502274240444,92.47126608932726,-58.74652278617756,-44.51371392495531,-75.27154101098236,-72.06631593357666,-29.663670336423436,-50.58892768410712,35.80766799142779,-46.56456431406877,-53.53647333050211,-18.044248205225742,-64.51712854359076,84.04319717377047,13.282564758875154,1.8276446884601683,-53.86346925854946,-92.37648341697377,96.69605391345709,-57.373733598699374,83.1165355008178,-66.32644750845975,-95.22314621972261,53.07952454252825,-10.758681851349607,-61.92200648629764,13.649575844433315,21.729276832040043,47.15066160431502,-60.14252958869104,-67.7753272678934,-79.97418863141463,35.8757041546117,62.18423636605442,3.285768766244246,61.66395426938243,-34.11707753857449,-85.10165692594094,-6.784635067966832,-93.06757104292258,19.804789084484923,95.76341221685885,-1
54.554283933015824,-64.76111876715049,68.73367508388819,23.610161667074465,19.564275717580344,-16.883059851078855,-70.11644461774584,32.696913021792284,-32.931904386341685,43.14662273721049,56.450534375361514,6.3701075299569965,-24.75275292191776,28.23244120864061,-77.63794130716417,64.08231054705664,-85.69655246527104,-1.4583142606650767,-37.56478573187834,3.9879921198370454,2.3504338090520918,-48.299032450583645,-90.54197255146543,42.95304368440017,-10.188755909825659,39.08540152993979,-38.04811310994085,19.625058490141043,-60.38906027903044,58.66884886182925,-49.36198749993024,-52.475096342485884,45.64331346148421,26.694120507957166,30.09333695291184,80.53194656952974,-8.371621306539879,97.27690051191325,45.576875246430035,-97.53255301624569,-63.58110465613005,36.53598037010781,86.85326097869901,-50.82081898878541,-75.13331485415249,46.69742967397838,-78.56807420504322,5.841537912066471,-72.87377976913731,-92.3996517631351,1
-75.50042760680216,-17.052839494001248,-18.72002942910052,72.45850591084229,33.96850174052233,33.63008642324158,82.25626748512343,71.20353135016714,0.36630431366350535,19.19212690235217,98.89360058915096,-30.968317495915528,-27.19141073337464,-77.2578938853114,0.9369329216271751,-95.34550413461295,79.26818788764078,-51.93297667336765,-44.34690177971152,35.78383732988715,-66.61427066662287,4.284143221024678,33.989325023834795,-79.88207859551423,43.17099312164282,-78.33637529417972,-58.61032215677644,-92.13588647465556,-67.85027045802411,15.486552997033542,54.52084802466686,56.83908951534943,56.89044780379356,-18.420302687055695,-1.7470385759717146,-59.19082809806709,-57.358349247806316,39.85406915974886,89.1693611553583,-56.60498611590623,-72.23039525861745,72.18245348612206,34.27301923765347,95.66159175428024,-97.12322825506871,-0.6189332782142714,58.96979631951936,55.799863869443385,75.09152370616036,32.1011281509239,-1
55.903340284812685,15.109901566220657,-55.30024912907115,-3.2699241647729593,-69.2511942832088,59.69835411061089,70.76385437265807,-99.86190510359015,58.38929494624978,3.9569515972362126,94.63058528110639,57.296283806143094,73.23516637856312,-16.217610849772385,-79.55336174092835,-46.54189506614426,-73.01135114025008,-64.27303477141295,36.716660089868896,72.66513910618997,-40.75200258944154,85.12576327205707,80.17642734604237,40.99923829733669,59.96387535821722,-9.459351945047459,69.02921490533305,94.0703553727744,-96.80584980024256,52.409619371478215,-23.832329926303657,-4.894949421300794,-92.58173566098655,-57.84107059529766,15.785768604398115,-32.20799154861275,-40.82432103680311,-76.44804989292302,-52.3789339737746,-54.254940577286035,-12.450447557036526,2.5054810647282153,59.29960379104841,5.911358396872529,74.47625747343801,-43.39405530181444,39.5671668770903,15.958360903118333,55.01324322659286,-54.84317849102504,-1
-88.43111011056789,-99.84209778135624,25.699086017812405,-63.92404622498573,-7.431048468404541,64.18943149099363,15.348225405921482,-8.471552228713634,-84.87497733076496,-51.14218607216727,-89.69322527039665,-51.44487893920369,-3.1191755313558787,-10.35818650716871,49.503607310089706,-77.93167639425384,45.25548674222176,-3.4791338004176,39.04793557652201,-48.00084145750745,-22.653343642072983,-7.540790801021743,-83.1078878871403,-39.30595005644162,44.91585803530964,6.42447272584144,-43.864290190691,-65.78547115026319,-4.798343186591538,59.02603653904259,82.6244248526072,-81.82498883319793,-18.34302084140947,-66.07703311803483,48.7315266881177,8.867969027422546,90.79289300679153,-93.52629504826862,22.134009779444526,-64.60652420147896,77.57968076519674,-88.25616414511957,91.41010772355176,-10.097232883103942,-47.395577167184946,42.40430064110109,-34.514427524600094,-11.162817707500054,-82.09825407112142,-86.7842593799241,-1
72.28913720426485,-55.670537076488166,-12.035852433351153,96.69864115995497,44.58283644027702,54.94842330257629,2.5014620172071176,-71.2110850316563,-36.35420957346691,-51.404418975808056,61.14294210964394,63.11958134934349,70.36879159986552,-46.91311348776388,74.25932468465399,57.34913209819479,15.104936083872474,82.89214299007705,35.32276515426912,-77.89643378295519,-14.62572582489004,-96.88337226272156,-84.8120206174496,-53.283323369209135,-75.36244970972919,19.236465262333866,-28.436910655541638,-46.584376294041995,73.26264251907216,65.79836161655896,-93.95131415337514,45.73843697551868,37.94722041287119,57.984629315851606,91.24674410370483,-1.259941938906067,42.54992419368412,-17.222624027672097,51.36010583305523,-16.098647767519964,20.678484522603057,6.932757708441102,-63.65875852552878,54.766634245994595,-95.37536353873,-29.410516684139452,-61.95180985963433,62.98210145388566,56.21202922855841,-44.04177107953118,1
15.071834625819719,48.15597343213449,26.4801790270393,28.895605195976685,-84.25859972629672,-28.808509399500466,-64.64606989333141,-91.33450445406193,65.95391661675686,-59.49052426487973,23.942786223830097,89.07071277912902,-86.79663678674791,67.89387647772591,-39.92987021693004,-78.5580727920435,-35.86806705888634,97.31716909621497,92.50502716008276,74.39434783116045,16.824629647611957,-84.73295316459004,-42.563782712020284,-70.75267337388726,-39.58439586236202,-22.33100617678268,61.054091279372614,-66.86600874780794,31.97096251202842,66.2063210453239,-87.58907310802363,11.078335812904825,33.21293972643451,-60.71118385160561,-62.75060887963026,-35.91329946615653,79.21733005253958,41.74953219839233,46.200104954073566,-3.1404851843542616,41.394775263479204,95.16870795955305,66.94695390221531,-50.183137395721445,-43.07449148065763,-30.311287620642858,98.24087294334652,-9.757867842186755,53.964239210153465,-75.38369445561568,-1
-65.0322745479175,58.026274745221656,-44.0811258953536,43.5073727025254,85.93949973308912,15.674004604377075,-46.581397578367145,-63.37556025344562,-58.01300833420478,-56.80811809554713,83.31901010881316,93.76284067161342,-8.492429565958176,-7.363374854444075,99.03068761140014,-86.08912519826262,46.33483826748082,-0.34708631939824386,-38.22743741565111,64.21257574002294,75.20422063061656,-12.567795149721817,93.45958227015475,74.24142063961483,-76.99338951801678,-49.94875160191607,-30.82727961183531,-20.2773272664744,48.353693861143,89.87451950246043,95.9006412113144,69.50660332007544,10.34499004757265,-51.57920467237709,-18.632044486350736,0.6164277515859737,-14.635139225339813,-73.32027267990122,31.07155205434364,9.14615740228173,-87.45883044696636,83.59950741352216,-60.173644846266036,-80.46197663095352,5.073093097778525,-33.33584501793803,-32.54897966130514,62.20826399755833,74.38576861835492,62.50282922882414,-1
-48.46342229775726,-50.507403753370724,-20.291257126923497,-99.71485434249348,-61.79290444798462,-18.254814344747047,81.11570019452407,-27.146277020435548,91.92505320982849,-4.518987705923266,79.13872268885666,47.313086823904996,32.47052235075003,89.42208677506306,18.06171036295241,-71.51649129395881,-55.61261288290373,-38.19187252116214,44.99925178804111,62.44601190181396,-94.79057127054689,-67.96740301682263,-9.28260654634694,-46.243303488243455,-89.28416696976367,78.10163723008546,-44.404413915046945,-54.784892848177805,59.370167503501904,99.15891293407776,54.5517417733997,-11.673472072566412,-83.91454880055932,76.32245554335984,-86.73312670141166,-49.238972884961754,76.76323500710691,-92.89925676625124,-76.08690737823176,1.3467702445576748,8.147004310976214,-86.74277152732314,-83.15937701979168,16.115348371046963,-45.201849429893606,74.99439529349317,52.372220333891875,-6.647224316857674,68.90589491388653,88.42220745991585,1
-9.052028873228181,44.289831421914414,-61.43961946670815,-41.824053551156126,84.05718892728356,-18.302449363713123,-66.45586942594264,99.76755225094698,1.6897372757595406,-70.71508329415425,-51.88604930549665,35.837999771150976,-70.2536476473565,-15.299037780637832,-83.06308594237322,-84.51361131859363,-32.25971567876181,-57.71874707444966,-27.104408249649154,39.95785967137584,-2.889679121860439,47.413690512246944,24.651933162722145,84.0904919187702,54.6417372273867,-21.8158088819403,-95.88428588939692,3.6351888194187296,44.05469630657211,88.85972120817954,7.282793292945499,37.79955841880499,-57.83218249500961,41.419199456871155,78.58136567511642,85.427547406158,28.161018882423292,7.585139151457199,91.93119274920184,7.048475461599011,52.12454200688131,41.151391792358794,-60.09809532348234,58.52365148111477,72.83975491874617,8.495473737017647,2.662503979861583,-18.161148116820442,91.21099250647055,-52.86703625557563,1
-3.406225582928954,66.99135501042338,-78.56866061461531,70.14613691720746,20.763443793654332,30.240791991168038,32.586995293227346,13.62283620103743,66.20494718112587,93.18793902620831,7.501041075157545,-65.94612963767878,-93.4910730911898,36.44403845834526,-25.251661888602484,-9.381372508571246,54.81657091420135,-26.84855991472284,-32.32947984460641,92.4619055914387,7.255824935024947,-59.59618801450854,52.029614830333,19.27955456823915,66.78362861436122,-66.20336493725722,86.78765218952759,0.6755059002248913,-69.26046309240046,33.06414119078525,-37.54065173040597,51.586001916575896,-19.175427013056918,-62.37314518515986,65.57751565702509,38.30379722033297,-76.66897754072511,-84.93052616165575,89.3084243059719,28.967541830777463,-43.711649932712525,-62.12000844314007,55.018600370664444,1.4048472714397064,-88.16532499982014,-25.44576006123316,-30.26438228871868,74.29385243406182,-19.87045517334502,-42.21606405257241,-1
-49.51261113119585,-81.72935145528884,4.9376824186954735,-78.30033098591231,88.73741732934332,40.81660718012594,-11.139692804986083,67.61819873700068,66.35623120270776,-40.54182315779266,70.45240573247088,65.66682621937625,72.74153581065613,48.17849085383418,9.876490070817994,28.225954733333054,-95.75327334012798,-77.18064169672847,22.28411476778686,-34.228254522735284,68.69460956153924,86.92407439968284,-95.61028102318589,85.97770551969427,-38.8764794182648,-10.378943668372571,61.465042951139935,32.057635218873315,-94.50365783211183,-60.55861213832707,39.800762456324094,42.15322373476158,41.840792657996076,79.3123324921421,-43.3852078539364,-7.576869182624037,72.45531031694023,23.268403496822003,86.68709583776669,-95.33369928406347,-51.876518594792984,-59.731003284490704,-16.372281703500875,94.18894228399083,-83.3206849053079,65.51368807685444,-38.16148044712584,-54.2227225927393,9.379530859131464,31.404220944358087,1
29.7530772318772,-38.046937171419316,0.029616632879864824,-1.099509040815576,43.22220711785022,-1.0112674586563912,-95.97547363029675,11.643676594322969,-19.97450995089858,25.64615112016952,30.719665000313256,-64.53961649758828,-16.992790609082505,-90.86777089643385,-97.786990423592,-84.82561271867006,-94.7216352145687,-99.59933715975424,-61.763267095852115,60.874857026608765,68.88539708771404,27.252812813129083,-34.532910494161825,97.6505843965115,-70.45061430291162,57.01715894607261,-71.28412508067726,49.9835474485802,-94.30475270834695,14.03397793282086,66.00464278906338,17.107540243208774,7.139874056005269,-3.8156368454156393,-99.85097335229867,-64.30266609674095,-51.94254351244545,97.7123768361565,-67.48383907424443,-75.19239498035053,96.59437725070538,-29.339471656890012,-97.0928948502798,39.044404104230836,87.57028174849191,-34.75728168081589,-38.20941340409403,-14.480594435294307,36.028776336780936,-27.00809982324941,-1
-67.92691877605137,-65.19791039677516,35.028770888769685,-43.46886944853108,-70.82888822329909,-36.039750810402296,-81.95681408268614,70.50533393909976,93.66831914177192,48.73574722726576,19.82944389766253,32.303703213055684,51.94107456875955,80.36074005016962,86.00350345051166,-88.42883161856334,39.81079811346251,96.5928310673045,-44.25361089274804,-45.05380658729206,20.19269718740719,92.37577645022884,-12.864705557890815,-77.48408111890355,-65.07377911127887,60.78734301051398,-98.27388632208434,21.24107852967829,36.16629079120267,-45.96486741342103,70.76724144423665,-30.60396102289367,5.146286978064921,88.78037761799109,63.663513024066106,-67.16706956013073,30.026730007778923,-4.336323062606496,-8.675181105121226,28.654713220190416,88.45347296293167,61.016413768927464,-81.59829284352891,37.165733770757555,19.58154912870866,-92.57037949747684,-14.83057491954365,23.29696912353762,69.47994193196988,-92.92279868760825,1
-94.56651575488803,-32.878151151819736,16.18277964925568,-8.457189700353496,78.45597717129635,93.47510639563956,69.22393983798881,-34.28438443991962,-61.93059414131099,62.75999556379108,44.35676884523889,-27.527123332905276,26.64635351509766,71.23254332387336,-22.381480181988195,29.59373611759139,74.16701373716069,9.07061388117694,-13.386027019641958,87.3931163615741,46.13101963685526,-69.83775986337024,6.883867333882776,68.9430431422816,16.091728395151847,41.27860550588528,-12.923915738352207,-29.030833457673296,47.04682651713668,57.8127813221719,-42.40610459142778,42.452536048080106,90.01367499817064,49.542345897728495,-83.15389932197226,34.71387272071041,25.4106048600583,91.37907424090432,-63.12334805852642,82.0036817633291,40.08384032120398,5.030720266801609,3.0779488853907253,48.84157433485129,-30.840373606231637,-59.80133254437152,59.50010950110004,-95.9913033503406,-29.915933383123388,-34.67631981088731,-1
30.284077670372852,-96.06970345063044,-37.79165898860322,17.867675590109556,63.40795572183583,96.52355075428659,31.524518780404463,38.44789266664145,42.02564797261536,89.08981876740012,-55.4285380134542,94.17091733516381,-35.582295280054524,51.71916328896299,-68.44446133023727,-61.40972846241684,0.9270733139155283,79.22673873999423,38.23906159905968,-63.39633016824513,-83.52448908187367,-34.57242054498661,61.10457000170163,-38.304359048407235,76.69752183602623,42.60570888718968,79.97643706125828,85.06758938793877,49.04147290272445,-25.040688331934774,-93.749611208108,64.02569086216391,33.83955417666323,-23.628113912193456,-94.20228735774651,69.64410461917808,-16.516903193878704,-33.81189265043756,86.12499010700597,-89.33453749348132,33.950386225394936,7.100812111837527,-26.91761233932357,89.57137434016099,-70.23069673146524,-20.912076679190108,-98.58221323555507,61.136850758410986,-92.66065336675997,-52.72381909367396,1
61.086465859997276,5.072096363899604,-82.10432340351652,-59.0692940707346,-6.485807549516508,-83.729525455399,7.351247733363266,-73.80350136135453,77.5193835216441,95.25203611220897,32.707689160046016,4.651428195726652,-95.84372343011034,-19.026053603050343,45.06208441133663,-59.13561659180671,-41.926154014104824,79.48658497731697,12.319847890224551,-60.55774923745789,-94.01226193383235,81.92110459210684,32.9721756711283,96.22041271671705,79.3384794124475,-7.1028408635202,94.74095215889776,71.99370548989975,-21.849809205442753,54.6062239649105,-36.130185682814385,-87.50618980003856,78.13068053649584,41.45782545783521,-75.06871780401923,23.795676135940184,54.39332219034043,95.07895938102058,-75.09519804997258,-7.975003039497537,48.338882405881265,52.61934177479998,-63.26329474570762,-21.702200836797118,69.89692111567825,73.92116715879834,43.44844404362888,-83.6578290973303,6.752856934492058,-5.465692044822262,-1
-55.079035412003606,99.24489860892774,-54.21153277211095,46.15246037065987,76.21887927668917,-5.756330200135466,89.8512169373571,38.51004736175955,-40.144698463937644,-29.137883159647984,-4.349272898491279,-38.20211900220465,48.24630012127224,-50.64264401432914,44.05576368323199,-68.07495481129388,49.137246135462334,-40.2162054081747,-68.19277922696938,-94.50881927847598,21.20157622699385,-65.46936574888645,-79.06058417361659,-50.04655412319057,-63.902352812104255,-28.334701685521836,44.3152226021696,-90.78084168526922,16.859242428803938,23.53610832614052,-23.102532787858237,78.7343723517059,-30.611913675366026,8.035211649906685,69.57551835445727,7.469083679907158,-8.924858479667378,28.671142413228807,-86.25163647965341,-97.60461042024498,-12.060585354273258,41.12117720261452,46.79103788014524,-50.45020104618174,36.47782040440609,-6.703644099350072,21.066690754479225,6.753565479824573,99.09339677374075,-37.41686831252813,1
-67.83838971650027,-63.86849173773936,25.87098852578768,-82.29618948738648,-61.57143026068912,27.670716830525507,32.35738669298462,-14.864503801885732,-16.964172820346107,93.23821844017581,19.806570564233866,-54.46054736120802,-24.897043426712216,-38.49867369781557,-32.865186150962856,-39.18441795092238,87.32734194556505,-18.762676553576597,-49.18272525439902,-99.2809116833977,-3.3522503980693443,-97.57358952552131,-91.60875857512576,57.76747986354417,12.148063185134546,-45.73139843057916,98.68433533532192,51.808986904219296,-23.537194244963587,-31.97881002747782,98.17676391514127,47.5599137241868,10.569466102694662,89.84958364093006,39.41449572287806,-22.892782339569308,92.60072832130518,56.2229230620255,42.07898996417555,34.69139966442398,-77.93961895321823,-51.41812074019574,-76.35051374030706,65.52821957487299,-43.95335818316588,73.76226578165986,91.22270262494405,-54.64819307782327,-12.137639060749933,70.27676279980818,1
87.89978831283781,-62.844609060258435,80.75345227982132,-83.20209972216821,14.494645587741786,-5.604559412469172,15.165529342804646,-6.805028344317776,93.98628887513215,-57.41983179712371,-48.39129966231239,-51.18908797009634,-17.629098945200596,-4.776669461054553,-94.1992194079446,4.160260367706044,-55.159999349660694,28.512054626860333,-15.769068506115815,-64.97793090779398,-87.19609792587384,77.84078110318757,25.278534421668454,37.09510550306544,-80.8461650691153,29.531612068712832,-3.376723941508814,-35.4031003677901,11.647197058210665,-6.516468403862945,-19.409428015981646,-81.85233088885877,-86.77019069472318,-59.432190135059805,96.38038221839952,-1.3882269011677124,28.916484136923515,-82.0428563448533,-88.551353003087,-69.81297161185924,82.23652946525866,-53.913024850240234,1.8912562583538062,75.91364183684337,-13.11711193532659,-27.908456264961345,39.55800206462192,-38.28640482339687,48.9196229848593,77.6422635621322,1
40.45175320633285,-27.483357481064587,-37.224125303247014,1.1852508984340915,2.810491058709516,-73.15358909370657,80.453285084697,56.64493264706627,47.83247150569673,-94.79399435938407,53.835943343342024,-9.732975351904145,97.69892259989538,-71.53641243504794,-35.291709883328636,-66.36526529740186,26.236707895459176,40.08168664790276,-35.36670354341598,97.84618993587489,45.448189993371244,45.09027067757131,-61.90892931546064,65.49009892769425,-85.26553015246697,58.710907507635056,-96.37395432103321,-60.77718813449125,-75.87830695961834,23.310497241647624,80.0184446510392,-57.58931248679329,-2.007581581681194,54.21229665802295,65.0461604941575,-67.70557009356526,-82.59014929060318,29.154183428570832,-12.796538879482682,-42.69158763189003,-82.58018524994682,-99.540871781719,61.727717295236886,-61.25905406563885,60.26086399728314,20.419792428957948,-52.55659612802253,-91.43419197106866,-3.3287018391411607,-77.49079756360709,1
-5.148995804609285,31.423767812254653,-95.71202667537734,31.671418437059202,-52.03165030382208,-5.120536212041344,-8.910189422207935,34.92252529837515,17.320881661696234,-98.61514058708951,94.69672664817529,60.61552278657837,-4.136104208165278,-2.415335754466213,-38.944096692780676,-82.72745833783492,36.51999882573742,-15.102810593964875,3.013968325469534,-64.14253827946067,70.42087252555268,47.445861362522635,-55.39219797061185,49.71389722759815,-34.712037672389556,21.89303367842311,-68.2350031826472,-45.079063616503,5.04290987051175,89.89410852089415,50.940694975324334,79.81887745567715,-7.724491891779351,-83.73092499552067,-59.01288638728182,4.845930062129213,0.35305663316718494,-22.926442292791705,-39.74218034744068,-63.25144217519289,-40.65243386195139,75.04449186911847,-28.70184409467629,53.154405113517214,33.603715216455896,-65.13304766778697,3.898493255447704,31.605147566030354,15.173795596737875,-84.88903184973915,1
49.765267392661286,16.19371732631849,-69.20512976686322,-41.113844410109124,39.61507374631731,-70.472962975703,29.96464886229853,-81.10291191858417,21.660213723419844,-67.10220918876064,74.86795502507096,-14.719420636904346,-11.503952411405223,-95.31294534588224,98.71146185878652,46.857032544530085,54.51146388398942,71.98755034603053,26.329472035838734,20.679041762560942,10.51213707751522,53.506771693652894,-73.66017645102792,-12.175254479755921,47.89533717659225,-71.82260978237636,-92.10655027374297,-8.974307501863919,20.388129216148926,32.37000381005063,94.9590031781477,8.776599201581291,42.527976379863304,82.3579474747603,75.69132388308398,-16.01653283183238,-27.530369143105958,2.789754719872235,-29.399664328605255,12.485745598552782,-31.12960758689063,-41.64161251563028,62.435064792013094,-5.247900769019381,75.55496174257314,43.370569463346584,87.68281855705374,-41.67075009563887,-39.4342812921042,-47.7732423268828,-1
-82.8982938291064,6.611058018942245,-37.51882046407364,-85.69223562192471,0.7355146842124611,-70.86728962726482,70.55563605710435,49.83482225900491,-12.937286523330044,-9.525079668754756,75.2045319839331,33.32468905097929,-23.80775882244916,27.357604582459487,-3.2907061815021166,38.308095503033485,58.770124908383366,-28.995399061334552,-64.39398832274767,-6.435312728192926,15.29437597861454,56.21875948752765,5.800685536721616,-79.25924514390664,-57.704088433408394,31.061903034614375,-12.26808518952538,20.46067471127384,-97.38420276535716,73.87030192241335,62.42528062791183,29.041448342882262,-28.924177613440122,-26.297458859887854,11.283284993468328,-34.359732655280965,0.12165772825329668,79.19209297379183,-94.41025319900317,31.106123702346594,37.37550863049296,-74.41318671198478,49.375268313618534,-82.09184028586849,-44.86345520300172,14.086470797323372,-60.514004504106246,-0.04449052774566553,26.55565101338189,26.987155758893877,-1
-60.614859109314324,84.84368696853201,96.8036300392721,26.307381948532083,90.89920569095594,12.051091000231452,-39.97784047495343,-48.91871193319517,51.899899375515076,67.22132685108627,-56.05440819682417,-13.079000744304949,44.61111939771166,16.50759569964491,-94.89776195022246,56.79444211289476,-49.98906070905775,-15.12247621199036,-78.22911946479914,-62.17298373120255,26.16990874365068,61.176627924812294,-29.11238965535358,64.73836645229414,90.23477883589302,-73.1449662602508,92.98910742202048,-53.62425945709841,2.154308650733384,81.17289495000566,-92.97085726364914,-39.73103490434233,16.5715449910615,66.56965932954878,-91.26068296744579,-65.07657654706351,62.68030738476699,-86.27795311015483,4.638956446066132,74.60135316304493,-21.427802491188913,98.02109271706078,-52.822877450425196,-87.98237105082929,-39.12354712642261,73.76266322370418,-9.672800409801411,10.506697449293199,-17.84782167199954,-98.30953809353467,1
-96.17678111404719,-42.95113153864669,-6.383187962470657,47.86723917920017,-30.46941048334064,-47.08010917005663,30.25083718194759,-74.07400196582212,97.13942499496198,83.54504259686547,-31.70468899180375,84.33659590029333,-64.68039672611967,-30.320843084703313,80.76018308920126,46.32922985920328,0.5101912218002695,39.47025032056891,53.77869107233619,48.02611721487321,96.76661514526378,-24.07400896307253,40.552212413986865,62.99234323502819,42.78486055951481,93.01741268269569,93.65683805694414,-88.06826119750637,6.202291113236086,96.75248758144181,64.39226641097085,23.293451657414295,74.2208042229525,-14.707559706674232,-63.23656745570783,-17.905852649348645,-34.606067977379666,-61.46302577699512,-32.74246090198936,-88.1786593562201,-66.86500732044907,-45.285374754146915,1.8460004000118602,-11.154513392978771,-22.426230757669586,-81.19160265654178,44.868666563667176,-89.5013178804134,-35.94261398667162,7.995268572814226,-1
22.29272224513217,85.5801259724054,89.20043866780955,-28.04730766065471,71.77551525174638,-46.7317774395194,55.87857013634198,-6.367064198576372,11.885176205318302,49.55106957248344,13.831739827980144,-23.38848150257475,-2.609470158150941,-62.46271340805178,-46.41392415627532,99.91919973002015,-8.61278019404044,-63.14616928402577,-24.64069545391594,-36.24757157927381,-85.81560476160809,36.745039404655415,42.68934385172719,82.59233486068848,-85.8535285263428,-52.432510511287745,-0.8830465808942449,97.19020534615274,72.95289113300169,-57.94763133977254,-4.841115957287869,-53.28422946293519,2.599499309589362,8.041697711065552,-40.031854634434616,-5.701865470244698,19.342771421397842,41.828679251767284,46.82779939526594,-2.9182758560242945,-98.31555825436212,99.36614327245579,56.52509473402381,98.29984223113271,38.93791331975808,10.081650019509041,93.1060379292314,8.372509244557364,84.470810350667,-5.0709161724055605,1
-74.45730327295303,79.71938211379401,-29.513794889451873,89.42330064727568,69.45299678099278,66.62188348392726,-15.613546687308983,-62.017286011661874,-91.45201706130428,-55.12790003231365,79.63040845062474,26.705317278658214,-59.65233649044897,-65.76360811245868,81.62887451257981,22.586357351281166,-10.904370187946625,32.1867165995026,-14.880341148663874,91.45471351573374,32.389461328120404,-27.748245863124964,-17.82603821293361,-98.52341691237736,41.99136579174262,-86.3486170274386,-87.6386317893625,86.47510924211775,54.364833553880175,-2.434678701579074,19.070718710597262,62.39989340517579,-48.13075034625005,35.947205661477255,25.529183566922867,49.48659184167306,-48.36910811819726,-25.87397473863369,25.655239433452493,-87.67611529897073,-19.38550482569559,-3.387867899062826,92.32543666976358,66.18493777475953,-80.07822344804177,-89.05597913596553,35.05731736650782,-96.15613130838842,4.853682793884275,88.42921334550701,-1
-91.60975531367275,-60.55146676659664,-32.05709123278314,17.47092622759787,4.648847861811362,-74.64103113266466,56.64267687327779,86.11497791515652,-12.032053813722229,27.93955598566076,-46.57208064456084,-43.45419752338899,26.517579831496803,94.24200690762893,-49.91274176716023,-78.07209398858943,78.72549201280114,-91.78579987665687,97.41816586315969,41.33539764712722,40.34601628069669,-50.94454995214308,-1.2447382682217096,86.46768414410354,-80.61334019362076,-97.6394565956374,-82.99002211462803,-7.9775828549261405,65.10141534245736,53.48936735715938,44.84724849249798,-27.56720226027747,-28.447508742299902,-67.25123831213011,-31.45260067926465,-7.953347731447778,-89.43877521519296,83.23265018647567,-61.665556409337775,70.54946195233697,96.69601206562606,69.68470922381587,35.35384947306795,47.15838515132782,92.83101640322496,-83.1389698379889,32.34201082115237,9.280261618233254,-70.14062412089142,33.54839764648111,-1
-23.233409613391203,28.42204700510422,-60.75686976594095,32.36431959782141,26.085292942731428,-18.781991563218654,-6.788396336232466,25.811596331542304,53.373172849818786,-7.811711031474459,-21.035924322868027,-10.460075405376585,82.72416639689297,91.687614448419,-60.878719020109706,-40.32216189732982,-62.007594939116295,-99.57168919567071,97.03334795323829,78.17354524360937,31.63274178813387,-12.564336555633915,-33.67476566556695,79.64350010653274,96.08556694540007,83.35455354254094,10.324091346997548,-56.1540298031241,-37.463140856483946,-38.667365522274636,9.625810052160872,61.9390499765656,24.820520580908138,16.192455960735444,-50.86456379278923,-59.150668869361354,65.98618459388817,-83.59740107335489,30.505752620180857,-26.71977927871427,-87.05641357869035,-60.065174682632886,-31.308495068868524,-9.229212168278252,-34.96363213794322,-74.71269049020104,10.424886395943275,-72.89438737288505,-50.881592940533935,-14.361134940554422,1
2.53770220330172,12.747420289079898,-33.53801785200807,-21.412538994438663,-6.083859329634848,91.31697214505988,-87.18968862868807,-85.34236907611272,-13.443943283237942,75.54290352510287,76.87381347973925,59.426285330585415,91.26835650998444,-73.31310365430114,-32.74965937685141,-77.90439358611499,-14.366678680554983,-24.12136793596487,51.40002987582304,85.17147532312603,-68.221803851049,-36.982949858937864,8.606954232290988,-67.82679441650569,-27.166407441591133,-36.03879953661768,63.46136587794817,-84.0543717582497,-15.819692531595294,-30.774868946726357,-39.65492583501895,31.885391026943864,78.85683425028017,-56.35573841826127,-71.15054247796795,-93.66243892800182,94.61678295488534,58.99953420338883,59.44992646410873,-4.467972115135524,90.15935450516798,-64.94956786002162,63.89363142173022,1.2639540398380404,98.12304146076045,34.12692434344751,-64.9992599801777,13.59321259616253,-42.36728422700995,-43.01121159974599,-1
-50.279023077338735,89.49544687912493,-18.963579239807785,-41.68292529756095,-17.275079477841786,37.48814549256815,-95.99390651518496,-3.543173382508982,-59.159925562866576,8.406424129376845,38.28844060761182,-99.58431263854224,-19.129685284307357,-33.28119286001032,-78.72407831072728,-28.477874335185007,-21.097055152712315,42.587083824370865,-7.583044334756579,92.7767995988508,-35.988991360970516,60.08708661138357,-82.78603711200219,-44.80541031054261,-59.3075661603053,12.673320737502607,89.33142027473201,27.59687269361733,15.357885636690185,-8.84687627028893,24.109201695508432,6.940318752046551,-22.63656604731156,-52.65187695597548,-95.9323732683019,30.324661389406486,0.10342645213596313,81.39073108457089,71.93139917923844,84.98504837104934,50.781569344458376,4.065947631363713,54.26715146411328,49.37478456164129,65.4907825229015,83.16779000483936,88.4206677526619,-66.04800068034014,-84.69537146827693,-79.78838476072914,-1
44.86776342574822,49.799803480991386,74.55926501588857,30.422795724749648,31.050966167819894,-98.29937165180915,72.73693157831454,93.06348248552837,70.75076576903442,-2.3520522402699697,89.90772819349544,-70.00537989971852,13.95754869320811,-18.60711827166537,51.76087657212719,68.51979698346437,88.55383761524703,16.421860007280912,-28.014406415518224,37.75112988829497,-15.87965580399522,99.11928995508907,4.910873745134211,-97.3353088162767,-59.81871779668586,-68.71492061244456,46.77558131926881,97.98946061020254,6.761838747386406,-29.452040260009966,-3.1158674468343577,-88.13810459031146,-80.34895507868916,42.19137116270139,-87.39271086934136,-98.8525051398147,99.67451713580695,-92.06756531440845,53.0187227799737,-19.28544352095483,54.580443086066566,-84.16039545688105,58.41237886475744,85.37589196382851,17.237162799147356,-7.175845710827971,-63.08509261579189,87.19624478037983,-80.74645335365389,26.8983154209498,-1
92.12539510263994,-31.613101285054682,-92.74902091169453,-77.62801073073551,27.5422847773427,-88.68183047956686,2.91258824323954,-27.95256223763296,31.255414857852628,70.7769753970864,-52.73548323721548,-98.24295304290584,88.05337952886197,9.86062931050509,97.60988588189304,38.783851857897645,84.78591612246075,-15.858100932751015,13.221224734717026,80.945079382666,-66.60785533431186,-39.75117039226892,-76.43635314321067,46.47602686199147,-22.0964682560695,-99.38722889864509,-66.67161842364395,-8.658240621353585,-78.10024907958743,-75.2357003638996,24.75359146661971,-92.5149887134662,-86.84277284367401,20.35473794757155,76.69077348810316,-48.050828768881274,-92.06245209729109,76.69939297306925,11.554778551990893,88.1065075016744,59.69960660538726,58.07145280597351,-75.50719988179829,69.27899011795199,75.2470738638093,56.79102748828714,53.50444617315077,-83.45092712321679,-94.55826642400507,82.39381348838347,1
-63.073508530526155,-53.901032529695826,-34.37930483163565,-55.26495758901222,-38.204707842636566,-51.14902206189862,98.01109155496698,38.13882079169326,99.69473690700576,-12.836776201300594,-81.62753073152642,94.1336314949975,40.67000695201369,40.00418251241257,40.799189102338545,-84.39491236488689,1.663561874089936,-29.079300788930567,-54.265145267326375,72.48932956052806,41.58877466690521,39.86715416677524,61.03175312330512,-35.08729041481125,6.007759344978055,-88.0464444547106,-87.83991601109841,-28.13558235761728,-28.3017920440563,-3.5258284880224693,8.511732024086285,3.1084162301745977,36.76308484994851,-88.83845532711648,-13.377388500063361,-57.329750771260144,-59.91140953320162,55.712644894385335,-45.70054843396576,7.212794236428337,53.76461875016204,-78.38985021474352,-93.35352572996591,86.72607935642372,50.08184667589799,84.85872702470516,-6.330268260671957,-94.65382855540429,-4.588944251595066,3.5825374904430163,1
67.77077238081378,-56.14094349903387,10.607568797920237,-75.02333735187077,39.48509163111106,93.55443238596968,45.7783356259454,92.10616345051801,-67.36190812267355,99.00986154528258,-37.29576599576505,84.03968350770637,-72.7655393581667,13.152710011571187,25.604889996415437,8.656450496019218,-35.457407840322986,49.21306157393005,46.40380475045299,82.61331443386138,71.22624776749453,-5.375677661132471,-69.784381856035,75.63313904840115,6.504356093880688,92.92436378341935,-65.66059965746106,-72.23189559586032,-86.21765493800746,71.6237150554914,-72.94196679408473,-66.1144907856953,-29.20227731211007,38.94022123316432,55.68738805294032,-97.57617767182481,81.08511946745043,45.03194683360965,11.729007990830638,80.94056832718175,-19.695214774344436,-49.15266976525605,68.95481232927813,45.80912681817409,-19.46939978720556,86.65934985109598,-32.913960551734746,-37.91187117685462,59.24982880511041,-46.67155161418006,1
1.714138232940556,-33.51466156512697,-32.448802573554175,12.101746815594623,-42.370950277694355,-93.64804225190404,-89.9526201484478,-33.14507074219384,46.17137416292232,73.43833556432512,-90.9148027540304,66.43382798026525,-78.73090569162866,81.99415480582243,73.58931372289302,-77.77892729068883,65.07996572457694,-62.94745046084629,-4.17846862440598,0.08758643426835988,-59.19806336025422,28.862073438804742,-61.291680547871266,-54.34689539871185,-68.22207838378087,-22.87941894920067,15.013596489096642,-44.83223884312664,48.080198125619916,98.24339884385492,-84.83441851414757,12.088016456875764,95.01430063055852,-23.72491846293994,33.76171316882983,-40.99005515626535,65.69532389078842,-18.0528627212708,51.2431955393788,21.84080113418429,-96.61412777329286,38.536833510949236,-72.89029892841427,38.40598272647935,28.47817263781036,-28.92269170045705,-46.646102320048485,2.3321777671106787,-56.74731315809609,-45.73920037542454,1
-75.69972473981639,-16.743014291129057,80.60021703029923,61.279058666996605,-15.914208771909728,67.58001017219758,-44.108968935973756,-36.34964388763113,13.855197436479429,24.941805452461765,-73.09524828728833,49.726362040644545,-25.747093055315347,-69.17031461043155,-48.99581665792656,-17.207051335960585,-39.21588875785993,72.80109137395004,58.05487768460799,-20.42935766157221,3.1507505271498815,-32.014168508156544,-55.45426461212995,-98.01027977284298,96.50167597849875,2.4874210293486243,98.91093164245552,6.036751963200587,-20.135666570336525,-97.66630910515465,86.76878675680032,-23.002107778645225,-70.25764898922455,-86.85452031687169,-49.91694751332392,-39.69361672440059,41.41516152019983,81.51574831972812,-17.81339301515348,-54.27549769258653,-22.762879633198622,-45.17945741321581,-84.81518927804589,43.20297514122146,-30.76474536223634,5.097709437341251,-23.223574956697576,-90.93295330738003,95.02729288467177,44.226921712284906,1
-18.019022060742344,-20.056089805114482,69.43149140062155,53.235279893982266,-14.28147858096574,13.129512675079496,66.41319509641798,17.000012500507793,63.45688992720392,82.64246879559266,-26.843251612419465,6.775076243708028,-46.78188549040338,82.49235780428259,85.8808399297603,-47.8456702777883,-66.5380513516443,-82.21564289691601,-84.91502870273997,-83.25732980171112,-45.30930946724463,85.08946596409518,55.16088640958651,23.327066145866254,-65.80600255759326,-21.707806636512572,0.04171406468643113,59.98672962889961,-30.680252304726906,-17.015081497439,45.196728397245124,61.158001794550614,73.79580375867562,0.3788169613985133,-54.491942866055474,-77.50899631705097,96.23988914949874,68.00197814377563,62.0015809281351,-68.80212066063103,44.99875162947387,-51.418857444347864,-11.949561979069514,67.61389800467356,80.58092900824084,88.63818448748015,48.092558409027475,-79.77362257627561,17.780440153051984,80.72969313920652,-1
80.49066145716836,96.98582168829833,62.23125231750112,-44.014075668711314,-12.372485726086651,34.53762791847183,48.3265747862479,-4.608816448477413,-81.76707804863292,89.83406657360104,-63.59886763086724,-74.05492408883411,10.415484891806258,81.8090645072208,81.38576895795342,-72.17092340794049,92.90719553771939,-32.20882211414097,17.821081176503114,-60.404668602481706,81.30480248956573,96.24341534456323,77.69935080487636,-97.20164881334108,55.33233458056213,33.97717517778335,32.189399157850744,-97.41359152535883,94.1654575560029,-50.34839552064514,20.414038892058457,-34.46780258131845,-63.83905078292549,-32.4939368056604,-65.23959239441739,-75.62804040392304,45.91185596661603,21.58041746246255,66.12688513934253,-38.00569142145982,33.05032317072357,29.1711593647355,-5.351302453863809,-18.458745476626987,38.87134371872875,-33.97783871537288,-44.771020534025084,12.50142500469778,48.98837945069593,-21.64092422318285,-1
-36.482640947776666,80.80699729091185,-22.314555754428596,1.409531809535622,55.93687307311558,39.98375496768446,-65.62245009935444,97.92057971540032,-39.060477285363014,-81.85942061238197,14.662572889330278,62.22942901467013,59.22960756150718,-10.076056013026573,45.7849557036846,-53.70121758970152,0.22790911479206954,-51.80568649107933,-30.059798618941727,80.68594575661288,19.40849348112124,-97.0972833552514,-88.50682653678099,89.90241724209426,-30.615477924294908,-1.7587758830295002,-31.792366160408548,44.588006060044364,15.949541872396566,-43.596612770904386,-73.40210228351762,-34.33226941621956,-25.957409993532394,-63.56758065526267,43.20200789953827,35.425397031424154,-98.82674735090397,1.4786211620474177,-15.071152084197251,17.16020239348535,-79.1348865132315,22.88891850727157,-97.31515558724996,95.81144240690105,84.92192286117651,-7.239988255276188,54.97777149483997,-27.267690443122675,-22.123599657947096,73.55492378860146,1
31.326214741575228,-39.356090656281765,-54.98833089706559,49.283787947467744,42.7781926148065,28.232541169035414,-53.99083485618843,67.73027965585956,-60.856811450223034,31.793462975430742,89.87917211990327,-96.99358621305836,51.51905238102722,90.87319167497037,68.92587573141626,-39.59517268623938,90.67391592933433,-16.692102030907648,-7.990820351744944,10.154844096283881,40.102092253850515,-92.26543527493935,75.38559231638357,67.0727682166449,20.13081298348341,-15.009609055045559,-79.393932843499,-83.62245406007631,-19.36868220967078,-1.5337007562977902,-94.49121431600413,-70.24054314635275,41.508537467249,17.99930414476509,69.54601908042474,-49.591216271980045,-73.84550987780011,-81.51458268502292,83.08655911030436,-53.74760641733991,-29.38921786437095,69.82951018354058,79.62556449084161,-42.1285745273388,93.70951382570999,80.68850748633994,-81.15470495301426,6.103681423240829,22.106574130790776,99.44808161849977,-1
45.7556108901295,32.19476412993515,-36.943897379215485,-44.85074788299273,14.168167064424878,65.24274239012271,-10.655575165199053,54.67157632206164,-41.38754614352522,-76.07398420404452,43.61720393979945,-56.7772619095057,2.627908677188543,-78.41833665336553,99.10680200437326,-92.56500609925902,-36.962818496749826,71.69847525484278,-5.893229752810996,20.664436213579847,43.07517031471514,-15.47630484347853,-54.395315179496805,-60.84744120156014,-10.87070399692631,41.91706014796165,-61.013397710683705,3.242584427376812,-50.1981816758678,-54.386097265785715,-5.806121670066972,73.3216701421546,-82.26090227510608,-75.18460362669165,-96.87489235798175,47.493119327502455,-30.90190260074472,-46.325206502769944,18.76741381021614,85.11551751762065,60.36465460843675,28.368689308821757,-22.76280661311705,-74.29993951257556,-81.62357773972681,-59.04841810160109,-65.3338420823549,33.95465971559594,1.1758321989834712,-62.22255189695078,1
62.49476420883434,59.58863785066001,17.272828264590515,-89.3338420322822,71.42318846347345,-84.84789901574814,-54.36038721095828,-36.26517162559899,11.194331757562765,-51.56929555723144,-99.08616607614313,-59.83808870355267,99.48581286817497,21.608542931677405,32.645077313968784,-81.00798982604549,-33.22035762376258,-33.31388886512711,12.060811374301394,36.56028084252165,-16.039499430950016,-47.33851472257595,90.87268185412827,-26.7848924744075,-28.054570921924892,54.641000950063415,-17.09128732983018,-87.47446424921479,-72.12962040696354,66.61570106817848,71.32999819110947,-66.14509532919482,3.4605296095190994,-77.31366749888181,39.99095494244855,96.73464940571071,25.363495795615236,-38.524443651766525,26.616574482999084,-65.0755228832108,-69.97259590764166,-83.98843256503257,-55.28799003946481,30.7140202656376,22.631914126365544,4.110611227406324,-99.29580621910301,-61.10045955601513,-91.80717064905875,-46.80081461924173,1
-94.92272886793103,-16.874443594168966,82.04434028206242,-8.130725734531723,-97.27717054877982,45.72313582409822,16.938575049676416,-16.788027040937664,83.28710443526154,-73.56182024121496,-38.98114776980266,-11.818523601852718,-4.451556195713508,-37.22684842195636,-97.25131692702892,-89.8533996218406,-37.97924361416254,-92.78798229798437,2.6285545932930034,-92.60250970638842,-20.850611955928628,74.30870658326387,-16.033278532102614,-81.34088118862303,82.77048509956205,74.69267292511213,56.9683713157352,23.561458076109034,51.027918204945536,-75.15293485272943,-96.54173050936099,-39.119976231106435,-25.671711017144403,13.650636135067984,96.63066214905925,-76.03550888158867,25.49765724003565,76.6940723643072,14.323274722689774,-5.70242345722167,71.67467191107994,-3.73689358139346,87.4614832951477,-6.530097411133667,-5.65293171828165,-6.609856915470516,1.7993184967377118,97.90219968851653,48.99974726318041,-52.72899944565441,1
-41.7277854324511,87.5773952189767,16.00871105961967,-96.47303418953072,-60.07387026536575,1.4559529098457915,-98.27123570061731,-40.84428880212625,98.15625199334758,-83.93834758931347,-25.83292363236383,-82.21508655135857,-18.328878131881112,88.74264594923616,-2.7348279436049125,-12.15747123889146,99.79647857429853,-80.14503170450226,-13.704770600880465,25.579318078679478,-97.29552241103161,92.59831013688455,-59.69229499214139,-93.2846233447573,-20.16028836816797,98.29690416861214,-99.97757206059194,73.07009116917237,-22.883619864085006,-8.013176310337002,-48.36102397344071,-35.068791779859126,-92.61177506046525,-62.16592215933468,56.858488321591096,40.32640348931602,-89.9309756023336,15.591058850670564,-1.5005444057680961,-71.92163732769852,-40.46808780732181,-7.692945982816241,-19.56831615704327,-94.87333987424738,-52.82939903254533,69.4271819738986,57.41570809753276,50.37696467510415,-63.29925185276159,-5.33678055123093,1
-78.93090310373336,17.866328989545607,-78.11391903280413,56.93519614577551,-72.23666355133582,-68.22346591349573,-12.319133175798356,72.09005967527546,49.52062896819848,-42.81556902990371,-70.45366384718426,-65.04509326483927,84.43267052162517,-70.63796460789528,-17.275349090134668,-32.598690516222945,-74.9183832584207,99.50054692946867,15.282592166034647,-18.69849923104583,-1.0523227621220599,-87.61486159961002,-89.03344192410543,84.52149566759289,-87.7503007922434,82.42117839215987,51.78170154247647,-69.22335855999546,43.42910994540398,-40.50591105095982,-88.70277666891539,28.583813050639407,24.267971042716425,14.727053994435664,54.35716553786108,-51.479447393303126,-1.7957522997381403,90.93530926676615,-76.64517791551317,10.585583757817886,-48.136866191135084,84.58776068034803,15.46692840222606,93.46237804299412,-45.07291088757712,30.48557983839052,-85.5397199615824,-7.887998293002269,74.1058867327352,-72.41364638656955,1
34.957260433482105,-76.99781263438044,19.232559582135494,11.801307797178026,89.57876453693501,-68.22419716091919,72.86992541212786,-30.093491824183502,46.204103732162764,-39.760497632678195,53.396173662447325,-31.142563618988177,55.573215021797296,-71.61272955637304,18.79424041324407,-28.18583873194804,88.27622567870762,1.0328008840733531,-14.620204561895662,41.435358944666234,-2.4603572341185327,71.42888873013834,-60.41886627340802,-85.37785967037195,35.08896804500549,-84.55503681047512,7.859475743875649,1.1714321223708737,-67.75968026134898,16.377347909749517,95.38532496124736,93.52688353993997,76.72376110314977,-7.8313340426800835,59.791804242328226,30.48416974644374,4.123202833556562,-81.51223802313376,-35.416455619311904,-73.21593009108456,26.680158042493602,29.250918594481675,-53.57129705326591,-41.19630627344297,-39.57124751301826,48.49338086826606,19.805221156322503,47.0209741322729,26.190336392476098,-52.89860921612646,-1
34.68648666498348,5.906723004491482,57.16009303759489,-21.438456609492235,-61.9811820623837,40.170895561832964,-21.142259707915372,-84.24728520265008,-10.874646169291282,24.968642186740666,71.51201966745967,-20.511022873015094,28.884813327002945,41.97149448531698,83.6704983478001,88.27927784879083,-57.081197928875824,26.903786618360456,-91.13042079541805,31.2967575385739,43.54462879273899,55.00025684887726,-86.05204772164794,28.559940439347514,70.212434845681,92.11275606975047,23.694247791870154,17.179275807531667,-13.409860859410514,-19.626092740649398,-16.29239266312625,-9.573954354166688,-49.175547884451355,-43.49345108615428,-96.60656104856456,-51.9993694671945,-85.26977623035322,30.067549125551068,52.699683866258624,36.22047001771577,-9.303599432362546,-70.05186268494975,-78.03746155627675,16.92070718959843,-88.43691193191296,-89.07956794060502,58.962973583654986,82.54612989860394,66.20109313467677,-6.820746727594383,-1
-26.52185426058591,-53.38936240302827,-2.1455548204783526,54.844438231202645,-7.5680572750736985,-52.74791862507262,97.33218098221519,83.2239166867466,-12.203167220630974,59.4055971124786,-58.475780357977314,-5.97512906130018,-63.6864967285242,-19.93636604371258,82.07174887037095,-70.19464752261462,-46.87019086853612,-9.124331567414501,-37.09402127081223,-25.414715291400583,83.59959317397801,-95.839430458588,33.44976936657241,64.61485934548844,76.42646386240716,-69.59220644243796,-53.76322177114052,62.76282207734096,29.60760270223753,-72.5655775121457,-17.294005070580525,-59.6993929797234,-74.88647873060012,23.74531624077541,-85.53442459965129,99.88723137285459,-45.15914616184833,24.575585042930072,59.888063267652626,38.71836782761807,41.101036979204935,29.255259417846418,-10.083465227090898,-83.47444355575803,20.566772328563232,-97.27360968951946,33.28845968452919,70.34356758206357,53.137219480938,-77.10682840125567,1
-6.992733155818016,-10.996263254928948,87.15996630585826,90.56401235671632,-38.18090226005815,-45.02662032232754,-52.64835308003399,32.48197047055521,-31.448437268541227,-0.5581824920717509,-66.56971837043633,31.82612786434609,57.50737296743125,-53.021420137788475,80.50872489044264,98.46742404976519,76.8223015463987,67.77642109494931,-94.10702508344599,58.344584550599365,-37.696506813734686,-89.19081592327535,-9.02022358724048,56.56145310110614,-0.286316356230671,66.93749668046593,73.06915669596665,-85.56849159029171,-56.875489773434666,84.19151642775066,31.252488445309382,67.05238656026407,28.989482317015558,-61.13109215288457,58.574575777161726,18.983454813402005,69.59798415124538,74.38324904158208,-74.52068185480863,-17.527446781989383,61.3424970108407,-3.4497127542871624,93.55411118316098,-69.58268352158585,-41.51512917531659,31.938779145262032,-40.68191241683732,25.590906723010846,56.174498721769254,33.92083918299508,-1
-65.6641428303393,-22.122044066625307,-13.383959279573759,-18.73450539065493,-96.19354928145232,45.53463646156669,-32.94086920781713,-54.14100232160048,36.43581184516577,-49.45126845840788,-7.230644522033074,-56.344560038778944,-6.480665246636505,-91.2344832195169,17.681434204530547,-64.0055700993424,-87.33989361690197,48.81932052890082,-91.81402923883964,23.834557731551627,-85.60491645942932,29.914789040112822,-49.00053130514115,-96.91854866532235,59.885086429875685,-93.80023060328561,-54.13462786038068,90.38753655856257,-23.88222949858661,41.91717180525433,-87.81656714069885,-20.977507209290877,0.11923646021274692,-74.68355062099073,22.091391012335677,-52.8041801548143,75.32580356401454,61.18386418747858,60.03737067617993,-82.67324798538706,-38.40362221056945,82.81486025677518,-59.28714537626667,-47.21560514621244,-92.01877127165726,14.933338980683715,66.58092037437791,79.5424519409116,52.88970913101042,67.87897972381143,-1
-84.6393903371157,-75.13093651151786,73.89182330757751,56.54696827140555,89.5125279920118,42.04828127218448,-76.41912659784138,8.500985734678764,97.10485075647114,-18.999793457074546,62.65374939666424,-19.959392085895516,65.55612202876765,-1.174228265513591,1.9884918400166356,-46.71157984022047,82.98799113564391,98.59562102311256,21.10531808534313,-61.085822251607084,44.385416982518024,-11.165229254951626,60.833913845685856,12.14159467136217,-81.73591691828194,-80.00720999320131,83.65717604464888,82.46073351976301,-86.07730861400316,41.68872442885217,27.766353321391037,64.25357155795172,-6.788509100110389,-40.169065287074176,8.44168142842885,-38.54018074139744,-65.78838840542124,79.18670597341011,-40.995205081917206,6.817842864539145,86.35812915110634,56.03639428591512,-88.45373053001275,8.171169601879399,68.68398750449953,65.41292230509373,17.974071850548867,29.435982816869796,61.488562949382526,-10.660414376646472,-1
-38.89513786839529,-35.88648279670019,99.75000687826338,-98.8133006507887,-98.01535856738242,48.28674391539599,-87.90954687042307,-1.236040861593196,38.41177808548875,-24.192323390571048,87.98417460454425,50.254955553498576,-1.5552394631872488,59.38663094740133,61.48087028474998,70.11110433810842,-64.72230249353528,26.221246927605904,30.55633183771465,15.912331455727482,-41.80721534679328,50.1867688054576,26.084149783592878,-92.48863146698115,68.55323221906752,37.31572214804663,-30.129048003869883,-46.71924915683052,-64.47205430899561,4.796563163036851,-64.85575328714901,-45.89858553623407,-59.057689977587536,95.1177178193646,-73.02317162698617,-80.43867735919787,-33.432134384986796,-19.371016118746226,-77.24715434998306,30.175333384232005,-57.527246624029175,-23.79965106367017,62.78842695764487,44.76397326778016,-79.34846158917085,43.47091916248584,70.84644944310443,-33.97711738988714,58.85154247043289,29.278515060824986,1
-82.17511357679668,-46.46631256114049,-46.0876613495081,-0.3296217379078996,-56.181035459976925,-78.21839330990235,-97.35378584325909,-58.91321300385102,11.173573535745732,70.45506389833838,74.90922295566327,36.82435725551903,92.0546075996067,-80.30950305200497,-86.61202896927821,-27.525011573440693,82.26949124081057,-65.73842222914635,19.93971603852384,58.64201107907775,12.331143917707195,-72.7721680727816,-28.834296779010018,18.624266124353014,-17.6082887320391,14.758231761063726,-58.80630015320014,-90.92635326373448,42.175884313497534,74.8518167278774,-92.32952449145897,94.03433196049022,16.563016977773955,-96.54816142050464,72.60457099976483,-76.85539595299294,-93.8515505932643,79.44481355353571,41.090438084184115,30.346256976139472,-17.7005780176885,50.9447902959123,66.86193123626072,44.4865495037144,20.515785232615173,75.68123080782988,-63.48845557203708,72.10890023194568,28.10616298862945,-8.169268237518253,1
-99.07359539907942,-10.82267602803843,-88.95647464991887,73.5987866672221,-89.2054734898174,-1.099207208218985,33.2682136069576,-46.42847052790076,63.57277206171227,87.4002531228162,-59.20651264861305,73.50352681374025,29.088440535250868,62.85629501555198,-43.302782459144915,79.36507563426315,18.744452548336994,-50.7518960941971,-83.47528664104074,-0.4822318619965813,58.13715005303405,55.397357921668345,79.59704213461941,13.996055131064011,21.459565048425205,-31.703033349136604,-50.41423501619591,72.24745829877023,63.233046475549855,52.96768981648896,-50.7081413798812,16.384480914378102,-41.163543673488576,62.33648075692648,95.05535117896306,-67.87832352703147,-11.474250623190457,-24.048776577962713,93.27055105778007,-71.7593879827179,-60.709833803216796,-96.42890920952283,24.508089893942284,-5.433744486801629,94.25987732869336,-83.94102647784622,83.24571150846344,-77.63502127414984,9.064775207896545,79.38473194650325,1
76.03134758429701,24.29288453135692,20.65830212240347,-10.381777440816037,2.922558247552317,40.955345822990154,-36.608877008288346,60.51531974915315,76.42113811180877,-42.48720750102555,-8.119661454587714,-36.57198605647929,-63.68223671513689,-86.81329825620065,-51.809657009806756,73.47162290155453,36.58397134339083,38.81796926632245,-78.08096627175198,-84.03392583759579,-71.4794804491999,-34.52491016421375,97.5239237612465,-56.98443776221511,-43.29986596748287,23.476300948599288,-92.9861229897092,-5.583472139111947,11.902128669675633,34.464087533032824,31.245215992667028,-24.461825338240644,-92.04636717036936,-11.880742627885724,77.36799588195146,-78.48592181591826,-36.04091534738523,-5.603650367548951,-40.88948612260464,92.75005401164927,-97.76718474480643,-40.53611742712056,85.10707558283684,91.99816105098247,14.859468591003619,-30.41237351775159,-40.202642808096755,1.7283113192541464,39.58252137525889,74.61184492261773,1
-8.39427668322628,71.93310953329504,-89.4817057518643,-75.71557553374751,-75.74945757352188,-72.22555441681328,48.25235993989071,-34.425767683496304,-48.749768165880994,-19.03602143176309,-88.44703620850241,80.18303890590991,58.6981421088353,-15.114818564114074,56.80068619578819,-48.68015957888565,12.532594695942365,38.959730657688084,80.35240828112526,5.750883526765719,27.627493566066647,22.50484657635819,73.07886058354336,-27.186224738233136,8.371014921435489,82.31893887705789,-83.01236826620861,-12.853734708432569,84.6103658657488,80.70919184000226,67.75359174612083,66.2494733793649,-94.42775371204264,33.44690155220857,1.1679502304311455,-95.64030425615175,99.40235828799382,-31.214602592052046,23.320139561668725,-99.15027520999085,-9.982040484757619,-57.79461834808748,61.635946379323,-78.39465166733987,21.44739062740541,-82.28651763990362,98.18939214525287,-90.74036731813024,-14.839170159179815,66.9895465886537,1
-38.12545642744358,40.57328881002027,17.473355891497206,-94.0456185185736,27.289005569751424,-32.267610752705494,-64.46812637164263,73.31749147430378,0.35183467371035704,51.921269053588816,35.38377054293565,49.56234951568814,72.91024661014231,58.882738883974696,13.748944037355642,-30.35119409440506,5.542030140634807,34.48499374283119,24.21422210705535,85.61700913868052,-17.102074941383066,-33.383613913332354,-9.70746000615246,85.49023780927229,3.819396748045449,-19.798807020973612,-32.371574411840726,91.15988138279039,68.7338327896305,-67.0817756245097,-26.539082631338374,46.95355697961986,-40.53113990125035,-4.58654920127799,-99.26297676239795,-88.3138051174986,-7.7240778052797765,74.5327720562656,-93.71993249825074,18.1338632819442,99.40226617523896,11.137598327907284,-8.636847099135409,-73.22349737301512,-89.76275071267523,94.6298237047107,-37.881630621621596,-0.3669633751679271,22.33047536235162,-96.19930129302465,1
-21.694860364434135,23.069568125714852,-51.062762375345486,91.5312948777395,50.00681958938077,61.91602409137198,-80.18461253107456,-97.60066418746487,-61.61114242739516,1.215869442785376,78.72177717024661,96.92528256713737,31.002214633152875,61.14183826016719,66.39517006355592,-43.34530340203331,-28.723158105308613,73.63052734041821,11.473643804840705,68.12658722397268,36.20578868205766,15.35933449618922,-61.11562285559613,13.722934309057194,69.24382545926699,96.64312435741192,25.12507684074812,-97.75944405210257,-15.20444276310775,66.69408683206396,18.37481120194579,-33.50285460288613,85.33751373395063,-38.64841846579496,4.984732895530513,-30.348946776348782,-69.64392372928941,-75.89685041005552,12.566892269270753,79.62240349670739,-50.23336892524395,81.08868738091502,28.339266149021995,-94.38564588889669,1.0992077264235292,-15.219125459321447,36.7388209760617,-86.38292195098877,-53.80860722441738,-34.90222151261963,-1
-84.77382810193996,-79.53356409318737,-67.5540857807006,-4.618914893544982,-64.78244834615955,0.22362346621729046,55.27868481329756,9.727570547498772,-98.01319246062408,-19.54432556528876,-52.67759572793616,-81.31598049307102,-70.51223725251981,25.632250438010146,30.62796787390002,39.273710501082405,-88.98821244353687,-82.01751079487536,-2.46732703033355,-30.546165212390548,-87.55411196027485,83.11961733411246,-37.34344699003549,-8.117115202209106,-13.371221035870406,79.21409768668485,-68.5462166209139,-56.92518356110126,-50.54407157874397,-41.62582062850908,87.22163167167113,43.09828558251641,53.2733505632273,36.3989643457825,-72.95056106636702,-6.251048233551401,-96.79023762211641,-11.172193323505297,-10.657503931514654,-88.01663090767981,43.936692864666895,-81.59390942095497,72.17049581411271,26.975475995561496,13.591624616522395,32.270075817172454,77.79022753922257,93.13903855961823,-41.28321183488448,1.5804007943595906,-1
-22.2645420621036,86.57353802532663,-48.36836646830434,-96.62742598357912,-12.402795687606812,-85.81378632579815,12.207745044614555,-41.74064840438299,-37.59785686133199,-55.86488054155729,-33.45669131196817,-69.5208746424525,71.50917519589066,-20.215925153663534,-80.22650998430217,-18.912494072902476,-4.4872306716700905,52.386490044852934,95.12090809309709,48.25972382891811,97.84282243942548,48.345010583939796,-45.45623066110309,36.94386893859013,60.077988675611664,48.48468622067631,26.77861196998552,36.253894247766596,13.730257588972421,66.50369842399252,-65.53272052164013,65.1479811156492,84.54421333472777,16.64384710908307,-15.40345459743881,77.53158976121523,42.56896631983079,-89.74715448003003,16.233388146403826,-86.97843862258519,3.7546934459336256,-34.4758586464621,29.00324194595356,41.7527969358695,-71.1826032974256,-97.59721902559076,-17.367223986753658,-68.74434367461572,25.498411891684626,77.46742712349052,-1
0.2551289251458684,-17.58127807349217,-50.063787132135,88.67594379895021,-94.1114970510337,-79.77558915701921,20.603646808877613,58.866131053073275,-74.1038310710291,1.1318074143658663,-23.972383721313804,74.62116152311975,68.1627345609221,16.479907652252223,-12.139959763484825,-8.891472512078664,94.44550491753853,86.68084305408004,17.61538512146845,-30.834685086159695,28.966967312022916,8.680037169024672,28.933481128239208,2.0383010894260707,49.79301942954501,19.673919911994787,-48.063429832070796,49.13005800216729,60.26016344870098,96.4755284384415,34.8283369864555,-40.98253871978568,39.805749025069076,43.85210346462151,62.21820398091137,-50.10334919533697,-77.0145250747193,59.79256975205709,74.97836652732914,44.835610926292446,-52.53141799929772,54.73344054739292,47.48535424806067,6.853853763269967,36.622866165446766,46.030430364924456,4.328352685749451,-30.72788256399403,-89.85298380245648,22.441320896385292,1
74.14998025450228,-92.11648297592741,-9.975145472952235,-59.61182709760349,27.823025677960644,-15.027588397294252,1.3935124720093768,72.21929839149323,10.887515298780158,88.17965600614741,-29.414104800887486,68.31615268093799,42.15902282686338,51.6954168622006,-50.0838632342528,-48.36527098310839,75.75175776318196,-94.59098078284967,-99.27171645271756,86.85047532128323,20.29672340569266,7.9971299583626205,93.10235260492931,75.21856907866231,-93.09986035279563,-89.97107756656466,-15.775445876152673,-13.885850906558446,-74.4571764659126,-82.21201580499415,-53.72006768146742,47.28837133859881,-62.75505900371998,94.03790194705596,-48.934929190188335,10.37083128006877,-61.09345452931907,58.393771676644405,-81.99992446037689,-87.58664667654665,-60.1305731178883,-98.64639702434961,-71.07541792334399,27.857571037805727,5.542306014168432,-41.11921071729399,-48.15665362548862,-57.44330447304205,68.60170625618994,82.38159419966041,1
-31.618944378901944,-45.988306779688855,-24.365637109413754,-14.908333473113203,94.17825181162371,62.392921741515636,35.467595000325446,36.08087334777392,14.069934249339553,75.19412133690452,83.84124535007342,-54.55668518921271,-10.257189412841242,-22.271528452352513,-0.7711624687943868,93.7553964584771,-12.317348566760273,66.89365067483504,45.34296843751133,45.989786026624984,53.35669016615708,58.79210711312692,-54.966110306334535,99.41177552985187,-5.921144816658426,56.990020906050944,88.17933376573305,41.947326665103446,45.154405662939354,-96.08415533284682,-54.6183219342057,27.244690650746634,16.79381915036315,38.51377315222837,-62.61984711518836,-22.478737006581255,21.23384296426765,-4.833026943103974,-53.95245719849908,-88.24662830622295,58.98621208386683,-60.26854126164467,27.859873186469002,66.73111907709892,9.09930829646433,63.14301391904854,-10.656712152481433,52.62291676835662,-90.14754141975476,90.86062619731618,-1
-96.35348346472767,59.8164291543909,-23.685122434896442,-1.9179277726389472,-25.54827162104955,33.896872161614425,27.90038036274322,-52.807274808014014,24.018408150455613,-76.63429558473906,-38.85808499468879,-70.19314534811411,-27.01970279478745,-83.99207032484381,-4.195400800533861,-88.59109878346791,-91.5006373641091,-29.110159544170486,-95.074901301351,14.475263334453032,-43.002149296060324,-60.632009595886196,54.31059755988886,-49.28441426251311,79.67381058665904,-5.793222847934317,56.37429811985464,96.5593725838248,-98.08856906846468,-95.37246006823861,-40.549251672499274,11.642543514409454,16.812857303067005,-90.69161455115311,-86.58318613899851,-90.24999524864515,30.002704930879787,-49.10528850542861,-60.98779683488964,-53.29524568981272,83.73805617347733,-12.505493236169855,21.819486932330733,-64.58880691249122,-37.68355782287405,8.804914618204137,21.359783379791637,95.27094376022532,83.0028728420107,-64.21438918457332,-1
-92.69006643038102,-71.22476892204396,41.745715980979924,70.18126443019995,3.0844896013826144,6.991983186766191,4.776004980275289,98.1954747641262,49.55673504307518,-83.7884947166651,40.90024634961037,-88.85689605329303,10.509698372230588,45.025902749742755,-68.7217478944493,-20.23382887106709,-19.998194454424564,-38.6110411432002,85.0774459442467,-15.045425731447565,98.05276791531162,-15.470229870891288,-89.55113014689475,-92.28610856423805,92.6473690482213,-98.80839992237097,49.11219322551398,58.734519888647185,37.63440843609095,-67.09305140824016,83.46730587044053,98.64058219621069,2.8148306533886824,-86.27717206131396,-83.87033961818354,78.81779516438917,-16.476506457152468,-42.24432720590734,-85.80270154715157,40.8481596756566,-85.59119238639244,64.41425937366711,-42.55677004407132,81.0375431050104,-8.324170277960931,23.670187343324713,-97.63267133577622,-76.4825968539341,-38.998897339816075,-74.50582594917114,1
-44.586150057320076,-47.02674843728572,-54.689230294741755,64.98676752815894,34.02148986888699,1.5754431711245047,-82.82753569199377,-30.614691948605355,-8.96668277193433,6.233586885252933,-67.31334811599719,43.473303500767884,94.27524442315294,-81.68393678700996,1.636430409933979,20.074900748318484,57.677893803532044,-66.63079245138465,23.86247782105626,-61.39123774747326,64.78926842851806,34.02910663952255,-95.61934839019858,37.934998063884706,95.4955659285487,-40.58469523373085,-33.78213968613571,-44.07567269117656,94.3402079404463,-53.68033496025903,86.81426036540984,42.01782265354049,35.97905092039656,63.18674615872794,-77.95898052763238,58.24620633172688,33.65436475866818,-45.58456001575417,-66.51590090812176,-46.183457596149125,45.79961174897073,-47.4180656985393,-89.05696112618384,-63.997229373530715,84.67928597147252,-88.31482066233774,64.57361575168446,-93.7811913769486,-81.55429436970141,-69.11588717151982,1
97.68419879269621,43.911682653086984,53.67299853852009,-19.868999645393657,30.98070645702802,21.665669180898647,-24.083349604424114,-17.97008906548332,-37.74372762669911,-9.10354022642386,-46.19287443909219,-83.2531080463246,-89.11671638457604,-51.35917225206554,-66.49319827800429,15.334072318097228,3.985151340661446,-83.26717248755972,40.12801449705577,2.5206435782213674,83.24551798569328,53.93123684633832,-66.98903140910582,-72.7689782846513,-19.72344767404006,-42.359201948921175,-54.14950730616215,63.179462003924726,35.92012039412896,-31.576518204656907,-12.75986597699766,-76.32377500189207,-34.12663139101815,99.18566910509884,61.87475653069768,-92.54555356679104,-72.00052131038731,-31.16300884397836,16.36481430773793,2.1566130351327217,19.455174016644136,-41.015128573866775,83.03161399822034,64.71034036478906,-8.460757729289952,-45.143173472035244,22.121065024427807,-66.69801514230954,-24.34508960283938,-7.222330599093411,1
-27.488040688181087,98.56079563720289,-50.56505108109648,-44.2874573100529,49.36939497879541,82.72801735801113,28.96771497012793,-23.318967926432308,-24.18290085490527,-10.465264248227427,-83.46871905736106,-71.8330123688022,13.701971562442864,-86.92071585212824,-76.00938783026137,-72.70965981842224,-22.275541966458334,81.06818409505553,-73.61379581736402,8.327764830985231,-48.535459625976586,42.06719357303243,-99.53342424537685,-69.22796860350985,39.7936561482463,-26.070165841950967,-89.09671114620225,51.76558672157418,24.46188352852016,-71.87545190130658,88.36528818890378,43.287030004144924,66.14060906546456,-75.92697865975823,89.42355054330991,-8.754664634644072,27.515809685818013,-97.9995259901849,58.427305725513236,-14.844781481357685,26.41418197000236,-93.57381532402837,16.19777675400738,90.08491816638028,-92.92032053480868,31.909372071315403,-8.29786082195021,18.88923301104319,22.591796302300835,68.93779998228848,1
-9.929804218917468,-37.11317883771892,-21.661044897832113,39.398466319687685,-2.666276598231974,94.46633569245824,2.784370616945054,-82.02743977649797,35.97261494611479,-76.55768989393074,19.737327533624267,-22.09399621933474,82.14479579634028,32.55702628357818,70.70484597783437,-4.359490382822756,89.11232386912809,4.448813135397728,42.82285471474512,0.5731410028629682,-87.1154150796773,-81.11418152738594,65.7397408221641,-98.616104943692,-33.575133844472276,51.579323300986516,34.671563131950506,-58.65548251394137,85.261934828114,-3.582989067996195,30.38046428191234,-89.82889812611367,73.26845138212676,-64.75672155053104,0.7595904274569705,66.01363226988363,90.57412554461976,44.15543836313765,-92.6548820211427,96.6106222326795,7.974565754522999,-40.11104580418752,87.40658167578465,35.27746302651349,79.67272571470696,25.8680747272644,-21.917531423085038,-15.21955865440026,39.69916748792423,92.0890591012789,-1
19.04594654388032,46.46015412163621,37.86776444001657,54.007863136424646,-17.19986342305502,22.03418352839701,-48.039996872656744,-89.88733517880551,0.21631050540801766,39.294030141456574,-48.34003222364856,-16.549226872824235,44.6422877882745,55.74225361567062,55.535412678494765,-85.57372884723434,21.942817371899608,-79.55982120092501,-86.76911624841783,-81.64564962870546,7.253095111913794,27.39576958262316,-45.06367561837672,-84.27745114191909,-94.90028642768063,56.57234132317143,27.713830146196997,25.358106079894753,43.89143268247477,64.67313532523963,21.551874601589915,-64.7339158238946,-60.5699920828811,-29.729124843759422,17.006418420198017,-32.699873853832926,-39.95824298462893,-2.5878906088616134,-58.96788129228814,-90.47058765538381,-72.62859927120587,-20.224120093414925,-2.8861519503590785,-83.80610606015941,81.39237504342401,61.98881572844823,-28.703098782461495,43.99627550063755,67.2058861918924,-23.895791394918746,1
55.35968744172615,-93.57808390358835,-48.42714927103102,92.24158024457194,-55.75626878450877,65.11289786907633,67.53929831370374,-48.90799420730112,6.784689398214667,-78.54694196521223,-4.29581040891091,13.51160679829924,-38.803601718219284,95.78039908126047,-11.86934361037872,-32.88601217070912,-29.433703350639306,-53.755495495901215,-75.1111852422313,67.00593013208223,-39.91731063925388,1.466916200405251,-91.89029999241609,19.714913408003937,35.93897519831617,48.59629540916825,-20.8971980827626,49.78853058332368,75.9491065625188,99.16379881029457,-87.40582843364753,42.613221462852835,-78.34283513376967,-47.6655455994438,50.68640316335723,-7.566611883157549,-33.20960732960168,71.32104262799925,-48.959765514848776,-4.377487011065597,-91.11411557412481,0.17291172886868367,-29.68167082502184,-7.381996313493232,-21.014171698452614,10.852626932163176,-54.76243339424547,-32.14332578917691,98.05329624277732,-41.941515151755546,-1
-71.99518048933646,-58.435231708232834,-41.63536248520654,-35.169119407565375,64.70567519624944,-92.14359223131798,-98.48617984097162,34.25969610403547,16.281939179691292,-56.00540012236266,54.2850575648246,-57.087019820715376,-92.26888640106384,28.19135252800214,-17.050481304854472,-44.43973231306055,-48.370396466726426,-54.63084243825283,47.03410052228392,99.36274993312887,-87.96205927946403,75.44958532379113,86.24020049841533,44.73383909483687,-52.46446113566607,-87.4630971636638,11.660613807050964,59.337449933182825,-35.17909661577288,-48.10784590754491,92.73363194772816,50.85905893185287,-24.637419365915363,21.78375192785758,19.951371067829342,-0.06524493805666509,69.24565402937293,1.8048341940931607,76.08269435295227,-60.28646815462289,-31.363902979601008,-64.41013867805941,-29.974602997953028,69.15120961193131,72.9406025552687,81.9092712364536,-54.75983515068219,-85.0179363619037,-45.77621158636844,-47.03682517315253,-1
1.5610127917558287,-63.30842304822699,-34.90620226467547,-39.679286740567086,-77.70757208329664,-85.9366814564492,83.6017189641268,79.11842370026824,-57.16313351426603,-14.18714630176052,-63.03040715867123,-53.31505524532767,56.360821501337455,-3.2571310046392057,47.01632027035251,-46.9801343466385,-68.39117113604149,-80.91819873977127,-45.80418289430182,77.05658622070334,-55.60828277637641,-79.79994690630375,-70.19398483905597,86.18636877193521,48.08553362203506,-91.50252580994795,53.24013998196651,47.930916693882665,28.10741939434689,-85.68196001695081,-55.77786414177355,-27.026027598791757,83.64816154273723,-13.66327258597127,-40.69224292148312,0.6591314268966357,60.748164373043124,-19.76864280918349,60.090763807749056,88.99349791335791,-43.392546375881636,-95.0776615257859,10.111481914366507,-16.7177113691165,83.32605159363052,25.2394430544917,-75.1053950255574,28.016499902493337,-83.41035053599954,20.40131413709598,-1
-92.11463772629882,0.37390620490074866,-49.266108175660705,97.984298254988,-85.61336970372685,10.924281825722318,-52.988113991615535,54.99765773955053,99.22500391296612,-84.08590294848324,73.0213395875858,-77.76209865765912,33.01649589610122,-31.449329862306826,-35.85955033557187,48.67069476549716,11.903923110227794,11.54649905284839,-36.045331508880764,-37.38983141548293,83.93829529970026,3.515916738386494,17.080211758941857,9.685728086303286,-24.749812352495113,-17.6266087410569,82.20075138396663,63.34874815349613,-60.62914323344233,57.40067048385373,17.698704299171524,86.03478967524651,-65.981747432275,-73.90915531504018,-36.30556664671876,88.96575319674528,77.47301240725295,-42.52417320097399,-57.75386790854225,61.32521487771595,-38.378654836854565,-19.68168525934908,7.7328085408475005,98.27174699292442,-6.207701453265997,65.09664557881783,-94.37662528344335,-64.34652560909151,-13.16234651925565,83.55342456481335,-1
41.02782911411268,-49.467399565743534,16.224479985811115,62.08198654700604,-86.95190916490336,-56.44028781925072,-66.7021200085494,59.823323669112085,30.054487342755323,-10.972960211412897,96.75377326276094,43.40087213486623,-93.99966636761594,32.31717947553469,-19.468969393390395,91.72754275767937,-24.980258813383216,72.06795111153156,-2.4304758457944615,32.663180865524424,9.079129490243758,-53.0384049403328,71.67704886031515,-47.503655308861006,40.877762137550036,-74.17538011758553,-33.19635448976037,-90.62765173961908,91.86701453731601,-50.82179065386485,20.055566148514956,92.63346324712285,61.57512604143719,-10.13347219045005,91.1621351075994,-96.1878349351704,12.221089997353957,-59.33619577770879,-41.99042734085565,-26.69012378050151,54.85890756133384,-21.457198618214264,-69.74885280293395,16.772837701575,76.05524564658427,-66.67041270176028,34.48593164125566,-97.67931799767082,-25.363156252293592,-68.65375595647754,-1
96.7134413027326,98.40319387936714,-5.293967430704342,-15.53722442879355,18.95403345543143,49.07005766250319,23.350665410343012,81.23319946266602,-71.03670402181186,74.08068543724619,-71.28914476979048,-2.0145257312707656,80.3601350510975,75.93289543160026,-72.1885849953898,-91.00838783708546,69.32893454467603,67.48391804597108,28.011613624754517,-19.302795298842597,-74.95161114316426,69.71832324649006,-66.1418306366428,80.95203007714247,24.862164584436172,41.0240339216609,77.72002544583921,-26.217382635058456,-58.18738148771341,-27.483673495071642,54.63883224408539,-55.78131215603497,75.56959258929717,-66.15766444913464,-66.74817839479756,45.10779290975316,-61.66468409573949,-24.355022545909407,44.50179849409693,78.50271252753407,-98.2665673523931,-31.546191709304352,60.7176041643103,-64.81649602295604,-96.91203909315855,46.251920528121445,0.14588769365708742,-29.251599606767286,80.64867107306634,58.20187744344591,1
-24.748082893816843,8.960217055219672,-4.80366193015594,-12.37553058382737,1.7642896981989935,-98.88599887928989,-84.869479603863,14.694213552999557,89.15931987815046,31.483910174968827,-84.06137824476802,70.97658068676037,59.607391388888345,55.34985286422699,-69.2908907746308,73.11027388309,62.940883528800356,-78.00665013757441,49.00545205450291,-83.9744741006279,24.96702664333003,77.5383535620175,-97.18509316891995,-27.771785608860554,-64.90187710779543,14.148725165177197,-32.39056110132255,-90.79680133084551,14.53405294439807,40.815105449109296,-91.95124042932359,16.072677504001675,86.82486203710701,43.55920040076495,18.987575288767573,85.50849929158056,95.51275191575516,67.57108977479959,-40.95826612165823,-12.73513302448454,-67.20092901773799,-66.48196810053881,-9.290593101458484,-40.7324395066915,50.20880507605844,22.94806413586292,-3.3104867839064838,-57.92282134009908,-74.41830713171036,6.0853557701368,1
-97.06132226900922,22.980602913387216,-20.509214866594633,41.12918727260265,64.57110472904813,1.8386494915856133,-59.24512503090151,86.21976438118585,38.58011210780609,-91.26967739044316,-93.70123198489249,16.893502282607244,85.11791733752591,85.07118100462893,-77.0384477350569,-56.53477533485605,22.66641171835886,4.838688380350845,59.2074570357029,77.93997093328892,-92.05732420976965,45.011743711443074,-19.794920287352767,-88.42760393511489,80.767143923568,-15.305010435301753,15.863693288305996,38.434744479601676,88.17751465079374,-47.38930761715445,67.53553668697265,26.77749390686168,90.74112383086103,9.498135679847081,48.51029261196882,-74.03088195088526,88.3723902280384,0.14556946761278766,-37.021947755933304,34.8752678655099,58.148467088563194,16.709668213849497,38.34244298037987,-99.1500177038292,15.313169906792481,33.97216733477114,-25.288134111729605,0.6835507725341472,-75.97380932754774,-7.816902966815164,-1
-3.2279562271377245,-25.398580024287853,-67.89691694386175,-78.68742325178965,45.18448739920106,29.789869758897396,34.040636311280366,30.25428072500594,-0.6209276876247429,27.52974000434338,38.21525227212959,83.08518817121569,-26.155299335403257,-40.01332938073035,55.35948632194308,-17.887714243423375,5.573560793678482,-88.39642056239879,-20.26487329658889,3.1523761026735997,94.61820095749712,26.930105573387536,75.26018670390195,28.110585228225915,-41.9135912208628,-24.23267436907514,56.485468916964294,-6.964644049077577,-87.10971510443946,-6.761072099270621,-96.47058438357563,-84.35733451171117,92.1073958438088,24.906262440629774,-31.78015503818432,-58.04952736607476,76.49212394007586,98.81334505914754,-9.853256262862814,-97.6921415359983,-18.39599530743645,36.5448897927339,26.86057104961563,-6.155620660775199,30.190796640492664,-14.589996464465031,-50.974285110970776,62.59111870854312,84.91959189931362,57.91331511388509,-1
-15.454272621213548,41.50456379560856,-64.58581561681206,69.85172529992931,-4.288256983929472,-42.93230096506575,45.05288477130739,77.1911575922129,-27.686569209772614,76.95853754989258,48.088317209162426,-9.847725381173149,57.21037400099431,37.28504109015515,97.97413663276899,49.37640482950428,-68.99344296631008,-53.27929667817584,-93.58639723139348,74.29088483984395,-67.52292492440641,95.43212186889531,68.46622083447167,38.60166291675182,91.31791558665773,85.37326053113807,92.36472686779851,60.44219072684572,-93.36054563300245,-50.490842153565715,-38.775764177447684,70.89725682939323,-79.82225297519791,-46.793825953040425,30.599465705924757,-52.84787873703418,22.957402696124092,-21.64119304183268,-74.7840133517073,37.15593619999191,36.74685406338048,-10.253835798821328,97.69291194620999,24.569437512552767,-12.616546137137718,-11.905098957322565,-43.66286389090279,-21.043971771311718,-34.61609824057241,99.18245272407276,-1
-72.14558546732255,82.0392248289393,-69.1848535053833,81.89542167357814,1.1663874278141861,58.40427863588491,1.4600465128499707,-31.835595562730973,64.52103416195504,-83.58623097648035,-3.477500222204327,-8.911974984481148,-68.4397227183319,-90.68486486362517,82.79025730302675,91.45326920709067,-47.50447650938856,96.9438584709597,-93.01912897108168,-25.192624786694267,-61.15563475696841,-4.7109217565171235,59.26194913462234,-87.5202204971319,-27.298015443992966,-43.57818675193108,-73.56925087484447,21.587752535857163,98.09441779508572,-40.27541050429229,-35.13292377491072,24.464049090872294,-82.34961688051499,11.68117124328829,-64.17681879939121,-74.70671080742552,-33.56323354989179,-19.23922925480103,50.356398081677895,-3.4349956463375833,90.6292455085908,-26.67852640214167,-22.705221853094756,-47.283107222851875,17.82561586232434,-9.947380990248107,94.64408044585625,-17.030020508382492,-1.4957530682284244,-24.809568673990427,-1
39.14973779692343,-41.216647899013246,38.93434591939152,-57.68357308590173,-82.42876313469709,-82.0998718208987,-85.66005011537956,-45.52651345594412,14.556713538486804,-14.920029243735698,-14.846467290390649,-51.890170029677265,5.728523109696496,-57.66156640717004,-46.06516512423306,-65.42573347738146,29.007660948857534,-76.67007971498461,-0.08134627243244097,87.46531080125749,-29.50357169945144,-21.151203043638617,-61.03686316849386,-79.59177262044733,68.08522205508595,27.424163808354933,-23.892205762811074,-28.33574155108387,-73.19595877444945,96.07065717826217,64.73319600958376,88.85243703247212,76.50586609011847,96.66548131371371,47.52784570631309,-5.217685493161667,-7.578952121377853,4.073243964451592,81.7556649141761,73.9691997020627,-7.460944083671791,-50.001206442126644,-75.36306158944711,-91.43315944145387,-65.3326597455731,-69.23256236551492,2.963914003998383,-7.190729846698332,2.130216779476271,17.315709476383475,1
-65.35962601799696,-81.7348531332886,-71.58767811138756,-45.46640194637119,-11.720181783928908,-23.981410850836298,11.748999433276012,-94.64821870145418,85.47331680742124,17.8407479782869,-64.69804441697602,54.929874439761306,65.49521665721278,-68.61570817669747,-17.871757577442438,-68.14135263482484,15.441039833743403,-25.44796052800548,64.21848369479147,75.8920686357298,89.37744029020428,52.27850017987842,6.486516223315306,72.62587822916777,-85.53423537159506,-79.41838653523192,55.96217900162176,-59.68715102719384,-53.817062690983185,-39.56107380120102,-35.500559920729174,38.912289995942785,-24.41561987906573,-68.15240462907903,-27.70905960134465,-70.28897690845051,-54.86535962075998,30.052875384561673,96.82714649452512,-99.54717377435267,94.0571347306763,-13.397865228422717,-11.003708163092114,7.8808337592329,36.749932157587324,60.02044072150744,-47.02949868303177,92.21154276462079,43.959665056456714,94.26269351455164,-1
-25.583549007420814,-57.594429899554214,-27.24278968018858,-56.35023349768573,75.86020931787178,-74.07825180916706,10.337239875024821,20.911751538362395,35.93445340820088,67.16833288439852,-0.20694245904955721,3.4898276232962644,99.62595996104352,-27.98304432986687,66.83029325845834,4.931341642949022,4.843366179665409,-42.97104980047557,-21.50895468241005,-38.181653527783,-13.209714517536227,3.259038138728144,-23.41528588938506,28.53566864341775,40.81884345349843,-29.13922773649766,-77.55627673818816,97.10869801606287,-56.86840648872842,-64.54702990190819,-17.053852110603017,-37.98132416699318,61.957615967706516,27.80649140140217,52.549396291558566,30.330070267189825,-51.61944645306888,-96.0405023813131,74.8633760553958,-29.68580058616172,52.370706996308314,-33.855192561900864,-30.119395739070384,83.24356479612769,42.30204024059765,32.432268781599646,94.94638379931021,-73.54633185569115,65.33343064311879,-10.078162898523118,1
-30.158085077467817,59.5996070438448,85.85613033716183,-24.25872848692454,61.188977742830616,-17.063222835311237,62.58077093004485,-68.434195510172,56.1874523596328,-3.4116264246964363,-95.60668431048383,32.427810576253876,-35.24021458247401,82.24775994782189,-17.990972939840873,75.73286140849123,-58.30268743337403,-75.09585770796237,12.447358491300719,26.323479668386412,54.312277611393,21.9732979636905,-73.67772735800511,50.22641197273947,5.148133413260922,27.241359792766914,50.22841544318089,54.198752641969264,-80.48459419872675,80.98426242427553,-36.96785531710702,64.4675799944273,22.889926478839186,-45.667767015074915,69.78579761856409,-74.34413437355477,45.55794420124289,-6.4484519632769235,-31.30944569742435,41.32299267950907,57.85084446181398,-43.99839579945775,-97.42489866202051,42.12376710809926,-11.071161738550188,-33.27209614442286,84.81688331476155,48.65762619074988,88.16997191058371,-75.08509710041767,-1
-20.133483960155488,-24.0198955354592,66.22779288707653,-55.870811064208596,-72.19316823632448,32.82177809660578,68.16966591783705,-10.252941127424876,-61.01655445114946,-34.37602853435028,-71.69022489370829,-38.99650575213898,88.29808616960057,-53.35606870789014,-34.15368663388507,-70.25869892512287,-20.772208830344184,21.488615521011624,-24.33940322640062,56.55777806734571,88.53839522905875,-38.70248153791196,93.88020660003843,-86.69835910708352,25.224201730538184,-89.06030515151848,-96.8407297666857,-61.68231051756739,-33.26302345543739,97.1284379611015,-41.347803161784654,79.85109872146754,39.38497014138204,-6.065452976746826,-83.87954121265466,40.205032666412905,96.47328941698282,92.88137607019732,10.616392791824296,29.588367591174688,-30.07077328626073,92.06541063215607,-16.71639829256948,96.44596809929055,41.72134451813366,7.557192011295854,-12.989800537316114,-33.77251065412665,46.683787663233915,-73.15101243482158,-1
81.84404117231202,-3.1631003354806353,-57.79233395827692,80.89275171046575,-34.877098574507514,1.4420208057849493,-24.012904866695095,49.40136039235608,59.263791274133126,90.87947165339853,12.978945778903523,-41.65386588205138,-63.901590613696825,52.18436430256992,36.44772872966189,17.300157531780357,-14.545934147490726,-40.11531173132248,20.34079892251468,-40.51392101524463,-86.14044740577616,94.3299343216957,-43.59959245168306,-95.697388629351,-62.26654310703492,-99.81920686334027,66.16610982286554,-86.99071908910216,-49.09032271491882,94.78978427998902,-77.74896264146062,34.814702531090404,33.29130952526788,19.203936612429544,-92.61247828666517,-56.08487710660417,12.51265862206101,38.641950227516816,-69.59633966481364,-62.32653757855742,-41.53275252255,-23.1842445935133,13.089885000617826,63.017026937459576,-33.24378659306669,-73.77400150838966,69.79741333935036,38.17376195060558,92.25299764565261,53.41976596090211,-1
28.791315889522707,43.295252528433394,-51.89759151889262,80.42129314366258,29.720424527455805,-42.764978845621606,-6.925176250268208,51.27022789977519,-67.11229301290649,-92.33895092791839,78.42926997557194,57.75730330503296,54.59133447044897,92.17690178633285,52.58091680530413,93.24580029909825,-34.02801681259568,55.505378252403034,77.0352464279191,-39.50759082173132,80.16528589942388,64.66795326978615,60.81022883359205,-73.94415822385491,-56.04889302985014,-34.32516810809632,-89.39103445905168,7.370760059855058,96.92782468976881,19.415864010423263,-49.777648153230956,-89.99843228238768,75.27091224348018,-28.651418248048927,51.806548183629445,-21.725683080532107,34.25434831640732,-63.99009937818945,4.251787469744855,83.50476176273202,-84.95934949866574,15.90497422042823,79.28655624779458,-40.40543339496276,7.62756743381901,37.45809712672357,70.79951819207207,-11.130620642640991,65.46064704067564,27.28252600140631,-1
-55.84607744224792,60.63410232654621,-50.25134674176355,29.106798176029713,-77.82387828030299,-34.41226819280239,-23.019006267522784,96.38403590273649,-72.30088317053955,-53.5891827274082,25.201174005282795,58.21835915992585,73.51492380957865,76.27214398480965,7.254587678956369,73.2745702485548,-49.6458262376579,81.67466855741182,1.4163441240838495,-75.37888247143137,54.96508371783065,88.37284711293495,-55.13111031335909,-10.470216533482656,45.165778542628544,97.58318572603864,15.020568544741721,-27.360554115995356,86.43421672337217,8.582095423856757,82.15844235738663,-91.43664711558755,7.777833331201208,-28.624126883941443,31.218964210868478,-3.6361697552760575,16.561079815775173,-79.22019622459375,-42.36499558554847,-74.85097620776548,83.13410539899942,-51.65961894785709,32.70683004082298,57.861467061018715,-13.203223783748157,46.842578554745614,60.6680785158627,-99.32269535548801,-38.43636613929975,8.752412387710336,1
60.76097809669503,82.91688704434955,-30.594394934872795,76.3924855663737,69.47000562861771,64.64728784221464,-82.44394765212029,-74.38870048264046,-50.33348984452617,-90.52850394421914,-89.42420815297359,13.650088970294206,-57.14994009144203,-61.33522650632639,-46.14523373111319,54.40182007444142,-69.03354922780245,32.85803104113697,-4.707551258259173,33.11138893696912,-98.81783590060911,-1.2681983335684635,68.7408747303304,72.3696263577809,-87.68063461576676,45.69646777122736,-17.146139724333167,-47.61861622962093,56.22336984689605,97.35987381249512,95.48338426217455,95.14464562790832,41.49660179651002,51.33654164781103,71.46388004733225,-3.609854592903787,-24.651300023416084,-85.29439236020824,-20.73851729550205,68.51333354824314,47.457387423419505,56.06735071872549,37.90232602410126,-55.73831083871834,-43.00467011861784,85.5343400896532,45.6095721884553,50.88337509464955,47.26573577210053,-75.45016309438546,1
83.01801368140863,-98.1668899632367,-18.627178492140047,66.29064684907104,-93.23112583339943,-87.94047972849006,15.399985133867204,-36.81233055536095,43.30488197671795,70.31003758112749,-68.1525994683854,48.98522682086059,40.50703713923568,57.56280041952738,-50.93092536369417,45.478715902400126,-1.0435150941622027,84.15981890948046,-53.08416467536499,44.6351356469666,-37.54927821353782,-35.790031169839324,-69.42416153135437,77.9667980068489,-5.587985513259568,-70.69531436110641,-58.70283497969986,70.39988243457572,-41.766643676375196,-26.344088749546387,-86.5254757973639,-25.52389211810022,-72.65226194305359,43.98950658085096,-21.682220419916078,-20.04826749845867,-48.1386980096298,-1.5715535302377504,57.56910465582553,87.54939589871861,-69.63076479678764,31.633801781327662,69.7062508164642,81.32002597834764,-48.31713251086669,-68.2579567660399,-96.3225429726264,-37.90510807510772,-5.340397354685507,37.292714675109266,1
78.04300052723488,3.5259656795934404,-32.614625007192316,14.047888489160144,-19.13477543010424,83.29035436357279,-21.661374001752634,29.911104204243088,-32.58871959270999,-78.52535711034854,50.24883958764076,8.690642777157791,-87.64383511286763,62.52081536831989,92.44148889764179,81.45996575007644,91.43684106506998,13.184830094167594,-50.133995965097064,-78.8474329711363,-18.649875959509714,37.29533552875651,29.654631399303696,37.79342139837746,65.89098436006373,-24.8115671833457,80.33823375101056,-36.048498882237446,-66.8945247586042,-74.57466876142064,63.4653072329281,-20.92246431847893,53.41291249489345,-40.90953341186025,4.809715714249194,-68.2112048144331,-36.701086019232875,25.25782946618338,-25.151319781412568,-60.63579884652914,-12.676717646594952,18.468650060317174,11.390022138635715,-6.866424767216188,-66.11659148229413,-22.014808469366784,-30.06334951341063,-21.911284276011315,-48.27374208158175,19.889193586212755,-1
-64.19367251168325,-13.520727962982008,9.318852699448925,-26.194048723480435,45.027880519166644,-63.50686504161369,47.440650285250626,-75.00862907064331,-72.43187053948132,49.343114840849154,13.19062634251955,-45.6363835168015,-96.86986955357135,87.45026211652831,29.96656941281131,53.947538634239834,55.08885967571257,-11.084155625194995,-13.237532512139111,78.21764408197544,-68.03707274073925,-0.1423168498590428,-85.36739429645843,0.9832954155464506,-84.8039238975525,73.7721115822583,-52.38352637963351,14.971162596693915,-29.24807915732586,-91.94141849814905,-82.4432270862822,-61.34581086880544,-70.14686106851013,-74.00770082225101,77.70750591049637,52.67802807030583,-46.42014754182371,32.88520741382612,-17.696533543634814,-85.41968771683356,-36.04485742613291,-93.22276499597723,32.87813825677125,-5.409521793298438,9.642523951941456,-60.664699437857394,48.17372483675035,-42.687069032836476,-43.03193330675115,91.7544750263061,-1
61.366947853452814,72.6863155578769,78.64722944198934,79.5662159202839,-90.71912828416906,70.6846539018286,84.81802598605395,55.21764948960683,-42.93529474600775,-49.37395927779764,19.511794815024146,-47.230092477005535,30.283048582477107,-75.98413685505574,-82.43976402014988,-80.2445121904212,-58.5041948701645,5.8621551753341095,-99.89145955029998,60.85361598865396,-31.131532284504843,60.24939513707275,-97.7601881650187,-28.254215359041225,-34.32132916935595,98.42046102511551,41.98594188296349,-79.01231498447862,90.63889957825313,-15.690172933127045,28.736388233005925,27.904165795864827,36.14851820428592,60.34452137785922,-18.82420191394675,82.35158288636995,-44.20397899092059,22.34714742283647,-45.690194951607246,57.42661667262371,-27.962369046219166,96.53055162313476,87.17497143319534,-61.04898615754863,-41.686694502801224,91.59519971713581,-19.147209698526396,44.31281180724429,34.47689337193654,85.1229428427686,1
-75.9224842421822,96.01038859529694,18.289986288604965,23.36997025518444,63.445283818618435,-89.1460452566892,-10.277537229585647,-84.15016271172291,41.81973599930765,-47.746225800598594,26.662963557640836,61.82192196440519,2.4275043187110867,-41.3334053472985,-44.531890580041164,-32.869599772641195,-23.677973758631055,-93.86074223650436,81.74921415749893,51.17815003484728,-65.71761446693566,-5.575072979472523,41.89110371738221,43.222745495739076,66.1138165194113,-46.60960617482868,75.12305406067773,-69.78331830163684,71.24254786648109,-50.077329280314295,-61.09674731316257,39.25618178002193,41.32531129876136,-39.19716202989256,20.181684131650044,55.77339041019488,25.40289714051511,64.80296466238335,74.7897579477171,99.0456624448781,-63.05858826641189,14.015568388938533,64.2928010957115,-30.919652153465023,-98.89626688596482,6.735059685891187,-77.04514771396003,-63.486529959662285,-50.282355110643586,21.255846586588163,1
88.4116438977191,-37.39492905968373,43.342721920385344,23.291787033259226,69.73306235743587,12.572373456267783,1.0096040022474142,40.274979763627215,82.59314183716916,-24.154698419363612,-12.644569960931989,1.0053600260166746,6.5407442984104875,17.25381075247215,87.78898614005516,70.04616191409661,70.18753948993145,70.73830605794961,85.07927291850129,-22.712819280299314,-84.36681880578692,45.142179656142076,-49.39161231932949,-86.93145900813886,-15.422731007716266,42.74852365031538,-17.663449370493154,-42.62760005998767,51.992577847955346,63.58562646300476,3.931111372208562,-57.43159413172692,-3.671397855781805,15.73127682400299,-58.44628701637402,-14.443763768943498,31.92202678282962,66.00605665400195,20.161887370232236,73.7688143188914,33.99121006374099,-66.68259436663948,6.355364067133593,-55.41508259963768,-86.20225699221531,-4.2066251102021965,16.680760178459025,54.74098972326402,-66.95269249672269,-48.954578712601624,-1
-33.5087685702576,-17.89903573032869,35.07092540173184,91.42131057120648,-55.74464892555335,-3.8974027616528417,-57.31923251622027,-65.02304081050747,-89.42508022319942,-90.1793386183918,85.64899625925108,93.15736432765644,1.0952393615857545,50.29045832061115,68.92592660481606,5.211775977981546,-40.681129257515416,58.439606784806244,4.221632645380865,-17.738049624266864,-68.09635609299025,36.71992860453821,-36.2637317377871,55.32780961343215,88.78756177189379,56.359852085857284,-4.840443903056936,-38.30620180093589,14.691003119394935,-11.615473176765207,81.43351517062206,77.80909988649515,50.40107701867424,5.3448767190800766,-16.264107890507518,22.20875889253837,-45.532797780196475,-51.765000756357196,13.912733149209117,3.29510273232178,-21.588760611663943,-89.8069632243659,82.42594721489999,-37.22380573734454,-62.62417217675933,95.3097270888735,83.45041418375129,-86.27607161459856,-6.300106359994672,-83.55291833252798,-1
39.19484121873958,-9.435038943134643,6.422226767400744,67.63518413714772,-99.27915202234257,-62.7755510942488,5.26647019590358,-25.263891784379908,11.78811797646911,67.52236666681188,92.28076101768161,73.55811908771733,71.54143255788148,29.434416352677943,-85.90487939876095,-72.26839537593722,78.34003087098077,76.73364575030934,72.37722341214149,-44.06197731604866,48.93004061331061,-65.694297807117,28.052271261316292,62.70780156913273,68.7158496380373,-41.63170665841556,-94.1346030539141,-24.88573220314683,53.48830677296601,-25.973470786702777,6.392257130572503,21.584383600325864,84.76874910845453,-26.455898412184183,35.21224981207027,-93.03632564070645,-25.725654106053966,-89.58507124879097,-45.41505802599411,31.83229118539589,-33.31340338909506,-78.8668824165247,15.303664776177754,-56.16727527487182,-59.01010863463358,-36.51425072294738,8.514138499296948,-83.78706692954356,50.1048166180415,88.75803355353531,1
6.677325753072523,-20.34995302731744,36.30290708846758,-31.49215409807846,63.18091727629138,-98.93073419921217,67.07192941207728,6.152822302287532,-26.581333103551557,93.88477971592314,-84.38238821457524,47.992091378035354,21.06237952515302,54.25612291986167,-23.007429385354826,-18.56365696209008,32.94371875632146,-96.49580402364386,52.24890926031037,-63.9914204674912,52.47258317355815,18.85824317182508,30.508406541981145,49.266595071286844,4.507611450266197,-77.13687909775702,-17.469019919414166,-39.991262504132095,33.0214244397429,-74.12116655626457,3.730078245193795,-81.31814156925367,85.06440084743429,58.06068414650068,-46.52423986277934,41.336267277755894,-90.79475453873951,-78.65553358882657,-18.25818206935361,17.86019752879311,-13.812385305582481,-99.03237378822371,56.88166492040341,35.17330911476884,9.729087560478987,52.15000931607818,83.08459676957489,74.43684621042038,-61.90931111893292,47.73254216372513,1
9.518475230747242,34.145465088520154,-7.0258139691312635,-92.76304049341498,97.87292851037256,96.89629662766265,-6.063229326480155,35.35878200461124,-24.596362056717297,-48.35707790914148,-98.92397363805844,93.08390930901379,37.12182290068429,65.5841734576536,-16.25534562506796,-36.0896537665484,-38.505265736689594,80.65497932529638,-87.57902596415829,16.997295813842044,77.84341585602661,65.41893799103738,-93.6143715421916,-44.02693026370679,87.96561426673077,-88.38208206849507,41.87635662306553,22.587349087352166,57.56293443735231,-16.351755606444215,30.872687836838907,22.75403056093286,-16.020129451116063,-18.522060735807045,-22.706048415806663,-5.211912481208586,97.90649082998874,93.19327376145506,-29.35775597892713,-80.2374173216309,41.30054924635078,-99.10298507169057,-98.64105210780869,91.9802484154859,-85.86759642322019,-39.70803842792219,-49.26451894507138,-31.04256512171972,33.63064499345012,-97.18824532362089,1
-75.72271636811871,4.064725238277148,31.344541291346104,5.488209111555705,59.07566226607193,2.2347697435469485,64.69161529084764,-57.921851956553795,-49.53998383231606,-1.8394611149729059,73.64199959483526,-35.74647264403103,57.07699450562188,-10.712911586194565,-45.41282415757446,-27.517650820962047,92.47630881518015,54.57601489387889,-40.63234206962771,-46.97895906532095,74.58650746670227,-0.483425352096603,-61.02296453162683,23.656424358729282,-85.68640755154009,67.699458282692,12.594873795665308,23.54981411401394,89.21467994498406,-23.26846686020822,91.67251443862801,-87.46897980024218,94.71728580877101,28.869487204742768,46.62173534644097,-68.16863481474213,18.01208247829365,51.982397721260185,-26.271968777971793,65.49864679777215,0.24651931079876022,22.510506512383984,-72.07971554768689,-95.29340959273587,-20.59695251629141,15.969772614970012,80.06257064504061,-78.76934854259179,23.472565020063314,7.893187487311934,-1
64.47624223707086,79.48381001563473,-28.716428968442486,28.76944056230937,70.71316744227587,44.31903416970175,77.66864353017547,-31.732022559956945,-72.57526766815867,-74.58988715946839,-89.68780276447109,-57.14464288717653,8.923295319229993,19.632830807377502,-97.8827289614402,10.708723896959313,-14.232572320750478,22.014791913392756,41.41639094970961,18.883196983169896,7.3112754434592375,-48.363460815977376,80.15886421809142,-35.751678372262674,30.67957885128277,98.02408389412761,-13.428137750870889,-56.00219274888785,-15.495930826373055,48.676039633009225,50.30616592642468,25.864449407917192,15.348768832293132,-17.83979311775863,89.92782281868094,-90.19343227431081,13.78016606555461,96.21228890124686,-65.35705152948287,67.29259411235276,-32.070399875212985,36.09926720152703,9.008202202922561,-95.36801108588094,56.88877590111042,96.16783004548307,-0.6699756259559848,52.471111616561785,58.80103875511108,65.5315433528985,-1
42.91918454001248,-44.19834193044068,-49.35092739194984,49.23010076535758,0.15589818812028966,-55.31907507275471,87.36911925689927,-25.202442994287665,-98.40362433129204,-27.063983945255927,69.28891950698988,-49.26082674398262,-97.88362148040115,6.92735070661368,85.51801558592928,40.538808182554305,85.72848927022116,80.08365444791642,4.426006493393444,-15.747515051202583,1.708792706857352,-62.94958661343784,69.4263542123241,-6.9706968662364375,-48.724219436009975,38.54869102314635,-88.15762785835571,-32.65750453984259,-79.54698520775374,-76.68978715910937,50.68372735566021,-56.857535179576544,4.2841511246571,20.354627858189772,-21.138493320000123,19.918263260388173,6.68145921593792,49.87781047877749,-0.8686945691872978,36.051489673676315,42.9094940058547,95.19513963265462,21.738168282268887,76.92525202029671,-55.02228137259779,-3.528800110736128,42.830065460522064,-79.51093400879483,-51.282157496073765,-81.43404557333203,-1
-23.221755725357724,34.85871474000493,75.43098007423885,28.194264824427506,-37.647189669574075,-80.72178550111332,-83.58105468184519,-43.04978393530801,98.33754753122508,28.41399991974589,91.72499235355835,25.90419502407819,95.71511054755933,-34.57887459498443,44.05065908263032,-85.76956521820745,-42.62424661725832,-68.00136463407841,60.7427228429616,31.1002139928531,-58.99580991375461,41.51733345046219,-21.6960409076826,18.469907558985284,-56.879263715658766,41.393831269083506,12.727577929756578,47.66586845754105,-61.3537621424942,-2.543987881029807,-35.22171861097756,85.09793008379125,-96.16956064682867,-55.62710158018196,16.147891705539607,68.28905743057842,94.95291301496673,-94.75856227549724,-91.99086801408592,-90.26571567054758,-16.836641609008467,-60.34560578460708,71.06684850018766,-1.3606639822382647,-10.995658790345317,22.980616585227082,-18.739834872438706,5.971026915797822,-42.25521698124095,16.964022981452942,1
13.026636717841782,95.48763684080245,-30.259437831404327,76.069639170398,-26.445065569147275,-38.03355509217843,45.11804846723507,81.46145657206486,51.59409173615154,64.52514965295774,-66.78381478935412,14.31380154268129,59.17874971851492,53.28614571037022,-52.58379099725732,-38.35269715292182,20.375914324695458,40.4949610136654,72.78706034876024,-29.65619624149194,91.48018446665921,-34.29847642786595,-53.42643407925802,93.64780143837942,-58.24386985725685,-52.17762240747184,-18.44958038492399,86.77556377942301,-19.627080922295704,6.956472076175913,92.06637133136886,-90.74200392828766,-28.698216802160317,93.12207827346171,13.957708225902337,-43.636568389172695,-23.43434207900654,-36.75510111683966,39.99862312112151,93.05533267809722,38.187892710167574,-20.711214831762163,-8.398202248544905,-55.98812391039169,-77.89304476923884,33.86270625220331,-29.661094085588417,-20.413051410723853,83.1514440649656,86.66115882595093,1
-74.58789746962304,54.89712062395819,-3.19221195443032,-34.83288103100021,-34.80969120911294,-58.84589560912572,79.3567388025219,81.32447300735893,-59.96015666989738,81.85926564491172,76.7495922358986,31.543217699501042,-88.88874353874931,-24.294065472699785,-16.881015449756347,98.6316589280716,19.947194664190263,-69.67496758053002,97.13869096726455,43.15292972571086,-60.85923897453029,-93.73209526742303,-3.094095485510124,73.90609265547357,50.70555272466379,26.424357526330496,-99.80921954507203,-70.75596636990835,-72.4955480797162,30.586384268008942,-21.244786098380146,32.60373427162472,99.13833418103297,-86.91077922303676,-96.20155878923093,44.13384613357201,44.02287987915429,-61.52747442788902,-13.008449193957887,-43.034193030453324,-89.82302424994535,34.25624014644549,92.04008718933136,97.45662800359764,-84.75620173686012,3.8800920834794397,-7.749590278586666,29.36907333965783,-8.058458031203159,-95.483991215903,-1
81.07012839121273,-25.805257481566187,-26.74939880030516,-9.74644092574664,2.358998855083726,-40.954004525673035,52.92525553687858,-90.66484943836406,56.155959758449,30.43442666817333,72.30001928222478,-15.506688739843156,-91.7183384694777,-78.39732136735948,9.92037387642985,49.20827932633975,-83.43540984166347,6.470462935864859,-5.187067225469647,66.5853858105134,-52.47677345503694,-24.84395373117509,35.35256869396633,3.048499926408226,27.98521626605637,-72.32901490165067,90.8463356026709,0.5048131560558886,71.9197979195346,75.55421658352086,-33.44918586591193,2.430367822221797,35.37316628794133,81.50684613770827,93.62901793615839,-61.693035677615015,70.56055917524938,85.5478701132009,-39.12581644885138,25.04669866659306,13.188080895496384,36.63978469003192,-97.26525886728177,-25.254603300686057,13.348794225211407,22.70326690486428,70.50592646293131,13.414044011337722,72.8017132806701,88.67532367218007,-1
-17.036099532466963,27.79260439465692,16.510767408398806,59.51311050690438,95.37229375931275,-56.29479984904737,-38.00516569369981,50.08412308341073,27.451285414018713,-96.43643110594091,86.46016649443251,-6.086264620545776,-53.050569822591356,-86.01320849684595,-43.846994354192816,10.290790453289048,-60.39053158308485,10.200009538056506,-41.842903129409834,-73.23806183334696,-97.66807236800628,-37.931061396726996,-38.961584375287,-11.640569363399052,-3.4812260566974516,-91.37657470603648,26.343849666306497,1.8492871605693182,-98.13576224221019,-30.645524242229882,-18.794851235653383,-61.07245017089096,-51.21395859200302,85.85742586050716,53.92176201790326,61.78256260290584,-22.670962061251387,-32.751754749509246,-69.97765041520438,-38.96007786724886,-82.25319437254586,-94.88638280251452,-22.445531751403337,-8.381461664962472,-84.49537974999164,-35.26632982868725,38.42788151180255,-86.03003499124755,-92.99938378550043,51.441797292823,1
-7.213724637533446,-13.446583658361263,-89.6558234890693,-79.3925738049799,5.457344806736856,-43.851609411468374,39.74509950436146,62.76793520723055,85.05796696201767,-19.491780940581975,-54.44793849184953,-31.970546681652024,-87.70485751053434,-92.74049893612555,75.60732887505765,53.46138590636744,-2.5946520827350383,-50.11194418010856,92.2037721990408,97.65515465892119,93.20859073527814,92.17662706655972,-60.60554039935839,19.725854363890008,74.60313955214494,-22.23791765531564,43.81689037158819,8.405627610225281,99.91409663747251,22.176444901302432,83.09914411299508,33.38867461588356,40.1270089809035,43.26984242644761,-66.1910125914026,-18.493915354008976,87.65882903708729,-24.770713448809474,-49.78462143840974,92.62478183115249,-72.0309312872913,-43.08189396025022,90.59675696862072,-91.20212582544707,-99.72697622114302,77.14836203691945,-4.973393111367017,-66.01366285412726,-91.52103395156072,-3.2386468743268892,-1
69.83913031306386,-85.420309625669,75.3837863741694,-87.77247399755528,-85.04843065564394,32.09838526424775,-50.4588224018484,70.6646565675876,40.68241410561919,66.76501758599167,10.050788800041417,49.22559808911731,-43.017732684974376,5.611275786202754,-42.30762123506173,-59.336115986262094,-77.4339934399175,69.44453496241982,-48.12208261178223,10.262451718507123,74.82904222012928,90.80688703799501,-74.15622457597269,65.70167060535445,61.485282933169174,-85.18445251816414,56.82018665023472,10.431099018342621,71.20836641654085,39.033827512492394,-45.56871192152558,-67.4352089280903,24.361894611257085,51.36395617846466,-24.854288533443295,-74.72709871587399,97.4264248944593,55.2511487600616,-43.10576035595828,47.13216524498492,79.15186860184983,-83.88498441746775,25.263093766708607,71.94838624381148,-66.88165929411048,78.14711249888347,64.48004016539701,-46.90884921965848,64.47179537369806,12.090896558446502,-1
-17.3654965584561,-16.40015661592969,59.749829790400156,-52.897109688667435,-73.00088613387297,-20.859571033193674,-95.36478326059765,94.3288707665964,-92.47258204961437,52.851693536452075,71.40548026733836,-88.8224749576585,-68.81137849574714,-52.25082411209063,-15.92187499332789,-49.42981206492585,-34.93973344398293,-76.46715129398886,-43.30048601876166,-64.50583886690906,83.19674315271959,-86.38564237626318,-86.10418660271286,-80.86881099623635,-25.046738705126216,62.89190625960342,-37.533321938294904,-43.58461150420012,-73.50111665085049,63.86296623827815,76.60403962034349,63.09890759258607,39.38279413203142,18.92994741350182,2.702645267963561,42.58215898770899,17.29619159410447,-24.371984388700312,-92.16139239370081,-51.024780815635815,-76.58676753927902,-73.03566278440488,-46.02306108992007,52.70871031597537,-6.327814164439388,-46.749742921959836,48.008343317804474,-35.944662981554615,22.10332116438458,49.74590369242321,1
-11.847450612354365,-15.462676068514853,1.300240207385059,-48.69347647780431,91.86703365678372,-75.13268531210696,-86.74328558210946,55.75022485752524,-56.418275658820626,-5.284295932820243,-63.178858776421485,-81.83983991509947,-13.601847798557003,-16.246984807841656,2.758803265593542,4.3894426519592,69.76037613828413,-70.47966756886746,-53.364342702063404,-17.748629250503,-43.72720195066107,68.86231318062815,-31.236426796477843,13.983823551081855,-90.06128954445778,47.792992140760106,57.6941204936451,61.60296156971194,17.083931403087476,66.89589492762607,69.48502740895364,-17.118718605235344,18.329977196937193,91.65607203435809,-91.02412025040462,96.20808964370525,4.308993952564791,-82.93818649916751,88.18948529182899,60.403734382407464,-42.57239070688665,-41.82105432127878,49.222046441714014,67.29210027495009,72.11753131554605,32.87248828715815,-65.10952555188796,-26.32083641528081,-26.603122990117356,-59.2685039871033,1
56.378182599377936,-71.09695521860995,-7.493202924339897,50.214095769602096,-21.502039753153966,18.77624744289443,20.878102442182197,-53.555077115536086,-68.42565718111814,-95.56474868716806,-65.0362894376008,86.33323703733774,67.59008935273263,74.08145802046161,58.97597079669791,-91.45466458525704,18.381265005591246,59.45805076516433,-72.34020703078559,7.725496213810089,-32.662073357908554,-89.59838416172977,0.5875372775268346,40.049673251293484,-13.4614132287942,79.59140485791926,-11.62280225515488,-71.76235703012841,46.89837183178784,-12.91474086456607,21.788012829091656,-75.49019273051655,-80.53870875574391,-50.59673947828538,-89.94621227392012,-90.52273322738853,-83.68544851468849,58.698847761167315,-75.72770701490512,-62.803258095931454,-4.796695545611726,83.4920595403876,7.282145283606425,-72.54207444706185,-28.655447247091857,98.70934692636973,95.3296755338786,-55.74640868192533,43.51529869262686,-53.46029011396325,-1
14.374454245437306,-40.36992874468888,9.624012996363689,65.45539097438783,61.36233674961437,-34.13251761061986,51.50907669716136,54.12571908145105,62.915778301780534,85.84659911203832,-98.19779986263633,-20.992226100837044,17.115238357586975,-11.907578612922393,-24.991982782591677,18.75404135635661,84.94433589737824,-27.524021751366078,-22.087733575343975,-27.64090154158363,-71.07757569325277,60.76419500538498,69.70403128842258,74.6485096803759,-49.32346393584186,-91.53766966891668,81.55694846270595,9.792125052931183,84.50409589968388,-19.36979732587662,-39.83210589360928,-98.59098588650195,42.1801133866326,-3.5565234387926523,22.781081177866483,4.341514582418029,77.28882197490901,44.69086822419527,-41.94157159651517,-86.60078291633717,-9.163210349560202,59.777592713241575,-55.55115422691199,24.815605379785197,-85.20430762070355,-47.41427160401401,48.48237302698786,48.00917736471649,-34.98809439362098,22.200811488331325,-1
-4.904856953453262,-50.140929999077734,-25.777667244682377,38.23542891548459,-65.38761015985901,-14.457976506242403,-65.0444992273502,16.37017681889317,65.25328549579817,50.30977833250944,-88.11469528901279,-40.46905324479007,79.65790215215412,-39.07265816525462,63.33730271771114,24.093106635242975,-8.663735385878795,33.07499443294623,93.61384725469134,-75.56212534754701,-95.90438069982304,-50.71827849652928,9.22610176094463,-87.67452946170084,62.63502912450144,-40.234045987571676,70.8006873247127,46.168671387626404,80.24471041442382,-7.553733528579016,49.28510151991034,-46.118402640423795,-92.96115899842734,-75.56556642036992,31.764747664766844,13.98917360977974,16.391948029811715,36.45478128041995,-60.72527121639695,-48.88644816827321,22.890673198313863,67.17253056551783,18.597047677951522,-6.719020056752285,49.53145328582869,-21.650787061681314,65.13056479168904,-94.22018626419772,-82.24027974818779,-73.1512902086876,1
-28.936050305222466,77.51261436323827,59.98940971697638,78.89307586301811,99.23058084012922,39.060542136319526,-56.514531027834146,10.700374619737161,29.026485163608015,35.383868177104574,-60.7086466731233,-90.99730808775814,-89.4644442960542,-74.21718212416435,-6.712324163253911,14.260095231986952,46.81461252973057,-85.21749935873933,-19.23252254004295,-46.992983464963366,-41.68290085507971,71.98957726703509,81.4467537115761,-85.90472024213742,-1.0168913462746474,-62.15565681340078,-60.17620107323507,-68.09003237299802,-70.44026854311906,58.147222045517566,39.00724026337696,-40.51502704878283,26.402622859003856,92.597814197237,57.09630692701617,-67.5918378876778,-42.25239228533289,99.69788638412334,-77.41512517604295,87.09997189096259,15.576765350666605,-2.3441262413947044,5.718618697634966,-72.5776846285708,49.59272577488201,-6.058368807072284,56.490541383985516,-8.672009272690076,11.766283720462496,-47.05561044954061,-1
-25.792247403079458,96.00109263936338,-71.0202681385308,-96.79271999387085,99.61425071844744,81.57241743469962,-33.550346173490325,-37.351454763217795,50.98839392286874,42.11640070246807,-83.96154219206213,72.0852584612224,-43.73562630581207,59.609167635451655,97.8731119941229,-97.55206696622139,-40.36523600412081,-35.686164129170294,-75.6506540692631,15.200033298313784,-73.50715901176335,5.431127974174757,-68.72825974832115,67.4554090513632,-89.64926487432953,12.878581503761623,76.16396540973491,15.728248125840864,48.396143299682564,-52.31223608290374,-66.9727793152947,83.40246634817703,-20.22518101771358,14.390423788671683,-61.0609909769489,-96.73424876471356,-38.11679135413453,55.63520670571714,33.7101848290248,79.87156675231262,9.363716088245425,80.05631357678709,-68.84385390508726,-91.6911196297354,59.62694998477849,27.17997552446758,78.0976349758474,31.81439522906112,61.08824477471521,-9.96535297878269,-1
38.47086123088283,-32.40600415190424,-62.56427820230195,1.279340930491827,69.32641065861355,-25.179021775583593,88.84072294433201,-67.78027047071562,71.98977970367758,-0.9619550566362278,-81.26391146275431,5.8403898489170984,-58.94119378604572,-28.937648507052188,71.0715519290128,78.14612009980681,-66.27253406720024,-77.96700080394336,-84.0559770323652,-13.487901216849906,36.23427023166616,-99.93017877082644,-78.49748243639512,-41.74221543974683,-43.223293422602424,55.38449928814188,-76.9352420042557,-53.45964550544559,5.249047391418557,-72.55909998670671,78.1007484224823,53.675509951192936,-3.3414509209695353,16.67997207751874,-51.33132275387891,-34.16330096276974,22.261248816615648,44.64677617470224,-81.1002974991734,-25.78292109501308,47.146721540780135,-49.85088198886933,47.62351697880416,26.672037923384437,-19.44711341215512,30.02460006775459,94.67400299949213,-8.861210759275522,-66.09176234642418,-96.36658630275356,-1
83.78530672791089,-96.11975087635692,12.694094762570373,41.24563399159473,48.507432491093084,-58.034792810256604,85.27408974110594,-63.223121462634246,89.21033067603565,-12.305498669005303,40.8918894183702,64.44931900985148,-69.23437814724211,-30.643013163503326,-54.3804447844271,-65.97589562140054,81.05900882519438,76.04576419013708,-71.15378774878083,49.35642923740912,45.23696995991898,54.0248926742795,-66.1041567426335,-6.137431098890829,-22.87597332197518,-1.5582201581450192,-41.50150156230814,34.04602927336461,-31.52230464510211,-52.84388741298274,99.97042267436245,-3.8328140638263193,-93.91577173757697,-43.2171384831552,67.13981576362244,-45.222798788240894,-0.16985873028400533,50.626485613799986,84.64363071348805,4.739415155482533,-42.066540655515915,-14.411186219881515,-99.14425218980054,-92.33081070513475,-61.935448582108776,81.77297679234385,62.8380785218844,-9.737155987657246,-3.8599061973698667,71.37780725858556,1
-9.832125719173575,25.936719051840583,55.27827373054521,77.17654751434887,-4.423401073602022,18.545595847972123,42.22538430938883,-56.35762779613196,76.25206525364649,-9.339111146232227,-62.852305224904455,53.67930552941698,37.22846344068657,15.782979771404698,-45.77345859488664,10.938665533806628,-50.360542003148524,-2.360818992062036,-15.218753184360992,45.06405748100656,-95.77638293097573,35.598195527197504,83.43719594506169,21.2143566803491,77.77890569438551,-9.592089375475894,29.45199930788266,-84.47046159879852,-1.9853944448670546,60.101866448921925,77.21463682474132,-53.254288714912825,-32.32399892930246,11.133334351304256,-42.11080444611153,-1.222719760386994,47.70125048777598,-51.57433817160548,88.01515431842358,25.235132310416404,71.62458616770351,54.12000816274093,-47.76912249081524,74.45377169406302,98.92774095855484,-31.245547529096655,8.165683627670205,-67.26134056324895,59.271080052131055,-10.674530269850436,1
-89.66365576627845,56.70030051758178,82.24686206293427,97.90962385897541,68.73848068761336,12.222477141615727,65.99987871896491,-73.07473329923675,-56.19548030754795,-35.0533378048967,-66.09125383465008,57.099926288658395,38.46025368291254,-79.52737888406139,53.52364499298662,-32.4009711291324,-30.65428975418807,82.8284813804876,-30.494994074769878,-71.10033043446771,-37.398219089708704,-92.15616276156086,56.33263792324024,-75.8988332625973,12.819839976181441,37.583656252807174,98.62106720886749,-60.765702598556004,-92.20542286511133,-27.681315763331412,35.64179356417284,44.16426254397763,57.387556012132876,54.468832472506364,-8.4417203668215,80.36721430786957,17.35999205607463,78.17237208956124,-11.546031297743099,19.216342670825654,-65.04643893600513,-1.9184655859819628,28.12678574374098,18.04067942056149,-45.42524276816091,-53.417198693865785,29.21369909662252,85.92168324582948,63.956377731200064,31.25178388974203,1
76.69295259721213,99.09672214664397,97.91296164756136,-19.837511136850054,-27.031787752345295,-29.471038693139562,-95.71752087903482,62.79711733546446,-74.89588359437467,78.85016275634752,28.232825996573297,62.14874835318713,96.49390581711128,18.887437641045494,56.98439485652136,55.96190324095545,46.96276400203206,-52.36413246147089,-93.32203103560789,22.550555054511463,83.41192533459477,43.951015074810215,72.437056332337,-85.87727348611855,38.02211211115721,19.53117824546844,-27.38565504697503,-23.610925085325093,-32.323812679913175,32.75578260773824,35.792874120873364,-86.29242011179966,81.10459096158482,33.71416017453305,88.27868985699604,-23.269092567616838,-85.03199752559543,23.477107157238564,50.39594317677637,-58.128559038534824,-49.75821587099587,-54.02829966699867,74.69726594435699,-80.11908946785988,48.986602869245075,-60.4304968605099,-12.736736383370555,-98.09924497673215,48.52453373834214,-67.71546520941325,1
-5.207671947425524,-4.426529017372843,40.03765185881062,-41.78422372487074,-64.27365737462294,-10.111640351734337,-0.9329306121115764,19.832133413584984,-87.93334896831537,46.23357225722751,-57.701591135093786,64.32307390708999,56.87245755969175,55.18627213188901,90.19496429859123,-12.051766869828896,78.02880504574799,-25.31974114560576,70.09873805242529,-90.4636887656984,70.88612433622032,-22.31212380102579,93.50352147880565,98.04106539201968,17.840442053066567,-63.38727443623664,39.939303945433124,-41.6273277161646,39.95483663807903,37.641716386164035,83.02118970160925,-43.201464888411564,-66.10687968306424,35.12346742523431,-93.92862106458225,-34.266418666017955,-54.971110790922765,-50.16497931726258,-2.781340971050298,-57.42923120882766,84.59038930115835,-13.57615730656876,-33.76037099072052,2.6154473619222074,-81.58335894598576,-0.9178843628294402,-74.84363535324196,82.23606186629976,1.096523812561074,41.41880744272643,1
75.47009062656772,38.64190844377356,-77.15030934838873,-9.862342278962274,-48.71426106965846,-44.57143168408535,33.62658774005729,10.82267641804036,43.98953343500034,-41.67213559102356,-81.59268858867739,87.7848449442244,-1.5654067219629724,23.25053784722367,34.46800317164249,55.024997656642824,-19.28996742292665,90.1598578145931,13.148819403681713,20.156804401132973,-99.08712936998405,-64.49209497392178,-18.509273076401982,12.364071679809442,-4.38076854998981,0.4389908398218836,-47.42730325840701,-23.401284709540732,22.54798889403098,-95.19471488610812,-86.1387647242486,-97.23559131434062,-86.67912382330194,-71.13633706333135,-16.97780319048816,-76.39910667280972,17.335373077644462,-95.4199028287217,64.52977944392362,-82.43386451784222,-9.701811712204702,72.23824967017543,-94.18640183105478,96.82093976356373,78.64747910903773,53.041882496729414,-5.78103012820111,34.392700577779664,-38.169576919142486,-13.313693863607597,1
-7.5988392711734605,99.87006009444005,43.2255280953475,-31.69037661536474,-56.243863547461274,64.49847530121116,-41.62700332005447,6.993922471579793,-70.07478336093112,-17.45685998083158,-85.27588814131431,54.19341205248719,-62.14777121446093,-98.33936419371958,-82.6400643760876,28.089270878185147,-60.42783808261405,48.99105590004493,8.560238222535617,-41.337965482189446,21.846917169646247,40.51364995122978,49.403170873345005,45.831357186435014,-94.70924634399931,56.729472397235384,93.16965289992828,-5.871081339797101,99.0080576647637,-82.50000610479537,59.074016702886354,-48.38209169748093,-2.78687404070385,-28.584446668616977,-61.719176384253814,-25.58848673152805,65.28394733846727,-65.38270793246511,-43.68045172172752,51.410512089431904,-81.74746783660339,-42.277269112131144,-50.50977216130863,81.76745278932248,-35.74144870419089,41.05152882334838,79.20252262899888,43.677769958426126,41.628434839975455,27.46587933765352,1
-22.366014758695613,20.649084536805958,76.02627068672834,77.42839973882874,96.68302305328558,-6.748614539475838,42.65711458048841,0.5000490036788534,-40.67081798382226,62.29688492123066,11.017957288790782,-55.14514398091934,7.013630052490868,86.89995580230342,96.74881370991301,27.301094001025163,-27.077499343154358,-48.315294797265196,-41.79978235680366,36.98897661278801,28.532058335798553,-86.67987707754318,-54.00579319843277,59.16422540944549,47.989240771750815,76.24139627081738,-31.759392863391312,40.20969127980419,-12.539728816396007,80.53875026231273,-60.78978234360466,81.5039680344546,91.76375088843486,90.00674930141855,27.28978319771838,-56.16779012499731,-69.0752821018169,67.35799044001115,57.638965286946075,-77.06453504824637,37.97154185028228,74.57783541799657,-45.06756381380739,14.840503072936698,4.289002823099679,52.871637154249186,16.61399795140943,-3.8595421077980347,-94.06592315526767,-19.506328322973943,-1
-23.80174526632001,-31.391198841397966,-20.26814249631758,78.00145493881155,-13.77742243633007,53.26959276621116,-61.69540111589213,-32.84220743266695,38.6740796546913,6.6460665228205755,-91.07770259445678,5.704998323877788,55.652941141214455,16.729765952825247,77.95997792123327,55.573710128724684,48.073235866512476,-29.404223657654185,24.8885089850761,2.1359898328648086,37.850043796500955,20.366234107727067,21.19056926886158,-54.936370932383014,95.8605108680955,-25.69228864035111,-22.9450128821251,-66.20042608280778,61.03221812215688,14.284058403660296,87.51514148597727,-86.31724376956207,-82.87928627992991,-56.85831225942639,-86.29453578817714,52.40124544041717,-71.23648292998308,-33.71922331548123,71.31114342868946,-71.70892274527003,-22.894474374263353,23.007788029813753,-92.48706389817556,92.0165597754008,69.66631781164782,-83.59778629193536,95.14864214449042,46.201068096450484,47.18305065561,-73.19970916924254,1
60.00069635273627,-54.31482953831597,3.681508946915173,74.18413216997973,34.36839436089349,15.073640435558389,57.86849031938519,-76.51052368122333,28.500814561181016,34.35628510006657,-86.39389440729552,-78.99754588764097,-92.38557284012063,-35.18867211527194,9.649930138372454,-76.2552256783505,54.096082470196336,45.34049302317942,-44.58231993274258,-72.81554772725858,52.86466053325174,58.98179188043787,-96.49782156752467,68.82107118195111,9.451562381306672,76.14392266750775,8.92817852618606,-86.25460175076465,37.35382285861991,61.12412534335476,86.47986474864922,-67.54637448538996,-82.34383877488693,77.98469928274972,-5.845112865161212,-12.40396316546368,25.35355637277634,34.741324536866244,-74.15735376413843,82.28354939739663,-60.31220074125583,-21.416754898015228,-1.9670182240125342,41.547499964732424,68.35671774315986,50.099570742763746,-75.2172165179513,72.42924061695305,-79.43197592239352,-94.3598902302921,1
-31.625566792262788,-57.976444811957094,81.09373842748312,81.91378866891753,67.98079091131314,20.00330161759618,18.991324111653,-9.332200256740634,-45.03882651560491,-20.583228283961446,89.5172372857657,52.825207876657544,-46.707756521080526,61.03534391231992,-7.91086565309935,89.6119404619894,-5.198521199336497,89.42308703595137,19.133428231688157,-5.702249096255059,16.567832352499167,43.190489667029,32.76415748977462,99.68837118291037,-61.55095058494111,-86.73375869726775,13.585745075652483,2.64307383029292,52.7547383920045,-44.8406968629679,3.888586108413847,6.497020410674878,-39.22311742848217,73.0943566166527,-37.923014913146936,41.436354829191515,-82.00392998953157,-49.34491212827419,-57.513873774730186,52.77739347174614,13.89957622208587,67.50341664169417,-20.45901146015956,2.943281111899438,-57.1354464015444,-35.62307095290507,17.614653126245287,-64.52538599954813,17.832209033345634,-76.8148892951185,-1
72.66672991436505,56.09422767603098,99.86702456622308,77.2872110710781,80.97932229462529,88.34967244624096,-49.37018338351926,96.9397903350222,-70.82730298424771,58.4008615348871,-48.929059038010166,-35.39059073504964,-7.315076121823111,55.647745759190826,76.29234167395265,-16.427474153199228,-50.17173819431764,48.78025526892554,-48.7061789561428,-25.591481711179156,-29.546277300680444,-36.63443962700086,-27.515679801164424,2.852179605247528,0.03536258945548809,-93.05619320726748,-41.56917937477655,37.06898328267502,-57.11674123759731,-33.21637943960431,99.87281711385975,91.4204323334969,75.31018001807755,69.54685093953432,98.52424665225502,-57.26583085563419,-63.53974389017376,-37.14063874030467,-37.934848705098176,92.949917875219,76.65499928247672,-36.17796822266162,-70.8514412870341,69.98974235693788,-4.905673646654151,-27.511698064110092,-95.29665490632296,75.35142260413943,-66.33000671125697,-83.74519074453512,1
-14.578990927931358,-72.82276997448116,20.568949357270156,39.15166759843615,-39.187292498699456,-56.690567089333754,72.520975309258,-6.935320985829591,-31.173075131831695,13.061890374122669,37.57278831558054,52.59362299200902,-32.20928448551621,-76.60033446223393,-49.19193004539535,72.64389587042243,-46.27549036933847,-15.4938599018203,-88.8304467358053,19.313010186284444,-60.64477616759003,63.1748381907513,-39.36580523002932,89.59546010874536,-28.103360538912696,-2.5643410348580034,-47.55677454589946,67.31315502719403,-66.95468450096237,-23.18607975596902,75.14250790519597,-45.10672182794635,-91.43539140386412,-87.91541018715503,-1.2044751054828708,-17.46823246763249,-50.47947030686404,99.0888161117982,84.20706321724364,2.9902493814629736,86.01252684715695,-20.63938419217277,90.7662750800526,45.91508752390811,-57.589132345448604,-98.9811671468161,1.9068882945624495,91.41091465069334,90.28540458532459,-11.467305316152391,-1
8.539216631649694,-92.65741130338667,30.765992765535543,38.38200532391238,-14.63144222087547,-44.26993189543633,-91.39316333866113,83.69388002027151,80.2724487684138,67.43204076808908,-64.99505542044929,-38.22841635982679,-41.33650720063717,46.09339986435495,79.64209581786011,73.58759996469132,77.54994127633302,21.13690052518416,37.42915008281284,13.788408116963751,-58.84026467457342,17.873174183602927,-42.88597688271649,54.17633952989573,21.728010204654552,28.515306268317943,30.489467712015255,43.990073356428184,43.335781415430205,24.20371408421265,49.194475321102715,-58.6132690243885,-11.404712781709804,29.84176258573538,80.49871303203878,-42.76346661609365,24.68437439162969,8.452476234695212,71.4303968334327,96.53669382547741,-25.48272048154341,29.935918291061768,44.258753412976404,64.5827812615621,47.989517182902546,-50.62309683750854,41.258825547789826,-88.56935341902512,58.30003959619913,92.7819458451338,1
70.99480391229486,74.71111524541777,24.225059818165803,-82.46065816753813,93.17700258866844,-29.323168859564547,36.31563650854312,-83.70772232082184,71.95232057343944,-12.925759771477033,43.521948976595496,45.24669335135678,-94.759749225674,18.77274185561744,50.97509013553386,9.044008231099099,-78.75917858191755,18.82397416690847,74.84630462677066,3.1433610646369488,59.481949586885605,-57.97028737903591,44.034352386262896,54.208274902861945,-62.795502627848144,53.03110310472431,-6.983715812288523,-71.6540683792687,-74.90384232475739,30.5420919623391,8.513015011059338,2.071996654981504,-75.52457160361969,74.50193407665486,-62.39895726711413,-44.63319385840625,93.10213135778054,-88.85903528593188,53.16891076664717,13.370151292103017,36.92395002408065,13.501342352777272,-35.74984309960831,-87.72243443190399,-55.92021042576643,-90.17831254999416,-35.36109747660139,-93.69275402548809,-32.70076515456057,11.433239553353758,-1
-28.59413120599757,13.361221002093203,2.5367906899885497,-54.02608175954913,81.35788077720503,29.75923294728119,34.645162801471486,-14.948216279430298,-2.5111318021277214,86.89371193096892,-63.489330156582135,-9.690823042182913,83.1187931962231,-12.875969659234386,4.718256222979079,7.173888851630167,73.91852279901363,-43.67605743904166,-83.52627707932372,-15.09108746735832,-61.64366215406445,59.568394009358485,88.64948628671786,64.86891674657966,-23.79705467496032,6.166811632268221,31.639282508059893,33.46962356219666,17.32211018312006,9.067048507817958,-55.871338410078096,90.5546431497427,39.1340894088834,27.43309222424419,-45.615548071946435,-18.461545864098213,-74.42882209704844,-85.04959223984876,-72.38954971281674,15.183228437111168,56.132911327266555,-29.037862354531654,72.16934843190543,-31.29910171579951,-64.76217774347603,20.0152869348083,49.28171244100773,86.31277115388804,-90.40303901937352,21.1670312491526,-1
-85.79302219119958,-8.536678021435932,-48.53160236209355,-53.48128020484819,17.477894891242613,-41.69897520908521,-55.59338075623603,11.22598668942905,-12.637148284663027,33.009626802337465,78.5641040277358,-10.84429161315002,73.99333825461628,-42.27914398201798,53.4928486326215,-15.589692878195649,77.24750173809767,-51.318215048729485,88.43182430560091,-90.22548261738376,6.632464122573609,-40.854516531914896,-41.8935520705547,3.2323745715581538,-50.956221624067744,73.43766199171645,86.9920337532042,56.65544405021143,-76.88960519426703,83.74002884600753,-7.596272239325401,24.03256961980955,66.43583412877757,-66.6776581913773,-92.95274716792545,-68.71682369702455,-88.4185032988606,1.217407031086509,-27.31569433041237,-30.974089996059746,-54.494393497735,83.20634438576201,31.510655933702594,60.31523615449274,85.7756061222832,-55.99953749383919,-51.63143662403633,59.72753874210477,-24.949142376860166,-94.13255137820242,-1
32.73423307252963,58.26214286253338,-21.85651154907518,76.77522239717635,93.42312347427227,-16.079595813174194,55.08344707404126,-96.93214411634725,-5.992545011971728,84.97426833077378,-91.10419369066385,-34.520946096748915,-36.951100126225754,-12.155035472073237,75.96450735444,41.31274005590225,-44.96126949581678,-33.494527927839044,-47.699079633653405,24.830042882869293,-34.27878246024079,57.458226242607424,-61.08366767151389,10.099804328889121,94.58256080928751,-96.2847082374475,42.96377607149964,34.432524005647,-29.37955858099744,14.565153128931101,1.7818424479964392,-66.5026705310539,55.32027755977606,8.276133063089247,4.141096746323598,64.36250688276954,68.37962035732758,-31.068563089977502,57.62311742765755,-71.29495792416967,26.849488759291276,94.49209586243535,-54.59315637459239,8.057920393726064,7.298954429333463,-59.08473537488683,-9.246466206948242,-81.80611231119217,9.494251616448508,-85.5566520986669,-1
88.94725175661594,-2.7884916194638123,88.89757596904872,35.53475495360934,21.461748584255076,97.77582385100268,29.501475969139477,-3.0380204258746204,-43.006160921464385,-83.26512757202597,97.08128110556632,65.88314494941613,61.523175002956236,-84.34225060417299,87.02541019151369,38.1199095565259,1.5699024373796249,13.890408939915133,-85.20291731100792,69.23525638955098,17.973308690677797,-15.984537022799444,-34.82882919907071,-24.56774596441555,11.598708892819815,-92.96242758112507,-57.23594601657129,-71.65251175012904,98.13322801668659,67.24425628520237,81.99170187919057,-5.746069710120466,-55.592546518864694,-40.72248933145421,24.492661381812454,33.800853562485145,74.75242105479865,99.3626957394479,20.884857449348246,-13.821826153107722,-9.466622382839347,14.646598052432779,79.85418883471792,-97.87701105178377,57.96891654014155,-52.57528739807336,-95.07197811861303,3.764399929632461,-73.9435803745552,-72.67307504781478,-1
-91.68542818992158,-88.35243383594495,88.38099456766582,-50.980616494272766,-2.989466380905469,-49.75372363710757,5.12322741583624,-28.91786725338335,-71.21034033702189,1.4888649076596892,-33.0833156747629,-72.8352646146635,22.999075535525677,-52.16232254638591,-75.77085721318457,57.56066325001166,-81.94655542339449,58.96418292764872,-55.67988018047372,69.39981508071403,-42.995413659289625,-29.92722194652731,36.2140623588478,73.17495374524302,-57.061295127811775,-43.95746059733923,61.538451717080505,27.819177764947128,-23.107282670110237,57.46928304592731,62.659752746265724,16.9366977134991,81.2282753748419,-35.60222857604458,-53.70828707154109,81.77139527413615,-1.103714499284905,-64.45510197822206,-40.05216924461228,6.59712564819317,83.01025955631775,-52.46233651121035,34.80490065479981,-59.5212128103731,31.317992068444596,39.22446783271616,-52.35205130162959,-79.46165200782356,74.615508782309,42.66486229652037,-1
-91.98817618986111,-8.595209561474903,-10.062065326132057,-3.7736378345069994,8.460014804816879,-23.531773941779903,80.94699796918121,-91.9602043003014,6.454415423151147,57.26795052643675,25.4180720874714,-18.235641862065137,46.525017624750404,-3.0214049348402625,-76.6856533884251,29.579084433710875,68.17620291407985,-92.06971703552074,-69.38475694593036,-16.74385280122719,2.9811573173109167,21.033938106969075,-77.06233238836515,10.48512479970131,-51.45391524910623,-77.59891989298401,-92.068475100473,-26.580969820679613,84.03479650017036,-17.329850161484387,-51.874685094795225,97.30518989736834,-54.63334063985039,-29.522482843799523,-29.316921557467097,24.28902787314773,-47.40474046049936,35.38672608922059,-29.04833737147436,66.27760687617697,12.430305888597431,71.53355887999459,-47.74003067741299,-35.02842292908403,11.43679447039952,49.026986684486985,-65.43296873428868,7.151184724676526,62.934925754685224,-91.72197159472796,-1
-71.42480773211766,-76.48855017581269,-84.93571356651904,56.487881899774976,1.4904793473713482,46.60943717831674,-60.514085046845054,75.15487591400492,4.68975048174029,87.98437852263444,-6.262151649284547,-79.73616360736202,70.66118037905397,-94.67778765525634,-61.86850971998172,16.13200744493301,-29.704180631736847,-59.017780920750255,-9.089329673778394,55.391597786991866,60.57715802274436,-17.194397049964635,-70.3870785823477,-91.86275090522295,33.886450695049206,29.176430001223395,98.41634117451281,60.38744768941237,-47.746290977119486,33.517532442300876,-87.38622666972427,-93.19074136444155,31.298440085858147,-21.90055537186268,4.981778688373552,31.097258191316968,-7.904357918003058,-45.30761207143939,33.3842160672495,-15.357232722547565,-86.61384527314324,-5.676513183729995,-49.61662639270064,-30.35752880081992,32.65379094126587,17.886718174799057,64.17921749330233,-16.530595594396942,-56.370317788221236,33.23498696040795,1
19.382138109331223,43.72074813803911,3.948497287453449,-71.63003561615157,-5.379827701981839,52.97140982100822,55.2884111368536,-55.41870714359203,0.45832957840579525,5.425431945868397,-42.06641863978564,-13.123595122606119,-75.87732511214887,13.475799541574233,-5.312969360763489,33.73555842520531,-53.61349843626391,1.3832604477422876,-55.47656972582675,74.15334632047774,97.09453554483605,-80.80387198029709,-59.93925629235199,95.51117541545796,-61.570628018387595,-50.678271310733834,64.96787876132845,-6.293518050471917,-68.26494106304398,58.33519420808861,12.380908085718673,78.30638730211228,84.86734532640568,-23.37234088069249,-27.58171979328972,-17.35349928471095,-49.09298241256481,39.49674461250683,72.13669141825412,13.450378630262577,67.35500260144732,-51.11098084272323,41.686173683536964,-22.882713480770107,-37.1073045429676,10.583882022730862,-0.12986476913488332,-13.133998165727817,42.69580309646187,-85.28316451577906,-1
77.44254851526532,15.361583927651168,51.45911441423857,19.074673309778703,0.58678741664977,23.972452566020607,80.48799922748728,81.8605662232309,-7.454924666068379,54.66499580289238,92.05486081114441,-57.852546037979714,-3.0867185319916217,90.83594530408047,96.47412487127957,-58.43302053503041,20.101146661146288,-26.964800218653167,98.10630324384198,40.60090497510066,84.36124588835204,99.11173015057656,-92.49916799915006,94.25191204617775,8.284356333923654,-49.15871881391938,30.99629467725947,-65.28636574829542,11.707623505274483,15.566298028557128,93.13925152120848,-86.23885952649609,-87.67533085995612,31.79216470761429,72.80931688147112,32.58680462560196,-54.08266634575085,-10.094529851173945,-65.4638422581763,19.556849755981716,-56.413272455177555,-15.636452413294279,56.58121585463198,-85.55372948639489,-24.6266080813339,63.07715897866396,-22.578848467674646,-8.615955744361543,-39.031046173404626,16.597300152103315,-1
14.687577624657223,-89.6685285770718,-42.26673946490791,-38.52545615919103,0.2685760849558676,-22.484799919856997,87.09123112119522,20.258881979903236,80.02794656514007,63.495894552424886,-98.47722333194633,-32.22903960241048,81.12304522943302,39.84215872870544,-53.75002021936164,-51.74605505875323,-10.530429495024848,69.4534391097641,97.2637224150944,-65.67040158358557,3.9058267154559445,29.152424661257328,88.45939225073934,-80.10866968893708,64.90645226822065,65.62649279183296,-14.31916937451443,-94.30239730924643,-90.3888357604049,82.36021434016382,-88.14924050615419,51.64165019579906,-60.07591258330396,34.20862468812297,34.16860239249405,-34.67907390670102,19.0282466703715,-13.475832744312214,74.14484846854637,56.33212792831944,-91.1749933200158,-42.52119471057332,83.86823109534308,-64.20118247985518,57.89163795135079,9.620014056455986,-59.65863446937529,18.34696839159939,-29.782063062238848,37.15528125260573,-1
-99.99385623092351,-0.5692368234256691,74.57465715342519,43.11392709461444,-51.42706989374675,-18.069165489536616,-66.39585014878057,11.445352459554897,-45.88641438285259,-67.74836480569718,-83.71364645336621,21.379723373465808,70.69490686001231,68.09399970280225,86.97172869534967,-17.308331831963784,36.104110958071544,-50.12530631322356,8.278076946178075,58.911515989487526,-22.908630746608452,18.663909973177923,-21.92454792560288,-99.7709737065061,-63.021137463164266,29.972414888590066,-59.45637196104907,47.586233473446896,24.380970548942955,80.33958340042318,18.388278611435354,-6.7945076815844345,-99.5510122696474,57.76025425546658,-51.86686985293723,92.58355321812465,-80.08705560350455,-52.93604120331048,-88.63940965568192,-60.37042820857423,65.08063404492998,96.17599783679722,-80.9424978796061,-52.54984021295066,52.50867927531516,61.37198039801257,55.80339560887606,-11.498802043232232,17.221817156774136,-18.249228903508907,1
15.380776925271817,40.219517472853994,72.10229731748902,83.47239701305531,65.44096001734704,-75.54939274195422,65.00000580311317,-36.15690758431378,-99.32671318567934,-22.821942229515926,-54.30399704520112,81.3446113813703,48.42713265824369,-58.895446028477714,31.218206392003935,-68.06947813969441,-35.270801570657866,-35.50930256945779,-15.234158548115602,47.194808798605294,-24.3514121189162,-65.93662388688328,-30.117640988237767,98.96018636605163,-15.668321626740678,54.515053151506294,-65.8155958863586,61.58548136671706,65.92792349138958,62.71586045412755,74.36825664461298,-86.9238384734302,44.952032805435124,66.98551751073344,55.14719157344905,-38.162820988658595,-8.977694616904984,-26.44970077553195,-64.5593646604044,-13.378640157284053,57.646177584315694,1.4789273028911367,-37.91983558212571,4.719719843802153,-28.382199309209753,78.25115496813586,60.429070583948544,51.765030632676854,-80.74230476158863,2.3297318611501083,1
17.517174221880367,-78.89727071975977,40.37248536484316,82.35490940482856,-24.656769212932645,30.649243071185168,-76.4277015243493,26.43855624813311,-56.77988046749787,43.735789121612726,72.33299386520119,-56.93212253161941,4.828386666666034,41.56847083078361,45.288930438417054,-68.97501317779188,-19.21524056413905,-7.387344798866806,69.73232214644668,-48.54682927406206,24.438024416965305,98.62629746371607,-95.48619461820363,38.9477892087105,37.460422042983225,68.8839672108283,84.55736472597744,-56.499382245061284,-94.93957194535683,29.21452815691069,-11.059167541367259,64.89549176442983,34.17633120918069,-6.832160468512583,59.483102854180316,22.133592988991353,44.49101651063032,-49.957731018702,28.16090325902661,-38.68911375950257,-72.57063931152625,-75.03866884574457,58.11177169707386,-32.62014363626935,-99.12869105153939,8.35269642159389,-17.430584481871108,-25.278512431080685,58.539352073146745,-99.93141208208982,-1
-79.72542048936816,-78.14411092636801,-80.22673230879707,-49.38311935571462,-17.93688970522207,-97.9652363865042,38.049032545558816,-55.19207133459647,62.78734104260724,85.14275620154416,-17.253395731460202,98.74705940253824,48.70721531590914,68.32531592264237,46.526121248432446,-22.899760965353906,57.54160227208379,9.527818104488617,-29.591207900378677,-74.91681249316615,-21.085032783595963,-60.56240600543259,32.108167303076584,60.13199098877172,70.70695649239485,21.737034356889822,-89.40959800507136,-10.90558373166705,21.845521228850146,11.506365380307514,48.87829485917766,11.513095470685528,22.42641744180615,-96.38308351044572,56.2456274512663,73.93767149889081,19.614716699270375,99.58129441457459,78.65743606702199,-59.78992059290653,-16.05822834873271,75.12633279715831,5.763704360879657,30.1628431779574,-65.4799301787294,40.13168706203106,59.1418652519429,57.569257852901245,92.80847228296707,79.25164309387475,1
52.20479818859977,51.38536902540275,-62.565377014610604,8.514040681613565,-0.2151803281425657,-77.6587755534057,-65.89672829106368,37.52050216592713,54.40677351639812,-3.7219339401684692,53.88538380942694,-42.128908518754685,29.736054437501735,-38.671372888868994,85.71795741375954,49.83605402325787,78.8893613383795,5.3395563724849495,-92.68796504216255,-99.23542205432636,-71.63630567386663,-7.037773491394944,-18.963888811863086,-13.030349263266388,-93.52625808844697,76.08754994220178,-9.99592933009103,-60.94149760797429,-12.262016412381087,-72.47762569933056,55.14315350546036,-88.44583080127222,-14.563303167586312,-35.5665043279825,-77.91109373040163,-56.09760326984106,-82.73219883490853,45.87524242573119,38.55544533044326,51.91923681547493,-12.051942948309275,-38.02627014852613,35.18305269592406,-6.329713040243476,-7.114346848129841,-31.31163637736374,83.36688491961979,34.187786412334304,-44.70220858277116,-35.114035770019996,1
-99.99767304892677,-46.17604947239793,-92.20552720631538,80.64133358315789,85.12188967138749,-70.79792657786514,-4.138597134499975,-11.934920370433957,-3.960202145449827,-22.344804058783524,-38.97151928327376,35.54093018381985,66.06531145619095,-99.76021510936602,-31.067856502721753,41.387032882882494,19.483192580659804,66.80200421610957,-11.758198068857311,80.2864319297814,42.875851783104366,-64.05899577930214,65.74406430803771,13.880084470047294,-28.032280448064967,11.422989679101846,41.42602574070875,92.42033235470126,-77.43588048429324,5.654176375061553,7.920190798745196,54.93617799693601,14.548994779299889,-53.66969990949259,-3.1597879134186826,7.66266171589605,-98.09239760776929,34.53981889510004,23.254359867767334,-73.98111362851964,6.5709246736189755,-53.253248266564015,95.3878183291796,49.79956460850158,-14.938619281097829,-67.21759833548376,49.307262087033024,-48.61590068569204,51.02618080416116,-33.553054393012545,-1
0.8911883338710709,47.798412631248766,63.82772755032644,-67.15586250808585,80.00471953154516,-31.688424706802707,37.625120716817406,-8.050445869950849,-14.341435839512059,89.47471644229509,-93.30972385223653,13.426809672105037,63.89299516958744,85.10455133325868,-96.06432714530652,-47.06792742191757,-18.22657626761395,-51.693219987216835,14.833473094218789,-57.03325643929009,53.11996613510587,-96.85062928452865,62.78261192258282,-47.11856271119126,-26.70545257440429,89.25863582726541,0.8391206978332661,-82.85564636244511,65.5542721446287,31.778322980629383,-39.330694174446144,73.865901489684,-50.09171249454638,69.21291992922025,46.99563710179896,48.793050326273175,97.75700872988725,49.904443242258424,-3.1864784237447594,83.46177687946715,-11.652107400394925,-96.5502243842111,4.9860070393607,-55.182343740274106,15.595851192566386,57.422300496487225,12.737172646522595,-96.24021395286407,-11.604952860102145,-78.99019021881166,1
96.2372356054847,25.168238996475154,43.60124202152957,30.66798488376216,14.91924994086591,-62.81312110354658,96.54602097158647,-24.349999246936463,-76.8457930410838,-0.8193333808056451,-62.06401010806801,-38.16279199684447,-10.096801016946344,81.41159603289896,-42.73431988696201,-55.927757576644474,-21.490242668610676,-63.673571547634175,78.50042571719723,13.524387308056703,84.72798040707147,-13.408636069151143,18.15797924124709,49.158310689825186,8.992449723414936,99.13285024188917,-0.2577622526076766,22.37526246420711,29.520136685602637,38.195573185355215,1.332366264988167,-92.90100321523418,-57.83935975193264,98.62630263381493,-86.02707422770482,33.38029393951433,-42.325784348746495,-60.799710894332335,12.636708057486445,-46.74075556883304,14.240002247945398,65.59711797269554,2.215030283555521,55.01114459183515,-48.111532686981384,37.798256689013385,82.89752620797182,-48.67848653080553,-32.14348107115022,49.39538582789831,1
-44.63713844173884,0.8140159496848582,53.02230208796996,0.37963608053293285,68.03525956460078,89.24117694296777,-49.49838524317527,93.45432446883532,57.89577725819714,-5.915682794667816,-72.26473236897961,-69.59112663706695,-88.17270622748143,-71.85715649148713,10.85614146649587,-56.768806117783384,-64.47521591532916,-30.008889456843065,-80.17470606471716,-20.738758819450126,-32.80775720586702,-69.19143341343744,-38.450763413552004,42.93471369935051,-82.61711331092032,35.530811543001136,60.86990459580028,-4.015904524945398,-79.47730669340483,-46.81412422593569,-48.092330648607295,-89.73996127480103,24.093301323639935,-21.045164747194136,24.620719087870427,-28.092651510396223,-85.37494458075703,-63.146179383549914,-93.52415972009108,-55.72776477989989,-87.67929873027296,-15.455681632452013,-81.36391751744567,91.67425230162172,96.94644079564148,45.86811450351206,-87.02904094482557,45.74264587628099,-81.70706553860587,6.958095788445021,1
94.83888876327143,84.46155509671695,48.75346947470882,-34.66437923809755,-48.98810950610502,-94.50279074245924,25.836290915417123,-57.95895674390814,9.460488404430805,33.438336223995464,-31.323575814549187,-93.97164705832628,-41.63560667433479,87.56452485228505,-76.92283857315022,-25.39056373060407,-84.51625495758135,49.161362918712854,-20.499396069196834,34.140502114196295,67.93949757831342,-19.16911826940577,62.5627905855996,-37.064076022663286,58.89681758569648,31.787961812300694,-28.4067943325456,-99.97065565054054,63.47811208216527,65.31423267350772,-62.45365234347313,13.308043321044622,13.607182444353867,-60.237435467562776,18.48244331268954,40.81564981457075,64.35926788359203,26.76443316211774,44.66788048777636,91.9340660824142,-54.828750883254294,-70.37931855619159,0.10577628517351911,37.59719442063533,-52.160074768431116,-54.86448360740563,35.53446788439433,64.0372673456275,-59.7771516918086,9.654146621674258,1
76.91737764592276,-79.7943507017483,-57.416542879138866,51.46835613451026,17.354078498779103,-76.58256652903106,-59.639183484912216,-10.451338690304198,81.27284740910969,97.15606633439054,39.114127081802536,-47.6003072532508,-65.61338319926332,9.519582951772975,-13.617311590039634,-93.84925187594568,-32.9579741220648,51.835259403656295,-16.617064504798364,32.16303597534343,-7.965608328139865,37.45344733638362,74.69489907074563,78.85136217699656,77.34907441504797,77.03034028039383,-7.258553021295143,-50.35221884357317,-87.99800565470369,-23.978783411668303,-0.6338062533168767,73.35194555523802,34.995929685482565,-30.510848113961472,11.810255931819214,86.57704202386202,-31.135356009759093,-12.627656952655954,53.30334044108636,-65.68298011398714,-72.77545849637978,-7.043417339892642,-9.829166761941536,35.29474155157732,-80.26246120255641,98.8071350842622,99.9859538286307,-12.318195186695107,-17.896817816736245,-49.147166714988934,1
7.131319869515721,17.787204512509575,20.26167276294082,56.44580009442467,59.50419986360188,-60.96938788645583,52.06501500544266,84.56961382964147,27.986721126112627,-43.74623600854524,47.31023907820756,31.544112951418782,-81.5545827796531,-15.263833313467941,-61.583892196539345,-49.84343004968075,-16.00362336456847,-54.70545923751327,-99.51196355195464,-4.2858818297834205,69.17591903006624,-53.91105380477941,-67.1623990660712,42.446502107231794,1.237169395812927,-72.22283476105179,55.051770782618746,35.99671939353337,50.06953872849661,67.3001221736591,-76.52138590391304,93.29838013283333,-11.368569585699532,-0.8634946090105586,-17.641240483579196,97.27282517187601,14.863988859888707,-21.804902619659956,-37.93233975685346,91.24944278620109,9.181651369230465,-81.90900589180711,-66.53759090926911,-19.194998899963196,-46.59415634933106,4.058524575868347,72.22296904125537,-3.4195718282375367,-33.31946307249049,-88.4329451254767,1
-57.37905919498334,10.81985607916522,-77.88273120720905,43.897890051881745,48.07291443121892,69.57688346351324,-71.79398494304772,-74.68409201747534,-89.87414942710173,76.02736029205676,82.46090490216272,89.19843894816864,82.82488184052676,63.9708696687928,-91.21453927780614,-45.2587564700836,-71.43485412001081,58.08149820753934,-70.81548065389593,-75.58305292375618,19.87984440835342,-92.43118978089713,94.57078133373565,-78.24106782452594,49.718967960765184,61.04240487332956,31.728074827031065,7.376515380668437,-53.81574992363278,97.89106630725425,-1.2575652724140554,5.859885595536852,85.10756626878222,-24.436307021755766,-98.55838760220257,34.657251071833116,54.52887507383312,-28.08445295118449,4.8971126790566615,-55.526938558147165,28.64160026918003,-83.7298426912574,-10.329884723580804,-47.72154628141851,0.35849384505262094,-92.60903541423392,29.143830792129307,-72.50565507036023,62.328136960636584,52.416065126130235,-1
-95.81317643465334,46.897408064480715,85.7212659154039,45.29418643608864,-21.72186712354609,14.784605373929935,9.927721057307963,19.57756212394834,23.765358928462874,-14.751347212091886,-90.64252850391783,-4.352689951390403,36.970001726091965,-79.52981229726475,-4.749455903049537,-33.37836883899821,-63.42170601870987,14.646782255794008,-6.56091122609692,33.66017815348579,92.18853796125671,-94.72231299549496,-41.90103596406214,-72.73745875779774,-5.539937811443309,-85.12280253462544,99.31369312951887,-74.74857040892897,12.316185192582978,37.856215446922334,-85.09894032544226,-21.46145932702403,35.69508359229789,-39.43839588443829,-49.827603929459016,92.68605059775786,-99.84889306746436,-15.904320807900447,-6.617255807952176,94.91008288729356,33.32350337852722,94.27320672729718,98.16257720394717,-24.012178605336572,-60.036822203250836,-10.905116439918075,-51.22965303452553,40.10932881979349,98.90569342744413,-16.00042065528777,1
65.26816219003734,52.348541293903196,89.01583956156637,57.27278732048265,-11.963103876612863,-90.04924171727136,1.0198123498915095,-33.059102745843674,29.873487504421405,-34.85089396493642,-91.31086475059311,-39.79894695933033,-47.68519554345394,-53.510785587535416,-18.506080048218834,-98.34176719100556,-50.3453350371841,71.91286924824038,89.27676447474994,-16.72087761347727,1.9802535042289264,85.07079774454425,-88.64170123652255,84.95683568173249,-10.160768155464766,-65.19654813012703,-52.76569635092776,-62.79013927323389,-2.56246331522982,3.7360678924058988,-8.423150653188216,-83.34428415078165,76.89954945650388,-84.36456761700337,-53.45303517322571,-82.35175720934025,0.4926730863422648,-20.492619268836094,86.26446836266891,57.561695832055335,-5.662856404872301,36.21960575806702,-41.359509147492886,-21.69176182237031,-77.97338128065918,-97.11485379929248,91.24094882829672,-48.26109089853217,-20.76246537911217,-93.4276642711796,1
-79.64350547591926,23.657004202743963,17.788729701469748,38.97741716145603,93.33073426554847,95.17723760397305,36.14242412267606,-84.25398031158551,-23.030776365117106,-50.090888411496806,5.579616162010211,-72.0956851862548,0.4001988275674506,-65.65073051575357,-22.82378602664707,-26.372838431224494,-48.050060006058025,-74.00728064904914,-11.507308801776844,-13.163355941919505,-46.645610870244525,32.600435177526265,-68.7432104676015,-18.604354777225637,-79.75052692522691,99.92450834851292,-48.13106404711562,53.5535869018741,16.11324221986048,-71.6070882326993,-42.372469754665396,81.60582093970999,34.809951712358156,-68.37641271072484,-66.92724170911251,-26.017228940179876,22.7583787877343,14.595272554042694,-26.177042748856678,50.803371160723515,-81.13021497446283,99.2107660896967,98.89747714882014,48.434001981190164,34.8919529610601,91.90860959449176,39.678356577472016,91.20461059088686,94.51469860763316,22.07118833469876,-1
-62.716039029205085,33.381077336842054,21.661805620711917,-17.13991763380119,21.285298160988148,-56.88894661685169,-49.06152355058615,-5.822239854442216,67.98297732920312,36.05483970715275,-56.55745220526076,-40.79947542371289,96.45660915899717,96.68368167338929,82.53727370254506,-2.4098482750071923,-69.460888592706,31.570454029156735,-52.85088000125959,-24.32194350544259,-4.708637356068721,-63.92905677605694,94.9252667228269,4.160091133776959,22.148589827113113,-76.54437480471321,49.84795661268754,-18.101669612873764,-57.71486315674308,-81.78452420261893,68.98647678318832,-78.17909028181451,92.52114837882075,42.8488246679471,-2.5835081188972993,56.89002598939214,73.65878269230001,97.27026634412147,10.090078011187302,-27.334085045237416,6.965541296936891,-33.73496961996972,16.064943084788098,57.10998088943799,55.15457552499808,-99.07385971548493,-62.40754217976572,79.98369303740455,56.21070789876461,-60.54513689188929,1
29.494942830920593,69.06599513774535,-24.870252901399837,-3.8437164101773362,-60.26787296573639,29.127943952595643,62.87662152958751,88.10179609991968,4.4202917894141365,64.04154530927244,-69.48244941090884,-42.89598498696303,63.021152800384044,39.9129064054537,94.72245319766091,77.98726580433754,-8.279532822748934,88.20597166176199,79.31633494573148,95.46351229716424,67.9934738986853,54.658138069126295,52.770613612827276,5.040411891687427,-70.5434981657649,33.6561453729627,-6.826599386223123,27.594694822338568,-59.40423633549741,11.59422904630864,-82.16164959156569,99.08096129138153,-24.58460435181125,52.56519704241464,22.09014932291133,-73.26352075952198,-3.1981912589723436,-80.69428110052698,-70.97527758917042,58.37745679422878,24.69777189883915,-83.98448866177199,-77.27572222628443,91.56288247133332,-53.81769502907241,-2.28033158319046,4.70051549716672,-48.27503441126606,-48.84821026873502,-91.35853566436762,1
11.680849947161008,-52.249645782795184,90.49826008686489,-52.41516755100331,93.75068848856063,36.48991727015826,63.28118550062703,43.8378695218845,81.42007228996516,58.39656644498007,27.223531387925277,-61.52259548287231,-67.68879357508973,-48.212301257359805,68.95561197939085,39.63484753716756,-10.050365496160452,-48.1567030625816,-94.68919757128494,-63.046900937505754,-34.384508714538626,-27.963996367839485,61.16397826703971,-94.68949649176852,-27.862374812705056,76.71311199536342,-13.030718441555749,66.81111464519131,89.62411446341102,-3.7731043837638083,-86.73022840796881,68.39496616129512,-23.4150555020354,92.26000495044099,13.590046557877116,94.43406539711106,-56.07583130700999,-59.07523490719966,20.725406997127266,96.24330017827873,9.60943858388255,-80.39771251000559,33.96762672932317,86.59732035484825,26.628961197503955,15.58211348146692,-72.2126297514655,-71.71320122966887,47.9683336372681,66.27567369057351,1
-20.19293647151305,17.17261010558431,-66.03211333975041,-74.43883144095741,-7.101466074336884,71.8723191382152,-88.33686713149973,8.339387917611063,-14.917601881636287,-21.255762686407877,-12.058804262002255,92.80563220168276,-89.9479673503207,-8.973862055263737,-27.15359798510555,-52.54731031389062,-93.06345591827021,-41.45132245418963,55.856083628087475,96.21318089049049,32.77119106251553,-27.593291983405877,-43.16452875059302,-72.96932676226874,82.34092758456316,-27.544284391414635,-90.58367487430571,36.91189511588692,-36.04008955919844,62.53633863928988,-69.84466142706589,-87.60701849428057,-19.64208562946712,25.637831822387483,-29.843007667777258,98.83235435700342,-24.696602000827724,-13.450541733268935,74.61406494240052,-3.291264718818084,-25.11874165046268,50.6086637535343,-38.341042379509574,-82.30349031331596,-82.00300477427906,81.98844418816361,-69.38470708410141,73.3658202895135,88.28228333544146,-33.326562821571514,1
45.63775124072066,-71.38760945531952,-40.022851988839015,5.097846041863491,82.60661961075814,91.878722488764,-47.39291554204268,52.37385517239042,-84.5559658455455,96.6707562267573,-79.15913341128302,-19.65582157078198,-63.146578275480266,82.71567341752899,3.1864598271600784,10.541132536311721,-2.7754372670752048,-32.31296158779911,-49.90154410920085,51.88101184113938,-56.21524421899664,-27.30983465219805,93.24061541560192,12.923940338039586,-66.46372116841373,43.38634726515886,-3.63720432103176,88.18702713089917,32.41682975451599,-12.841297151130078,59.6872804271286,34.45980428783392,68.98681711253704,13.9543190314414,-39.96980240304102,63.82796384955515,-30.055267354233564,29.874367933338675,7.927669394315288,-61.1519265628832,-0.9206249645178985,-59.0046009381846,39.704387086293764,13.440347787143807,-98.89180286012011,66.43382806515234,-82.94291988141376,-54.95606254216037,3.8111671208375952,66.46854942828665,-1
8.60491679153263,-33.17139552322756,21.08007439066884,-26.57684653189294,29.62211755819439,-26.770072557885854,-42.86496234826265,-40.956760861433054,-74.00066287436012,-36.824743821605786,-48.913180937039805,89.35516055093893,45.3332795410746,74.56743980404244,72.37273576393449,45.006617657874045,96.72261928895495,-94.11747599226427,-17.514611039626146,84.39482077067925,-71.75842805302807,-43.23558827158918,-45.115939125538105,68.5647003908291,16.302052950244757,55.437131174906796,72.42221425253192,-65.1339478230443,87.65423587257581,76.67798763841995,62.71699837952255,-81.23319433432738,-78.75695054507207,-16.67865010755918,-67.85237499915357,16.540089985874772,46.53613768470885,-68.21711207273553,-79.47150655002804,-67.35384689527646,-83.71150283092396,-86.19834921305589,55.92841279174593,56.668165190381444,80.94620456273361,-69.7824902264611,-0.1733783217407847,84.44189959014352,-91.41820095897673,-41.81147014112434,-1
76.89574551935183,-34.37056389698627,-48.486454870096615,6.127451333130438,24.560027695461955,-43.487360256166774,24.674195693432964,55.327064376872755,49.79114288947804,3.385595814836506,-54.14933344129436,57.80628348257321,-66.20556447373491,59.757094175229156,-33.94377942001093,-39.61194511639381,27.96186794753072,47.49996073562801,88.98310195568985,2.4678732278569555,50.26067609526464,94.90690410515882,28.297586741888125,-71.10506887255896,-0.5351504378896124,66.02758977211855,72.26587461378054,48.49107615005403,64.44344378522703,63.8850998036651,-34.58777531522421,52.79386555650686,54.57234086838605,39.046949073656606,-41.745315409704055,61.121258877005715,-92.91359613025969,-91.39279506584855,-62.47631783628365,-61.554251224809335,93.05224649186025,-80.60207703964323,-27.48833137831393,-93.91192729055248,-73.89939127835494,83.23086810795664,7.204770437009984,-55.507569257165265,-83.61774907842208,86.73469951887103,-1
9.139193762605174,17.617249170939544,0.6409340149927942,4.416761832455293,-82.3989499388597,-87.63619139771617,-64.00273719886928,-82.52300009907515,-43.22137179376835,-94.88459579243892,-33.770043194194116,10.51839399700036,-35.26272749024362,-56.37585549326616,-68.39874443320033,-41.98193526134426,56.57367556102727,65.5730437816498,29.490001907366292,83.91048778459702,-88.04535333469153,66.90934613962949,-77.63606845569988,97.39417138991229,60.154435860894694,-50.461793640443055,-42.348756082014226,28.90176306867923,71.30472146785306,71.30173825639466,71.09699868668235,-86.12974608814628,18.923374086785145,28.95500637158048,6.5821097880535575,51.80074835351621,98.21252621170635,-26.660247214859226,70.46522795801994,-99.06914194282625,-30.365819008683985,-39.33865302013226,-72.74483565706468,-80.04773543319095,-80.68479904813776,-23.045431766360224,-42.91198244988197,-24.92701554350343,25.189952734691644,-17.95105302334663,1
19.0263349811363,76.22102967131318,46.81280700462159,-42.42221412403151,99.44102879486024,63.763877374060826,85.18577808064876,69.14306477783094,-57.270149846672666,53.15220482078425,-48.53167259184117,-3.942626422778801,76.3806661655581,36.45449991985984,43.82246394165975,-48.79135251840032,-95.69435872880562,43.36031485295635,9.92127941072934,-28.432020707507093,67.3079274417841,18.874611498191825,-7.762859842535974,85.67232393808456,41.40381440403925,-74.15270186636371,51.5055628082537,71.62225078391236,-32.56096465905651,-51.2032081456961,62.65927101325329,-15.198573185734716,89.36629013573673,-63.55950592474533,4.189036867030026,-76.90122475423382,24.16374422446485,66.40611722187754,80.1141975849142,-50.61255955870925,-66.67036572571614,-2.5646892455886388,-37.40541581617518,43.264146899160295,-24.40642841161808,-18.319044956273217,71.50550526109211,93.87132485787373,-61.486622467424155,-69.48394154271077,-1
95.8303110201231,1.0056092297533894,-35.08961879350005,-62.25203086029853,-32.09881854563123,87.39379008677219,57.73979791069442,99.6947750948882,-85.34672619556753,-15.541573663239475,25.65207330777082,26.97754604231632,91.16773841389067,-9.73052727155519,18.22054742882213,-77.20744739319683,-73.480900019699,-52.158185602951754,-2.7663606634162647,-68.60534212501682,57.00260336741292,10.466913764002612,95.42473311228522,-10.06466921997611,-1.7602348751649686,-84.79106372938799,70.78600283852822,27.984387755190255,19.102349541717118,-29.55110599838011,44.56618455454699,29.17365615848061,-89.2810611176152,-97.87693382354712,-27.351751793960062,17.61546960006102,-15.401675287583032,59.43700658444271,-16.846192024178137,49.26590408651893,4.257577759235275,80.51956687114861,-22.107651151499553,-33.57504704616542,-93.7299082571253,6.191446031565789,61.313381207219294,45.373495113259935,-70.77262407421614,-31.94154996994341,-1
-54.1497209534717,25.350669708466242,-39.80845688826551,83.36465840468404,-26.730363058266946,65.75834106003916,-71.61394754824084,44.30628946477637,-15.826950096998573,-17.599963334979236,-48.02622262813776,14.724268357999009,-4.4844081211324465,-47.40084492037791,-80.67783261225641,57.05134016678056,73.69263975625032,-75.40447492576658,-2.7775271881994996,3.282015668778371,32.542605929856194,-84.26038167290537,-42.05972720331936,-66.93193785819298,26.443503347795044,62.9993168202862,-53.8969862138988,-83.0530786930133,19.003092455120935,-20.300606917264204,18.890452601262183,-62.01302864552336,96.96395118875583,-44.63062054501561,-53.83062348512355,-34.32933972011105,-49.312447237365234,-88.00590711701612,-66.88845825798228,-15.19231589362191,52.682463157095896,-51.41730219936602,94.5902852885682,-12.47314217109981,-12.66792789553692,64.56405203869897,93.98362755031374,-50.210638850903244,-98.81791984615069,68.22776840011497,1
43.1944457694795,73.40232138212008,-10.054917881578774,-66.42421978343074,86.45851517463342,53.88108018194322,1.721559867450864,25.380810640511157,-68.92590251563044,13.096617523962408,50.763147822675194,-1.992233606213503,-16.4422722465104,43.67127785728442,78.51576200305846,-42.52077780098893,-24.468688275898742,25.716079357789923,-65.82180077313413,92.84435310611573,94.47315635657071,23.876305315201577,-69.8545479201259,-58.28766751095691,-5.763526297680073,11.608201621470158,73.07397061043787,18.804978531404146,55.45838660505254,44.792537273529206,29.79165046273482,-70.29855409560209,68.5663335696627,25.083003570815606,-52.44962894799494,1.6993121468765509,-19.319718841155094,-28.798998437584928,-24.895702028479192,-48.08817053505092,17.93162602064315,94.84517471775814,37.596859951025095,28.04998711601877,-30.43947403107245,-32.59404107548913,95.29892058384365,14.851821733621989,-4.076619567805409,78.80925902987087,-1
-66.39715845102731,-98.82705442256774,-11.270870679304252,-63.44521946730073,-96.15789338529703,78.1622827598492,1.20492889007528,-49.02074588733776,31.740541241925257,-63.52670959733218,74.97611806042218,-75.19220056577696,-65.40056616655448,97.5995992475616,66.1022461926801,20.593279878323884,97.0032862710352,-92.51455165784917,17.665822680398406,-4.748000309456458,16.72866545398341,63.288481219884915,46.27203860855573,-74.13925522512348,64.198970638178,-74.43694582517814,89.98627178355767,16.943861777319967,36.73914675212137,-82.19098885897074,-62.72243305998173,-41.08786715469792,-89.70595264602123,91.17464533072234,-27.8789378549412,-36.87045840416514,42.122760320096035,-28.638023700238733,-98.05982549831356,13.15480444217836,64.69853498983741,50.38759877064891,12.930756741174392,51.17816547737749,70.28815678722034,97.8330113747545,-51.62086261822654,-40.338064454764954,55.66913217613538,-59.230052787285416,-1
93.16646394366651,68.99007545452082,-9.49327119413988,-35.82699099520606,99.23205924333482,-64.86886130176751,62.106628642945594,33.55542626446385,-20.584809062594573,-64.58184723126107,-55.01314693178387,76.39406606872373,64.15236630883456,-33.89735585350992,-81.17249346404516,-88.97401454363722,89.82017582010565,-21.26681601267377,-73.97833509542858,-11.6176449153281,55.9750477776326,-98.68711296136227,-88.31240799220018,-57.49293232568577,-15.71690912265096,14.53263529723283,6.068181226639922,-32.78038738166633,-25.149161351274557,34.061096868418474,20.189430958816317,-41.3551400262413,53.72565690642938,93.31717250528425,70.34787809226069,-65.22567870938217,-39.46544177708083,1.4772479006892638,-32.09294989894474,-44.014084183484755,6.807405783556803,42.30832569982965,-66.18025622852161,61.85735906411563,4.773908328682637,-90.3095686838822,-29.350638383719357,26.114347596499627,-53.40522034759729,-8.52609295427726,1
-12.46773437035931,-59.93203578071154,-63.25221483151442,-7.616141317872518,45.94709998367904,25.526564427773593,-12.87232232677195,-18.767701359151673,14.766463517435312,-36.06219064038336,-43.744490430626534,21.765740030716344,-54.928887683425366,-97.50943436656682,-38.58071825036858,-81.5763983613426,38.03299888754046,21.972566489301485,-1.3916521849728838,29.24086497219548,-1.1194990681269417,-14.938994546620549,81.27393504792389,58.813694738619404,74.99061123123124,-16.195790317494854,40.90012667733154,-77.627600373932,-52.846375215276865,2.1737588598239626,-6.6173965516681506,99.17638822842608,73.09678677053029,27.886855135651473,28.99315520277119,84.44349555263949,68.85586852628899,-92.24368615995353,-86.15558528268687,-78.81755088419683,-55.42586638764686,72.97501798172138,-44.83929728127984,-32.01118770889518,84.41710955705827,-65.29936375895801,2.766117758441311,-32.99451226132115,-40.470544618957874,73.76599685505573,-1
63.444440040243165,35.32344671050129,69.82644959770212,-15.26196426790058,-61.254242760682146,35.17094752542897,-88.0383049295341,-71.04649945188763,16.545831850062058,-41.700937437241635,53.59278040963568,-14.744458342799831,74.65187627123316,49.973812253712794,-57.59054371065433,-8.256701243868577,13.118894941762875,58.696762983343916,18.041379483407468,-50.990327146944914,18.896852086461593,-4.322616523581061,-4.440092824004708,36.18936689126599,-66.40396888106835,-48.263718073859806,-65.19026859952143,83.60990833542294,-10.260536712151364,-86.47292536408386,-31.072704917587842,-93.30321128438739,0.7815251827444314,-84.12801576161182,-14.227242364092717,4.183944658537769,-14.423774115304113,84.82899208512649,-36.706914436121686,-77.95325099286099,79.19708195907461,-64.74491743968136,87.60608905228918,81.14074658546332,-54.13014716683278,64.7911201991752,10.673587275232194,-18.338114331767613,-43.82156070395862,87.40073978713488,-1
-52.37066926686074,65.43162968552468,2.547294057045036,70.12010966031136,-71.66101654795365,24.954783406633723,-65.88026611450799,-52.586105977928476,-40.20590246566349,-35.704050073906274,-48.26607357832528,22.677828759699082,21.753920196204035,57.12742911994519,-65.13548278650131,-95.35043845429556,-89.94347723198214,-31.82060780026437,-44.13052523765184,-21.93905350680525,-37.25151385814451,9.010607057203643,-67.33527639143806,60.147107346031675,44.977190137229314,-53.27105522689077,31.163703858670658,-46.77627603239402,-71.67093120656688,-40.384223982937975,-57.270769854526684,-55.44695030736566,78.80652172096174,-21.458895611370494,93.61332903912049,37.50132991828687,25.173743892217274,83.53553267327581,94.97846289850631,98.83060175859319,-7.628603679831244,-25.37222691473437,17.464305688236053,-63.67140930948916,-7.675550915966298,14.392159316362822,12.628552375257371,-12.858107241613538,-29.782281293982265,-31.54524106087912,1
93.89408665507378,42.444041035431724,-62.360003664027545,82.96302983824555,-19.03357320295494,40.64677122246451,-14.862952176313243,-97.56770919873917,-18.10796716296275,3.6852815622686137,10.079592958980598,-97.07029196127242,33.21826354181056,-48.5677607307329,30.46242138902238,-68.36727506019693,-84.06741653365346,10.526500118689668,72.19076474910295,44.35763898175691,68.2461198213515,-53.184188928717724,30.072286069233684,-10.478200145334185,-45.651900745819816,-96.7222942257472,-62.54860192116332,-80.53140036514321,-54.59515528274763,67.28863041020756,5.6539521797680266,44.84834215514687,4.456691040629465,9.524781438953411,-7.94496636895073,37.62954150279205,97.39707948376207,-35.195276536795845,35.67298922918269,69.39647352521365,-38.308486102352916,-60.07624179527306,21.291071250132475,-21.903622708710884,-88.1303866804557,-0.8095333996779459,-17.757083979401784,-69.96583246684898,51.432158557584785,6.817880953676749,-1
47.014208760777166,29.65950545976031,78.68869307525301,88.36425379294533,24.538648523995093,12.33459176778888,-28.605240159743303,95.12402314317285,-26.349673560104847,14.284242869850146,-84.5355308998294,-2.2748666993229705,40.65703795347278,-44.88651426488792,-6.297727641194001,-35.96044439302035,11.70740989139658,-94.10597763353599,46.63998970925499,-80.47762391615687,-97.31341558188473,17.254675586207597,39.756050778758066,20.80151604480234,-0.8507519584021139,45.378450067655024,-30.26847479084371,99.98121780337681,23.591181730859432,-55.26782470304272,-70.19649222589932,38.15659631871665,-36.960522659423646,-17.78988771945893,78.574125876469,79.29860567967953,-30.957419773860835,-35.76411062271056,84.24548455998487,85.12466236992674,-9.929507615446326,70.4534765753512,-34.460858288922964,-51.68254243578072,-75.77938742724781,-67.54170754474256,-75.84374816375363,-73.46114787428846,83.00013410351576,8.246016245798444,1
-83.03245718296162,-7.934189871446989,38.74825973966571,72.46104731533413,-61.679328496293536,-5.69490290958403,24.733381651324976,69.20149542235515,-7.173944156148849,92.21032998016406,38.25853179177929,29.285025582054203,6.253431096738922,78.62591201888733,-3.5430028555920785,-75.52151396401962,3.7538002072352583,-54.73209379706787,-74.62141732866297,-10.144907324574561,-46.070945814620345,-11.124600892684725,21.970935899217167,-29.802209720636938,-21.19518401086664,-19.48474968744442,42.37937020796278,6.407136484119988,-19.460929984401503,68.18838232740671,-56.89143399197769,43.84368898246174,81.34914732435689,-48.08364740147495,-20.64830304336394,86.42274133725067,-42.65956388508887,-99.41430229744215,34.20712893494593,42.645069996932705,84.67614478476449,68.2975052281142,56.110923019231535,-10.463610239920598,59.23768249890415,21.63305014293566,38.08671493676613,87.21733553758003,-79.34386893243396,91.20404485115608,-1
56.48516244255757,-54.03479164149279,-11.579250758444218,-94.56773970926933,18.02171041871236,-77.35628449961465,30.739824269191814,3.3926204967075932,12.847537671797852,87.21095408310276,35.582752048193925,43.2249641615426,-3.80689846339925,37.92035967013442,64.83570269654999,-77.08613781127313,-69.76740221426871,-53.097877918758954,15.83699657330375,26.18448574853207,-92.04737369363731,90.18348976167502,14.69300931712543,60.39854510514445,42.728423434460694,16.993377406067836,37.666899376054175,84.63751266752553,31.67896245599394,64.14214659905392,27.400809106311414,33.84835741453162,-13.81019779580987,47.93526259476545,-53.857464391801145,-26.36725694492597,7.416238369549745,-11.273775233002766,-15.717116955786963,85.73714400856667,69.45000563640608,22.143997605099358,63.93123144667925,-69.52104248326563,83.90619716755296,67.85618877343279,92.23043135867351,-72.89701062806432,-90.4197713174844,-44.50571846433924,-1
-9.929922843841439,-66.7598926382509,18.268517959728342,-74.39504742778465,-1.8115311794083766,47.095378434184596,48.71382601593481,-17.535757735153055,20.071725500721385,-51.36896130794846,78.98514542749012,61.359576530536486,-99.22334715240437,-8.044341769557263,18.18650466377909,-34.22055182190256,50.156103893329885,30.84674543203471,-33.3415566699411,55.399151674704314,-63.1225630606461,-9.723824369675711,67.01820699528008,-46.49405345050592,-47.58063759701743,-96.85238273929369,-68.16732107559294,-95.0040756530991,-39.82590307001972,74.52736562690049,-33.1098085427772,70.90585695063601,-84.37983578416907,94.19327744607321,-0.7892829968205461,-90.24224390835123,98.30932861168137,-28.269627402721497,-10.821929526515348,-96.16418421472682,-91.14596281591265,21.13957677599106,22.234349542130843,42.46405970113847,-71.57648610727702,-94.92171182848739,88.03826886436778,-88.90496904625142,-76.95519009882048,38.07419756261805,-1
91.62360178388676,-93.16488219178251,30.916960038292046,25.961997141223534,-23.090897471492354,75.32219410957762,-57.88678683027899,57.85415761245727,-29.152931360821682,84.20486479656867,-36.3224875065878,-14.084263503814114,-25.84173611379623,-40.32921298764312,-67.74947077233502,1.014847895289165,46.31706658858246,-3.3595054778110693,21.175070763837937,64.464883053932,-6.4628025318391735,-71.94628193511983,51.752694279350834,-25.777347301985444,46.25436774251747,71.67534001002602,54.24202157516683,97.02960091321125,12.348099734732472,-52.54770143193295,17.97158917956925,-34.52095976284562,41.2997072889182,-7.004493815761023,-37.18652892722562,92.36317920382714,-43.95694554788414,16.371045812998048,-77.53360827204439,9.37949989140256,57.31828441631461,45.92404745752009,-19.150797273685427,-71.65795473783143,-65.37071314470458,42.04670329685882,-90.9597683590585,0.5188320225586835,-42.19241264274392,70.35132453793878,1
-67.03703685411257,-64.06975640893162,-95.83095203845984,-40.58226936255185,-76.82959233972647,-84.68381372647724,-3.606568075981613,-37.452604234414636,-85.23069933940161,62.66474919762004,-30.266832879304644,-62.57202385886711,-1.8724401038992937,98.66599803469629,24.367298183361015,-69.31244997132808,-28.054152327474213,14.695687819159062,-27.546155138128526,-66.32037550619279,-37.98589446652814,95.02650357107584,74.46754731598725,25.934090274662978,-76.07700615687192,-1.528601137182335,-97.49395755624406,43.08514780524732,41.337420079598274,73.1883144914461,35.92603107470089,-57.81571644222383,-61.85365807593677,-75.0418189704449,68.47539493837996,-0.35969684539662694,88.05433591991132,63.17906999801443,-8.09821613017887,8.404435951405759,58.636402172290445,62.582176213703576,40.33396757842053,7.4164424530428334,-87.90450881089296,36.87513772896395,-51.82278757669783,94.85700015914392,-73.31193507034752,-31.936333846326974,-1
55.42938318548735,-42.054403252357076,45.78042715814999,13.240964701429064,71.9135177622228,51.28787412671471,28.340294187212834,-58.343938115117375,-25.82753454841462,-96.26207175635287,21.986384842406935,28.708300984657086,-5.028752626677743,-35.75318611669999,-81.07221025160128,-76.96568839767284,41.0023028248996,50.04745208853939,80.69150937192984,89.92939923660913,42.286079782782195,19.637424861708453,-56.27492282618163,-13.864396603517633,-4.245260135629579,84.08424433387464,76.5071164207215,-50.44886009465963,-65.95449700209434,-94.69823582253095,31.83093539683682,75.98440618948808,-96.26439964555303,-20.880423573984473,63.265927133337954,45.77690516268717,29.73761234414272,65.93116222168845,-53.315967589670365,-69.67302885627116,5.602609580722941,-34.73443797078278,-93.74215506683477,-49.284200479156915,-94.69290035624347,91.11836785673131,40.128062487532475,-66.39195464846586,50.579345120836166,5.709357290135358,1
-69.66502405344977,52.42592409006491,-90.42688021877858,-78.59786547911582,-24.583365223002374,63.306619713440966,91.10612858857493,-18.4996037533965,18.2918862664704,77.68249932395622,-34.61552433839228,51.53778272315128,-76.23550537576008,33.54482568724143,8.37977719730334,-85.60301288032035,50.58541755002577,-30.514086530752138,-70.53845406854862,-32.458334498932544,41.75253855961975,-27.922629557447664,-36.431088851709006,54.98687098461309,-95.51951332814315,-16.201507349863746,76.66783770934279,-6.485257303830423,-72.29725167366614,-96.6148099809732,-23.74766720878914,44.573360938618976,30.408113887216018,93.93388546719379,4.7975770073687585,-13.314714672241749,98.20607089569,83.43278123699608,72.37735041298689,-87.37156812672802,37.670190689770465,-94.4089263426573,-8.587878649960729,21.15594674939345,-54.16876188094704,42.67285883314159,-66.460243101738,-91.98137928263097,12.906846628059583,-30.654069718875903,1
-53.66565972331132,-95.77003533011674,29.334550631981017,89.23474095926906,33.27530483848079,-75.8956320415902,-15.700706632273992,92.39969246348667,-12.846338418793081,-10.835813605534625,33.14115174978832,37.21971786301751,99.47948849816078,65.43220809606066,-33.37410359224823,-8.456864627556328,29.11948650221862,-0.21807492483635826,-93.40467465689919,-35.22185928974318,79.30105322394542,86.09375864664662,36.01853255752951,91.7901923553244,-98.6157653446568,-64.25517901155834,-21.61941392887738,10.424154606661219,26.967413378653887,-76.07807753087042,-79.13407139269755,-63.47599768425933,-16.57430074494677,95.41133590584883,38.775773726565916,28.88035601719946,53.489938450951826,78.17787645972086,61.70147225915329,-34.826631295126504,6.363248082421748,28.57066313449471,-70.0925057687057,-84.53147298810345,33.97088372896127,-3.33293352232063,31.193041763196874,-8.139446512809442,86.57007649823251,-10.963426143214122,1
15.561410050216935,-57.65664430760686,-73.02503071839047,-94.91181977351214,91.55732722202029,6.397099095509134,-90.7076675444909,53.679764360974275,-69.92466573792397,-85.31661383061677,24.042106468239012,71.2733333875234,7.014633969906853,89.93710556414229,-67.11806105200458,78.70180147965777,-68.16362805422102,-46.959922416229816,-53.405528160495905,-18.89451514816062,63.42051482515336,4.571365820357769,12.32483192810298,-93.14509110431513,-54.19628498988005,94.02355905928246,-2.9001649501291666,18.93540249267167,-90.24834535416923,-35.815933296450694,-78.83913649063688,61.71805076713429,-52.399661429543556,-92.1196930485836,-24.13917436385242,44.2196898472765,-97.11874467287554,-11.128199448252857,40.67374269154212,10.45353932631528,-60.40222466839349,48.56032570778734,-64.46329509761692,96.65070893649155,-91.10536917741172,-54.800951991956914,-29.55957819974519,-86.45778428836717,85.49283874712276,-61.220277063205145,1
-91.92983462806006,-24.008009548049486,68.07230107706374,23.606496836227436,29.061185803521028,61.71055924548426,86.88132932309983,28.646200532193347,-7.846655556049711,25.633200607802635,88.23905547591062,19.294363958282787,-50.93373291017353,-72.36404030835142,64.64439093249615,55.360315562198565,0.08888343440278845,21.152704676211712,81.17216982899279,69.8948169843934,66.17697096503267,67.99967893365468,84.5068036033444,13.812209851239274,-80.75049227330322,75.82973577044959,-63.14655562475438,94.54889128958959,-90.31532059299681,-83.6135767895448,-55.45020940333736,96.33997423287371,98.63067490400465,-90.48209967740209,-6.7808842986054,-32.85573063255332,14.727965070751495,11.204950020232673,-0.39495116172849976,-91.38688996663842,6.112409438044224,-98.93579419866356,-94.73396661463163,20.58493023017813,60.17112063344757,-23.74020398571915,87.7028713996061,-39.33498720573052,56.494265206305045,-58.914227474828905,-1
4.546565876398816,68.79869438840495,17.823747196047307,-39.30315828968784,-15.687648776616086,-0.31991486759616805,43.92531490322827,4.75927467445571,-24.2119976510033,-61.46435820264353,-70.36489069596827,-18.929248164259093,92.42606524289107,20.988924621532078,92.3972029149362,6.387723172832693,-91.35051138877559,55.07784243320501,-83.85139220069277,-51.325576880274724,12.866683362596774,-85.70768524020049,-47.75204257554535,47.44405000650016,-80.59196736938345,59.937307881706204,75.26452801957183,4.698731072966012,-69.19121698467727,26.532726938629935,12.476300145150176,70.87746094755215,-67.6992191081004,-69.55364330418779,55.22975211770989,-84.41296466959636,69.96598443276326,-61.89387635337042,-95.30133990019414,27.166266848131897,40.50757993124603,81.03384474416029,-77.92087573078544,-18.310746004416515,99.0954037490277,16.96545198542063,47.401516893175,-87.64548785013986,58.73364935706746,-42.58830769591033,1
30.17547380943884,52.819117315775856,-52.2026824488647,5.178593715799963,83.06534738641864,-92.16324359774984,-28.335347573601453,-81.13294821740422,-76.4722132211413,53.92636718064833,-9.405949771655898,-42.26185318747291,40.70041941154642,40.2591957277734,-97.63346371669428,47.25051180424367,-54.70365419961125,-55.97541956342553,-40.19403014179712,8.373951046848745,61.29510286495341,5.038274150056779,87.94225132891543,-56.13946487104029,-76.3797766109787,-61.99145850906274,35.69962797688265,12.887291960206923,98.99479866239614,71.03761726645047,56.535998698488896,-15.55630002526999,33.84863573829756,-82.98560107007398,87.94148411693047,-58.562474433697666,16.172438057144987,-42.80028509303937,-0.07110643255010984,49.394676192268264,77.51773927313306,-40.015476765241395,-18.415248661489898,99.78214852455272,-42.49379982849304,-81.07831942061985,23.768042197997175,-97.77188581023589,-66.95397870369376,-10.385297832563452,-1
-78.26349212506159,0.7546887449268098,-20.119939644341045,-38.80071824855269,-43.74814189497405,-47.39495342308655,49.94976648545898,-52.739224585455744,-90.36382556830458,11.876743299872544,93.58935708043498,5.616478092955759,11.91826515551682,-21.117065264987403,-72.56757698569751,-26.193505320304865,-80.1317673505046,42.57084673445425,97.20563602185334,85.89921879691798,-99.11750989378119,-26.321718771230067,16.285989326030446,-19.185069669267122,79.90465144038754,14.908319170599853,-83.85106464997882,-34.91408958606685,36.407004199852565,-34.59204852674222,65.69871537802584,-22.196172201227895,69.60643803956984,-93.06585648235337,-97.12360110358892,-93.2839190679233,-51.270259740631815,-3.7307938829694365,-64.66884616673443,64.3029075554644,-15.600337938513206,26.966793432380626,12.213354895628541,41.04447605031595,-98.12592450617605,-25.467363001029725,-11.929615670498222,-6.719916769559234,46.34871958753834,-6.851247541612366,-1
55.04881036698984,-47.23878501072849,52.60387956313349,36.94450744426641,8.970711567207672,-74.83650641703258,72.88632123114041,81.57956399401144,-66.7615889091166,80.95690523911648,-94.80453917342703,98.54786113876267,-2.442963475473306,53.540250646599304,-18.29437770010543,-1.7185808763223918,12.802568228162414,79.40828680307413,-38.244428321167526,-17.583206577666473,81.7070585628054,91.6807640549157,-17.371134234944876,-9.979366807323458,-90.36890826964381,4.482607398739063,22.77636361898186,98.8256053295454,-23.088217332508137,-3.9734211142837523,89.74496180741866,52.02402268580758,52.06745039974271,-11.167035146102535,49.59970608481473,99.05554930887777,86.32022979391462,-6.816395440749943,73.91127596143238,-79.0849007103499,45.75447618072343,-55.27153461134186,-97.79460286415762,-83.81950937453325,-8.219174135168188,24.204275507616885,-66.50335992981539,47.56792947819653,18.916365525985256,-44.74088466283108,1
64.19620345982818,94.73842697003977,-18.89576895929281,-58.64072672847871,40.198578797829754,23.035162276648464,23.837692620982324,58.86512365411784,0.4651578660391067,97.04505820946986,35.41727843641695,88.83356391700033,36.476146967525494,-64.02533967062449,-70.65850623359424,18.9716366305924,88.9884526521206,8.639931897888275,5.888823577654165,-44.47570216128756,84.47381609997535,-21.01243099273084,-5.676668240326222,78.75861527354334,52.8256978932649,-69.2670232273725,-48.91417431671768,-73.99986761998608,-71.5086840396952,-51.880265333461374,61.30712834106134,-30.558603257321536,-44.48679207405086,-51.19448270332292,-46.53652225534426,-30.600675696652118,-16.176906783926796,-41.176180313315335,56.272715356277416,90.02171167284371,-60.51504962423615,76.67531374044165,-80.08034866388137,-98.89588382631547,11.886156003298495,-37.3694430524484,96.14872331623593,89.17147054861493,-95.83027332671432,-41.94073447256152,1
12.883317555949532,75.56652071516288,-91.74605052507563,44.845647461367236,26.127457791848727,94.27053501721099,12.27100566870807,-82.4418748562315,-78.76722448345839,76.06243934996343,86.02025751932524,-70.3210553025271,41.02561132155603,51.84963531979784,34.569283390603914,-27.16070778544615,65.40804208343576,-8.131023099752909,66.64782697242975,63.387336348246265,82.71908209138385,40.11432738963563,-18.599237946430208,20.684640016833484,23.167260634561714,51.876502107988955,51.38254988918371,65.62721836049087,20.652366531115646,-67.61047746422801,-26.308352778917808,-29.59941558943413,56.51198985978837,-16.055645062569596,53.34284038845618,8.758345456086118,-76.97685707643214,61.484708589055316,-82.43853141230935,63.153278773462205,-77.8562838366305,66.52007823932527,19.614555567051823,24.799695797514246,-84.52582407301995,91.75735651240731,34.769514781973385,-70.54960622321894,-9.652962841925913,-38.322338760062344,-1
-32.976229148171626,-50.204620167727,66.9596985159881,21.7143448612033,48.59582689779137,38.05107188242408,76.841451378995,77.5152702044966,-22.160407360878565,-57.361139771758765,83.21654898657198,40.298496165555264,-35.81506139509571,-48.65219014803959,-16.523972074157342,55.34462785874902,76.60376357760867,-28.51493861791849,54.26455074208258,31.510399089162945,75.10691459341788,-87.57626682452928,-59.49952745289509,75.11433126350951,88.57101355543168,-70.87468596895712,-67.12617822783108,-89.6044556992712,99.58929958180858,-35.34606688039328,39.61802860771019,-43.74116028921311,62.15206528155542,94.70506387487819,35.46868786241819,-57.11652720538469,23.488053594837965,-79.49663326129424,-49.81644599492916,63.031529207156524,-24.961195211399527,-33.27327933406889,19.446919115135188,-48.070046429688304,21.13410039640877,50.84962364750575,-49.95596807747198,33.09968570703427,-97.55612618924656,66.66490430120854,-1
-85.4196329264193,44.12325813274299,80.43882367653515,-82.3088518628927,42.561118478338074,69.4430813261636,47.05933576055773,15.864931511442677,-40.76178722951662,55.59404186492111,54.27445042795051,72.34112966330414,44.430953851897215,-38.729447665789074,-99.96574892640496,90.02881960002748,-32.963913533728515,68.57197741283346,-1.4848920893033863,-51.45884401359111,-16.49410758500889,-3.2832898751125015,17.79532220013344,-67.03036240487953,-64.49824383761084,51.290534010293015,25.138243091089436,-45.59266725811453,-4.235120079541829,34.20686164539211,-33.37302274345035,14.867730343351738,-85.7534902027819,-76.90546104780145,-68.9426900515345,6.531095419737937,-67.05507122048726,91.78673494428978,-57.84993373283098,28.852906741919213,-8.23521689950806,29.290702316845483,-85.12175244957265,99.0638705356852,43.047269339764625,0.6025826089080653,93.17147970499255,-54.453443249766906,-34.53897935120389,77.03675608139028,1
23.025828108239963,-68.84967542689404,-59.64008373156196,19.754740826723307,58.416859314790514,-75.58406447698087,-26.50673608221237,5.309637503681387,-66.69546414835264,-73.99059895706344,95.38858251777913,-70.05768318533862,-57.13817500095675,88.59306572577947,97.775429352754,-14.423396203278571,73.95043352318405,-41.61039463013363,-65.45676653053908,-74.03596548403345,-27.166964718644437,-87.4798480494279,-37.97902721075188,-6.023539858047172,-42.43079937934047,23.222246965731813,76.55383508160386,-79.11405356797599,76.44908467410829,70.33757522860455,-83.30174317321237,11.811034749595677,-57.49087947158114,-70.88588150215466,-64.16534686616666,-16.390352208707085,-98.38591290425018,79.69491565757673,43.70013957862227,79.16180684673057,79.41122058838832,-69.59880398943298,26.83463678151452,79.9065378863738,43.703509315073376,-75.35105722293827,93.48231212780027,-8.066201456924333,-72.88128471866995,-56.812260762907265,-1
-92.07623493032857,9.882366412192908,-77.24750750386964,25.797677444870445,18.087456155782974,-76.38164836057334,-58.776184347904056,11.107909358110035,-26.38193420268955,28.900740681750847,8.12453263871356,5.946695920697806,-48.72586244817172,-80.57767140253331,32.830785087430684,47.27887373124253,-42.775218182331386,-87.39764658605151,40.33372259518012,-3.6964585306367184,-39.432394869225874,15.470626150165856,83.70399531677535,-12.669860383898254,57.17370632675389,64.33870407344463,24.58099495895094,92.33727477819693,-53.85237952140274,-91.2080883174643,39.543388564867854,12.122085597969232,54.04085243959409,16.752828184463112,-77.07842017760495,18.366261068651895,45.36924672322115,80.4689028046947,-76.71142288857418,16.47385776436083,93.3823501377675,23.3743511254811,60.29058103502501,0.5546719029746896,35.60689703446397,57.48235566744279,-28.40267618568278,27.944885408168346,-62.95005434558896,46.45809671906551,-1
12.783913351124738,88.65967944913052,65.88932795233288,0.1411180987770564,49.77625593318686,-29.966728628460487,9.71752290991978,31.640798018822608,73.23528030813733,3.4067696750997243,23.311914314600685,5.547768784511689,-76.77881818460408,8.58614479680297,16.751556500898374,25.167345700890692,35.53640433210015,57.436956367559105,85.80441238206001,83.8162115695425,-14.507875729790996,-98.91611289085543,-1.012314839306086,17.84269919322341,12.057480383593173,-19.23516762596185,-77.7148931978535,-6.63758870163808,-36.99396851484242,21.208777884689198,93.940119149087,16.495712207145303,-72.49853301526946,-12.016492383612928,48.16740245967742,-60.644215804764826,15.839617229854113,-41.312753921119395,-30.595809542581094,-9.007255314157362,0.5500653890419045,59.482802651672756,-84.19901544583553,36.93350077649055,-53.37872578722171,2.6880558338622507,62.047168896224804,-92.09300238329715,28.734384844573924,-38.185609812754564,1
-45.78074924718685,37.175255017292926,8.847351522083486,73.73877897977039,52.97790572222877,-0.19213928102728062,-22.66754939563171,-86.20129282004945,4.604529413730134,-55.338124457191554,65.94206712554595,26.29184740048933,93.68851418139434,-27.482018832589162,-78.64736025054708,91.03596186916036,-28.36987076655953,-83.0597628250745,30.36966461395056,-11.786438203920781,33.18988916526041,84.67500017299554,-21.050054739828795,-15.67567600669166,-49.688504205145875,16.439438463989745,32.04633172451682,-78.47174712790827,5.86621824392455,-88.99036965436397,-93.44199438645184,4.606227444137062,59.14687560555521,37.78699508620937,-62.729578919644325,72.47537842282074,-58.44640123778315,88.94160812290036,-35.818844985196634,28.898457258875226,-74.52141447931926,17.180780344823916,-27.480151381333044,-68.50980759957193,-8.000468477537765,-85.35619133753181,23.6767770859815,39.07773680951726,-35.046119568350605,88.04854708420115,-1
92.80576943310274,-92.32722772885977,36.04267418673359,-34.87070156250935,52.30146193530473,95.64104075998335,-42.47102272815386,91.16493332332746,-94.08054535757393,7.771835553545458,82.82217587518502,68.01621807979294,-82.3707365610379,82.17889689361454,79.90342724546156,87.89675662137816,65.67870708202145,-6.311989148832424,37.545212830838324,27.85096348772001,-99.62186289620311,-65.56654174100004,-16.262881081624613,66.26151408920043,-11.664554551198918,-25.778042641925424,-74.04521030750486,-53.89415360831214,-11.861897837672359,65.10225070036293,62.549315100903215,-37.6343508032001,-11.347005469607652,87.4273544757462,-22.906421876664012,70.60720318032173,78.35958158978127,30.400441648599354,47.37929128752438,58.28806884300559,-10.576347091315938,76.53671060879216,-67.43466345340939,-27.545215807185585,23.48030491189992,-65.97430051868457,21.982205744466455,57.76295364560059,-27.33442727043267,-92.5984858313772,-1
67.97226057334407,50.986507957010076,-75.54225576388009,63.11739610315371,70.39744363695414,-95.66399766660764,-41.40936578180132,-72.64438778720472,-3.112002526986828,87.96708496966482,42.57993041664753,-14.036168807655656,94.43229694199059,-73.22542105308861,62.6835443927329,43.10607840000719,8.63213899557526,-73.52778096794572,-48.203377991365784,-45.47732778998863,25.770103368091384,66.46844247737619,-78.95775698221503,60.23392999889461,62.81699696498745,-95.76734475965681,42.34113290362524,60.5263788605173,54.8792726640128,-92.05535936392435,10.692054484515694,-76.34812634161104,-14.744557813047308,-87.26317825539141,36.519947849383954,-29.022663424010204,-55.59231775158662,41.693928534081635,31.11246076827078,69.25519145602036,-56.9066290774318,20.63162561302265,3.3406913561116767,-15.571828923704118,13.928471131332003,-61.45550629804413,77.976239860915,69.19740956152603,-78.53120314541471,46.732599716370544,-1
91.30027965989603,-88.58018431096473,-64.5729090413995,8.15364656546727,19.675788639899267,56.262525685720874,-2.596702764982183,-83.24616001449047,-36.5774153407332,-11.046776468133544,-88.54119594102544,52.339988973192106,87.37282015112666,-33.74979651629795,37.05664676860013,-85.05435411803191,19.52851487588066,62.017656521891894,3.530916089701023,34.814402094623574,-86.29483195734156,-39.44033789705672,-31.519617490612887,-4.897316236088784,-41.688260442699466,18.93429860524256,-89.93613198724069,32.975103899328616,-91.09643421234104,-36.1041258357945,-30.43456473188604,-62.54619241536612,24.917766212636863,-23.663164081226313,-11.112619786395328,-97.50398449239093,-76.4924734191182,-2.788665062340229,-5.226844463137809,-51.766927716708125,0.4272531726786042,46.951823526070285,15.874978090592151,-31.540166825937504,59.87529194951293,12.530353843128154,95.98454602782644,82.56272342534498,-52.59470948980272,-14.759712420210832,-1
36.774024981806406,60.77694174705067,-84.93117648536986,49.534354016031585,-98.30711567653809,-4.964805414636842,20.26893398141621,-76.78907623951837,81.16221647665728,-35.08223417000322,-43.59375281459042,89.0097623803209,-60.4409155566269,6.244829871384766,-41.44222719484154,56.74649683409734,-45.8082266707146,62.81952845585403,71.97470479253332,-26.750664961621368,27.98236251933868,12.717512350720511,-61.8636151009605,-39.67038004748422,26.429469998171285,63.13857166134147,-78.27627181790947,-76.37438836376704,-16.229209163058385,29.824301440977422,-22.766230289789306,-15.359761708507989,52.05735491784526,-70.07879841893214,10.801570920479662,54.29525494715716,32.42752660392668,62.367711239933755,-61.510135857651235,-61.26424728287494,-54.101872838692074,-47.72351666729855,-2.064933688527802,46.10257506467755,-87.15944743636383,-95.22572638078253,77.80226778948273,-76.89678146558123,20.153595450453295,-63.928620394162095,1
-79.31317702790332,-28.97364719485674,32.00052091491989,-42.10606226549276,42.550551038739144,-69.30228857404845,84.19153337967998,6.776344975948064,68.74266544065046,57.05849714009048,-4.45302919781119,21.539400349794064,56.80995598377888,5.957271296483,40.24981337953386,-16.672749733788223,60.08673150537069,26.920431188977176,-41.37860447984523,-17.548023187382384,79.35281888301347,84.971964091524,-18.255891639839007,-52.680404670594314,-34.41344620383289,83.71001431592535,76.99313995197198,-8.153778394344968,7.436480802496192,-16.524222382789077,82.90285261352653,61.59006767840353,3.1365059161635287,-47.28466150304691,-46.34897022423645,-59.95657752888766,32.6672262843139,55.09451091502285,-89.11460495973382,75.5124549204323,27.968024708402737,56.560369911610934,31.48364226624801,-30.724135247202327,-42.782939156705304,82.73443084730937,47.727581656637426,39.929258097760425,45.94103199028612,-39.36917186113196,-1
29.16216253104119,-85.65293125051501,94.70531036745035,-24.807779567729213,5.892970394293329,-85.21287129666048,32.471716377769496,33.29321909799856,78.47397964506942,24.968542496208684,-98.26451806167991,58.80041447865872,-25.83885272538815,0.06468271366553324,69.52905749242021,63.255888042553096,-70.91051684710021,-98.64950934525305,9.963184117490599,12.204448978147454,-23.075111581274328,-23.89888195361935,-18.161600594474535,-35.89685974056603,70.39225491924088,57.5550803910879,-41.90561963901778,64.86648537349035,-54.86021804456522,22.07205817591884,47.91104694769865,70.43986301578809,47.71615334130911,-67.28538019097675,-16.35351226874289,72.16947334265308,-63.41826543327396,54.34177291753721,-12.172506293052024,48.109039918858855,-24.247996655680538,-47.347583517628536,12.195369468006717,87.50235561473693,29.959200670257474,71.79367020059442,1.9237917675454952,78.0058793009915,64.02526853018128,-80.70709449180944,1
50.12295032817167,14.239836792582736,73.66479273007357,-6.681425312876101,84.00315539920135,39.446628088054126,-58.15850351622478,23.860072749490072,22.56363762221676,-13.039830188149935,-80.94349748310762,44.31527444486596,-6.940036108985012,-43.61971985275761,56.17173465362106,-81.28609485935148,63.411784472682314,-1.946849016941016,-72.0838286932165,-57.086011753228895,-41.45862302460337,-69.14818753108374,-56.09638347516923,79.20002670903821,-45.27822351146477,-41.657470184719216,78.39638378760802,3.7055589220045704,93.31812798139842,-75.81774255943303,17.553235067352773,44.76674839777118,62.1183391353174,-46.678042699515764,27.54032620206293,71.49563129179441,71.48914134072433,96.59934908494938,90.18264690815485,-17.660729451952335,62.65721034905755,-68.75259994165808,-63.21385088582878,-10.801840690426246,-68.25133957799794,-18.38393339169076,-56.54490360106872,90.31722706468179,24.205891863455648,65.37413504701598,1
48.15372355084088,2.5230488206399855,-91.6054547512988,-40.408514208328185,-77.35484154975649,-93.36544859296221,-42.52852584742903,-82.11882376015846,-75.29521227562395,89.93668546089074,-41.20756375774537,-43.454760501965374,-37.24135212556057,-50.94408777094721,-3.6190655229863893,-6.941842894835688,59.59014046623665,67.71502516300666,-25.600234864451593,51.66121477232224,-2.8529322505071804,87.38456488665486,-51.65301431040148,-93.92643445196427,-39.99195501789481,61.97570735550775,-41.496235397527,49.47205868651346,-39.22478515099548,10.512464948757767,79.75614364062503,95.33653688127669,53.731901875141716,27.840038074414224,75.05686119245877,-6.092607249068507,76.7064815350648,61.41619072530344,-33.80775815820371,-51.23026588429982,0.23287517822005555,46.93685509804507,87.79216034785918,-61.75051252869543,56.64353256307638,33.272091950390575,-56.71018555930467,-32.06370248878956,-89.7564993556561,88.16624850843522,-1
24.537908189959495,-14.681619789121328,-75.58924658373681,62.22170286856493,10.081888635697169,-28.94369948164706,-39.499476866219865,-20.42717396036096,4.066538697762965,29.52467740340532,97.16710808372028,-6.014801300066864,-39.28917641818905,-27.936603902299836,30.46075373041316,25.754762289793945,98.14082409012025,-34.33549580683888,-60.83228838579351,39.702213700963966,66.7118275599637,14.843000853418104,-41.0531096000381,49.20158589743576,-51.79124153017452,-83.45227655677981,-54.008779675178516,42.65146777124454,83.14378336605614,76.88940041419704,22.26512172509119,53.66820513461613,-65.77624462911228,57.29542873645548,2.656584598801558,-90.72832016296029,42.47771994506866,32.87263066581551,-30.035577061763632,-82.82884473884945,-99.15475265035863,94.72812870145052,16.43204526919682,37.92716687123402,-55.14326261269391,63.20266437978273,-18.308848720753687,-95.6265708333387,53.63817451575889,69.80043908239608,-1
-85.30065053399747,-17.266895283358608,-66.04147208981053,-38.134645156637625,-91.38651473878056,68.37865720013451,-72.62662842324134,-44.47371019965396,26.155707452527707,57.088586850553526,-80.52001122834476,-33.99864964913064,30.15708604864122,-51.11160865820601,75.91311659994267,-51.06188121242956,-43.93110619891192,-16.006631026754704,-83.73521624393447,-51.178109489475034,93.67185642757744,-17.40918522779839,15.216974799477143,52.374904719828436,56.552248700499575,11.989123218455518,-15.171935440540977,24.537822854447327,-37.13951178229382,68.74682173779706,15.990041633611725,-72.85016522227855,86.69689113502207,40.734213982118035,-12.584785248611666,-74.75048525592828,-27.337803419880274,37.89319632900049,27.038214756268857,78.71626193939122,-56.50018840967259,31.645207930492063,75.94929221155056,78.83237227901859,6.978158064434226,87.39014986506442,-1.256573657916448,-55.70690534320839,-85.57015255587291,-92.6857578292791,1
-45.730193645220815,84.52902792071441,-92.45053660651332,-69.6778724139048,14.651914052856625,-14.090910256279415,-87.23728191890667,55.78967651046082,55.75758321305017,-16.68620097132498,-57.56525045170433,80.42212395429473,18.026568787429326,13.736536877301234,-42.05151112380074,99.6293260381745,-41.19421697544672,28.15140469646201,91.66968302974797,52.57021522685284,-25.410127671173115,-59.71948493355905,36.58743278643888,-31.46398628949936,-11.974830745499162,-84.72996191776521,13.051748658554828,52.5656561159754,96.30396967365911,-17.943485592480485,-55.1636357624477,28.06760388900713,-96.55210866983754,-13.122067096272687,-76.3589309080428,-28.585846265677972,33.501480052726464,10.818133669012525,-42.32364565480904,68.54341683404559,-80.68472050444153,53.97227370052457,-64.34118087171217,-98.43165825385994,4.8918179645519615,-69.71190693650702,-65.07052692037152,-73.74721642170414,-72.75717841790942,-78.71163860287248,1
17.32169263509482,12.422176524645906,-44.784972786117926,-35.07655153770453,-65.15969826470342,-93.77031307061205,71.04272524720022,-6.690118285164488,21.971812107431376,41.95940459328261,-9.314059868458187,65.44514859605911,5.316874910125108,11.61845267556268,-30.237946632154618,0.9502865278325743,1.444096480400006,41.40119582978997,69.12360000359226,35.90291694197845,-36.81315617231624,-5.90766100958129,78.90698002741595,29.46404691802988,15.96942658587453,96.27073422702378,27.167507853279886,47.96572621176918,2.6199310618866036,-50.905209020375764,34.079354075117976,11.793557616101708,84.35488626425982,10.286268146469737,-99.90313995425888,23.069456942698906,-26.95847940640492,16.3087460466744,70.30794752693959,-39.69267923458284,-61.6451885930313,91.86336823904509,28.122248011076806,18.416460154425934,16.152718715613815,-58.149900998181025,69.6617038427548,89.49561041981454,-56.21355838610857,-57.87975154758127,1
65.37171219455061,-14.396129512071226,-1.9043185583865494,10.100828154043569,-25.61410889342919,-37.35661136866186,61.19122556560802,-16.069437950930038,90.3888991748486,-22.34120934849409,-99.7744044468472,4.111631248730731,-66.65629540691809,78.82418740176945,-62.32891938163301,-86.29253240688931,-24.340997212324993,-25.173413061908406,46.420008636114716,19.939765647025112,-59.165297248347606,-41.4321847685492,6.110070433326172,-16.86747901134291,41.609622773437394,-68.94615221718001,77.52192832663602,85.70092289316295,-69.26627441233776,-93.31348546031812,13.714243008756625,-88.77824251483872,-19.677764863902553,83.94179646154586,96.59822880622576,42.49009434861975,31.305922664005436,-72.33407553261347,93.87052845188285,-7.771781397037316,44.80639592912107,9.926167518181956,70.80000149480335,-13.323271920504084,-18.04773156683153,-41.63541101706567,-85.61375033748611,72.76077552796204,-21.07543762589546,-90.92383664135804,1
-9.988272114754949,88.52194203173113,-43.23077033077269,-71.94636767291429,22.674033952368603,-17.56111018938114,90.20031633524823,-38.39585244748138,-53.02524344940191,-87.42497675204245,90.56678665255131,-82.42555961034992,-58.60751962181987,28.779799962479444,-10.728930421100742,-49.92030409055439,-82.64257761569877,-46.59014200824549,-61.91484474855087,70.26764407241606,-74.90232121355152,-55.70284093145958,-30.331106147907732,24.79884931406812,49.89031623137251,-85.23522694331325,99.3042819170715,-44.54234684532003,-72.77270462873014,-39.018176762324465,-29.231168484436537,78.58794016651578,-87.27371279137806,-45.45091666778702,12.131325061510708,45.700297173248174,-6.427534724560061,21.786912258490105,77.586795968003,70.788826166402,24.310584634699126,-14.111544865341699,85.57704514971846,65.27824072915917,82.5941224511993,-55.389673736514666,-56.33166240326703,35.47336284407859,-91.5188532738448,45.94071495067345,-1
-28.43775013288139,76.05035465633742,94.67583915502345,-91.02833276292284,62.81940139344721,44.98788812209108,-91.57103003644644,-91.80013036807384,-32.16574018584252,-1.1634260464063289,6.690833568537059,-90.08831605894785,27.21824899551632,-2.8618919136481225,-16.591864930105388,-36.09153756959225,70.8350834215185,-34.60071388722528,8.091816247005099,17.13677612469033,-59.45024717714513,-46.72674141909867,-14.396905757255425,68.73921800981998,-72.2752048943006,-34.73199285594515,28.37353529596632,47.96519193724927,94.9766761503532,-62.769266327753485,-29.996937754403035,-67.24615068013067,10.05566419156321,-95.00026166081102,-3.0490055622848047,20.884109922167184,-3.906960146747892,37.49707560656296,91.45861526597761,58.51477163020772,68.67720889920491,-62.053713652037665,62.15783974876712,59.90379867637711,2.3469345620994204,-56.47348581131668,-12.24121041555577,64.0515113331439,12.273360306964548,59.4051939927526,-1
31.351212694911425,60.274307092727355,-91.5462011528131,-73.74755778142581,-71.96871565957395,44.11475361199359,55.17011142961957,43.98429043409101,30.81246479146131,49.620391554712455,-60.96123353733598,63.46827209271689,52.909800774448456,-4.070073974058033,-41.215608803869564,52.96920357224943,85.34388456046636,-20.163571371653276,20.013015584628462,-74.22142965605548,8.975619517829344,-37.29978997843926,-62.167053605169144,33.56225816869343,-65.07580590038737,15.233686519542957,-97.3077854385118,-24.678767770658055,-14.897375908506376,45.65122038571084,71.14040251630846,99.23203277625737,-89.93518836018131,-68.48123260187685,-58.338633733167164,97.3517373945376,13.932323894436067,11.936654531293087,-67.21244257433428,-20.98942617387975,41.626316543456,-61.1468831124252,48.910611965173786,-59.757322751595886,-88.17312255173577,-49.53061533541867,96.68683972298285,-79.93125480431459,-43.52329549187226,3.6031436610050065,1
-55.14130334299099,-99.53050522650938,69.9087519108244,-78.72717339456688,36.917679530616766,64.54544424946943,-63.57874933252907,33.34140694695597,-68.18981427941178,-15.114855712098759,90.92093871267025,-53.73834380474762,-85.00764881724155,46.03219267327421,61.00141947659753,69.12682352192502,60.38382395684735,26.94850332074843,60.42867420264716,-70.21976432941685,-22.660987994390865,57.232983076851696,25.84625352988101,-55.841188126314314,23.19784259402529,-28.093180104695392,88.58360393104323,17.861292777685918,21.389248987951845,-26.33562068594955,27.25488883266516,41.72473361900083,52.629846879443335,-24.431951660419585,44.167524530907514,48.544905514270255,24.262719062541052,-95.32710068689929,-82.94128508960867,-55.99200584428479,76.37815510100967,-93.0586247533663,-97.22520793617203,-33.59393784006892,-12.415299996799845,45.738966326228905,8.854737773231449,-92.04263853692434,68.36726776446699,34.08380594879375,-1
-1.7808541233669644,-27.362175256754995,-89.74593350736934,-12.067693525881879,87.35362667442047,-70.43324108624347,-52.168979970535176,55.89042437916527,42.3860924633467,98.26121631179078,20.49670986917573,-98.45815481111455,-15.08365054656926,75.34218387817168,-65.63172945799053,51.009984417967615,5.048575319530187,24.818501991769182,-55.338940934570346,38.33727298710542,-76.96464285584261,41.4214100681468,-88.69794257106457,75.25769188698098,89.10469839598517,-21.73562409426853,-8.910786267324752,59.87658509696516,44.2084356379728,-80.54241994568629,47.65899690725445,78.09913205797224,24.718279820052373,-9.866884470024488,-13.431746999669556,32.694337978319226,56.766412762063396,94.27749394062047,63.342379481269916,-52.858446144975304,-28.46570146375413,60.631537978455725,2.8372447472589784,-14.619405970622694,-77.83047691805334,75.6727043003572,-22.52596265667053,-85.89575658597204,-15.876857093153916,-60.17641560075826,-1
-36.7797376906059,43.40958774142095,36.88653791631975,-68.9811458278581,43.97992727693989,81.24578743037429,16.772560625717233,75.09495498904488,19.417607831691726,-26.929835663149106,-60.81032312121568,27.432536531634668,74.15370364058029,31.329102816598123,-87.49934453313193,18.106972294437497,-94.19298188882811,11.380407962122206,38.01924945701762,-4.681401576129048,-17.45191719267109,98.98845325086984,95.85161477400601,-41.280298435597615,45.321652731186845,15.63545475550363,71.41325518413672,64.51369119432556,83.29832327444012,54.42783390888417,58.488371313342526,97.86653641035349,27.05393306046426,7.553263994556289,-20.472632206483496,-58.77971401856432,-87.40325019475495,-12.120869021112284,95.93266551302906,32.88364380422561,48.33318453503185,18.80114993930991,-30.25628786852988,-73.28695661588627,86.77263481811352,-74.83731053596131,-82.77294908002861,3.198176914074253,-51.87881389340659,-34.397473412678934,-1
38.49856533384505,-80.10075476387237,-25.999291884993724,-98.5739959557988,-2.1396052326262662,-71.30455114043195,97.45579967685683,38.27158080613327,38.17650104931161,-81.76396148962897,18.382261260222663,-6.5788382698008405,-70.09880113988581,-86.29792689492638,-62.863212428848335,96.17688546476603,2.8997056959202467,-87.94803369630742,63.300752081956944,-50.73517952586428,-53.55594710294697,71.45649921086385,-25.616613856443976,-31.533360736633824,64.24369138065259,-94.48380653642982,-17.3658295210563,0.37850664098633047,-78.45499040414721,48.398514908053215,-52.547415544848654,-80.01199891630529,-55.08922034247432,-99.3733687255167,-40.93257281970102,28.705277671723252,-62.31363938291621,-25.374212392747523,-84.47121611615856,-15.040138935184856,45.86622667901008,-64.37915624896266,-52.452339771807324,-1.4832123814575056,74.41792346123108,-30.557093116035688,37.04869641172053,59.79909102371684,-23.049591673453634,3.8081942760110508,-1
78.37442896214694,13.172614711923899,71.92878211307922,21.591436762009025,88.11185215136896,29.58380943202735,63.7721032394235,36.89244519546446,67.62299270861882,-0.0852114143151681,-25.682528812413082,50.31292320059961,-49.039326240284666,94.58848071056337,99.34528514819146,-90.62074826687459,-35.65771708606722,82.54607292961495,-7.437459132226266,-39.011139761530586,-98.07668694526524,-35.41617570661376,-58.9829321798939,-56.68977613970985,-27.12784236928482,-85.31631031197733,84.78150707822246,-36.69375791377099,-89.93711883229356,-4.1754653398797785,60.17856729677851,-15.238655525840556,38.698368709718466,30.56283664867965,2.4290684178106545,42.352553359902714,-19.41999572725217,-15.215242411447989,55.01754440508532,-10.410943119613322,19.016835683320593,-53.43882001653499,-7.951135860005849,-56.6893951391114,-2.9481748035762365,26.828357253516558,-27.403040773734105,-74.84332116458376,36.13668065717954,77.36209548255093,-1
95.7050936778281,-6.307752582582694,-60.107462633389595,-28.205914062598268,57.47648508316112,-94.36700119664678,-13.817021464227935,83.49004695794935,-83.47651383973627,73.13758382063622,57.31620928336312,43.301416842835295,25.743412026199522,-96.00977824304711,40.773730825070686,8.055297076941656,-83.17679080774012,58.8732192827172,-87.68788369611775,-62.92066726232668,34.79718540339951,46.885843292611696,-44.13342214241516,66.33551078856004,-29.100582556064893,-81.01774096577358,88.72273713521301,16.36254608499486,-3.7634214268328634,36.64244121935596,74.80276942721966,-53.06689750019093,-22.247901518487083,42.818400308564776,84.22561479089302,-69.8430813841771,88.72111229479171,-42.532486704387765,2.675419540432088,-72.92890156549467,35.93349936989259,-5.356213548883687,63.42294168902117,-45.211822175858686,-69.350613648949,11.78584270725969,-57.042739756375994,-71.40002570828676,-37.64117071348736,-97.17190902378346,1
-52.08762186660552,-59.64101034950862,-51.95456672089094,70.1611915934898,-88.82234634938496,5.711692486736325,-48.2749215027056,67.3141525212661,-94.97867209896454,-16.592637586496124,-45.17267776911633,9.612675310878544,1.0447966858441902,60.73196841721935,-31.520038885241974,-99.37201670788758,23.697865808272624,-54.69221942688183,82.57031331052212,67.80616917339364,34.105051891584424,45.977014260075265,47.455899092835864,-83.9917385286567,-82.4557686249992,-14.086961790318455,-89.24726943611223,-64.28420256624743,74.30396847894914,10.98826296588365,-26.448358366693952,-71.04536223830134,-57.31569609465441,-99.91329759962584,25.99724751292969,43.23367230409977,13.168119750074922,-51.93043186035639,-37.334047175505056,-54.80238919590026,-39.79140819220244,70.0855936185055,-83.7194177947599,-33.70390724629226,49.82471706699948,-83.20068717912663,38.131185565428495,74.91672160576363,27.28900502026565,98.5952695027892,1
32.33345192583781,31.07663989269065,87.84482723424134,-44.142500841166864,-30.38954260181316,61.488397718908715,90.3945509415197,35.798782961539814,75.79715863381489,37.76048446878838,2.9707424441922825,54.3385619272332,-85.26871226040724,85.55449904785172,80.34193502680483,-62.269813511379255,-31.867466602229968,22.30504432280381,-42.52982186390464,-19.932782497212045,89.2332115760743,-56.6281735737634,-46.54643664335565,-98.69166951294235,-41.0792632492061,87.45289427023931,-76.77652319602032,-55.6574434145781,82.51984644452094,44.35211503905708,-90.6954967855152,43.3633035442833,37.397159980091885,-32.41050802517003,-28.241098257674068,-92.59773210985489,-44.612196292961045,-43.412863241808196,-62.67698894342064,-93.2657744223354,-38.97616889452004,25.360474169767727,-51.24426852240882,92.80217146561694,-51.047139200130154,93.41991817560228,-4.488222292981689,-20.664803078345926,2.990183561136533,0.8206739246655843,1
21.581018558688925,70.9030871821499,-32.08537175836608,-57.02071328515363,33.23666657011802,-32.03881090084752,72.45791491902568,-0.12133661663465034,-43.83901193469952,92.14900655289503,-86.61303835569163,29.739491855211043,-17.30172321298535,-71.12292784028963,49.31552948951622,-35.09768375211601,57.274842788841084,12.93407414016869,22.009384939827555,-16.405194834410693,1.595198100805078,-94.31260345558843,-22.202041878911345,-80.6909271244391,-67.68327297684957,37.44756621715203,25.683816686456623,80.91016681480417,-59.1967945558515,43.78678549959105,23.537817556863615,55.79355291718795,-37.670183841716785,-52.208870180730905,8.436281433065702,36.81179087715151,-19.35248676750372,78.24232810930829,-53.78406281736865,26.99856823989674,21.63964584124878,-54.43101501384648,71.91500759140106,98.12826119504402,-8.508350241876599,47.834613044715184,93.38232322150316,96.10029094142394,97.7586426774553,32.703846484805524,1
13.661720667094329,-5.13826702631394,45.01920377953016,87.77666301411341,72.46832239277524,89.1087124351939,14.548877203228898,-2.713308282421252,48.59745096152463,91.3124248515318,-55.83867228486592,-79.03426494718806,-60.54819798319389,-3.066466901879508,-73.54814121125723,48.37577343205521,-34.61350711703726,-59.40940147870257,42.80891506397299,99.66676114494283,88.72932153221501,-49.450962116721044,95.32353432525343,42.300911771619695,95.77086146234976,-92.99208173414772,-24.32109540566077,-41.20974213775466,-64.965464608135,75.90278309298725,-32.451509942229364,3.864119166886553,67.41925843843393,-39.15726362447103,41.514492123340574,-97.94790833081754,-5.768605797972668,48.35465992370601,-12.88828719899631,-20.736643884183877,-5.697986928508342,-6.224737591962622,-5.496112423925538,74.23967622402324,-74.7299049894802,-58.85540150056301,69.428344073734,-70.471595096962,-74.99401045420231,-54.898623051973836,-1
52.323923065743514,51.29021759778237,-53.64194447668407,20.094572650054815,22.7196137538823,-47.088174400883,-53.23134888077408,3.4548579532828825,-21.020350331768697,-38.7179899426817,89.72640027228331,39.35540555645258,60.381920069743984,-74.3962435982487,3.871565082646484,60.09815879986985,14.396837353027593,-87.97755117807078,-24.162334977150863,-67.4766587349902,50.904120191240764,96.69332414249911,-50.51799709068043,32.72780931148483,37.042758071501794,-20.431759533804893,-68.33711121185357,99.43108169035739,-62.21552722880921,-30.86236441474408,16.6931565564538,-83.78945284758579,41.43229169997713,91.62906115550012,97.86610834999269,-73.12028289891089,17.912761296373006,8.913337760656262,-18.70480588527934,-10.677745805894645,-64.62043426180733,-64.12490484949345,7.509924221345756,-76.23638441125937,28.38813405477424,84.95104042014285,68.5539715365642,-54.978572700229165,97.06487978513104,-22.887627982035667,1
-49.82418002185995,-2.1606964038768837,-91.95104587614986,71.52224706511149,5.605470146044198,23.27592092312767,28.59022785714714,8.66254781950424,-23.72955623475302,66.83019382848494,-20.571888445553398,77.74687122296368,-38.14703166596989,-51.07477184133455,-46.34387164182794,66.21674397398326,-88.25419656893942,48.858929533745,-86.2419506326044,93.16606452282508,-41.15865956903919,81.71379253754185,-60.44259637129381,33.403216848287855,-37.04520422952966,8.252211864124064,-34.146558183929685,86.97614510395769,-42.60199521410968,-78.28041015964695,-48.90333045969007,-9.197988033467738,-27.221978876813168,47.10252900493498,-51.16915312733088,-36.468022314657844,-33.88422516464411,28.49737742991684,-86.36507294855211,27.529311816014143,-70.84828214075051,15.980387185551976,78.5130110620994,80.49344191461384,-64.82390018463539,55.3905813421371,-60.48992578999823,98.72011583998949,-52.2864809542513,18.143725022273728,1
-64.97537197392936,-67.77999534871554,-93.28816367054978,-56.0039590203637,62.15229362952769,59.38911272433154,-48.93008829313865,-4.228384294389315,-7.805153768991175,87.14212699386411,-79.2764513508438,-41.17986289073134,-47.42083116957281,65.20756198007248,20.334657969115824,4.8562470269052085,6.885126151026739,-33.16212225093416,61.62941994158902,75.37436978449941,-48.502192619686646,-25.357417701955782,55.399297287185476,-56.580819452011475,-52.8941001509595,48.38827492420205,88.0384970782348,-91.12823172808078,81.84492766987427,-83.63247454345225,48.083347462676755,-26.478770674281435,88.64635131923245,54.40415632175461,39.87732970577733,-11.690806331099935,-69.67942218604895,-59.38292867321471,-38.83108168858982,-54.117820135267756,-8.849965589511527,20.26161588658819,54.34996109479363,-46.46126123608052,52.23855118421346,20.42755062501311,51.23265673146696,60.81446560845282,-17.605616049578373,65.16554804147324,-1
18.343393778480092,-71.84590844575733,-95.96101538313341,50.4093855611722,21.090553227583527,-83.39916050428104,40.9039787255287,44.6248061666123,0.054606166989785265,40.132933414174346,17.02335173625309,88.65616520115142,40.70360705709447,-15.705654781029097,-33.272255845826535,-34.094948131378544,-88.34561165761991,-12.714693295931852,89.5841860321496,-26.260342812221722,-13.262693004540239,19.422810286883106,-14.426364443019352,-67.99392408190106,-24.3914736607298,24.077431645341747,8.540693583047613,-45.289558540892095,68.42291131766936,-86.11984724459509,-4.0100649872926795,74.23697818235078,-85.72015602321896,-54.672449387287344,-18.67461491120966,77.30344652680475,70.58323462590536,-35.23632758342379,2.2887635190606375,-23.133439659618134,53.988031884294884,-71.22887265350231,-31.913122607407658,-17.185954365446946,0.7113083526262756,-68.57974811088667,10.73802331396378,97.97598819998072,-35.53610336698263,-56.29492381890127,1
-29.379422212322098,99.6842467847548,-91.01810069825369,30.032706503528743,-8.856123986942649,-76.70904882827938,-54.56965033266208,63.823875776799696,11.543357030150503,-6.014305941064919,14.259503782388634,-19.299119924800024,45.64579855545995,-16.4928010190239,45.200368867109574,96.89245518097582,-62.612422540614965,28.18345343689765,8.864112229118376,62.33679280579972,-97.45567845175356,-55.5257432877172,22.543363352063068,26.55130599631515,-3.7484273918296793,-87.01530927362148,76.87292766325385,8.806143137504236,-70.41031249364138,-23.348462321109636,52.15568254278156,36.59837511044955,-30.320058113579208,-20.714893225225012,-72.23409368254934,-27.11107326774345,46.16938593423191,-60.975907859040966,6.209850773181785,13.645718177210384,-30.361465794840555,8.20479767109829,58.95741032538601,-87.01800760308515,-96.68812424564057,-33.0350519172644,47.96988631513639,-12.101256702626117,99.46297525663437,16.42919364117725,-1
-82.02462965276787,-7.793286380437593,8.407077101223635,-23.978800256839207,93.14532468235765,-70.322927300072,-82.65413686284151,-81.86131516133304,-25.198876903601757,50.53315601287494,92.24378608310212,-71.22763980436615,-82.8506213871374,76.77420332323837,-9.115742754202259,11.51495321225957,71.15318844382344,74.57685236768361,-72.9081249504402,92.80257942166057,-40.752791238700766,-59.85243668479359,-4.083347607710181,-65.84145923760704,-10.108181207596829,-75.90557536201328,52.19079639612343,-58.87049473476795,62.04779719189534,-82.83346025722301,-70.42539741503073,-13.849558983942359,11.797501312315276,71.65096106696669,-54.06149505381668,74.70943080132182,3.6889366209509546,28.406004889232804,92.14425637694242,-41.559272864028806,-35.31636997755652,32.4875097958936,77.47155199944814,42.6263724100921,-29.80938335410906,-29.61146961108021,47.4072235356937,39.42088738403487,14.120657311771282,72.03165874298978,-1
-45.60027893112879,55.38927767850424,-72.16067731662288,12.740443883638335,75.65173828782929,-93.49406908280056,-26.564193347088704,-14.904778659644563,42.57676945555079,-84.30732172130556,85.1170316581136,-4.291868694032416,-61.17315201361584,36.868030020635416,-71.02769097922798,-88.1840697906585,-60.89480456824021,-58.47406200440337,7.4848678033957015,-95.36975805275982,-94.31579739260857,-12.314805451144608,-39.80394103029992,72.19998631208821,66.28627072033743,30.142053033289216,72.38729093421063,-40.18863858274837,-46.9300357717622,-0.588512070856865,52.02015698365605,-16.1013860516354,-13.045331412095635,97.75988824321547,-5.4224347850923635,56.71313333534377,-72.63028495624243,58.193191942737485,-85.16851063081529,-14.267287001596912,-57.88219457949837,70.48059730646784,-25.307425314162273,69.76742358487923,-0.25787483116386056,-91.26456529543081,65.45426609375485,-69.01452755221197,-49.74697685679836,53.988850160897584,1
-11.179288618676281,-93.62304095828158,34.59008004927372,-52.71920820937708,-22.71032510913102,11.000494475278998,-67.47334925022233,80.99153848285434,50.916623501691305,62.34447456693766,-61.1345974913728,44.382459398304235,-35.24920320331191,-36.141177685747735,-79.46652645107422,89.82900148294502,-99.91252186373339,75.06258863733527,-74.07482380631959,29.70537393037108,-28.261867192283447,54.78709605134006,35.36721164337163,-41.118405033373584,-8.84174140417457,-22.297227412459293,36.46623978671434,44.74312709072831,19.25363002291371,42.29627021014238,28.32814900908096,50.96201641109707,-71.6459710705324,90.30440826383185,-96.95696177701491,11.844800040731542,-60.848255220232694,-91.1173595524875,78.98995841595092,94.42247521131668,-5.6857650029773765,5.020623910668405,-95.33941298916776,-70.66599774674849,79.23124204396953,-17.516877156799993,-47.20621396229359,66.24125068747068,92.2471548563959,-51.994083507092896,1
26.275195528675326,-34.216044357855125,74.50410336923639,90.71136134401968,47.56546546875745,5.610427487102456,-13.773264349868825,93.72491346021178,79.418152150559,-45.21649297080543,76.38764915383766,92.58221508389371,78.54078050276658,38.65586654232126,62.49709770652629,41.48444819190303,13.279894918553552,-9.561680009461227,-95.34897264806106,45.346601963059584,-19.474247963236763,-37.00749325897028,-61.94616469784064,24.194497817479004,-36.01900708914179,-31.749570980849356,22.582191562697858,73.4977460996623,-53.87470611845173,39.997487272417686,-55.24844081919251,15.824904393027623,-82.32877408303973,8.740608198382048,-24.856876216749683,28.51913710798334,22.307530420956084,-55.218016821901216,-57.94254417483182,-88.2356287086394,-84.94646362650795,68.06645940710797,74.02784269803118,-37.17781503481981,-70.78466156653407,85.35846148050598,29.313375602795247,20.395779040234643,18.48864255094844,77.03631901915301,1
-42.0497094172464,94.01489133334138,-47.4238596021348,53.08644334895433,86.59120842841568,26.182585293164635,-91.19033276749005,-49.379548947020815,-28.467448980358228,-3.3322487857376757,-79.45947214579401,-43.154590399672045,59.41937929997715,47.74627501340191,-77.05039809859902,-38.831353405392655,21.56448746791284,-72.63301356423591,-10.969822713294164,-35.385221726099104,-92.2206255495916,80.77150212039567,5.1058521357637545,40.171943710986085,-45.421087114702765,51.144270699388755,61.89634487281319,-59.6996099555861,-9.224745056924078,-10.529490926598186,-94.52368962304134,-69.60305515810263,62.14364860156388,75.53329297865588,62.01991722938513,-38.789496144924044,86.46915603545614,74.25129542963401,-4.881033064113694,85.0358476839755,-81.18774360758887,-97.35671603546872,35.578954515417365,-68.73685592675184,-20.623483208935895,-33.56915915919785,87.00043151724893,-7.248953043502667,-82.3145262358118,-35.29737970380474,1
-20.61534475968078,-71.44287266642306,17.533810294652056,-35.927605901538755,91.35364344297005,54.83973190583731,8.50621767438031,-65.01775521667255,45.93976686218198,-77.83262686151629,-50.48626001367074,64.9945701722607,-57.31115045125297,7.438154961435387,57.42901851174042,-81.33417729054898,59.058468638863474,-37.121299003296635,-48.09632477669612,-35.18997364109512,82.7173273653267,-15.83366303750664,-89.70410368717039,-96.85537858739157,-56.345993405082,-20.84083014357705,75.08543717853601,3.2118836404209077,-68.41807026574406,80.41132043008929,-63.2772623727444,14.933430228446355,78.16445225925236,-59.741694726646124,-83.67595920679727,16.96143756861271,-77.11401634952355,60.90350878403527,-51.43878442128425,-44.743497412918785,-2.2250842770425265,9.90635576617342,-63.15439232731299,-56.91111043537455,58.84024795942889,-35.69035722217035,92.44429226396582,42.3033723722385,-99.2837807976416,55.71544161052216,-1
-97.85694046092821,-40.39149544172882,52.254285925072054,-17.958998943293537,70.15987566392278,81.88563979780133,-52.95801481931004,-97.30969413905702,-21.00997776372438,-50.36702330188365,-48.75465570215369,-5.861447823956169,58.73841938219448,-69.56853244312333,30.24473059615292,-4.562800977191529,7.402729323109057,99.27056691530424,-29.147245474848773,-9.043236615678069,75.80833601374289,71.71194104851614,96.81805281175605,88.57627988938094,29.669243791214456,-50.1944060844691,-77.03094462707733,-13.44948746554951,83.99000203006841,-19.60592817032068,-58.79157851523493,-77.8196040516468,-73.32646442393529,-79.43190487155593,57.56821147328458,-37.386351021819394,18.00227418172588,81.46436039760883,-73.2254443924149,-57.54823055554272,-45.96849524825639,5.821663740086876,-70.20971832684899,-38.0438252043708,-75.76646050554024,12.14583873789978,-2.255582689064056,55.17243367926565,-14.024396475378651,-3.070215363558276,-1
88.54635482702514,-16.213404403210802,90.56076964983464,-43.732282790872645,34.24561557133404,-39.69591922227265,-42.94000484102363,37.98856152596346,9.337825940510996,-12.280305279521443,-8.785773985617752,91.01584822900156,74.00959606568495,-9.342185065947078,74.72596933709252,21.561912692169514,28.82344947419034,-94.65676112255781,-63.627215700904905,95.29112172664782,-49.148873995826435,-25.192277696299172,75.14748097645224,-35.686494729609365,-54.20541907318685,-47.46593206517402,-20.89555041346192,-28.503305705327932,47.645055645442795,36.28104836641333,81.94550453937279,71.97255843093504,65.05136999734773,-7.471835793765209,-74.28675761391573,14.880249496679298,36.50756584483946,63.822226832506516,-5.192774277767313,-16.71441549682953,29.253503201019015,-21.76210339213658,-63.95222116310588,-2.8303286906326264,-15.61260488603655,80.36513092525797,17.775790243892146,-13.45748567224419,71.67857012661113,98.6650892523017,-1
53.30546324432544,-79.89392826163282,-45.622335616295075,-72.21081281145032,-36.05031975468718,-20.84321056171676,-41.51770697805299,-50.8094171944296,-64.7003065956938,73.58429846833167,53.72440237427412,74.57058535182162,27.592830006787494,92.78932395899025,0.7925326329346376,-42.7573555602726,78.52105369576816,-19.370453566075312,-47.11255307775433,-26.091553043862277,61.84603671564636,77.82395241268088,84.72313906403926,31.364592817100345,-42.67491138109713,-18.50996516447681,-55.938626184516174,83.19299054403177,-8.408491997299919,-24.646622860616247,56.210772195449096,-72.90090250384193,95.6270290430561,35.369277521336414,-3.8558585203809344,61.910358422518584,88.37324185330584,-37.796396378642136,-24.042107648718016,55.10357102234153,66.47254664092137,-0.6869006317437254,78.77148567404899,-53.01328894905579,60.48571806577908,93.55871897438593,-83.85726451741455,96.9199730679909,41.60165487326054,35.98519673037529,-1
-50.531936836183334,-55.38199631092884,-42.529267651600655,75.84980861555695,-10.194150882812593,-5.4178106623348015,-87.01594236061297,55.48664251701737,-18.056481758879556,-16.784771964350753,26.354878527952735,93.4298833753979,50.08405515111022,-83.33874264406799,-35.9606728974444,-84.91569485598596,-31.74309473117802,58.3547197904808,31.387741801471662,-5.261676255284684,-74.03270861578599,-94.4115802371072,-20.857247677471364,-92.12611065881045,-8.412643565363396,50.16641622777885,66.93871427288192,32.18445837376126,99.48907038886739,-42.110371255539626,33.94603286919448,-0.1626159620567762,17.978976615016236,47.947707965511825,45.62663792973373,-36.00311698971803,-55.35764428679904,40.37182741859999,-92.24049442839114,89.12108140105826,-90.84352006496025,-30.280047916545527,99.04182246376672,91.64828606654123,-88.75463629839737,-36.51289337222421,34.34676235324602,92.4037187225955,-66.746005295565,-26.72436441510237,1
37.265439337219476,-3.3971774312099114,-26.989744491638916,-14.512866089740584,-38.472478379982064,-7.432059562452835,-88.63160220322297,-65.38006841893903,-95.77569823845357,24.913403688557963,-17.32001972698383,-35.73551115697455,85.48326436044067,44.96002379694687,26.24918895936065,66.93515096274615,40.91629361888786,-96.16267081394534,91.03739647865851,-56.41938149081929,40.686805239791596,-67.98057318192369,-36.16631571716928,-68.56151849353596,-28.593189374827446,-49.24133281200878,-29.036870537775968,96.17149684082526,78.83834002798557,24.993334943315176,-39.85581028629961,71.65985066248393,78.13114287140863,-81.54870166493032,25.63845988334168,-60.97515248671996,97.96811810387058,26.601770166591976,-12.890956686348673,-90.38318785707509,-0.16992164734448068,84.10844281401094,66.85461997338103,58.59735973228305,-72.59967505519688,53.00238841671472,-62.87146161223849,-28.271195765323313,73.91226878112326,1.4288225593689816,-1
-56.65203998184487,-84.42420218174185,56.298048651714396,-78.87143022595163,95.9880477144892,96.23599063779511,94.73447964159729,-68.2932590205121,-39.80047046326671,31.448312027234692,-51.64976304524907,41.935018975883196,-8.18822952262741,12.588132345584427,-94.24780334149025,3.1731026039828976,62.84604479080781,-42.38516694840209,49.972410886155956,97.50421208256569,90.45359974367744,-37.407926989263515,-79.63178711012213,-39.61913628569247,-35.23202107669701,-6.381715104564307,87.4359717128537,31.196724445308973,-84.51820378356045,-13.320313230512397,-45.541200458738594,73.61382486734351,-41.60796201155701,-60.70929961476907,-58.13345382462711,17.845080681223678,-2.4228545019506385,65.37952185055227,40.41181400456654,62.102417147740965,50.08797820509321,0.6994719334541912,36.20889916644717,-72.07732089111619,-67.33304383726089,-77.02392368621804,43.64723451906386,19.946155811773835,53.274627662674646,-24.79214946648483,-1
7.6045410727805915,-22.44713429405006,-94.04384253581581,-34.06102265898964,14.831333286310382,46.77754821797487,-97.92145949115829,-88.91119195361499,0.3479315414067514,-63.175240978802364,-26.18654345145987,-52.09673131053017,22.32601901827462,25.698340477691033,-98.6619210701096,81.00957594286396,78.59408243746569,-89.74826666258798,-5.327681421483248,54.745874251722114,16.77006095918952,41.11018694962482,6.820723853566065,-42.36664205334648,-16.082822468846672,-80.31099696669392,-66.97602512115657,60.28141240005678,21.527616095653457,78.85262247252223,-83.53048235928324,-77.53743886328435,46.39694081443372,57.765862026975725,81.61039291596299,-6.930675867361131,62.12451486658611,25.55300014022886,-53.48000189409095,-42.52337178812107,65.86016307332329,-26.712163152169595,39.20190182749806,-93.52724537831092,-97.88225857537584,-46.36775243647519,42.77163878691542,69.51358177421162,-57.72925139413974,45.81559460908164,-1
79.71083770541586,43.535231558699905,-35.7075044104391,-61.60489882815243,-70.70584798433661,-56.1206578872848,24.313446896341517,17.554898033785136,17.861628905164054,-88.15054745035083,-56.11733884153536,-73.90798713127289,-14.26863397963156,-3.8109776221196228,96.63244265352523,42.3820631535022,-37.82205494040662,-71.53565521681413,57.6151358568338,-35.18512669448495,70.33149090014118,-25.372071112034604,-88.93214100943045,93.47921845952726,33.79563272637333,46.576607259074166,-29.973214300129555,9.322987998802418,49.569594738762646,-47.68171416215474,82.00853062211644,-65.25691636054019,73.65122022734383,-53.13095742801109,-21.321043926035287,-46.50522340931818,-61.15279056117509,-96.5147322302425,-15.25878261158644,-97.68102868333845,-20.639058636018802,73.33180032462673,80.78648190513519,-28.950741679072053,-58.3264381935614,32.35078483648488,-3.075237711280465,-2.957098742985991,17.80925894730278,36.35513264527253,1
-78.39484917386173,-27.17578863169892,-80.86625791435746,20.312413764380068,-59.23626396302335,70.85208741862115,-64.1614754289276,32.97209818267598,33.58172085018603,-68.53150588781187,64.10319795762689,-55.44967002361152,80.17416189626582,52.567637427226515,32.382446738445765,45.06285185981375,-36.015380695680044,6.814537583931937,10.675412567471483,-77.40237558725647,98.52571775614433,5.10588411824186,12.575103677669603,-94.81351211058653,-99.75565910553814,-95.05817607231846,-42.52055224060789,-65.10542043532354,-64.02342662767944,98.01281266980033,36.52373307304697,48.882793502588555,-58.67950763173968,8.417844583724005,-46.64921172711492,12.051528535661177,-25.091606914034685,-81.115082481505,66.30539221984566,-66.20549096600362,-12.827569931666673,-9.063851333927403,60.32951020084823,-44.376155005887384,66.90735489146783,86.08369527145078,-68.54026030900664,-3.5855822805588105,6.962500528777866,8.324235352979287,-1
99.94353465722611,-73.31673289535858,51.75882854086257,31.169789714774822,16.401856176382594,21.173369502377668,15.050648018622056,-26.042410495734927,-61.34686187847809,65.41234806512517,25.64237350848353,86.73287639494441,62.222273642251,-11.583860406224545,16.29265249912035,48.26794789163512,76.55710171091155,86.71167545002183,-42.43296368377831,73.15480807414488,78.20355088469555,-83.1138569410022,-91.17066434268074,32.63917600962333,42.72975748055546,-84.44689609803666,-53.59646008231573,-85.58766735546457,49.293248818330824,64.97593788600636,88.4576629109674,11.483904445643304,-85.94222398195541,-15.78405769873082,-36.28337213002757,85.39187838289044,-53.806432072211564,-68.05403643818593,78.14707289441316,-92.07871984474683,75.18236976945084,-32.88965713454017,-27.235460272913926,-5.878702191525505,52.12553133130669,18.49824569704967,-13.419476883381805,-90.34501474914609,-89.17315913255035,-78.52868786596292,1
-88.28693894309323,-82.37468609988845,33.52144594540064,27.13021423178776,-87.5696145734865,-97.4385334739146,17.09281891858845,91.29500495422621,-35.71337220049526,-14.45407303722277,-90.56912933317813,-97.61299819139573,47.476665495192066,50.57528746325741,-90.4567021182487,-22.230600146156362,23.5022583335264,-41.29916735661434,-55.00367010955915,94.80165640224209,-0.35155006826077795,-76.29689673450713,90.56384127127762,56.5556112537013,45.881704990389295,65.153814588107,-0.6431344827286125,23.58478872867144,-32.891085084530914,31.983100525323948,-19.324806781259895,54.789003955431696,93.45606737744356,48.970735318683666,-73.80020662635569,-22.676494095125705,-22.519022977727104,-91.3622508675866,-21.728895737055765,-6.033082733788092,70.77924825914576,66.83077183401412,-41.204337908909935,31.73900161094221,44.85324749000088,22.42046741861799,35.577297328048274,-49.589021466014046,27.064083801361022,-38.09179856555636,1
21.01790370810768,57.62378798904379,-14.374389857971664,68.81126655742713,95.68684479780788,88.73200516069474,21.135630102455096,15.730145683046231,-76.78645912593136,-90.76165208778066,72.15603221076015,-56.07655570711398,69.6478156659295,-8.53581735132056,-33.74724083034326,69.54360330330465,-76.93521573417581,-3.1866127242197564,6.639100513052341,-34.44916131764788,-18.62234888222234,-13.11809688829915,-8.51877946278563,-2.9124817746352107,3.3815409001926042,-42.11169211048531,89.28707904228685,-8.315572803181396,83.42558851753074,59.092063406664096,55.46153712904797,-91.90674468837614,15.757562624117966,72.53149374487009,52.5863269896781,-31.85237761399739,17.922898693976876,-29.136360451437866,-61.30352830886538,-28.212910768142876,-93.09659595337453,-79.45727792068591,-77.84969682904796,59.78489131381096,-16.30031231624676,25.487414420766186,-82.45374095100632,85.82237102904361,54.515291783246795,11.96088209335224,1
58.51896264182693,-43.307770147184165,78.55867128413198,95.11532688711179,-9.271753711258299,79.81947922834854,77.1747034625167,61.15969678147985,-62.8745613358588,55.382896390099404,44.26487862910196,24.97566149255786,-79.85917650655712,35.59414120120428,18.81009652136956,0.6409170967046123,-81.3179297294457,-79.07640077193992,76.13799308932806,37.57594411738009,-44.106082580714535,12.493365865229904,-17.010253761567398,-5.865435441807662,19.619876654801388,-9.57255730764686,76.2830536417901,47.07956933718464,-48.16298231786937,-74.72805665232826,-94.36715445668895,-94.36888066155514,77.7250682306748,-72.578971631772,-4.4217132452521355,50.83224724645689,-1.5059352564367146,87.79186769736413,88.97113417279971,10.776013935150019,-58.07201100702149,44.76981540080283,41.017859741847275,40.48576732423868,-28.09768784720623,-65.10794318747988,39.53655969983333,39.319118670641416,65.97324098454791,-81.67466948215684,-1
99.11378009813757,-60.02540507011127,75.25932809829698,-25.75301310517611,86.58952151125544,-20.24692263402872,-3.4932020911086568,16.929411823093375,-4.1698433432064235,89.70037721936103,-76.62890885014357,7.895130333951059,-41.16657193337656,-93.52758657735846,-31.418476458498603,-38.43410180146294,-20.770904302226796,90.10981408496963,80.92096993475371,-76.88388611936672,43.0949632110046,-63.65119191804014,-13.80664897545789,10.243113886755012,-93.48401884060469,96.6447254451393,-48.559615178951574,-6.402836835507017,94.10507269875922,-17.66448050040526,-45.932375141179605,-82.72662245871034,-39.23260067201315,-57.29185192834989,86.55890072838312,-99.54806876669133,-14.540055633655882,-55.520811413724424,74.7504264943419,-40.65863677897619,73.02476280667383,-52.838706181785675,4.055923510966281,-14.018454333739044,16.41929793533869,96.17448105099993,-77.90325890392991,-28.150673199417838,-15.801064641095792,-92.80306237336049,1
-25.09035132408374,98.63274778669569,-34.785899534575336,20.91253292084751,26.384856285624807,-44.775443331194694,-9.16126458414314,12.033098109058756,52.40429247974345,97.36511249647006,-68.87842216332199,-7.659840642273053,-11.135119030937915,98.78457179688411,-2.161933660150652,-55.55743331238765,47.580359745357526,-99.02425251739811,-99.66475424236678,41.769181480973316,75.01490828827971,-47.02337020392493,38.77342375375423,70.84204073339427,-61.219232183771766,-70.9934689889389,-86.68969021399697,56.52973609001768,93.76463136040493,59.9540625548469,-61.276113769189976,-43.2097979535309,-52.16734307034021,-77.14701047328467,-28.78643028016606,-5.68109427687034,-50.04205144580829,35.06916207215667,-34.78092779185704,45.031793077136115,-77.85538986360407,25.80135113100053,49.66363900349495,-36.13919969030348,-92.78193707925617,61.86692212767613,-71.43868338869768,-75.1974147743058,90.56507169519176,-24.83356783245445,1
27.274856306674877,52.72209592283173,24.22668136966628,-66.21118170968302,13.359968760942209,19.776729914058237,-94.32189635534472,-12.81467561167122,-46.340189179839506,-20.40076086909886,-47.78969223331833,49.032387498117316,4.611099008732822,-2.3020995061291245,-16.75235130750565,23.90892459428497,-69.23680596143103,16.394620975500573,51.90070604135562,-44.485187175457106,25.785588115527247,24.378327076946363,63.5052631022547,-43.6234644563602,56.929685702164875,13.891209221207063,-22.62697901817718,-18.596737179774195,19.530981814028394,52.55923524979397,-34.051450967500756,92.0250117493969,-47.14130637593759,35.15433210803596,99.45143746799172,49.948414639287165,-56.21578506972622,-49.95032911845654,88.57352821580463,-30.479123506264557,-90.52764162680258,48.563041341220185,82.41197259100525,29.184468588156363,-13.2054397522175,16.176932039388973,-83.60413930742953,-40.690321777363536,-26.86847430563229,-38.231152418743285,1
-46.9907143349992,-97.43567009787884,-61.21443594386391,81.17211275850542,-33.45768361352522,59.580551778825225,-79.57578013435287,51.34576274234897,-32.10619555605906,-95.76318115742866,-58.19893531916493,89.19416720246517,28.461341088860365,11.485659979589059,82.18254393086656,95.6602085826762,-87.79430680628262,-98.54375947033431,60.76486586603434,-89.2581225063696,-55.72874346585033,33.00515355964143,60.07667141529964,-52.65973743794827,-70.20796048978852,-10.962310422889757,-71.67648916421513,-79.70665474692144,-29.124640252081193,-29.142627293403734,9.188710085399848,-6.449277724056074,48.964579956997426,98.66249906821952,-20.301464994269793,-29.981190982953592,-73.81697759022508,-47.64066045328781,71.6716377659931,52.50169501324487,56.57704878023472,-64.95555942937716,-99.42701907642464,-57.90769804141909,24.773864253443904,-22.196046689202944,-53.434026886192655,64.91453499876741,42.14036626077839,-31.258261040656805,1
-74.79959442720114,2.615443673609974,-98.08836277038628,49.624160022185265,79.32019161099566,28.860968143828046,4.060565101365896,-61.68661514280189,15.081096873742013,77.7054209129189,-93.57200136396916,75.97377660685055,-99.02593099324226,-52.22795897669585,12.144533530292108,5.204690509856107,99.3217096697883,20.04213645660768,-63.848643475926494,-31.974244929370755,4.943466812768634,25.213900078610394,30.927684184925596,11.209445089018061,-73.04081563305395,1.681381377806801,-82.51874813658077,93.28714664182283,-37.560936529099955,-34.2581105976125,13.474461283651934,45.806402812385386,62.85542450353739,23.51566760359954,-85.71828758473383,54.098998748486366,-36.06855913761105,-56.35879053463413,-98.98861093996194,-71.67779383890709,-71.75148936774832,26.993211452410335,-13.8542914065156,-84.93853613833878,-61.57262766896314,87.55493935624986,60.03846172973911,49.49284802931402,-60.145973878141355,-56.686854500152364,1
-31.48178343777363,14.792303500325943,-60.77213005322568,5.972618167335526,10.647374227924516,-54.83572909304224,11.2951715541614,-44.29187284690352,7.711165490623188,36.26231449867245,-88.3288388138197,-33.09170188380253,-95.76342054923572,-18.781240792113877,-74.82546732073774,-42.2327779075788,36.37870585536774,-58.80832979538746,7.764900013759515,-40.63350517684492,-3.4482988509871433,24.677684461442894,-1.3042031570024193,82.37906396155756,-10.62353772894707,-50.88979442696713,-3.9561766058793637,-52.37334707059183,-77.11276374062761,-4.245058029539777,-30.7297757991458,-55.79323944810155,79.59439533786531,-41.38597141529805,1.1558284211158139,-79.14097571459986,75.66206447301133,1.6007032314768281,78.38590174295226,43.80908504049043,-26.896091281759197,67.54934595778059,2.4146858754999982,98.64762835189939,97.60086026555285,-8.446251544469987,65.77670809521109,92.91743011046569,-56.4246186866012,46.55851629350039,-1
41.44772686267973,-40.11537503937868,-29.756596072302386,-1.205002338946798,5.041213891417698,61.07420674544636,42.78558963706115,20.101492104740686,-28.808567313547684,27.169209626124342,18.94605183092257,-75.55557847429775,-64.2817220241391,93.50408234102312,-87.9573107658803,-57.13019948479641,82.4260327629651,57.37894190139107,72.3616828466532,28.1546633642472,-72.77165731798725,67.99843802986288,-10.435263997786222,7.356565820608125,26.022099514785822,-12.967613866428124,-30.346581827433198,81.8937742820192,-1.2793102511704006,-33.96614730529315,-67.22947543606392,10.895700233473889,36.97801374785462,-83.1827922618682,90.20844932190158,20.29619175661975,21.125038741249156,-51.703678628792346,76.98882029507931,-29.9779010584665,0.37657781578788274,-13.447563591222206,6.784561206621802,11.451871811636806,90.4171410647923,94.46916889441115,-85.88299116963273,82.84182143442999,-45.34725480162336,34.43325557809959,-1
-10.192246413974829,62.14609304608254,72.3128568499913,93.27945837485746,30.67965351799785,15.920857565979048,86.54335280171682,-70.93437160204878,25.695873662544756,42.86280927004816,-23.04069191985731,85.1019441322656,-50.86706694373806,-72.1312471412066,-3.637129519365473,-61.11432734756252,-49.49590730047137,63.43169674946796,-23.135978039292752,-68.09733429725706,84.75790675707805,-60.63128101661446,-51.67235740485401,11.705764934405693,43.21686110839727,-2.290567020622717,-97.62853503556288,-84.54271811248577,43.7741894638732,-2.2012459021875372,89.27435896925917,-40.998430620854066,51.0465309813944,21.392899935184545,91.55443222452578,-86.63822311102388,-2.4720168901838804,-63.2059056941465,-56.04990791489561,-88.64458484609531,66.35072869679811,97.32358459755366,31.342017108700958,48.40168199957591,-98.55179395101304,60.829751001213424,86.43932564334722,-61.90923617173807,-21.835781560648854,94.18412502437599,1
31.295721466300535,-68.69415731685176,-79.98706568669334,-73.76297921584028,94.99809305373941,-21.470983632758347,59.117071356424105,53.51669350856582,30.04976860337095,31.730371171305507,87.06434517270921,-37.30374323771339,-14.47602452305739,69.10222769672677,23.710128151556546,15.195953531720392,-64.16982245074223,-68.93417138381412,9.179967562661531,-52.04216518521536,-17.853313927077735,36.91522037909397,-48.24802887288555,-46.23904277960706,3.1976118474459554,76.03324211234053,28.772854906119193,-37.25542976208995,-24.615599069174237,-93.67709472255765,-32.94565771946243,25.697162231112955,70.71394930976928,11.664539502151143,75.06546315473662,-20.11537886783728,52.268475442129244,-18.499604273382687,27.066028184833016,-73.92540736044326,12.189407681531023,18.714800285040198,1.568977184025158,-74.83644696723235,57.28975322768778,-71.12817716339316,-26.083140404835788,44.50051468520465,29.419496032633816,85.67210105884095,-1
16.129045181926813,-58.06781557765992,-70.33216385605738,-4.6823642160730685,9.259613975776148,30.85089215312567,28.441663368968904,-0.38453104537727256,62.034033307325785,-73.46415765629762,-61.46500636199157,-74.17787868456224,92.19086461511426,97.74252275767446,-15.748344181975455,-97.38106264468604,90.43145293709279,64.47212966453534,28.32301441378877,21.129005492075464,19.790485750420686,74.82624926309907,97.29410767773817,-27.431995225495314,-23.918442301487318,67.53058263796638,-48.135141940533835,-63.89524330052336,74.13113021430962,69.01571167104333,95.20578956981035,-17.66870401671079,-32.321314371647475,-50.73424832623865,-73.53453111731034,10.770882056798797,74.5397237857766,-95.11120960135511,-33.45353182024837,6.115712180815407,-95.79011308645266,-93.74512726913974,47.48121932497159,-42.38491113672118,-13.5199394300884,34.62385085027165,83.5067048814029,39.07228318620594,83.22587782600854,-13.097636304149887,-1
-11.541238909772943,72.48682602823138,4.124493034290367,53.122656804433035,-87.12317881426384,77.88295798427353,13.399930350014898,-15.085286150879185,-17.421611940826892,17.372785059980856,-35.357577027581755,-93.07528841292176,37.69060254104497,29.201791814178478,-81.4129707948768,-66.13189130844938,-56.039182797191515,-44.27924305601947,-57.362157966474946,-87.58459373236332,49.189620800210236,73.77185538590032,-70.89579977907567,13.579179525023434,92.68163600468165,74.78995542874145,-5.954790051251081,-1.214661194083405,-38.07650684759209,26.949763153174516,-69.34962054203568,72.18909845969426,21.45102546314422,-93.89119840779472,-28.938998366199485,3.7742914385241733,-90.6164805704385,-59.38614729967575,29.195543021739297,-24.774313622641685,-74.56950180461612,-2.771627184717957,84.60930344663575,-28.373675932751553,26.507663215417935,-4.1160093715809865,87.89500946928385,4.57760758466938,-99.92766505343775,-7.705312596187213,-1
-66.02258535618854,-2.3330173991330696,54.67844492575446,-29.936494825534282,-70.69268984218533,-17.84060029113057,-92.94436664979872,41.55865604835057,14.102166461883343,-99.35638317766325,76.59060065055391,-14.416715959176528,-1.0724280059009317,88.54955725740089,40.94443154004554,69.9563610863091,-60.7520492566461,58.179114842489355,80.22071706306545,73.21616103918743,5.614609219880236,-35.650741330413595,-5.1320122030259085,21.71499671164092,81.17100956360466,-83.40980564470098,49.73622400735394,34.657047871647904,-64.64929184119708,79.08951964928735,29.419570165170086,-53.033330933055154,-97.02464320643418,-47.756604606608974,27.24002624816984,-3.99892859217789,65.48073683405008,-6.700766849294254,23.53272562588981,97.18560084359399,91.59481151861706,61.95310870418146,-4.093861996396029,-63.829624623047685,72.71208634493661,-27.240082279701255,64.18140888002867,96.7701792560724,-43.15366257661355,5.461014386227816,-1
-1.4749791418281717,-56.509413556552815,-8.168173924817722,-4.586650086545504,24.56378457163946,-92.90331897086051,-40.811249068101276,-68.94663797775976,-22.999406378979174,74.73047085985513,-89.41024043113353,29.309078095401418,-62.3349817727328,-47.86061829255419,-57.85919164925497,-8.353168252543838,-29.64770157835379,-54.48248834449188,-82.58646318793485,-79.23791287781003,-24.336613565598043,96.84584029697751,61.00779996601872,38.83022269499364,-35.98379666460632,-7.354371125249614,-27.516165925997214,-40.366790808118694,-87.64305200672644,-27.82817959660477,-54.429864029824216,-64.58332185513238,-82.98822752303454,-85.81739933654167,81.49379568830844,-51.63219858254129,91.44114147487429,0.5175276485815345,65.48527332649181,47.305031939810505,51.8976265549569,-93.37944053666017,24.72725007416446,33.52807634496813,-79.56635054205759,30.807035747566204,54.482973314193146,35.40342741837097,34.7960095773081,58.43123612022583,1
85.11370258135526,96.27666684825601,-25.519866792928767,64.21571548937001,29.519023522603078,-70.47191442948821,-97.58325089711424,13.121461485871393,-94.29576055915715,-68.46533758409974,85.68992584751888,-73.43807808989682,61.84267191523233,35.950034444526494,-25.475949784261502,15.656702983098143,38.73764789357671,-64.89719885283421,-23.856774702579415,32.9361938830007,-37.12235735090139,15.464754101836704,-69.86746038410723,76.10752391852247,-23.280675627632135,-59.20518202595606,81.54302024961007,-20.050017623598976,55.79739336658173,-68.10681642215786,73.70388946171707,-72.67308964275622,39.30357935298443,94.12901358802631,60.3848261169434,27.171497927048122,-46.636003325391954,-81.57847937017826,-73.39142708814256,-41.82138544928697,-55.046418434593946,98.33056065172218,-2.4662228563695265,76.47127047595711,-21.12195331714568,-75.29214415725053,52.487041055516755,-1.8741718729515355,10.079506502700667,39.82387720453542,1
-98.43168184561664,-82.45647165600714,24.111839083799723,62.68308286417377,83.565410751439,-17.703024772691563,21.911020329135297,-63.76108494597705,-86.17627770974812,15.38215994897594,56.489950786128105,99.31676264777292,-24.113145540531946,35.31396237625631,-32.67387845387415,-16.65266290201062,-94.8047458305961,94.41050090645072,-44.89697882989725,67.46542687746162,-17.75493818639275,-38.65765490298649,43.768249109497674,78.3331161847654,-84.14922933595565,30.5587335494572,6.21367385753571,83.33375027364684,27.635989460221055,-15.031594894016195,45.870591588381814,71.18026146311445,12.321000724948235,53.57418452098361,-19.86002683069556,47.15779685502025,97.65570966562231,-16.03673645821877,39.308451969249944,-16.24638591922212,-35.18567807338093,22.017146050877415,-6.365327018409616,34.83943986977323,-22.28812693252658,-1.8861621702616702,11.294187643379345,-87.50335357075396,42.909835307360964,-65.43176794564289,1
79.71212093496786,10.811676692042155,12.054015119394592,80.08106371301344,17.545078538257442,5.621425195011028,1.4016760452051642,-15.03327867785859,71.19240668665083,47.94628132341967,10.909236446075326,19.407297971834907,-48.75725477325379,-8.727149536871238,-56.32006153741354,5.406912810217037,-75.5248286618726,4.904350396408972,97.67858590734443,-94.18185470988989,13.091862689628428,-78.39311429405747,-50.91358390182381,78.63202088081408,-79.61725682730496,-25.837614170260935,-51.386695043634575,46.348117014742996,46.93065811456836,-30.866767488775864,18.791981438410986,-22.511012717414886,-17.15660250100295,22.014399934469083,-60.63076849564435,-73.98715486114105,26.032224607327592,18.97045298930844,-71.13827798178605,88.79665754892844,68.38546571579539,37.87805807880079,90.32893092931056,-66.46245199783908,40.79034755240923,-37.83366780612427,73.81454081289175,-56.63188164525832,68.01808651539386,59.60481931772554,-1
98.51635909755268,66.65486100575154,-51.03785198781985,-33.23369525958559,-15.782973132276041,30.711668451619914,-98.0637829440701,84.80589197398885,-27.124178000041212,66.55293558591998,8.601240190172078,-58.10091175309107,-55.538127862114784,16.459405164222886,88.10757407130018,-34.34623724211609,76.96995200582663,62.83565013202124,73.04138899621557,15.994863659217913,-58.550952049834734,-8.766698857105752,14.14570606000845,-51.580736781266026,-78.32550797500394,-46.65426849641816,45.18628399918484,26.27034533137291,7.493406100608098,4.891097045164443,-48.88939565773826,50.20282899830565,-85.23502980766244,38.05714335588374,74.627546861123,-86.7684394989551,66.21151176531589,62.31541421424359,74.33525992092254,-88.76533950845193,-67.48213792354427,-9.230618717850376,-89.93614620756057,-86.80123529574183,-83.86299288751151,31.656681194472412,-16.141777459338712,55.54833324925909,-89.9316393012835,24.977231501253954,1
0.535804645772302,79.8497836578405,3.8560164790542757,52.33627119606365,-54.29497045865113,89.99321761814747,-85.22157095729321,49.24917038537245,62.88902845921126,39.03594930511176,20.56858131511659,63.878299559365416,90.39088652537819,40.046946452381604,25.12916462712886,93.0474481446144,-69.26126024421532,30.328490954679324,-32.75569635167727,-38.73647962705908,30.62168109512865,-58.074548968756304,49.76959257293058,-45.70791173963003,49.734592400298766,-2.229648408599985,69.47668109886044,38.69306805425387,50.37172698496971,21.01804417092046,-71.72874969738061,-4.866992917469389,22.140705461673306,35.767405948382645,0.7909499786215264,-38.97833370959587,95.57480057581131,-84.90383195610704,11.444018054703989,-51.01522863833132,-51.44194207223356,-99.61862346063508,15.03714276153896,-14.227472623070867,80.14022495773415,16.086756247898634,-53.45006878720868,-98.21968248935735,-83.94347567340965,98.33247651977487,1
-48.373313459774494,-50.66871063104443,37.72585798010866,3.2466195871658385,13.058481903579505,-34.464045207516364,-74.040039837332,-74.1541394876543,-91.71625758932511,72.9051804755637,4.612640186050228,-69.4493999457696,-44.236536007651516,-81.85181154876042,-40.11690107096582,-9.160919607082889,-90.79033963637318,-87.49824667351032,-27.32282410111415,65.67599660928093,-15.519145693158336,93.32671588040927,-38.40762570243746,-46.07265411139112,-46.89593788752566,84.829543406769,2.588851590003685,-5.948630555503456,61.40020311450451,-11.989642413090394,38.20591717662177,-72.05415192847462,-60.79655461078968,61.8700055929431,22.992307055896234,-24.930400976373846,23.131656056271595,-76.1971494433644,-72.85271813152696,-5.824387352821802,78.88910358030986,-73.32057746760259,-46.249346523010985,20.863986929061596,-77.12694793778141,-3.6126139455385555,97.78428868763848,76.63795438923358,50.09826769610615,-45.5134938133823,1
2.741571043060958,47.20347367306718,80.44405730807483,-13.01281992731819,78.54126281901694,-70.8941076570465,-37.26971827109591,26.197809376140825,-30.526445360822734,25.620675407446996,78.62452029588184,16.849419737602986,6.61042432565398,45.43236813369043,94.57958661550771,-90.53437297596452,61.58190910005007,53.16990774341491,77.01318266906398,-45.269533430112844,96.8285209844837,-41.576236722015025,-39.01361728808441,52.81158206266713,-95.30329548227216,-23.406302155765673,16.942265167712662,-71.37245217029724,77.84012311506399,44.03292317627495,94.71532364160029,38.224201752408106,69.86747009534517,-9.717613907786799,-62.95274291975224,-90.32844738474273,32.11762844619108,-55.03599638012686,-84.02541579205705,11.923466832173972,-51.31275546741318,-33.21981786301495,-82.50839543193146,-1.020714353402937,30.74289287391005,-69.21640481740188,44.27239836489073,-25.802356640230002,-29.71953084444945,-68.81094197915054,-1
50.85299466940455,-12.098443910489635,14.32794465402958,-98.08346245736888,73.67924189238013,82.91473599751873,-87.0464494012684,96.98048723500722,83.72251036813199,73.85934749988104,-51.691308664571146,57.42939126758321,-45.58646479881598,-93.39971658884312,78.8665857425541,-35.9623747869412,14.117707135333163,-41.61759405164871,-41.863460296966124,-90.85952825861597,-81.6014440770391,-96.5404272056959,70.02336621674249,97.59101241395709,-28.621767625630554,78.23954761865107,84.49800740459997,-1.6679438838422982,75.88429472590093,59.331721695321534,-88.0407656169895,2.992604667848269,-1.6612727242464729,20.579507580011168,-10.940851218398734,43.45608644455595,3.661937452585832,-7.880655035965177,87.4532085193656,14.950975761892508,-89.0044333226639,24.57314561621837,14.497716527428977,1.8905115953081122,53.174642584931036,36.95460366505989,-13.348216314717604,-50.63534144114954,57.406178398460355,95.03531991458445,1
4.502036217117691,-91.17088758250891,72.77335119764166,-5.070368443639012,-52.815382534477486,-69.48105235698154,32.08243339772227,-73.2603915396258,-26.321877164083006,44.297854409556976,-92.01845737905967,-92.97310831539613,-35.881360940590824,25.13327236066945,68.55733543107658,99.74592994416184,53.29048703198623,65.70316875386382,36.71976629405458,93.8211379738419,12.849646441184518,2.3944068322390137,47.21443087981285,-64.84862338443736,-85.83210054494945,27.467237797031004,-45.62798084917472,31.16188672740779,-79.65026648861519,-50.63271999017434,6.212823283286582,-9.02168658581732,-74.2669681653759,-32.506165702021846,-14.747497730783095,19.707998522215718,33.3197859011303,-90.87236181641116,-38.23412364995957,-51.394531896325724,-2.7585004166123213,62.943130360333214,-97.91987325215482,27.515769044184623,-84.67565050501646,-93.46391146430292,74.18967262118073,48.23506580298613,-92.05012689026282,-65.93217130090778,1
-43.84552751182884,38.34402282693776,54.61802832342241,-24.84101954238855,-76.36747229321008,27.051827729385394,33.704573007193346,51.160575855187346,-52.20883001090322,-76.2941454302375,-65.54265232157022,-4.935779069242159,-61.205137582555814,47.36808848042563,68.40389951322305,25.6165192094697,-23.14787809772416,-80.342815156052,22.386378149636016,-20.29326373445039,86.70656053186826,0.9372621336364233,-19.843731934575032,-50.61327832746814,-84.85833764642969,-89.40811993281197,99.41889901350942,91.76307942571091,11.670235193188688,65.85946677347249,76.94531452474212,36.57474381639105,-64.715548422215,4.682355262088294,23.960774156235146,-19.45858624593133,94.1629479150993,70.49401989440321,-95.56483199813992,-78.07575730337994,2.810152136730636,28.233186202464566,70.80386902363463,80.69308987829257,50.209322228635756,-48.258175829703355,-89.15755441216922,-50.57249193838389,-35.05316341637274,-92.5961092162518,-1
11.23813852600233,-36.998344962045195,17.738344072680917,88.6998459407854,-88.33334554303967,75.17297651622562,98.57121877854598,45.68744113693185,44.22378651600002,-18.51409486671747,-60.59863087812638,-88.05241912405369,25.54736664732542,53.03773694625255,-70.97464442472148,-56.70726761610856,55.47390023913539,1.3638369801221444,80.78091132761628,-46.823630145242376,27.810090928581374,20.36373261384415,-92.70567271349309,-26.543585413042607,70.00952162217058,-65.34468468968217,40.94513909227854,52.53322155151963,42.14989178373244,4.860766165181502,37.41362836294127,56.08932960554213,-55.672212476394,16.931439391947748,-28.754289606831975,83.79913824614346,-18.759997328568858,36.11806987029766,50.04097995350247,35.71111548789,-66.1383041572202,-32.50965563433988,14.089726742750642,-13.901723969756574,34.88164351580821,19.630893448263038,-43.70637827305161,15.70239159560036,-0.3970373279153847,-78.82509672350686,1
-8.067025919467753,-35.11235427298675,-24.770537997901968,-62.97825391443095,-28.165929766042012,65.5004481603317,80.11324706369084,-37.16104931021498,-70.08018216701959,18.981206852442867,-66.23234304493442,-76.82321027696268,11.831868689385928,-71.84562671561787,-93.85524204468562,67.71757040466028,8.287016576401783,-75.64007527139282,-90.60364185285349,-40.36572917439365,-62.228898513332624,-88.72808217274768,-71.07923075879387,75.05822487833947,-70.9451246274774,26.91929798515413,-48.471253363212185,-18.559475714169665,62.031558450163715,-81.68768625475462,71.17348310139647,-30.65182974244165,-52.82160895322126,90.60306008173163,58.44185320818136,62.971696612270364,36.842988866253734,-78.52841367766892,-51.981458001584826,98.86583501651106,41.897615696062815,56.411980074376544,-0.3216484355671838,-54.817906678937604,-44.821682743143064,-13.511789893742133,-2.921339758592083,45.77672351877936,-3.801052588847469,-69.73284402551276,1
-29.75612253024383,-18.15008524292054,32.205411646873415,42.80054170470228,8.967030937798853,-78.6572889576085,60.54281655202044,66.11510441266827,18.246232461169853,-0.7178502189033367,75.59930316404066,-92.65530847367609,-86.06807588905932,-95.99236827582654,26.0678347374203,-53.90902253358658,-47.74343185383223,-5.911122573175092,50.18339734556662,32.074635668404,66.37156883404745,-16.820323726238428,80.54863648515297,24.019237271898746,-38.430615411726606,17.630900394498056,-21.863949744359672,20.008250887284504,-16.79210589732459,99.61094984558883,39.28660963661892,-82.90247790602541,-25.751489477997723,32.69381220127073,-16.863954660538226,-90.00290655487437,42.383452444943856,-29.32821805652273,-26.59815864135288,12.065190455847016,-58.52460631690557,-71.45706065720965,75.88445094664067,-64.78342608083467,-46.01344649191217,35.828723836694536,48.20222565940642,77.44911507300992,25.81175618028864,90.6994861714198,-1
-44.61910252443821,76.29716391778209,-14.689429151672059,46.10640420107245,30.62715455631502,50.97510935542496,-31.10099662737551,82.91643345919769,-60.53349729171919,21.857741744456632,-91.84326400877829,-49.489003722405364,-2.353174763675227,-10.48629090605992,17.699931946865675,-40.33726777373996,37.42235734046909,18.983815757438265,76.92973949571004,-84.73922227904349,-74.32374800195694,-99.90081087477395,-89.23534555727406,40.36449444721973,55.86010746831141,3.8192918810052987,61.87089795148347,-81.8907347092979,-31.394399446462714,-15.392616199416764,-46.095400085174006,30.068019564092225,93.99651586937443,6.109973640793271,73.07508666644148,-25.947961717906324,60.2347657264427,-9.882427657998079,-18.45130314096224,32.34513893364823,-52.90936987265711,17.103208447849056,86.20709122226228,41.69825341302115,90.34819850952434,54.84738722276447,97.51513974504653,-68.06617005662277,0.31176002006465353,-68.64670950906506,1
-52.49133501522447,66.0405768691524,84.34548410621318,-88.6569723435549,-41.108621449176574,65.02327418201764,-47.3582300133415,-64.23416556144825,-91.85123243216036,0.5397656019414825,33.88512896094315,62.472036286007096,61.68581880750577,24.544588879287943,-38.68948727140693,43.689417797322506,-9.836779771017646,-2.8335093477960953,24.22403956170649,74.40822082958186,85.61776598892504,53.65696759873501,98.96421293340191,64.09068175738838,-17.370169718456438,-72.50545852697778,93.21790749624193,13.959259215800685,-17.669574095614877,66.57644224744138,-63.26151084546814,-77.2460519918919,-19.543980888153584,-94.70636986124393,-82.93227784631527,91.4905583629278,-36.71621548495372,32.934254583053644,23.82584409631461,8.849997413022393,-62.93404386637893,-68.73052081918246,-85.20287428977676,-57.828909194193436,-13.292492677319643,-74.9413792322539,-40.27195741904308,93.6236844081582,50.25735861108504,46.36506672422328,-1
77.41728485302346,-22.55537175795861,-59.70770084136792,-59.55698250820534,59.41986141346905,61.34894869445043,79.24535475567046,17.23441202655944,-9.654616541770793,50.84680341783499,39.20314886274065,-60.80875249994742,-33.86212274233347,-15.04914635122232,74.0099990668381,60.70898818076989,-86.84392111607858,-33.89350692915205,-84.62242991262217,61.77466771904656,75.36524007362692,-47.27824509218579,15.480927337585058,11.211874502954117,67.52569190614764,-78.56805176891129,-34.35432099678941,65.13631734840337,-68.87212866128318,-83.43517370424216,-87.83746973758872,-58.43591251923193,-96.27585649916692,50.695878188545976,-28.538705962854323,-0.5212953960284779,8.18450074734433,70.44172062747148,80.92227336844417,-86.65937006992202,74.25761644896497,-57.24241985682701,97.69509328279517,-5.326746623199895,-19.885792385947326,-41.63563075086045,70.9188094803178,-44.648616396755926,42.53235874873596,41.97713236729271,-1
-28.306854291145484,-3.3003829786392345,-88.6318858575223,-84.63010762775316,57.258785768339635,-29.696675017854773,-19.76801855049581,-13.950800692250738,-81.59668309186571,-3.814106087314073,90.69835742244774,-97.35336670584962,-42.99235646189932,-25.512556508988652,99.42891730507495,-83.78765974850981,71.68800656109943,66.22176962777638,75.83785214435602,46.647497157378496,14.259332751134025,-75.84427019339329,85.72744612101175,44.29416621464483,-36.51529741235644,-12.708416083592226,11.45625523403642,94.27316036307843,-79.6647330965063,-48.7548496216168,72.01101865595052,10.54061285658561,20.41034027532342,78.55090145365128,-93.64975288818049,-61.45033544584449,-86.53088987411851,80.12572997982238,2.684495686429699,96.77083438708368,-81.40506842913942,45.48835227678185,36.048785675695086,-63.681800010067555,87.26318595137093,57.156688382355384,-15.021101557435784,90.54487923712401,19.789766359988064,-71.79916089850526,-1
50.69442213191934,80.79633931785705,-15.987466084110594,42.550600411986295,13.949646232657997,26.697790367541756,30.523719639450803,67.18619856414335,-59.45594518151871,-29.745973538130713,-39.74346073238999,-52.84641144694695,91.50643766359667,-5.158118917148727,-25.1452409667569,66.73933275957333,-84.4241063922209,-85.12132413548044,-93.32521901398536,30.61710995075063,-72.45328442021656,-43.05656179173975,-45.44789529776465,29.102936625938412,84.88299492272068,-43.86314720945714,92.89156855655375,34.78956931152433,-5.856626136486341,84.21585992009457,95.67371437788319,-78.38810423602784,-94.46727907266373,76.98093419529346,62.347339134396776,-41.5307395964309,41.54221675255786,48.86281987166478,68.47920536975542,-29.1311514310856,-88.5607398134563,-66.65450792654259,-39.499224279812076,-69.87427619482975,96.78839454693761,83.58260473108959,-99.1848518178287,-55.60384276223649,91.32332257663148,1.1243683855991264,1
98.39254944772867,-59.76540657721985,96.93711078304781,83.22216877392754,-87.63942598419305,61.19675896566534,57.23942059382651,34.36115892272426,-20.566387733744335,-14.868054432377349,-30.88278215196337,-38.248393466717644,57.80967327559051,-62.77377008975733,46.18578397474832,51.04707819966063,93.11944216214428,30.902362438046907,-79.79476071390512,-54.15576445632955,-43.881290264447,-39.60013143762453,-63.81632571208586,-23.019284900389138,33.909562385741026,-20.507873670971577,-2.571050253954496,7.215256572074466,65.511351559377,13.384975634080163,57.11758544476089,-4.227004426481983,13.135916632985428,-17.55662319185285,57.09903904750067,-15.442610618964764,-39.52528599117562,-3.1104524145489734,-24.3659813005156,83.51590950483279,71.995187176441,-34.79434216912492,54.19235236848124,42.69550793040153,-51.794952133688966,-36.17855719255976,44.20658253010416,-17.601070059729082,11.326790237655445,11.301451896932633,-1
-27.914634571702777,-9.563412127978424,-71.83762758140011,96.7678017081549,82.26163263251416,38.67096997982179,-90.10330257072555,30.237584910109092,58.67761359728931,-47.02680351013628,-19.734807974916777,5.085660628483808,-46.10634194944174,-98.91726850949345,-68.968578910943,17.239684828509567,-36.097790925150775,-2.022908317369442,13.627484907586833,59.54066112074295,14.179702994289187,12.174974543905392,55.35708161876303,3.848565601420262,46.60078228942797,-97.62063698963073,50.55277344354309,41.92333429803597,39.69780835013421,-3.5481362464552433,85.72903338515366,25.47343044445705,-24.26085228731911,65.85466504277099,69.92042522902511,79.89536739637364,-21.81028662600511,-62.05173235816799,-6.103479013154782,-9.231512790774616,-31.909917998860664,67.57782164114661,48.158307411396095,-72.14318930446761,47.618349283061434,96.10519662116138,-88.62867949703039,-13.455554737246729,70.55726466222691,26.928626903420124,1
49.521876035250216,66.47820834038157,-54.20256293993766,83.55912522213595,52.73662008994549,-84.11086394022101,4.584033794847713,87.49825393894707,-96.16541898938257,54.66024176339411,91.29369372077619,72.1281669283162,86.24923552754137,91.21329393391179,85.8795303114307,-17.931915386476845,-54.955672773570896,-42.46093297924949,-37.4548324011968,41.97367777192687,96.65845564261514,9.117257775985223,-84.04476259542382,47.64498700389069,5.256930598596355,-53.92781021360784,-79.49626192397602,55.75456404614397,-55.19144834592051,-65.98214723385705,-52.6481175975372,10.08781372824437,-40.66624291133538,34.86453728585744,-83.60619794913416,11.638205289815076,-90.77166132330635,-33.97006179204011,77.02482470533167,0.3829629936628436,70.88729091339826,70.45725593103231,93.51978543865806,-41.36633233491178,99.61992525009907,30.505834196012728,-7.529605209365741,-33.26439046152329,-77.60748715295477,-45.068645767221916,1
48.37926539174302,36.11661858375345,-22.486732340033583,-25.9541028350053,95.12774381952676,13.858225394228072,-87.35421435486069,-20.364443070586205,35.890223443281286,39.45370197844329,-99.6960497540055,-7.764040607870086,-67.48451387701016,72.82293874131722,15.83152558229844,-8.649357418519372,-69.8747242950366,-19.478380558352143,-6.060148807333448,-23.113254137824015,94.98506073604119,43.26806764212583,-98.50650223805226,-35.19552494614999,99.12338450052255,50.0778085434348,-0.45421019243079286,87.58874668164998,0.0798229919068092,-34.677806249050946,26.139347891524565,-80.00880215704116,71.69809565798252,-12.581794126779627,16.349723640149946,-38.558751740558876,-29.932392257505768,20.038607365081802,48.30165976602646,17.62315242253412,60.41287835624266,38.216221240152095,31.15806653068617,-33.06533762598876,-41.81419008850214,29.87929714844489,-42.25412406448174,13.772889452522861,9.330598712866433,-21.954510079792215,1
-6.66137582311832,30.059394814701534,-1.908094968502411,41.11263807216744,54.89619169087348,12.912628235494992,26.108200908470195,6.768618607727078,-86.85191951208921,-50.19119160359304,-9.861389898108968,-49.46484198004282,43.56932283456166,-66.57646366761276,17.155938721185876,15.333966912074516,-19.952175022978565,-76.58822109605465,-91.48199592274928,78.96742694273675,95.70649742334137,-93.89226355484546,44.460254633917856,-96.99930726954213,-27.09355860612608,0.896901064526773,-60.75407420564931,72.00197803884262,-81.72597464702886,14.803759948869953,51.76960947606551,23.749656506945982,13.033285654966392,-67.04299070602346,-17.76573485128384,-25.767567829240875,-13.182228391491833,27.736068805874424,-95.338939608823,-51.91829057861859,-80.14823688818444,-8.49281984398425,-64.6701980661779,65.81903213289019,21.32097276645885,-84.44371244583941,-9.685436379370756,-9.130158659040163,-35.12498445005005,-5.525961228072745,1
-38.41401168176182,10.540778009108024,-0.8319937791951872,39.11703486070883,8.909570742495447,63.00369957405013,-98.12947232096374,17.555798363700987,-53.49871551865333,-44.055868351686335,95.93553330805787,29.2870931481103,-63.777925713107564,-81.1840689889591,82.14596639699806,-63.62175927352152,32.10267665715418,-56.53059587582698,-51.85578591189361,63.15556726115298,-16.08617414208429,-7.359620701760974,98.83191031827542,60.93429583039398,-9.434555243281466,5.475360811626871,14.338955234110358,4.612098155112392,63.42139751288664,71.03343925146001,45.60748865835072,94.40958808258645,5.124935966877359,-87.37087213322829,-35.217298076496675,41.08168332917214,88.25614120672304,-43.18535317083907,-64.84258177304983,11.431282557448924,13.968698977079868,-29.79696017543108,71.71369718569542,84.76840799623844,92.56378048746382,-22.785028448239657,-98.08621413970526,-87.01124867223844,91.1236331071,-28.60243340685777,-1
46.61425920593496,79.24724982922663,-40.83732744972806,32.36585793562071,46.99910005288433,-84.43997733558024,13.094791067994464,26.986708062083437,-40.81775866987605,28.80602823437718,-25.127004505929534,65.95045952906435,31.768040747996622,-70.48306319554635,-75.05155844912963,84.55102379450221,-87.25734874561223,28.5730838427381,-20.567310865355466,-84.49641779098853,74.20872532227543,-3.377567300016551,99.16980910144974,-32.3909163256433,44.03039912903881,57.48013738685512,84.48722417404724,-31.75635492106879,76.2518547187934,-71.06479637979689,62.483476763706705,-43.457930979298084,-85.93963515587693,-0.3533009470779689,30.885571066089682,-43.87855844417699,3.8468942111105093,-16.057040004831364,28.966275349305818,88.45197235399903,1.9369728741336303,5.6976648074946326,-86.46188471157423,72.00549859378233,47.30851839689214,85.80353017517547,24.575523894791445,-15.457845978961558,33.05107588951495,60.91914357782164,1
-86.36267604690747,-26.951159676925627,79.16693533803243,-81.40394471104176,25.96022154438633,23.061085825751817,-22.448337970061516,-62.54538232920357,70.11265931320833,-17.47254889083449,-52.53535083032877,85.434160969472,21.8391962364813,-62.18607942414798,-91.76374476824964,53.28903540478416,58.283051472127056,75.87695796927215,-14.973168575648785,50.4824194207404,8.006556323813442,98.84658293059354,99.80756860885657,-99.1213503517038,67.77522833976175,7.679513605305104,-1.5027845343990691,6.571532311695478,-77.13214616514557,-84.56189476370244,60.20277382534954,93.52107834942399,-39.79784459392748,-17.179604748928682,-55.27619272914421,81.76379032567016,-16.274663960404823,-29.05323200859536,-29.278866139738355,18.575892349671292,76.0447156942302,48.53651303243774,28.701789542232973,68.20164674317672,2.44874588976694,-78.53892258694306,-79.76826372627136,-86.26159257741787,-85.19267164770838,77.09226962675399,1
-72.49581117080135,82.64593725585411,45.51866866094866,-84.17106634435811,-63.06107410115893,44.74088519340614,-7.482985792144888,72.75057001401692,-48.83538200667967,23.66570536047712,11.695613493115474,64.33999075487776,68.05835681354432,-66.15789180668348,-38.53159474765591,33.48246619646841,73.04381546076999,-25.083364658679642,-22.394035604991714,11.127912946624392,39.785132062635284,33.00457177036526,5.089753036805746,-78.06806447214858,51.40847217982528,-33.35407719919199,-28.050331335055944,62.347634770110545,-23.74626999820906,25.901642608736523,-37.69094248946918,96.58980978835515,-25.215746789649145,-25.89420808462684,-15.51604427670064,18.552543412470186,42.87648218086605,-91.32623587095765,51.10602284966896,-59.938686781765504,50.18263422096996,33.56731694025473,17.87128889038496,-38.054136925573175,18.650929767059466,-64.12376079389368,-5.530274465266615,65.19138313814338,-55.40195695759203,97.60018054085208,1
41.748939548595274,71.79610942444404,62.95840032717922,-34.866653544381194,44.213021460577465,46.1176061372239,33.88237503342981,-94.35875737338444,-67.91260663516847,44.00669311501113,70.5359731147191,-40.746093316731915,90.02741493605697,90.28347958166395,-2.8598263356607134,-56.9228641663389,-44.97137328739225,86.78545644983595,45.50151535494754,-65.57162527715357,2.831898753438608,53.097100452313214,-16.949434158163385,-63.84628105914922,83.13050269340636,33.17588330215881,-34.63495140081636,57.166061242985734,-61.59388768643596,-35.09247005569263,-27.8265916211911,-12.990051138830424,10.122678265528833,-0.3921694640164617,64.88328304029108,-67.63446829200669,26.154860356229364,81.71262683482561,-60.30401826936185,35.570411910459654,63.62444563552049,60.67372615925322,-45.660007968702,81.44639172378129,3.9132960410137088,-69.82365302964475,69.13774238461372,69.28487730195368,-67.50029406501683,-80.44572166113721,-1
-21.581284619085466,-71.23310580193782,-36.95227431979578,59.56286451061197,-91.51205484165175,-65.15331182311641,-78.87216431443566,5.359747307827817,-53.77700756397567,-68.67557159610234,-2.957294404725559,-81.26529502028244,-36.62976570540337,-98.49336865264695,-43.61790497901246,-59.47374312254456,5.486253275140342,-14.625200944363797,-83.30876470678746,-93.02885847493792,-29.47103329391345,79.3041522540189,8.048198225365738,52.53571649894715,51.95748853762777,-4.467836402108034,82.37954252667151,12.55843431593378,59.752661419193686,93.63638821277823,-62.78745064909577,73.50105705367253,2.269788661972356,81.43739951571263,52.65204388819387,-91.27501981768533,-87.84427345670163,52.524401542816776,-63.507265209155726,-68.44544373587935,-36.66248043898675,98.20698664262025,-82.5125596929021,-57.09650950229022,31.253844062679917,-42.895301230202335,37.34204267456772,60.67804887866012,28.384448716105027,-68.64466667019772,-1
77.2342588111986,27.499760586832636,70.15607652613639,-11.066505832256752,-41.404055899113466,95.69062964286525,-33.09821484714763,3.9728857573234677,83.05896008688075,54.04479574833289,-21.482488839310292,38.026783674580514,15.091624426366195,-0.9476530035383632,5.449332490609464,-3.080336762068711,98.52634018580679,-68.14537393674118,-7.757152314194698,59.085814808581006,-67.64728669665809,92.88294833218134,-50.25946081900305,8.146975806402153,-14.570455673617573,28.007298178701348,11.472564195789928,-50.3780114905356,-99.61860138754169,30.009831247896187,-77.84716055508383,-29.123642919681373,-56.08435490767063,-93.50691267417615,28.71013823902004,93.77478131020956,90.76319096899118,-52.40414152096715,47.15630135655485,-94.31207285766254,-76.58497250740092,14.062753709305966,58.79681728082821,15.348246968061872,2.1047441538449334,15.377294385360159,19.92210950397866,26.101910535212753,35.98557115969618,92.99933366778052,1
87.96642472269502,59.71116762611982,21.238707484828083,65.17068686779297,11.988087807335262,11.361888422350106,-30.413883790705427,-14.085329792417213,0.8078816316383381,-82.40924931510772,65.87552533662796,46.864209902817805,54.54380184099281,22.11164286107241,-21.487034593851973,-74.31391678078762,-87.34371348374188,-71.98786389735268,86.89495893017656,57.061275103876255,-0.928248874095388,91.49697302927112,40.196834508257325,-68.58858964869647,43.93089181829103,31.88513624470744,-99.79402315780499,66.93775871645221,91.46146911925948,-38.65298563502053,-82.1057683887854,57.49428498800944,38.00801086764355,84.94949341966796,9.899439238186886,80.88687557060942,62.064431922284314,57.23246607298222,-3.104592771209596,-0.1802474983591651,69.08732231952735,38.812912163496804,-48.97625398553416,83.15859460284545,22.159459101212946,99.20706278753667,61.00742433426842,41.725629414553055,26.874952166028905,-48.85007701404413,1
-83.75407303866547,-27.22011870093351,77.63558207567652,85.3881325564079,-70.97823657494035,-6.24784150495519,-43.369765984736475,-35.370524045931305,-82.96947712821694,-5.34525116424814,52.24213720110035,-35.71013724372732,-53.485950984213446,-12.981484415149126,-91.361290599048,52.48055128382302,59.561696976933746,-62.23404387889624,92.76161542624226,66.61556155720243,61.03546083312102,21.358829613522687,-89.53858553203384,75.09629146854911,86.85281561023527,-24.675165691166683,-40.258454855202515,-37.673286398025766,-24.741020942547635,45.039786678654366,33.07492061333414,-31.702246471618878,-84.58274123549324,-66.25127605663401,-62.988456438699636,56.66877109415199,-16.997149628977226,-69.31414867068213,-17.2352752833324,-95.31534544958598,56.868264674124305,33.04123850551571,78.01182786073272,-36.33627751476887,7.845870701962781,58.56336021891883,-37.88336070911611,70.38331861550344,19.687732170409205,-58.81937687816385,-1
-69.03427748045603,-26.05243782546225,67.87417270757808,-88.69707512238753,52.14292557393284,-82.502662074597,-73.76249161639782,-89.63761566073865,-46.61003067564153,7.338613951147721,-62.07615266003368,77.54610341780682,28.19935067334427,-6.314179436473495,57.86902168887406,99.43468451312177,-59.46665207086686,88.75729152117754,-97.47537639243198,-67.11839463256229,-66.09926303883537,7.380306100308616,67.81715480796353,-42.531705919253525,-61.77046797242234,50.53480921018348,5.876576924337471,55.893811220571166,-61.199599450092926,93.26037368241379,-43.973969415250515,77.53107677985639,82.47679196377618,-40.307639615579326,55.45420256030084,52.0397268350747,-4.279179304366096,96.82416932799396,39.76226755113947,25.696839460690256,27.032567009985158,-64.29571968814747,55.66242334825944,85.1465133976842,6.603006231255208,-73.87236108981392,41.427426869453114,62.90744859673387,99.09249482234645,49.667188032602894,-1
56.75196849682146,78.8182738515691,95.4365813189992,-87.58978947291345,30.225148990464902,-32.56699742862163,-11.536228727524971,27.449119897419976,-97.78504355625455,-64.04814729460735,-20.632989672046918,89.37729231085939,91.34689765536876,-99.45885506592651,-49.909586992582945,82.48895838973223,-21.692391307628995,25.651808122592385,19.105279030201046,-61.42051283406291,19.598174412484525,-15.157258756285529,36.797028661044976,-69.69330079168824,72.65119281566075,53.76769094672835,-53.883804190810515,93.60607304934766,-15.102086449314939,0.3183814527149167,82.70812319318145,-49.487402869772446,83.39800166600949,99.37055635710945,81.57512000975015,-56.57621461853755,71.22678685135594,94.56577188599167,87.45289260217606,-72.09447543293423,56.03582492778588,6.116815719267393,1.6662488243116513,14.896932238192505,-7.34083731813277,92.24069028374234,76.93917520730736,-80.35947298214563,34.14855683416093,31.087214159313845,1
89.79613340940028,-53.545327041899846,-91.8998627036161,-70.64124811260741,99.50955232347206,-42.89836671672171,-19.013781106740765,-30.327731522334915,8.425409672669076,-19.73606284669478,14.628586783185966,39.85257595934732,-59.160821178657976,-8.652110864140198,72.75168715882913,93.0050716897268,73.06579509658314,6.260559205030987,14.848880253806414,-50.52270251797599,-36.052407587272526,22.981207003913795,-61.968144313662464,-82.16258701267984,-52.65696520369887,75.09281645645925,39.09023871679875,84.67620739241445,-24.79056488014602,79.84682136403731,79.999953406787,-32.20741211601563,19.491274169836117,-79.8373490672681,-13.155584904260962,34.20750091769506,-79.40329522078278,68.77968654189038,-78.18701832195873,61.78140622127529,-83.23810508455756,26.436700095670147,-89.47995736949865,95.41797588670968,-64.63802243874454,90.15893114849453,2.814831001702373,71.76563149722747,-87.52031705916488,-94.8624892328104,-1
-78.0527602644993,99.84145978868816,81.94366238155519,3.8526828975688545,-87.34919382514153,52.200525552004734,-33.94087540637449,-52.45934320822943,-19.090197553419472,-42.65232936022743,37.795903823298346,45.11826645154568,-52.37089777119701,-47.091751614102236,97.13568086326617,1.6941036735770751,-16.40628710983198,-39.146811129845105,-32.42499745209176,-29.638469355322755,69.09541088472162,49.27108708569946,-11.372801634435788,-3.044371918988759,40.72261868242245,86.78312073051953,-77.85687378204253,-46.725870207973315,94.96883156996506,-90.44888204278956,-82.00910237164118,-26.28425764549482,41.69337832224875,73.88615622697245,-68.0041867382181,-68.25567405703445,-49.076286084125734,62.630064053861275,-58.44734718135711,-18.178191676232487,-88.7299760464656,-87.3980859726623,-53.31123899284442,36.057584130165,20.90366580691314,51.877547742286,86.14384753611495,-97.71952406245707,-94.5894930955482,-74.21154327512001,1
24.974819921399785,84.51448098116,-26.264515230171057,43.34495653629011,3.201058434758224,39.83978055144661,-54.34238674576688,-56.209419797567904,78.09437211793647,23.171435179806892,-54.80593391917006,14.054778272220886,1.4847782621933732,-98.81538817474946,-77.37344512529624,17.68198958490818,94.86409574113955,-88.42831652996428,41.994049911427,45.27445473309123,96.80730497488261,64.74506452295083,79.4261964818553,-69.19933506682597,72.39586825232308,-40.66707216529408,-83.17987348748781,51.338906137085274,37.40774822819162,-10.635695497271797,32.456013398061,-69.25097393496276,-22.247513151797165,78.456309601307,85.83499817523577,-94.85276401936393,74.10995025307719,-51.230979015311775,40.45157425402425,-75.92813547618842,-93.79930315496028,62.206120269156,-19.989439715388315,61.614990555626065,-3.1678805402242602,11.034519438670117,66.77500955052054,11.159821037915492,-28.6458247824862,-80.52212706253516,1
36.94623451077587,-37.95294325105905,59.260037193532725,32.560617275147166,-14.73606663913705,15.541100203090522,55.08792594533466,-71.78936697423921,62.7947908764929,-43.83942229048363,63.22070009268512,-21.92522949861288,-10.075662141794211,97.73549698513179,5.947837601642789,36.87798136925886,67.70945132116287,7.972203163572004,-33.72502292051509,21.83240615338103,-34.19939175652998,-12.185550542447189,10.74633215280268,75.3647093367839,-29.77099899514056,76.70177558951767,-24.020411897102576,34.652133413151574,26.13515625771437,43.28081462145636,19.809782854870292,-32.30818137052421,3.982454978952532,94.4954782068956,-26.76395720290354,59.04290638681334,-55.15325776507112,35.145452438491816,-74.18903227118629,17.08614130583277,55.32451801769423,-39.72458571735458,89.56331003905797,-55.73449178250005,-73.34654427977296,-29.286868072054247,92.00052951191918,-28.605756904092857,19.409395373546715,-0.47569214907368007,-1
-15.474160597278171,-77.24760823909011,-88.80688854759859,-46.14793670580448,-14.460097052256259,49.18352219257994,-26.52195463367633,-94.99577444260845,-37.109381915592365,31.75176152962632,-58.45262315162287,-17.086401654179667,81.52343871207378,21.15052737555601,-71.78672075891079,24.05143298664501,-9.994184482631653,-61.93030303528913,0.8680341942352925,38.03057994187577,-2.335949926983588,15.064197769768512,-0.568294702881218,70.61374539365067,64.65896497254249,10.041557728604616,40.11272834426728,46.02637028609743,14.699938821168871,-71.06682118992947,72.47390978808457,-18.25231236027338,-37.72690219364545,-30.136285738903837,12.358424536570723,-17.77219442097298,49.10902363524832,-56.48477872061153,-25.361485004680475,-77.69287171867222,-14.948438805517299,50.24784875048428,8.483081242555215,10.972271147865186,68.6734794424639,52.31298800071636,91.7779639710167,51.627355683429414,-37.62621676838553,85.8188049337486,-1
55.122370185065506,-81.81291001739177,-45.39424086482813,-82.07309103583444,-16.655343772799853,64.7711600984916,43.34170045180784,-79.89349353535557,70.24772584317384,62.75722573661275,43.651629768025344,-55.043884050852256,87.56244981975831,-16.426249696528245,4.941615779714354,22.651769499272703,-65.12486112041573,33.225987834905766,-44.00710150662071,-24.307203713837296,-41.79465924637602,-4.519147366608848,-99.58695067825202,-89.28346269366435,5.6177124326870995,69.5591423376687,-65.11136878764223,-45.58528694089463,-65.26702640783742,-15.212378695451505,-96.76452655124417,50.559288007585536,-47.54148089400423,-24.78953340928969,-83.7219493695945,-47.3324976235529,91.01992874658373,52.496544654329796,-97.03838792043548,56.69136021329564,47.11910679241157,-24.006145264730833,40.252380237946426,87.80029235593165,70.31642506011636,-6.362195222565916,-28.162736340834897,77.70157643366255,-18.220729837596195,-57.89688138373079,-1
23.00259360777332,95.04890705679173,-12.729761139277656,-59.19827269784659,-29.278944752702813,83.04965390402288,-29.66781737600526,44.48991122596422,-92.3133713019702,57.21015185499604,-46.448791027813165,-38.979951882172934,49.9519141026492,-29.847265755958688,-61.16579408451748,73.98054272150029,57.51354743259719,87.6659130241313,-55.1634595955562,95.71981601951416,56.57178577638973,-62.08048401843757,-12.893595223782455,18.424007539335136,15.969714989325823,-58.915428360698655,52.58404598957995,36.56133292735518,-6.170854146017817,-63.79336206502053,-58.62354033414583,74.82042966997906,80.04483054582872,-33.1922500827981,-69.19913700852251,-12.268313522352088,-35.77330292703327,-33.8689955045417,-35.718245129401424,35.94114845866187,25.299358396617905,-57.58372209365854,14.629257703844118,-22.47569311899835,30.611924954834763,-13.142405347531195,-91.59662897342938,-9.155165943197858,66.82823664986441,15.608791175762661,-1
-91.25218553821053,-25.35852617897463,-69.4694039998786,93.3345333410586,-6.803643592369738,45.51312831419395,-52.207255891788606,-99.72761551229871,-84.16030463239852,-80.63076549788974,74.27300891143634,40.043164451954794,-70.29126413938202,96.99895438058425,85.0046212122144,4.492961178587507,60.634206644831096,8.998741162867987,89.28210685215655,-18.207852524390034,-91.81044919057236,-12.759656452683515,78.11061567438156,11.529294734794917,-92.85976432905223,-16.458354589981838,65.54216903978102,12.10384540560976,34.29457352070702,79.87892203820121,97.28492278308877,20.345309622304114,74.46213694629236,-13.102864752518784,48.570191966355054,85.40674453780923,75.92436276741387,-89.72508209046674,64.72917658244114,12.7351464222629,53.89822589602386,64.30473067598734,17.992351188804406,-67.97682933549217,-48.75260903317948,-7.032737529672389,-53.56323464852404,67.76993740286798,42.135019915710984,-62.5565977184453,-1
14.155660933782372,25.669423509888873,12.963662792039415,-24.725874540346467,-66.37862775877326,-66.69522741382269,-75.21349746921277,-37.90440871076213,-15.80803298819231,13.3065931190866,-55.81750902904095,-2.7630274765641616,72.56562200170214,-66.71232741220837,-76.18053701358151,56.89696125380755,-96.84255815579361,88.40491102934493,47.7989742632129,24.161205379264473,-50.884118972848036,40.0946205693038,83.42750742458915,88.42137852594064,-32.83398470771158,8.993624333436728,-38.12089025887886,-30.290835577855944,-15.89103839940735,-42.32653886494724,95.10497344162039,5.503318046349676,52.797919561273545,61.682004625303364,-82.0019313525953,30.249073975132745,36.38287256386403,29.458116906935885,4.701386188179413,69.72925261972506,-3.5450132782865182,-54.26073081061256,97.75151006246571,95.29751014116502,-91.50149628187188,-14.395555652671348,37.27020703917967,56.58500840745299,-34.817804050332015,-20.17210962667238,1
49.29828102360483,48.47398741795638,-36.98870067848012,-80.4780003540585,-12.11154374090249,51.15348018985847,-79.90668413912773,0.3417060956229818,-46.22838331622896,29.939103516880465,71.24829292403876,-61.89459700780689,-87.02264092377365,-1.7752397764640477,-19.097949618878914,-0.2617657582404007,-19.70260165254271,3.4260717955925344,-74.74597436716394,-20.957497073994062,34.78480352913709,-95.29597303735564,-50.031450935526365,-64.95823577250657,-93.91574831169443,73.28984445322308,-96.29088780651564,62.2831380107811,-4.906337497998294,30.581863588218823,70.30293134356381,92.44787502589674,-19.01467902850125,-77.2778304423553,72.41748203188584,21.137951346689903,17.236201656064054,-36.920206001468344,-54.474987753757276,23.94754473695788,84.37233501610785,-51.574897225043316,22.07606748023538,57.29130839418866,-42.271324285313526,-55.393888604266664,-91.03032939908901,24.62645950166224,-43.9571992642495,-99.21647747612556,1
38.78968889341999,30.456222563689238,91.80879937428153,-80.20953966269302,78.81875471127702,39.1032512694988,-63.92181963410304,39.1172696083207,-17.571254853855663,-58.222054746708984,-51.49602818249215,-2.375118044501562,-18.60298357240569,65.9348771617708,-64.6156714873417,41.253893631465246,8.021893252710413,41.99067039245111,-76.3278933578132,59.48413891108629,42.825248438168416,46.58970406135953,60.60567060743239,57.078664006064145,81.85088220503846,-19.28727814370363,44.59820043572421,74.05529618430776,95.73517127428369,-61.908402765448464,-1.1427461013045104,-58.08681323730261,54.3747531133277,-67.5157229687964,-36.55047752129763,-19.71099877482054,24.283086146873373,53.39386671519685,-99.82788644291365,98.19320116745132,83.37597468966203,-42.32005244867128,43.52975009909278,68.71236637310423,48.86973320019919,-47.39022046608774,-9.354844409765576,83.66095920194843,-0.5686868902129163,67.82040551294949,-1
-13.445703131636222,88.68562145305708,0.24654533568160275,-34.14485415550847,33.53386295424002,22.872188741702274,-0.8737316193039817,73.13477647088894,55.68865493774038,5.560210293150064,-81.3521247753119,39.26648677968524,-55.11176101691193,10.453194413807992,-46.53331725082535,-89.76423237233053,27.307908816872597,60.60032138636518,50.47584813335433,38.07555953300755,-17.3768109969118,-68.096656913684,67.73985990345932,-18.138199623285686,-80.43015487388143,18.809976604268,-8.357763911526789,-47.32181681255791,-76.73084253592592,-59.813769304245554,-52.27088910957782,-72.43624144375582,71.81940366339842,-35.8693776709943,12.538223132374654,-80.02036571745883,-76.13805383780877,22.77240910590126,50.91362029254594,7.513732946627272,63.61450439372604,-80.24551876978731,59.93873411241481,81.45223583379706,19.431008591493182,76.49314525592206,62.55959093433481,-23.385251448292266,52.215362023610794,8.776307897984907,1
-51.70070294862643,1.9446343207130354,-63.17399538376303,-30.82198488359535,-36.12566671234765,-53.08596802594507,87.29020689443226,-47.02301148346961,3.3383433128120714,67.90354393476983,-26.53548834322723,70.32341908016647,36.79190279360378,66.90665255681049,56.87197292781735,52.588699936928066,-96.97762448187879,-46.59378740807547,-39.44553417879846,21.765421253777035,82.78963424482782,70.0555916035982,-91.066081380212,37.80249579484786,51.84621585283335,-1.0042940107722842,38.205377208489665,0.05705119128569436,-4.530079710061116,-54.19879393409814,-77.89656652597102,-22.54288603061036,61.869436944944056,88.02476681102067,-57.19027604084565,92.5724325491397,35.42946547957396,-83.0372922708944,-65.55768532511911,7.174272269502978,59.99300601267524,-60.06254468912169,-71.5777156323795,23.690179161843076,-83.22897027694049,75.09426273920553,71.36982227024134,-68.75948242645744,2.529994025670618,34.9578190519793,1
96.82206380729957,-17.995242651651395,-34.49054581230142,-3.126369731468401,53.59349930157998,-53.42289773400495,-6.2548790771640626,-21.31644264780492,-27.466856496664278,-80.73312617294593,73.92665344382968,-73.41794538280575,-41.17813639149108,32.39935083941424,-35.31543248123852,-44.53058859365275,-28.22958986056466,73.70396562709684,-8.845575851434745,-86.9184479724409,71.90281143330773,22.56946931716061,-79.28677936796673,-30.3020990357374,22.463620406771454,79.56702850042748,-5.234576171976897,-42.963617285553426,-9.363162542457701,-40.61238590343932,70.74968985801357,45.91770170218305,-87.02766214176015,21.107351504658723,-45.204834855109134,83.64546417876431,30.06500041723507,38.78043028314107,7.074971897712203,38.56737778170597,-51.7186497870614,52.700693229185646,48.26798943643834,15.348094461882056,-51.98770276174365,-50.4259358919382,93.29896278154956,72.34488109875485,-33.928858891756235,33.38306172235255,-1
-91.00063575291513,22.43173178864582,8.244125606578791,50.175555302897976,43.4563234451434,-7.071937899931882,0.5819083804546636,85.63523923444188,12.276159634069401,-0.33358352015626735,99.04292278303649,91.27088227977993,-33.61466516960401,-29.458490477181385,78.84399423891807,-30.20151930687443,-31.18806335616449,-65.81243273812177,67.24948644138479,50.69727491884407,-62.83655293031185,72.96035020934124,-10.709132790621823,41.193217060834826,-8.626001543512047,-19.080528545804583,62.9552010817649,-57.00112133007238,0.38166394755366184,-31.321935466075956,-9.793000545889015,51.95032719915571,32.05567867875027,-41.442101112852136,46.80091125655494,-71.13285633738866,-29.803864557742642,51.41742642573317,-53.07295673719925,-54.55769147467488,-29.186829625380156,-57.382350337165875,14.884255110676435,34.71659081717473,-21.07781686252939,-3.9409421564433558,73.64468167671717,-89.65317927977476,-4.766495723543059,-73.62766616429005,-1
79.11256962636776,21.94163910735196,-84.24358579921713,-89.87783184856531,68.097911321737,11.781957374805955,64.1869813797729,16.727695903529337,76.90990426225767,59.04784356204402,-61.5802432864919,98.78593561389687,-26.59492532781063,49.549926307335966,-0.4347016544566742,-37.799874187127315,6.853671787423934,-2.9399261104424,-52.497993311247846,-50.093778965078386,-97.01582239607798,89.5343607955457,-28.15283877106485,7.382217369379987,10.265589554777918,56.016248495334,-40.90970646956198,71.09783672928714,-75.51693976405925,82.32220597410867,44.910847472190284,64.76583861493376,42.805398608167565,-26.36507749685994,2.8859943214210517,2.3238790746179774,-76.89827651114896,9.248729398081522,50.20133749053423,-85.0859286130383,36.26432730989947,-85.60572832856693,-46.36619782551814,-51.61069446895665,98.19341920191087,-49.177798171613915,-71.4608666568725,-88.29110460381999,24.021686880062987,72.03260775134964,-1
73.61133802149007,-50.73035055153963,-53.405557584392184,99.82991335573178,33.732617962337486,91.23691349530108,-0.5593994654069263,-53.51398517415682,47.60122924026942,-96.37203322139582,-4.499758546813553,-72.73216654270891,94.96865495282552,30.413463078977088,83.68880928039707,-85.83266579932622,12.140598930209492,55.11759029362793,52.45321981242466,-13.227500556933137,-66.8392886206699,99.08751540517449,-69.9784439075593,-94.83109923751043,79.65147907467588,-5.923212787504667,-40.8419750341575,-46.88777298062463,69.84401590442835,-5.062701730190582,-90.75573235143307,-57.93456103340509,64.7572618732755,55.04512790873878,-53.006964214233655,-72.25656792175454,-25.992597537314083,20.546075217954623,98.52700157623246,-23.063937860026257,30.32321404795212,7.796415211549828,22.233955877506517,-62.33940405032876,72.68839198877524,-42.81136584525926,-16.929454811159104,-23.871221781020708,70.30605247647716,92.57346376775988,-1
-51.50589927305407,68.06963551770161,51.01879345962931,-80.78480487232878,-29.77243728086873,80.74248632607834,-69.80904251767072,-98.89570431960183,-49.60757127375415,-54.520327034014215,43.99731618689637,-61.34392341855677,98.69458489097502,-42.71217372080645,-57.784679876796716,77.43127598911144,32.71163114052567,33.950052954095554,19.21941328131635,-56.86854822791394,-61.99739170141525,75.38991841435126,67.197612020852,-94.40087526248433,18.041735989328274,-0.8316189067603119,20.48773602062657,79.91963765852614,49.806648570285006,38.0984723666636,-99.46968537986078,11.768827931991012,-60.64674724363286,30.24929057890168,-22.208699088691986,-24.093539664362112,-28.94455676482326,42.02658286588817,16.617637282929266,-76.34597212172682,-65.65623544935208,79.46321423732061,-72.68814224391944,-56.50166253103202,3.042705013692199,-8.203703650813026,-24.658875558184263,54.8497514182053,-25.968468208011956,70.83169442725531,-1
23.569448040242776,99.36985685628798,24.37639277807871,-68.38773994167013,45.75229166647671,-61.03679334746304,88.7853276197759,56.445772038555106,31.03159345810954,-94.88250974961012,79.70263042655264,-17.932901080512508,-46.74987331562186,8.505296633232248,28.834277348355187,71.13562589521194,-93.91322047467492,-44.86877363990016,85.46267865235538,41.41288356363461,-36.056969105065015,-20.9613951746566,78.40258588763595,-63.850908099446066,-15.274787687420229,99.63849056979024,88.05928270763025,-30.450681654268493,2.121318153719571,-39.38959460964397,-12.005138888082726,17.308646896931037,-64.45631352558001,-38.83238583801551,-43.42380488134143,-43.849379514347376,22.015802101534888,-71.9553799361949,-48.67276142577717,79.39490941471192,-80.54870268681438,94.52420861434086,-77.2449613554889,20.284063026478222,-79.27654403611311,-35.153863900783946,55.724349108635664,14.761063692199201,83.35613984846916,23.04667223799966,-1
34.49209960500576,81.06436567521794,99.5300676750947,6.57712732817393,-93.69556293857741,8.80066475110415,86.52228557330253,-70.87228963197943,-86.22751616148128,87.66071291315305,-46.02685243600626,44.56075043476321,-87.66192859153988,25.682933342451392,-0.8180440021052391,66.14082676453842,13.339701339791034,-70.41669479047661,84.51306316233669,85.04231729436862,34.48867753825755,9.546740814497625,61.2781497235153,-60.46724025035657,6.453099442744332,-88.68076241341718,30.256709294424297,-6.644626956433953,73.4218998856384,-14.877179144558482,60.43909170375005,-61.85744872882657,23.686997882527677,-80.76435159102395,-70.37986339280351,-11.14699563991779,-77.5181004093746,-67.99915092654209,-12.683361270943848,-99.61694627021687,-48.78941735084601,-98.66795902093435,59.73048541845765,54.867282325243764,-84.62505529788532,-39.00063758991814,-15.662767658718238,-32.18900230030461,-50.72440931156075,-26.406528419374652,-1
67.22354064144974,4.131070746822303,42.43759639589845,37.0090351417239,-73.56876053913545,27.96795312195445,70.94247895065178,-83.44629329562224,92.11984827060786,-28.712633318604745,-10.799279169570113,-66.27483110626768,19.492501061604187,52.60758077214834,-18.48229906255669,-51.341334729464805,14.077175374566181,36.0207088569137,-83.4632596623374,-14.273663570234703,83.49526064505605,85.20750718657894,44.21965476639366,27.514270943858904,-86.47925780053747,-81.32533725977291,10.028321108575923,85.46552116543657,76.70063477802603,83.25939572005902,41.10608132367537,65.25058299531429,-83.24239980971748,9.682096414542315,-3.3699905498868645,96.72384147084526,72.69421419377485,-78.06468137596711,20.476392950626547,-97.97127572278637,-78.20229839045842,-77.70933719398039,-99.87189253026274,76.62596994366834,38.19371277930975,-69.31418174252848,-48.302634915106665,-20.23325841841539,22.070572766454816,-82.05256136545688,1
7.062026290518332,-42.51949323090349,6.667622978514416,61.623750997064235,-90.33357204220178,-13.997639769180537,-41.745856832997674,-73.0660647441703,-98.44987982688471,77.24902978829127,-17.34304725696984,39.22316133502005,-26.805731858898568,16.00326213868206,81.63957780695995,53.58562394333239,-65.34334306937487,50.558217940009996,65.99739033000861,-69.87669848041122,37.34253640840308,11.255440610063317,-45.410227177883385,45.24218501644134,-9.588685731223407,15.951634488491266,-1.5896771595025143,12.887798231376095,-18.761648734157646,88.26769853923363,-25.070503554941823,-68.18247373970203,-79.8322342544219,80.23177254512026,-94.14038019869054,23.833363961914827,13.646618105042307,67.24409972758252,29.132749490071035,10.941296162608594,37.63418869498702,7.281221643234943,-92.07905869219101,-23.816402813280988,-96.83642018715997,-24.782296600633444,-92.60040111598788,95.76738467746779,-84.32761519939034,19.448132706069956,1
4.289804833376024,7.796174890024105,77.08775287246115,-54.46025731483481,-20.961751137489017,-78.89017265740992,46.396321854721435,-32.35334335345574,-78.20804801687149,-28.123582179480408,-13.104367620132322,-5.042596806234371,46.72955402141491,-3.9293021190825357,-65.29439296731857,26.350931660527223,-0.19478902864247516,42.76833077635462,-75.29468837154701,-81.78819180252259,20.833983794717653,51.388993685140605,17.41485245907232,-91.03901166893706,25.81907703713054,28.537261867678723,-63.76210397082423,-50.367393622588665,8.54528350554935,7.292005864895728,-10.382426884716295,23.68248996617052,10.210665677355777,26.133766755171735,45.21200620429428,91.2645657770436,-68.03665240639178,-39.433009967195495,60.72927600994939,-90.65588503474504,-32.06339649695464,13.795084919055185,-49.32222851863606,19.26145411940874,50.194643971549624,-63.43416860867064,74.01579821385641,4.3286532640444335,-93.22649863326158,-20.693574585653153,1
74.86146682741611,-65.76305123297495,-35.488152673346335,2.780942509934576,-48.46761603266294,-23.369368804385957,-93.97944173760192,59.50435820995338,-4.984886241211356,12.774441882307826,-70.12291097137214,70.98647288204796,-90.5305994533596,73.80585493615962,31.648376986125328,-19.703289960845865,-95.65309491502818,-60.91728470544031,4.595101829222699,-78.23510927754302,-36.42242642284428,58.44639831338648,4.392193182603464,45.530667335126395,82.65913492464293,22.736907841864678,16.24592360820587,-0.23270150750649066,4.215602370641307,-68.20438479217657,21.010673426242306,-28.429785916660947,-90.32794788609979,12.521975815018791,82.3812887767171,45.17233635965101,-41.34355924458817,-11.303691902923845,91.54983267293485,-40.455878980244385,-62.16290489050071,-0.44352802028279825,-14.583859582334881,92.41503882826342,-15.902870092220596,49.743109608613935,-7.775946217531086,75.36464116620712,14.826501736680171,-41.10224675407479,1
-16.333227179543968,28.44192740053947,-27.986901289854345,25.173221923073612,-45.60883079223008,54.80086043108798,44.142847529869414,54.441290338312655,82.11866650511678,-31.686155195372592,5.748972193177224,5.42294883071844,18.00837005029325,3.333583175104664,-74.61680368169658,39.05489357036055,-15.01479720380945,85.89657353944983,-50.98509638923605,36.92090115155534,57.404338066633244,86.03060629014087,-92.43520026108058,-46.77429155396171,69.00455468078079,51.23036128099184,18.72073287617677,-61.3415397208601,-27.545211027829225,67.33643318078845,-61.23705502058729,-15.8186332633109,-60.31383808760775,-58.11779465932574,80.3542077135537,11.302729247567271,14.140613910612146,19.453778030517284,-42.5143975061806,-54.83697658716551,0.4070034056986742,-65.03811052260863,-36.284070805853055,1.8598795735711064,18.077406503960106,1.2893752619975913,83.6056306537624,-69.69394441378503,-5.122094896686917,-63.61425226198354,1
-76.08115081233966,-92.70778983487631,-55.744681786763195,-54.8043230689633,41.38018033514416,12.49412270573545,51.945224386522426,18.18897346634239,-39.764256474756785,-31.78078346850583,77.57956271018122,43.613302151061646,2.3142100520491766,9.226642767850109,-63.31753439022232,-30.399170543362814,57.33922448822835,24.624547108666462,-93.53584648249766,13.411421496722255,-96.09558991706524,0.6242869563794784,-35.507119293935176,-87.4727033873908,71.73511983462711,44.694277072144644,79.77810863718534,-47.82107169223482,38.44046660585238,50.13607567619539,-85.12489747619325,-58.907809123766164,-33.117579084455045,50.827199548319044,-69.5573814695402,90.27338504101851,8.35035644886517,-13.466095745680803,29.927334619524004,67.39456052626039,-50.07504054791247,-28.28296790400458,92.08688314767483,-62.04200029734124,-85.00753432364621,47.85597511734093,-87.1882879978178,-55.39955965230152,51.312561178931446,86.60176256162896,-1
73.58365890400444,18.160906703583166,-4.941404686898338,19.392057369105586,-17.937274471412422,-2.673463591021502,-49.91522242955191,45.034972818100215,14.762706715191428,-57.66545023241425,74.88326547305599,-83.5571288712604,67.84129399078725,47.413477681219774,48.479263048553946,52.24882830669236,-42.12257270292326,-17.501706356643737,77.36051609918809,39.87875200541927,43.99433290207577,-34.289074335938736,15.615828472701068,-95.55765166058157,6.771166321486405,51.16223431259809,-91.56306886679057,74.02859803347235,-88.17437348709302,99.96795985053154,-77.10925103073723,11.861084254918936,37.169140654420914,-79.55858618591012,86.78622955982601,0.6638110052358854,-81.78395859634506,49.02658912472128,27.979205863347744,98.8685232729415,-2.171829755445657,-88.3203001724206,-54.292611967213,14.48377447534159,-94.2722041688538,61.893259733065236,-34.59805075311368,27.639611532798796,86.65692745283192,-98.79261317948482,1
71.63541063143279,-74.7433054830862,70.44730499518218,44.19968400898077,83.87896824173569,-24.660548141297895,-31.733895653006755,50.992140966538074,-10.47577464490152,35.67432028225258,-44.80568500350175,70.0132923306887,34.50792345551747,-58.145421026188956,95.07471715551148,-69.15518761357231,-73.95448121367541,-16.61844497462033,87.10248768924461,47.652456407633906,28.16067258013078,-2.9865502711091665,-48.32023663962091,-17.963466960605516,29.22743151413016,-21.168753634695506,51.91612265618036,16.895442414802872,2.8732201958571864,81.89942279743909,-32.1514775187468,-66.54239619242917,4.892752316440749,60.22019098287325,-60.36190400103523,16.682138106471413,86.1980537239985,-85.25180975794322,-39.61441477458707,73.19406493487159,34.38387930173579,20.500861342943224,67.8973372451022,9.35355295328948,56.88380251661167,65.87192154692866,-83.62855865534158,-47.19927848661201,-0.8553706055027845,16.882530919105946,1
-6.24640690709883,94.41069492469765,-2.900821766825487,-72.7097763459083,53.781887909495026,-97.30800941370575,0.480067898242325,78.65382308353966,-72.33115772939884,-74.39212985648174,31.12888299834495,-61.42748333623702,39.050246591557936,-18.430869139699297,93.84563128405517,29.826769786735326,-14.615431768484527,-37.37918795386393,-35.05481354044366,16.873894961960104,30.747262158151614,40.081704176329424,61.22741421138781,54.42031171662944,89.56538115551342,-52.44036566831976,-0.2193467942941396,-87.16057871284337,-54.834032381121474,-72.77840969407504,-63.840012240255305,31.191867725595444,13.298349336615843,-91.59912003699647,-86.73530685898177,38.524193586082845,50.005572487927196,-20.916078931902618,-53.810409131509296,-60.49581063352654,-74.72320104254942,-65.51583932122645,-59.13755884515142,59.24726972208262,-97.99495155735147,93.57991051004174,55.801618070923354,-51.02979236569165,58.45842700144229,75.64536051911878,-1
12.13565898778998,-26.981215953638824,47.73053011762843,2.850855812395011,-60.718806470185726,-41.747792107754634,72.90159561102791,82.71173883804869,-15.674739584993674,70.9828360222717,1.6142752101596471,51.706751095486055,5.835152531784189,-40.98560440467382,-81.76672148951326,11.373727558536316,-84.87255224422236,90.96816475910444,-9.176020941341847,70.98515410034824,82.91191664927297,74.71743940386881,-32.455731779119006,15.235571792465706,-65.75175385134332,-89.89108190098874,34.51341938859761,-72.27678132301376,38.43342140116772,94.14149577946625,-50.670475020979964,-19.028052191014382,78.40226709289553,86.06836288672946,-49.38355692493659,-35.63896638721013,-75.01144697898847,11.484758304271537,0.9362084109657758,-64.57596198049396,-86.93125653197002,29.32918324866779,87.27241851083687,0.6020894249056994,-42.696222260935926,94.46501859182038,-27.429673465393847,-89.3062039573024,-97.10325279686,-20.749821256219718,1
-66.53573919978793,-75.62215758392821,43.544450948698284,57.391936592839386,76.27819972737939,62.15841443256565,74.36647179859852,-11.010404345602325,1.5726636808671515,-66.95404380432721,-78.38674719853138,42.37480407967814,-70.78632685547106,-23.612623469849197,81.31150293801238,41.73712933799533,94.59231691063431,-53.631321815313825,-12.958721538217375,-81.43065252927421,95.01396769959888,22.43767960192909,-94.22546725900007,16.378541615283552,-55.472852488518456,-18.84330181385741,-27.670303016420192,-79.47938365719472,73.48525634101429,-37.421417301816604,60.935407726949876,-10.147975239677876,7.353483745000688,74.83412791823605,-0.564134525530747,-3.2856975152601393,60.065906113284626,67.2881891447492,40.93312042594533,66.44834502266988,-46.027663105405004,47.59696188805347,10.854243993200583,-90.25613714021932,35.82856988257916,35.69521105426233,-37.55289791234209,44.74599321950237,53.066233131020994,11.725508957738924,-1
-54.41296749161167,82.56016008157235,-85.40633341486246,-61.74136515957856,21.32445036191642,4.48626260999994,72.09014713326869,-44.279404927693776,91.33709853220986,39.21944765736825,-28.42921371999701,-22.694285642978016,-74.98680694908985,15.187410121569428,-10.429913905736313,-20.033733768599205,-54.036231362603246,-41.256362347020236,78.58620233235044,-59.33119272988632,28.43733742755944,-37.69514503858531,-18.637734683849104,-47.61019728353173,-75.15898787969273,-95.99844570770377,75.17759447605988,75.65952439055403,99.2918491055994,-90.35644598290989,-0.7466470433601984,-34.53385112595846,0.5166105773330969,-68.36700503743813,15.066234848497146,54.006384130680004,-40.70479173466517,-93.69580635607784,-87.32414162304629,96.06029585466015,-81.2494210495629,65.97472297678371,-12.006529550061032,-68.79693327575795,87.84841084408274,2.6653412701433723,58.94187494720515,44.84395671575183,13.19342179671466,-1.8258250459645353,1
-92.12163326143612,70.63459572934448,-29.856298109149805,70.1861654866482,-8.679815158836846,-82.39179845913685,-56.51904005150743,69.7339688668772,98.72743552167734,52.09866302873678,-21.30075544019094,49.68303214878327,91.12671213823296,-55.29635183195338,-93.77187917552851,29.99409828659978,49.17707125085923,-17.427224150460603,-82.26028307076916,93.02319287192415,13.33627108108098,-99.46566976731597,-15.201183204163172,-6.390901164371627,-81.16372818216304,-34.26904496829178,34.34880077850906,88.4747888398833,73.90264676395748,-13.13184391409483,63.38947720014394,-32.23621551729454,-8.932033974015496,-95.11682095158862,-41.019784053386665,-77.05548046431761,-17.499160271948682,85.1020279992753,-76.2755824679252,99.94606306209985,20.378720535056345,-73.8203568648475,-77.55565053954197,-5.53135165554599,-6.880297733229497,86.53725735371322,-99.23283220782517,-1.3257088042912528,-51.884984609164086,85.89584904394135,1
-60.70260660875777,0.6418833503086177,73.46910094042249,-31.60283894240301,-89.17690643927011,-25.129621844762994,-66.63593281679854,-67.37297708483896,-30.84412618154188,-79.13928982296846,-34.11901170790665,-9.132275445693594,20.974825866263075,37.45469771523673,-63.62611052104023,85.76529854565013,-30.015749177595836,67.93826091523954,-69.87068709201168,-69.48991099621036,-80.77793371682007,-4.5315801625340555,21.86913787248443,-31.191585519154685,15.778096462302443,98.29199647914166,-19.548245908037416,22.727328836280947,-37.870915236949145,90.23975141072322,-86.38085091296264,-32.155892334521454,-19.69137201283901,69.31944984581364,-10.227762728184501,-23.923309081272805,25.79291578470557,90.03391687924915,71.60406102468343,-64.9876934663197,-38.868807538058725,-66.7623106466173,-84.28824639833566,-1.9918451406389437,-95.17100663371025,74.14339751929765,41.730177179590896,79.97801568631476,-21.163876452076465,-5.285615394062674,1
-46.88343340827878,52.406544207810214,59.451805129621505,-96.9000166619358,-26.68981236668195,39.747981465989824,60.30492582331166,39.98643713062276,73.27911604171265,-56.854020149960775,-95.73485682789683,4.611174144768711,-87.99192574497887,-24.152798407405854,-91.58173436528241,47.65193013479902,-32.729440448129864,-22.277180811826682,-43.64986535189006,60.4262707617915,61.08201748868234,-55.212764350952305,37.61639438777598,2.5331312494860043,-12.59799089738803,29.254892862723693,69.21829164191342,-49.16493313014847,55.08666150539702,84.85384503347854,-11.46777005007013,50.71596828751751,42.49639195922299,90.68380521246783,-76.23720301519242,96.37003304760623,-42.54890199876213,56.730783176198884,-97.200861370482,-90.95852105901227,84.81701800508588,87.76211195897986,74.45529315194193,39.90919260149528,43.8330801580957,-78.94463347457521,34.223599539038446,-19.95522895592852,-11.929225105384262,-50.60330656103602,-1
3.8449141560410283,-59.401288161760554,-90.67281990768193,-61.49303645524533,17.77387804144226,-58.06424440098426,-81.88832124020902,-94.19420555905704,75.60650335618567,-61.32822898714356,31.30315503878677,38.79016610674546,-70.17050515230376,88.48298239175418,71.97023238060464,28.86241928968542,-76.53444123537005,15.965931729960275,-86.18360870006212,-79.46832340987974,87.92307555860162,-28.611197765307452,-38.76231933810752,81.0458412383349,-20.77432442556845,7.485597889666025,-58.000410616918494,52.66859400674116,-74.03379004098957,-34.02031734788726,-11.967699159218029,66.69312084654587,70.65736605660663,37.05194533698642,-44.29094929189192,1.4237094514236759,69.3232533189306,-66.32484537405875,4.186272880145438,26.908036194407742,-64.54103796966288,-37.970426215711605,93.66872694438658,7.726789822394949,63.10311749284375,58.35361531666328,16.65291782873001,14.767725008603392,15.16314159747128,-43.12527209062984,-1
26.93425465078829,-85.90786446660834,-46.12861636390117,-70.5233464805303,-53.48629178533375,13.0799035969344,-56.366625959699746,69.38054569549479,-91.7697519437215,-79.90690201255163,-83.81145910679106,-45.92815289148591,67.27505972633801,81.99386191766305,27.880036585260257,-0.13842936950074147,93.30085885899578,75.22731583456604,35.43553554950307,96.29401504712257,-9.238146185453814,-14.361015808301445,80.60743112725757,-21.606103766469744,-4.551854957518614,94.42086906992787,98.03060711141626,12.176804840293869,70.49593209004036,-55.54264098547088,-77.93217584885235,46.88645169170667,-56.57084462153941,18.10387868283121,-90.78513382226964,-23.600454639746985,-97.57608635440447,-56.18294349034618,26.12115844976495,4.976275555834533,42.94660214472216,-41.45933053671336,-73.56690368386253,-10.060671208462168,17.147267368860525,86.55645135413465,-16.117649602542073,69.17334508502066,6.7081716963559614,-28.441556379203888,1
24.02651956030735,50.3596327173866,-98.19886714710495,-61.8648106490417,-83.10197915103421,-74.27992875496163,51.13517781441976,40.78701508081909,77.50143802362575,-47.06062343244002,-57.18501804751994,76.55816382790974,72.60630113316759,-33.40361974534159,-53.56147353067562,-13.488566189185349,-14.620834432863191,86.69552535765933,-84.47037470850474,56.66298576447599,-73.15763162750268,-7.647075843819053,-75.25868817629811,18.766274388554777,-19.659348398111945,88.43991666433527,-77.83147818829966,-57.29236031110385,-40.02253463943342,67.25603348707108,-1.8082262494262693,74.59486970866732,0.4251166439236158,-77.27117802708763,90.92121811277985,-50.0157068089609,66.71515665668801,-50.82176074769818,97.79173860144849,-96.54401335665463,-37.731315871338666,-57.3249822387079,35.76216152897885,69.61205436632233,23.40707037264238,35.88666926506616,80.37775825485548,-15.73023944221454,-75.75254262644155,-1.1857855005158626,1
-14.7203286396755,58.40062522603918,47.023164968079186,-67.77801896283337,24.25940684335781,65.38407314470473,18.670865179736012,74.76460325264998,83.74363442297178,49.93880319431142,80.19634072421286,49.24551899401578,-2.891600389178535,67.07159573944426,-1.1887012403830681,-22.844192235485977,27.583891370998487,97.1326239107031,-41.339163277046055,-62.674190682383404,-43.85964485240663,69.53723092940939,-40.96175334033136,98.79027722452497,2.8448240933916793,-67.19443781058649,-88.9000809432263,55.4564302579484,-71.4009775570286,-46.16957744458507,0.26226301333989,-55.12558617304191,1.2686838012762252,88.92155930270991,-27.798069299049885,-10.4398565638474,-38.71730517260177,38.491150137906175,87.32832013406343,-92.38941753591503,25.84647042458485,51.290464308236096,-42.91488918067712,3.565916698071689,-97.42508578681772,-86.52947639522546,-62.90567819087309,4.376481044161281,73.22462271101182,61.98728203993011,1
6.605773449227996,-59.72017944122252,-47.60488714429649,69.92223730221599,62.11863217540193,-45.00688325594635,29.140546060243622,-96.58691668678641,69.96261307143234,-78.86783037191731,54.0656165696536,-8.134887163064917,-62.87569411803422,37.28560853090056,-43.70839693872117,-73.29991510965708,-48.53668818904544,48.21454682203415,4.762258643212974,-99.94439484498896,-20.408194661257966,81.42013152196833,-55.26468934823918,-21.520287067348946,13.045245140079118,3.07141659462782,51.65266593017279,-96.49216839322948,25.76099979043059,71.23545599195779,4.273794613832223,-17.975946908062568,-87.26342623870246,-35.153158163931565,17.243353511896146,41.38849651142718,-55.02818488878813,69.31858743531677,86.26421413119138,9.843641439713963,-58.47423821011586,38.10527738484791,3.8776370341781643,-72.63853620075608,-53.076212368558195,24.92342660884968,-97.73787770905491,77.50251235161977,-31.167033756895265,-57.64973358358898,-1
60.791701510504055,67.99964464878857,27.73981897663451,58.966052320865344,99.21538315931957,-63.47771748477089,-81.42594325436532,29.489644473504825,-37.94999970658799,-70.08478009236423,31.18744367528805,-23.49312505510845,-96.16760466058622,-11.71277368576935,-69.77996602562418,17.001721773974566,76.56285174104801,-94.84964686515482,69.1169702819846,-86.235634073783,-24.35408270894321,42.87935457642865,-27.797834329338286,74.10696200625415,48.60778205994376,-64.44259898069795,-22.376326606180726,46.28818764100609,39.23921280617512,80.215777663442,23.347726218881675,-15.077128838841801,47.57242954111774,60.70836213291554,-39.58081531950195,75.56093433678163,87.38357288330923,-29.751598103069128,-77.47388035096417,-78.15581613874794,-32.48755430341123,76.83418923040938,-67.4112552203595,-80.1161046534276,24.44774160622734,-52.510632492902396,-4.222716339711624,-53.91100932951092,7.4005188921072005,-12.958217347096607,-1
39.231229027585044,-43.61408964968785,-92.88962449018898,-71.07433237531052,-97.72532679907027,-50.349293695750006,-87.28918886344105,88.79823428630925,-67.91316047691569,-8.356503344806086,-48.65941070325817,-12.609024423988473,77.04177078582427,59.25808121681109,98.380509838871,64.30762881721358,-39.9584070259706,-19.541685666450263,87.93988197057664,52.02859319137511,-42.022960146049385,85.00715011408539,-74.55092621803685,62.49455089031858,-57.93627136753945,58.06432879553191,35.951318763998444,33.57025426115894,91.33491525257327,90.16238018832635,-82.10274166358091,62.752290075859946,1.9815674438821844,41.385497894595545,19.687606189145825,-38.54439061188473,9.767505698585595,31.76357834211018,-70.37816340363459,68.2109977716135,94.13509003553531,10.299007862553708,-79.95900231064596,92.69320175133106,-78.21057136183009,-62.73356450585257,-95.47126302564037,21.13545125872976,72.35367266893246,-29.116795390706812,1
15.735081714478682,3.6411464365041724,-99.12520354339813,51.099813739357444,36.28917522396418,12.846312571514318,90.98543528567308,-45.80435720825899,51.56098536526497,-82.50376224457162,-38.52322811279687,-53.82869682738915,-72.4461327368739,-77.98404397284659,76.42014436132922,-68.96868295440069,53.48547331732743,26.443590485094347,65.1976619933223,37.92169218748447,76.59807261739618,32.840145220355566,94.24578994848932,-29.50856368809353,58.775956630246185,48.560434934148816,-17.89587372232735,-35.36589286388927,82.35079505188196,44.99557222711104,50.942296161793365,-88.24098697830196,83.77106442682575,-77.38581688137798,-81.23956395951768,-20.996671468542033,-52.010730398739,56.060550165885445,95.78502565272109,-67.61701172200831,73.71289313047635,-54.041293016866085,-80.78933961313489,97.48154741350325,37.08053543516081,-92.82487487220912,73.37187227879647,17.231836645941883,28.841034970834556,-89.99287371591005,-1
20.376317927264424,-82.19805302079823,60.24198004872579,-94.20261398124839,-38.32365862805296,98.18643258931084,-45.27560652356206,-54.69789150610034,99.75150960888365,45.22399535384244,64.41028077397883,-18.650767480287513,30.096412309237706,98.95372859369752,81.5020028320954,-72.98422658550463,62.41811899113827,-78.13479994779888,-45.44957321576828,66.33625454660205,-99.7281833330813,-3.1086903779105484,-12.28247215496583,-35.34593055179913,-92.1895616188329,-11.20601717781156,39.75023742661867,74.36286615229497,64.86531756858884,-94.38222288517557,-78.21266064167494,-99.08133911679286,-44.59409555365408,0.9575329475098187,38.89653307474228,71.23661519136644,-94.3189812149684,-19.3056348803579,69.79203140422982,88.56928513580937,91.34124941548666,-0.13758852395879728,23.395056207448334,-67.94819397926655,42.34710795426031,-59.89457771721665,-56.49679024489591,-18.183446104047164,-97.95140938926465,-79.59847474598809,-1
-37.25937504856876,38.59435875473346,46.39356767054241,54.69624067570837,-53.03279017049343,97.04084297466059,10.979691314612225,85.65592011728563,27.95526480874824,-10.2460425455631,-98.12780681988384,-89.76476107789388,-74.53919058996676,-81.90094916446498,69.35054041656002,-26.590447873700754,36.84723638822865,44.25373392218452,-65.61268892975704,45.07320185335405,-91.89060593104918,56.36293004219283,-91.20630873172557,65.21505423759055,-92.62674097216212,-71.09003610922974,83.85868643267219,23.06856107557806,18.69824248578604,-26.395767366907165,-72.53288769043908,-62.30838048930227,-45.222032562191416,88.21689200249429,5.2071275987164825,99.02445136919098,88.51095661583219,-98.68923106714722,-64.52657311679894,-74.7029746019119,25.179227137112065,-90.98430169923188,53.64697148550832,-72.41865916409824,-27.903836364503334,27.146617843082737,-44.71555642195988,-77.44078658348181,25.42575006936316,-47.664230804932274,1
-69.2617914311591,-99.39582572876775,38.934400728839904,-20.6297059316272,-93.84383364929538,-87.00951318356165,31.7676431532324,-61.23717710829435,9.833196471550437,43.89462421375072,-28.881283664651548,-33.417331743872,-18.16399551932409,-70.183323950992,-16.007551489754704,83.79619597821545,6.514842315802483,88.80015749027928,-78.65273815551895,-10.045328801377096,-14.272237930896821,17.55061649122935,-77.54371030918459,-9.439715020505176,-9.886645881767592,-45.96426245909926,-23.037558484287672,-36.276108555096975,57.928022489020066,58.65045980546722,76.95487865829551,-32.800705061822995,-47.44330142311091,-75.3197026845016,86.14457009440244,-55.05176679299344,-98.94503930437033,-80.13148495623147,-18.715971242978185,-88.00866197106778,34.93493855236625,-90.9033620316678,-30.388316557365158,15.976443516625864,32.567630912913756,-11.46430344131899,-35.77279272713179,-10.802716208740094,-94.55556915837985,-44.11633783632063,1
-2.6662117150594327,84.15416992721507,59.8531931919936,3.05107282251538,-48.80087589468458,89.47356510217003,38.84077781253035,47.93193703911541,-35.58612780303983,63.811857477764164,12.39223423912567,55.401092099190606,42.165023891997066,71.62830986897683,-94.16564731534416,49.66047048018493,17.046977750512553,-77.40428690726063,-71.63497016494998,73.44425876097145,-89.43407737781655,-91.31568325659896,-98.52932724753533,51.10172930877118,6.49230143214217,-84.67134558487292,39.19042736413158,-32.835459202908936,61.312041978759225,-43.909690850199404,-26.144555999159593,-28.64157171086825,20.6411530494768,-9.69587354305554,9.787567099352358,35.100797683124085,-15.244797698496043,42.507449231674684,42.25122737878485,93.32150392685716,89.53876073672069,-42.8111104032259,-74.45244706598855,2.1892786143096856,58.80452557235395,91.84528138706656,-38.453962211594586,-63.20394919701773,-0.25027405989294493,8.888029009431506,1
-6.880396373507963,96.74231664183034,-14.42609702940176,39.22918498770821,78.7515016554093,40.01283449864013,-38.26950465301735,-59.89498448215285,77.42936156236584,62.36258347927489,-14.406937293027866,-68.1024773587779,-68.78769404426126,73.0733360368231,-99.32390621813676,-47.34622738819121,18.498884440470846,-41.41772524996601,-53.19937218356561,-94.83105911065692,29.4202243507836,-88.64188078066655,11.551278167306961,6.20246358713878,34.702510668552776,48.91075287112966,86.45233309868945,-76.44212211213386,-61.307161277270225,14.61635479725527,-54.10460179715639,86.93346996456987,77.06897382756878,-97.53884573155548,35.59858411604583,46.42586790709575,21.8168454801897,12.417859806222495,-69.41657784995903,73.48477240011252,58.3971246011659,-29.789294899660533,40.36892560841923,-64.49708344281368,23.902668982919124,-50.49207801499098,-80.32615350808894,-60.88187156322717,7.454936965572713,17.695542932635817,-1
-8.460078968141204,18.361581532665184,83.4091180308952,98.96996141235851,-13.04965475200217,48.001502554555685,-50.962714156894265,-65.30750073641138,26.9153502154075,26.145452611717104,-43.858479134970274,40.8278361714257,-85.3924323678455,-64.8466332588495,-90.93714055005628,-53.48851366527523,12.677385584765872,80.36063476150653,-19.34177294300767,-13.077771068811387,1.394432808552807,9.669940540575325,47.45630799503954,-83.65479707564248,33.012126111905445,-96.25205428291417,-59.95720390832864,31.01043955122745,3.5474874994644097,61.34731065475742,76.34702387212982,-65.77735495602748,-5.677692400447626,-89.35153381517051,66.600009663277,87.92565234611399,51.59865511034391,31.436522105871774,-30.188950807319358,-17.340394342548834,-85.65369215850009,-55.948790629920374,57.74890463513529,80.26077975886875,23.133312934697003,-90.07506951378915,10.340730617924379,-54.41177557705279,58.116454582855795,-48.8513333879552,1
2.7978978319621604,95.12038383133049,26.00142708930464,74.78144775703339,42.42178657071511,20.700159135010026,52.17648680623569,57.166605010282666,-82.64867878647406,87.86462788906596,-99.52323856758818,-38.33818884940641,-20.564303837900226,78.68061746774154,63.73276060682804,-99.11808020764448,11.151160602422522,68.8257059888958,-41.94093343341498,-84.60502558436048,46.49874212328473,-78.05813387977894,-89.99058098729218,-31.708851981691538,-91.90229580566154,23.529059155948786,85.60707904345983,-70.05733090577311,-18.496895802315706,32.34021390525993,-5.408713910075534,-4.9882493038715126,-0.8228640630282911,-28.24126692438098,97.4589600970503,-0.5840637125255341,86.56408906438799,-20.118105792648564,-68.50495382951496,28.356192468192546,-46.76038994111038,-10.58138868312055,-87.70360527217713,-27.646149978849024,-47.87322566663723,66.54283238257364,45.643159766639656,72.95794013019804,-31.901355962670237,-72.98206003484935,1
81.98862877087839,38.12454841626831,-59.65908852271164,97.94462651094298,-80.99944763541387,-42.51687658387597,87.89251386468692,66.56979005435653,3.878047188813838,-46.75499493468804,21.54092149354203,-46.53249963751078,-10.227174347087868,-36.730885454316486,43.354678905244384,77.25876976940137,-9.794833701678925,13.547489442957385,60.233148364410226,11.323751500787509,2.000191359162713,57.88395355923845,22.08075663964317,25.424371514460347,-70.21482091594724,75.20183999963689,1.4153526036466673,-39.46438534084362,-88.21218730671177,-17.29149668506504,-48.795712401893134,-55.92795334018403,-85.68627762038793,-47.69629809401172,87.6353920033437,-96.44768599980556,76.46284044885135,65.96632210846471,44.29626150009361,49.94328725340239,91.32995435183608,-10.636117125874293,35.650150422153416,-37.95126520399905,35.60504359639836,-70.22651389589603,-50.89451384480155,-4.221167801272728,-46.87352693971136,80.69949015522639,-1
24.09475701039412,48.87364086079813,-63.46103745772345,55.81958795863403,-20.743896352125773,67.1020309164119,37.07212255243664,95.1194511195826,92.22087978275334,3.918435244228988,14.779237907084266,75.8894863859019,7.078929150752231,-59.63642522949901,0.7357292838202341,7.811598911996583,36.566727438707034,-96.05382013495944,2.1667146323611064,-79.58933033989183,93.74133589537942,4.008779070499386,73.31975880917514,71.27193060701705,17.10688717386543,-64.55489673700026,42.911840621062595,-18.882471432580743,61.97396535429135,63.945867625361046,6.384679266243268,-82.94799177079533,76.95928497122989,-43.032629582762105,-41.39167550581857,58.095514295860994,33.934831433043996,19.096378388518318,72.34163242845725,71.67574471979,-71.30768677572922,-43.28812534508546,-97.61235867784406,-91.33640594816691,49.29686876114559,-93.5956448385108,46.40353961545827,-38.00453389376521,-99.24842974862034,56.87327471477096,-1
-56.08921535403961,40.54765985791738,-52.614427697763546,-40.0604337239991,-8.346903520638335,94.97933775112844,-30.20181460205538,-90.99643628937335,76.40667490376839,5.989118813999667,55.34235557818255,-68.22268747240335,-42.90538741177896,-21.775674452492538,-66.61086027636169,32.3905594687736,20.483008312772995,90.6564122264225,35.721128977617326,23.725114306124013,-82.17473449726549,79.41327130157742,-90.55926588130761,-87.00679849686585,22.43754968869547,55.42487590967295,34.264219833306385,-92.75449002943344,-95.02052880463904,-53.76071163446543,4.547358904346737,-38.843768943548525,-31.88525778080644,-52.75414623955852,-63.766566891492516,-69.73227734282995,32.63011132210997,66.31870273576948,-15.958214022491461,92.90189342114118,-66.91572158026413,65.82810516214923,-23.204003687106194,73.56550163320216,3.0126369677229974,-73.16665714631046,60.238580120711305,97.81517471517711,-42.74042827810476,81.2159322129865,-1
-98.19230618414156,81.18879358525291,-14.606760143756148,69.74739851863478,1.5605769597027148,35.19430507825331,93.7927886080889,-74.73892391187718,-69.24645001572716,-40.63978437688092,-25.05600864238906,84.5684122291444,-47.71049843777158,18.711954053795637,99.73357035648127,-97.55742128796119,90.56711265362267,23.935948071914567,42.32648255391055,-32.288466237591635,0.41789689514529016,0.5963540485573589,31.67666411684965,-60.42093125348613,61.21462688392603,-92.66445324858769,52.892108468439716,-28.381951698256785,62.41926266037805,13.908030438396324,83.4483285244105,54.71784517662462,-34.64038597074742,57.68679831225049,-49.56413520639566,89.76804037088178,-7.909318435384677,-17.073291426771604,-47.725693824090264,60.72303176787065,-59.94041347968806,99.4332331726134,1.529613687052617,4.409033688423406,-22.78816278344584,-54.33999821462143,63.578392008994,58.48362870860268,32.533600484617466,34.77110503067456,-1
81.69011226672566,81.91288547606024,-82.99127573878577,-12.702530138458584,-73.35628119197534,64.81985792670142,-52.04971673892995,-86.09821653315124,-69.7541246537515,24.47967845866947,68.75796687343825,-25.557985422306302,29.11387344364863,46.25996681782442,-60.14009039307191,-58.84843484539817,-39.57325428792699,-78.93912767063745,12.803357128693293,-97.21202488492573,-15.052588455891794,8.007742964300661,75.14755146264068,47.46856909430315,96.41647416984966,-8.467194274162068,-15.998659487981499,54.77061979564019,46.05808861726106,77.16713504702238,-53.35491344675447,-21.393003951513847,58.74841416869458,32.31534024652336,-88.95949571533379,-23.804413752085225,-79.80392339696449,-75.41428665145169,-41.124180246427436,56.363231300489986,75.34161255765969,1.8367231896941831,-48.250116389137474,-58.998786161636204,-1.0659064116117491,9.85047546160682,2.890751684758186,-5.419977976012149,31.31283643655871,14.426702934527754,-1
1.7788140139760316,53.69355913282675,7.441635878977721,15.825037040771846,-64.8318589243535,17.836598522412544,56.25762829264903,14.72829300800933,-8.216635466090054,85.9459959408857,27.470971322118103,-15.114878320370124,88.26631147920943,28.780246933330687,-6.532436479941907,70.64553536124811,26.784975414102362,4.449746288702443,-14.40695440744173,-85.50539616624306,-53.401591976901045,28.354636724486767,-67.36048026571595,-32.67491529946285,-74.60471440317133,-30.965942510604762,-92.32326138392108,-57.566764719738,19.240683063137084,18.429598444667135,-51.255799173548965,55.66104721036288,-80.70156596770022,-16.796664158431867,-34.94496720831401,-6.330581179053667,37.84800806583334,-37.535667061217296,6.419189001006515,-53.579036286870775,-20.563861358749037,-95.16176210662898,4.707218741020199,30.015889415234653,94.08550573601721,71.29625117836224,75.13028646617508,46.39184086433781,27.758862347750664,-36.24257274601484,1
-92.14698967026796,26.850530690307465,48.22140832593615,-11.583396562130162,-1.7530862336229802,25.77351905900926,96.6705229404453,-92.04416052045632,-51.424864394472316,33.32546407184353,37.41362345295812,-51.181890574875254,-11.102573838100582,95.9748676419432,-5.521395494058282,89.35607655897581,-84.6288114085088,93.23569593170026,-79.05823967595859,45.92022286139337,80.58474905182905,68.95462410776469,77.11996704183744,18.046897434662682,-38.5698670975347,5.758708850626817,77.94375159436834,-98.95194480896446,-40.4850210875952,-62.37972828412175,65.933429259566,61.82113557434397,46.73039433547126,23.590117338134874,-80.24425107781836,-75.96730492088075,11.380109628910901,12.009745582818155,-33.59530893633327,-73.47102743906247,-73.92946873299641,-0.42339217876543955,-31.317231666622874,56.35150806536103,29.07228327566753,19.9151437219643,13.155607349336321,26.264136142763476,81.53241413290556,71.9422142938638,-1
-71.60560204780123,3.664784607964691,-97.2680233129416,66.30906626855929,44.64002854531074,8.635574974835208,-17.67554066366428,46.646679580188874,-12.288693880155606,60.879160306788776,-46.8763920597528,61.80867780636672,0.7417308426543912,-13.916976928124853,-53.42960453748387,-84.44197511860905,-89.60515399425866,62.35524846978058,95.51257185380518,-65.27851351190822,-89.23859393486337,67.48885631452836,-94.72036244903927,7.572523989097803,53.58001331131234,78.70675984901894,-17.793447024759928,26.730761206421235,-42.44206968764488,-52.55074814072553,26.726694969373483,-28.172150235813547,-90.68496955748486,80.27058735575858,-89.59732437044043,29.10684047533664,-42.44092381133922,-27.472991931133706,-17.052688457688944,-94.91009220444717,-56.52554253959987,40.520923020727565,45.61769357309885,99.4402694284866,-68.49048350572373,-2.5854094229862596,-72.33936434642382,-91.65616728004416,79.25933440697895,77.8425118314224,1
-3.1845860579596774,8.477312038087746,-38.78816035676482,22.886730967019048,-72.52626908501945,-29.324022613559748,-74.95481975935867,97.77001630165452,-30.857342211061734,-64.96980111506873,-50.01213017401955,62.128598864686325,13.926772536215452,8.58982750838706,-74.56056496000865,50.058178826703795,26.017751555128797,73.48665494342313,73.85592604947348,-14.720734740868238,4.841641076675103,-40.384806547823594,-8.061356048167625,16.54205735052834,-1.8923962742307623,31.358559032181688,21.701150868241186,68.89489264348455,57.18725942570475,-9.776596060503977,66.1715347598836,71.80858793806223,-13.362407370326437,79.03040813231007,32.13058855152161,49.313592457170074,-21.69443934946382,-73.85876840435306,31.7593866879796,1.1056202278258382,60.626546740964784,-79.95042721787277,16.528120200090314,55.436031204843204,12.74797522332986,-51.4312078930955,5.253864266001202,88.83344270124482,50.115764722391845,32.40568524852719,1
58.311640518274004,-94.7106194804665,70.80310609109185,43.8953786352929,8.118930792349772,29.820726972919942,-61.37784115812737,-92.17750238778632,-48.13446002636339,47.400934644454395,-48.62290222496111,-25.539159498896552,19.168012653273706,-7.761045571051156,76.13626094868954,-45.064973592640676,-51.38260608784,-63.43447034317455,61.668087380307924,34.43308379619887,-28.77606780935551,17.88965800023412,77.24822443272262,21.6134421919768,-41.30590069946083,-0.5553465983019237,61.10354648961339,-6.622641813294436,68.06136821138108,7.1748954313667355,42.33772066885811,0.21826613789841076,12.280626094524337,-91.9317567422826,73.58692371203682,-75.28574741067145,-73.78773874840094,94.93090920490357,-8.841940050221325,57.77651214306337,-34.96068168097419,45.260433531829506,-50.810423711657805,56.220052988021195,95.46278007374804,28.088993553525825,66.23914221260316,28.870626435135108,98.33815157831651,-5.25702318280365,-1
28.123036709777466,-88.69686184064854,18.497280926385002,-67.50416932461931,-67.29475827837592,53.71819175396135,11.42086896532119,45.23001788654537,14.2965027312149,-32.28115020251366,25.962732744836117,75.06506785216024,15.23085926412098,-98.92471899524793,25.950463042205698,43.587488845926686,0.30728442422349644,97.79022888589256,-51.29699441366735,24.595895540151517,60.16745889958338,41.68277702469129,-46.71038100811995,-78.27992757446252,-80.01076198504092,-21.88089831610536,-61.4789516088557,-86.31695723957,18.337688447620067,71.383334442051,48.63438669778583,65.87283211338536,-59.12783773957979,12.900949009623773,82.11851867299649,23.824957721034636,-32.774811712798495,93.1015214906341,3.820185916536545,-13.507554596399629,25.297225711130068,-35.21770264320712,-42.865827311245816,7.970884232916362,-6.944961633884134,74.46321614687022,62.50704420459891,-57.978305029257825,-6.478222987690856,-10.795726074813274,1
-57.71039860069107,-34.65222188627328,-4.960456108610117,79.46779311375374,-89.67949137820396,-11.62150160666991,34.57844791457535,32.70384222672601,-40.9147386311558,0.45123089295211116,29.72991171976315,-95.89427640364264,8.419455081979393,-3.5246127958770614,-57.16694307637471,91.63972856023938,-8.795190997573442,-3.63359640391576,53.40815551125476,-23.386830083023597,91.81499899492701,64.76531012931306,-79.9468613980151,-72.84434594158209,79.53963743101806,79.50824228273962,97.57474689894852,56.74114962873361,14.871272082791847,-84.62611190222793,10.294087381535462,47.34966315570574,16.925195298486358,-77.43000367889911,0.1535946219600106,7.859388045761889,-61.862947034226835,24.790625644677263,-90.82499756519718,81.80164640188207,54.46163018758946,-98.41667181877654,-2.7452168291371493,-86.97568794357566,58.7629501317694,-42.227945749693355,-76.86924523396952,84.40951199195896,75.84309815774358,-78.24475863081553,-1
45.0515320830273,13.8460424182896,19.525798639111997,91.80168872174522,-57.62669205353952,26.3395185646214,38.963550604276975,47.972356272782974,58.31969309490296,91.2812178357974,-23.36296560357978,-38.02204537896758,-89.47225309539293,14.238194706677376,77.1144395752388,-11.693739161332246,-76.04254878566815,71.76808991927314,94.07660778462483,-96.18922708119169,3.8250092299024487,-78.08811175687975,65.263472522651,99.15115931950461,55.14020639665259,24.574246141087386,66.9718685488885,-85.03114855642906,56.769536351984584,-86.8197198864672,-97.06479198160942,-73.49657165054899,-57.613675389184294,-32.22026648051872,-85.24408399172141,-84.11167735509697,84.28557033046548,-69.19444901939728,-45.48198775118939,-45.14780619120759,13.295799076268054,-26.316934299385224,-40.96916366911765,-0.9582972923172406,-6.33367096076158,46.39466160188158,-2.0664526560055947,-11.935531889930104,12.773405330770444,-85.06035507958495,1
40.93615254732933,-77.05160833236162,86.08469863575556,40.81993687949,60.995720946908705,4.310890480597962,-40.788617713695665,-92.34178150241014,-25.264465965523584,72.7804897556995,-94.06482666801905,92.88628578545828,52.50883016796058,-20.597093572683093,-15.785288483180238,28.226388716813858,73.84341085596853,51.04152625450905,-43.09145127210423,-37.256669264910514,18.240354663736923,-14.651886134293207,-10.145999769794159,-29.402830293883866,93.3358432711075,-52.48310228387463,-44.36534089018534,-46.631041189042534,25.217697171507837,18.821455483922136,-63.38337997850243,29.324308428050927,-36.422600689207194,-58.56239595629329,-32.33817219584208,-65.8387526271359,47.01986685531662,-59.822491462875796,80.35756055860014,87.08034027881823,25.663311223433567,-23.824635141639234,42.344070333058994,-89.09158653701084,-35.47668056387414,42.45740848961083,-91.28077329116813,70.60651301321394,25.684864240984197,-83.4480925438963,1
-89.23389501830819,37.59256802374179,-13.25458747079675,39.272253383294526,21.975425461621185,80.11771357395762,5.493678012784528,-93.24556527154537,11.319042562142513,-57.61747080398347,58.94384113104155,5.235868650669985,13.75906200063082,-17.231685220968004,22.189707349350286,-40.95266352748217,-15.364749769509586,-37.8991562355139,60.11172543621629,-51.13161066106044,42.009159920444006,50.21976988246547,-23.288087168868117,63.6770795442971,42.495160514460224,85.53754374307806,60.66750354568563,-10.652169018628314,-54.967904620507404,88.72768368494451,-63.68888556066976,-27.425718211734235,62.75933418291035,-18.99345100252485,45.8213079315467,47.24399712234367,-80.8934254616137,21.740724201953057,-57.29407531872299,99.37027964507311,-30.909869959451242,-80.65205637290853,25.329980001970952,24.825208388674284,-26.519482752679252,-72.24947207805164,63.86198090193588,-25.2909259631827,-73.01481946104671,-4.279935503794178,-1
-17.863473397943437,43.5874047245139,97.10809613480782,12.467265478355614,-33.93039761856751,91.33241614895391,17.982598576259917,-0.8861977458901578,-14.477488601234796,-81.60768946016768,-74.33043169269257,18.349486294697286,68.67010970731934,62.74787514225545,-16.695822531935335,15.744002600957344,96.94416940563696,-66.50225244547174,1.0316103256983382,-83.7915647314994,16.321814690330356,35.25534656607471,44.193518186307585,15.720963054614458,7.17147042042987,-57.515826823514885,-59.66485811525602,-6.306107076390205,38.079408967092945,13.394595023957905,-10.958057900112863,-93.29003465241334,-39.636614069252005,50.01950880952205,-40.013858773160884,-15.758213526444933,38.38104345735957,0.8757125921091955,61.189410342593476,-85.44811247927339,42.852319866060355,-47.23435397586444,-27.332440479083758,90.64462138894436,-80.18217057725793,99.76903615406482,51.27585297336742,54.65199429661578,-30.629960211859824,61.293364939948844,1
-21.08553693621525,95.54256256509998,-0.412389320878745,-48.124000955763876,-24.426801687655583,62.62895820290379,-35.80427880325503,51.10161530505914,-90.36640632970338,-21.629793512006245,88.0920387112782,72.34959580567934,-59.70176786862966,-15.844362771179533,-87.97694182485523,91.06952755934341,27.94203600365202,30.6410107975272,44.23393245050826,-96.61168464933067,-65.36932824680177,82.25181669092294,-9.643809008680847,-33.92169504738334,7.096473156532028,-22.416189813026392,53.90197266743343,-2.5415700106989476,-21.059114558483856,16.073681522518115,-40.61626903545146,-89.75514630411328,-11.273796082721503,50.504050308774794,86.08919788231248,9.008059990104258,23.53249777854063,-18.085448291296387,-96.26932269133708,56.94480194878784,25.110207475833818,-60.879960434916484,78.14635392792707,92.60935938579547,-38.60719298102047,9.899707323981517,40.86081112906663,8.07573175065157,-5.702153201403306,-25.39839334887624,1
-88.28981415120415,62.39354847816034,-81.83236378771717,45.850394625682924,-78.36266853506788,-66.63234167167514,-28.20781707314255,-22.90156449152856,21.036684553383452,43.45377379649929,93.65893784253305,5.007780434473744,7.840501270469218,86.12873207053522,32.621592126548705,-62.82026446135258,-26.834744201644796,88.6181244603143,88.8731181512509,50.35996490789174,-64.29935602095667,29.020328351123368,73.95427852575892,-10.160605196811474,95.95033679309793,20.343192824232133,65.1809636366905,-46.31471844764219,-4.138052372775292,29.569469032673794,-56.89130751424993,-33.60659934552015,20.557789152056145,91.202490717801,66.97765465873871,-89.8860439805758,34.96677605463972,-82.78266212468935,45.44690547994611,-34.37470706177281,-82.56313618129636,-51.85561301761001,84.46608262907941,57.07658731269973,-37.90540341596571,30.596206960582805,63.390546214373586,10.015794727400305,3.1977379997435236,-14.81734252614811,1
96.07374818843701,71.02188439948802,-11.171159555976075,40.21343662197546,14.853337920179627,21.338792692485754,-29.318155153538157,66.38199245098545,-65.73777471844981,45.93527544273712,38.64240416580361,-36.38122141953299,58.47886205823474,12.561582329020311,-6.599663810519601,44.11761089425039,21.945869349840905,27.554022482169827,-12.455084972897893,97.75600967114906,-30.98289965975532,60.118411253339616,76.5119932466281,-70.35760340475123,80.05647055741957,-97.44599858301251,44.846284112327794,-19.2887702606847,-83.36083807495442,-96.46183370326138,30.7796837868635,41.15660054475691,65.65926140338144,-37.05110724846465,-52.06435622991003,12.398991425328589,59.428417791184785,10.621119570851349,-55.97127792707677,-70.25228450928624,-40.02186610315914,22.298074922091445,47.27671514592811,64.37175794781245,58.01345754583741,50.37309289189565,58.48851752150094,-64.88335570088257,47.152062074105146,-2.4904744143968855,-1
-49.565424500894004,-11.349311705007565,-91.53005050471714,52.65871051178951,77.47310312059352,-28.947637372294338,31.963434291318833,-28.483826260882907,-52.08435052643212,-64.78331624951568,-80.31127365500828,-81.4219469250132,-48.684595979773505,33.26751976944635,-74.36009715745173,11.222862338082422,82.21422158104556,-49.33908236487052,-70.55384675991023,-1.751278937573744,82.16351819878082,24.719618769824137,-61.074086049724905,92.16660309078844,-37.08605896995287,91.391948190708,43.42422405113453,1.2043226609903712,56.43360856593637,85.03567258891519,-52.844537990007304,-78.00568244634769,78.86176421046426,-89.75224440569855,-63.12562162242985,70.69913252713684,86.01149255623591,20.5232674823296,96.41253159452586,8.819318205586413,86.12380559924713,76.14467522674724,-38.59271828557653,44.53336907551926,-97.09333201055543,40.363197156608265,54.75359235155108,1.7416726160919325,23.68228805626687,83.09729071451522,-1
-59.54916389509302,-93.43490023615198,-60.483082834336344,55.716369744128656,-53.359016669952844,81.05698852152776,36.55969003175724,-15.863375178719252,-89.50101974700377,-35.999096057572345,87.67407426960563,-82.41414762044288,-73.91802876507616,8.03216757574306,9.293654183504913,59.042673922972284,-89.92761550065951,-61.87787306513464,60.752122714499194,94.54591404850106,84.8626300925034,58.2459533332416,63.06396526305929,90.58841805527848,44.49171085756538,2.2484586755212206,62.67040110881993,6.621931809847098,10.51133895090473,-34.27464699673483,-55.19996907081863,47.95379259871615,-43.12871233551196,-66.86266427491236,2.7094121138122205,18.76995485096775,77.76831642232895,48.99358004164412,-31.774463426824155,91.50716845944999,15.905092790724296,-56.100041510932044,19.992960023139773,88.52463376607082,96.1540428649815,-78.32055458532793,22.141156107757624,11.151446655754398,-67.04795329875645,-17.943401298586366,-1
-16.245895021585383,-91.0278884744566,74.98666487012977,-69.76341613254915,4.012515036922679,-36.44512499466175,-2.849199401914589,72.12639242447912,97.94683046180037,-82.04986317304605,2.4894318214936533,-16.217621580343916,29.910123866069455,92.05829881079498,-18.04870468654957,-18.606147785777623,-4.6990860819477405,42.48883715847063,80.20258444388807,-10.142357083392199,-48.204194879488924,38.30884756680109,-91.89038430666832,-64.15633318381418,-7.896693193101527,-74.91059988707849,1.5436180108798965,23.781885448029854,99.96257527522323,-60.46464158642411,-39.21508305992032,-8.7751743664886,30.202668270235307,-55.58413560307829,-70.63172860606826,-63.13052603880011,12.096628071404595,-81.59089816448268,-90.65328593872152,26.542755432818453,-86.50973488978121,51.271243897196484,-80.21686454648697,14.382503806252117,-40.331845541148795,53.949109281497215,-67.18580497358968,-76.76244117678885,-78.53356980537312,62.059232853106664,1
44.07679971728916,63.45185379750458,96.84995329825807,-5.8617564719108515,-75.88619660897697,28.043733238257943,15.821080191867097,-83.9141759867315,3.3001612114182564,-66.40570656501464,41.74339278207103,50.900682677442205,68.65951148645729,68.25765658831065,36.47968597503751,-99.47030053090688,62.198121683538034,-11.559363158296492,-91.36298262021674,-70.87571304163961,-36.4449683629267,93.65919893432627,-3.0491837308742618,-61.634545892308104,-69.55998905873864,-39.72700516408714,41.8637157320498,-11.55402592262837,52.84629011604608,6.515295378618703,-2.779973452734424,2.251710730065753,87.7831162633857,-1.9664685183953026,40.91717738461699,-92.10582086942745,15.166372544004034,52.9525184519253,-36.11311598672175,-94.29130448557419,14.155621360871223,65.90330375135309,23.43179303770728,-94.04142143559969,31.65030751436487,7.452668891846727,-80.39276555527968,-97.5390094205635,-19.243770296306835,52.764122459158756,-1
-0.36085670937220016,-89.4580420293122,-94.47363342881387,87.49343756274888,81.13592707539615,-54.02130188638421,-76.69343588157474,96.43913900831609,19.528487433197355,-48.90787693166296,-37.91251968936737,91.31653502457223,-47.29487268983426,56.23603019911519,-76.29017548942232,83.49417654673036,60.38352197122251,70.3490580982268,97.33048820097247,-88.56776766793224,36.35288990644614,21.17326744069861,41.078806239611055,75.36875524480294,72.32888973491569,-28.236195917018364,-5.121452963202614,24.99200158008705,-53.57610136016622,-37.483725242609786,89.61411172982582,-28.389815939024658,-10.337762886522924,-71.17980604455865,3.547394555311854,41.0666673909482,32.76791836601453,92.68585539937547,-13.796516432091792,-68.44686617935045,56.70877583191549,-21.191130646246606,-48.21326046112138,-81.689563297519,-40.353490490375286,-31.789071576327004,2.049596173000907,-50.57546961597783,-54.95432014422883,81.34468019524454,-1
-84.97244365283825,-91.0823814531712,-28.62226754391976,28.748091675449302,53.86490078073615,92.78825339673071,-81.25790399144945,-31.66624368590199,-24.124002075008505,27.728240003075143,-13.730800432936292,-67.0201936907743,68.36293918768652,-77.41652176502694,-77.25233025299582,36.306422318795114,89.8311034062038,-2.1028428296188366,-63.38155995946697,70.70658415473306,-84.06676756601787,-36.90826082574365,-13.479680590039479,-83.2379521524362,-36.18733618835029,45.28339181219957,-28.41459941848474,-4.742711487929213,-86.71505315433505,0.5953011742433603,-50.28053197934865,-65.85924089658057,-44.49764268553788,-55.391820974187446,59.73249482758314,-36.031803607286975,75.07099432702543,5.703663045723275,-40.34574468441412,-18.825371389041678,15.194753052771802,-15.081218672743745,13.264320394112076,-19.796915927374513,99.09544910420561,-88.7541997796754,47.153036706859695,37.964179620306226,53.39923518878305,-59.62785086235387,-1
69.00792977932849,-11.970310555173498,-39.87361428366489,-7.299686766562957,82.49499714386977,-4.967523124421376,23.678909051510487,9.275665313202325,18.114257382078833,97.21666228926415,-73.00613278704147,-79.08075450383984,57.562131113244476,17.6255293675396,0.2838314544881797,92.03190258816599,-71.42119093577844,0.6593371795022591,43.746296255439034,97.93769992889608,-64.56839840687687,-57.57175051354155,1.2944346888165796,15.64925092071941,31.751163167029205,8.311207591002386,26.467149129886963,-88.7882488528657,-13.770323486027095,-14.022516677841892,65.55546223259458,97.40438020403019,46.62111035876745,83.4581597956936,-48.87985777704675,52.214618016684824,19.05747242920917,-31.36587389472001,80.59489792909648,-57.44595513105259,44.42044706845658,-60.469961187187195,-43.584619657125124,63.08639512022128,54.81726674585809,9.44270896014541,-53.118308562075576,56.650714484913095,-2.316213574124575,97.79962386916944,-1
6.793494509552758,-60.57879223526956,-70.94165760684368,61.071534032355146,97.53983855221654,-88.22556498204983,-25.608942534545037,-99.32782896361414,38.54125069308262,68.35764996507402,76.020908847832,-15.088254823227928,9.348973089007416,-92.22308121619871,50.3964060871059,-47.09329393912278,-18.87249770737671,52.704763174873705,0.21772579875442943,17.150701182978793,-77.34271081656576,-85.4448044541173,-38.012313893572404,11.483270756003392,-96.62096890644818,93.79381984888317,15.68104014069975,-85.48457664487104,49.33249260187776,19.605125042313134,25.939701927647747,-6.026346849099525,62.42447343536983,45.87734558647921,13.562724094904752,-73.96167094787766,94.42925223396793,-19.953966844207955,49.815362872603856,-5.027502409597105,-2.943603403385552,-8.728995356182722,-52.730563460664804,-75.50002174891175,92.8273092853251,9.06380264142075,93.40525305301554,45.01516136069196,20.181530346811513,99.43273632206763,-1
3.8119581816540773,-76.65041944624089,57.737285846284806,10.335912750527896,67.51991350115404,-79.0246223301998,82.58072966886857,31.821304199175188,57.13551863246536,70.04800551916225,-86.8458415439693,29.22068561852339,-49.52769345039236,45.85959726405707,-35.46101703325975,64.90312045192431,-68.7147219955601,28.33317237257205,8.99270936952577,-5.5168154310476325,93.44828988341385,-12.680295977254488,-91.65275106177336,-86.50194630135002,-10.004693237596271,-85.603328524959,-2.2536716799568666,-82.60474930109298,17.09940201611559,51.20769994363792,-55.69836626535989,72.23569216974474,-96.2511532519474,17.932062277616993,46.018974090482374,-87.35627967567544,54.25473347925046,-42.21082515399779,48.28787113343168,94.18027621476966,-8.16480874783963,-91.88343202296412,68.11126193381506,-61.9544156659215,-35.4710922222893,-3.4522950332097366,21.242623345193664,74.59532346414207,-95.33156080587561,-74.54512475605404,1
53.17172877694841,-73.21175611999993,-16.211831583974472,3.059087526289119,79.35562337384687,-78.6726473142366,53.96069459640492,-88.04980170063057,43.060960249690936,52.91845008916772,-52.030549049480214,-49.0472389931857,-26.652995182956985,35.896511878372735,-11.094793964544763,23.14318302155951,38.16917551116825,-25.500230387889104,-12.974610339594022,-92.7825858925379,6.790610634476721,65.81028929073088,39.282753688491425,46.00485325516004,-61.05981935361127,3.945933393557894,-9.000634462005735,-31.94434656588598,13.124231881250964,99.6984938475706,-87.50156878980759,-52.010122025395255,-65.89217390631947,-74.55806534253819,26.86195324457144,-41.85572918100306,-36.57823840359491,-20.57607009351669,-27.742579046481694,-6.386278586453642,98.40004504483576,44.39439989582283,41.04030526387669,-22.054481976618973,22.692590048863835,65.69183132888676,-32.04569092162326,49.68586590012478,-16.196288043904715,-31.215324514997377,-1
-16.84497929533562,42.03465331803213,-53.014161394171346,18.535613182749103,32.336871247332965,73.05244582636112,59.99873838729869,-29.9848390332877,-48.51569113076466,92.9737615267284,-64.6298395901268,74.62581722452651,89.61186975254546,1.7580381896526518,22.34537422966838,76.1555846768893,-22.014974854133158,91.97100303932754,-27.831666092518773,-75.75860238139921,-25.939972628478955,26.49549533187472,89.51520109843884,12.98391599259287,23.365957691316083,-57.03895478258938,-90.32454231786373,17.951084388314968,-49.96797775318225,-83.89158369776955,-72.43676697591322,-39.23518642302615,-85.38579909598943,91.65050210701159,-85.17806016400277,31.155656733514576,-47.69865016889594,-35.45347042276801,98.68743336393797,73.20594968748787,8.438682755999054,-61.26484797714815,94.6901705421484,-74.43435026840058,62.469310332359186,87.66394950029556,36.41692046873388,69.38116112557566,-45.37763520772722,54.76281840221168,1
38.99062386860953,-91.32056428428783,49.25321226644101,96.3042029152588,-98.58270651052352,45.76340655506604,-4.662531714476344,-53.917685876195605,-84.56883469206188,50.536814362311816,69.31600238555183,-84.61567962807545,-66.61177923713998,-34.554429020651384,72.43662127191388,-99.67849635843974,22.480222474095157,46.75089533946027,85.56859333885248,84.15402731741574,70.05693332899233,7.65640712601639,-62.53949205224176,-87.5863625883145,44.333421037442236,50.796809660057846,19.182877666985434,83.67979566158215,23.118033070882532,99.25076533583774,-72.70993854988951,75.8809055311014,-94.24901392939529,-61.129847418000026,-68.35612003469987,-5.004626901456447,76.53336486140063,85.3496821132999,98.28167749048816,55.01468293023447,-57.50871812373497,-20.272090823924785,29.07660161749922,2.0476240024160717,-95.27734096610416,35.00627298395261,63.97770008778804,-76.86019309779934,79.6894046243581,11.932890850977373,-1
24.0145511857027,26.127058996616086,-63.46967625124555,33.00962247651199,15.36395751825043,76.63928936054529,53.733620078327476,55.51757867462726,97.57789339674531,-33.13484334620385,-76.71739796492861,18.21350251619853,57.80761461434224,-63.10528236848229,-64.3451817745532,42.34842545613688,65.01722414600209,58.596315204589445,71.36536041245037,-84.44070212590897,-38.53060447191541,9.566204768265777,88.268407543107,25.25042313399763,14.120095525148727,74.42560943667823,93.64822819857378,35.04526775941281,17.543730083632056,-82.15069359881045,-67.32619830352871,20.725448361597103,16.795202141704095,4.179696697204903,22.07164474295429,-56.28991880809038,-35.51342765678717,-25.592392431930193,37.001029654456545,50.21732239225389,-70.56957387806008,5.006838343488724,95.7458336571799,47.46083055498866,72.34450694735193,42.364530778082155,-66.51797031502839,4.917457993150649,-12.05910402539358,23.758258088546853,1
43.74362265244048,-98.13100930275115,78.21012338610694,-17.291895451302253,-42.431941384639615,34.87271637295112,-27.23416487063372,-35.47882982897923,20.563164401025944,-23.42927127437642,58.26180241251336,49.45248160694936,25.48368429613754,61.01051549638268,-74.64686959964635,-83.34904462370591,6.432051821042563,10.983584326472084,27.316139237782423,-92.50309251396094,-54.92177903002451,-64.91706024863306,62.981677878308716,-65.47124202025903,-4.696698626510965,-88.75830515131922,72.05323814884852,-45.2755559439358,-6.942150971144116,45.93875599409296,93.01647402970602,25.73594748955641,-30.229372210212574,-19.778951289356357,-2.08379910109295,26.282963533775884,-32.337583806400644,92.8239438669319,-46.009641509096056,-6.708731167772882,13.439033879755598,72.45618552483899,-97.23389929750938,29.083011873429086,7.641782602543202,48.62995202691255,41.20192054857233,-85.04877756855794,-18.797820594802104,-66.78521797775083,1
-45.83873439260549,-42.002521471171626,30.966271678800723,74.38279775172728,54.0022779804564,-14.768334970944608,83.84470286611162,19.015213919252986,-69.53646427705974,88.93392560178418,-30.62882087268602,-90.8298070213267,57.10824745499983,-12.056742132056186,85.05886431583639,-69.66623561424174,88.73890414344694,69.68064430576706,36.797154510153035,10.312684899448769,-42.618626039658444,62.386686047652404,81.60236312660422,75.07297303771233,82.05420677748845,-60.82172968589066,-84.33579162428337,-95.64443245052028,65.63932279734973,-68.40520214352166,49.773939281896475,54.797048227129636,-74.38536853878495,-46.6566805999524,-42.041912212650324,-22.376628941933333,-73.60001760929103,29.68454636459802,-59.81009588487021,-26.904635014004526,-15.111417198232232,-55.84075928501295,87.18781069275917,-68.9218239972368,27.25215559788097,22.317986058927517,-76.87629640052512,-62.41253084086424,27.410176663674534,-65.59697471862657,-1
74.4247817888303,59.02205650534492,-31.824692083212696,-57.907556571599315,56.473159030231926,-30.54232820072859,78.41467434695599,29.33714547244034,-22.467455338918697,21.39693488427305,-64.86999596179379,-0.10076926502068773,-43.74716956889442,-76.30989379507332,-39.06998437625027,81.50361727455336,-26.2952446175033,41.69786990082744,80.35756667933043,-37.27822572768456,-62.1418619344744,42.103414226005356,63.38945219553838,-58.66241222500306,78.69351961109129,-21.0130868556367,6.027186336215664,-91.00519303919907,-98.58699381779597,-41.510441250094665,22.12367993001925,-13.065671955974679,-8.171792933552766,-45.24694407258028,-69.72266703207744,-35.39875150013705,91.91365961274903,6.255538121322246,-97.37754443989024,40.045406685518145,54.061322002716565,93.8236321272511,86.18041968944357,35.96686436017447,18.405702725054212,-60.378446491270196,-2.4442843275801494,15.636395733104465,60.97061735894121,-23.84312444408627,-1
52.11512849105645,7.238455856440822,28.788461067182084,66.27525674287412,97.68093843118925,49.04677061139782,35.66523595065155,35.1657862642316,-65.41072123855957,-90.80698405212797,67.67794612236537,-17.234888893924236,-81.02849077720401,15.789692132078727,81.09901694532826,-22.017894243005756,-0.1610514401594969,-70.30893641283711,14.823425942089827,6.519679289785941,33.27689205206511,41.20564764458342,24.88063354772447,60.39061608486841,-79.9811146617856,8.203243293008697,-59.71047939079186,45.945672116799045,-91.79139773455675,-72.20004086848068,35.09965675517918,-82.46009356954917,75.56890754462444,19.816949641037084,36.76679159670533,55.58518757518385,59.172154807835,58.28819964803233,44.82179731585282,-48.64706119104054,51.27038605008477,-8.161942727630873,15.482218186849494,-1.2469336354582055,56.7346726947826,23.586726306077253,7.252169679507432,-24.892847969072477,32.54801068472614,56.12955451070215,-1
45.901645730479345,-93.78637395110874,89.35823445632411,93.4242356509495,40.49942336478236,72.4069894513922,-26.624087432482042,-23.190360432332753,77.81336594456599,-53.30497190219421,-14.439535025214667,31.628579572690995,22.444500488213848,-92.00647615816496,-12.341103075608714,-29.01457248248424,77.34350096580008,84.69204134994567,18.303789926194042,75.90332418566743,31.815966702048854,-50.75256896410429,-91.70993025876655,42.00729327083323,48.841281560978814,54.26162042825837,37.69974404038166,50.76471722489936,-41.42755073408013,-40.252450674449804,-36.517157967905575,-71.9623651302019,25.992442481567707,-50.09072046574723,48.814269849931634,-52.92671484019511,24.26174614847156,-18.964160119677388,33.88816972781794,2.2155417666703414,-68.21661586490531,95.55508904079622,-19.240796883334482,58.99717324408388,39.960775974751726,52.63737936032885,-28.327694310069404,27.142283299369538,31.047529917100945,48.07624212583795,1
-15.997799140867428,-10.291490126308119,77.34527662899785,-23.19699405456315,59.603103740890475,-14.986733969787807,74.74921968170207,-83.28025267360664,-28.85209723270286,29.286589792935786,-66.9535568663788,-9.732197128684533,-67.46229777536017,44.63032119754669,-48.00678871065496,-94.81800863929517,-72.8964697739891,63.283443703516355,-32.320057132662555,99.97257745405193,57.25036513248273,-32.132556810309,-5.100628911007448,-53.37503613113262,-42.34254494047083,27.064536550456353,-46.47887614777797,90.55859707874006,-79.10853964169304,28.253341000953384,-38.99087468847999,-72.9662621038459,-89.81576071133057,-84.23558330586116,-36.78744794335644,-73.15458584995858,-54.5121677647423,87.26621194882637,-35.73407406902696,98.74103019107986,11.527141152199036,-83.24540322831717,26.64504300319659,57.49767938809484,-13.42412630102723,22.948236513187695,20.227435934333002,-99.85652475433557,90.7549639203663,-1.7883548270676215,-1
45.868958817599264,7.4987507346469044,99.22936618666768,21.962331595740324,57.036204144655414,15.16921158071409,-7.806864753596955,16.956440621606262,66.19743439898599,-44.73390447274117,-18.052449369200787,21.04405046866391,73.39088276297721,-88.66403227056843,-76.59978510745123,68.15888986563044,76.53571247335421,73.74264622496517,32.591101757594686,-13.702612452553268,46.09313358211119,-44.191838665011375,96.25534318004196,53.98200466291871,7.53731778926921,-23.817208534963058,-50.47528212140418,-27.621674466036822,98.76520938924972,-96.52208263697597,-38.51768667808597,-70.05176768145442,-99.3637950685758,88.34502455794302,18.199775352998728,4.944605782682274,-95.21682857263659,-22.854477127561367,93.35691103913143,-21.429056665431688,14.857212712451641,64.43780663191981,59.57257716958034,97.16063162796169,64.71442006891232,37.919465594000684,54.62504932999312,8.948030066203927,36.609688611180445,-77.4082815332367,1
-33.943066499583125,-20.554494086753493,-84.42598713872673,-59.62078877342203,-61.008100793297906,-31.7374779936672,10.27032502002632,-13.634798454890571,-15.979657217469082,11.411140029452113,6.328915286740354,63.404496608902804,9.18235919122688,26.87637027341154,50.81085321106792,-53.749246934887765,64.95595112280549,43.343186449179115,71.58116871112276,96.85450164401149,-48.919788850442345,-32.1080659156229,57.99666426783864,-64.05368394982172,-35.38735556535035,-89.6411709721711,38.19496420563294,-70.3999170180175,-18.61255903952619,-33.22867384228604,-23.862855539621506,-50.42554646348123,-12.250971039807965,-59.15147826803888,5.836543282628696,-41.267970294717315,-11.750498893556639,-17.21957810126797,98.51042929279996,-30.88701685767863,61.423597697362084,-85.7256077500959,81.02618748208877,30.262795707839928,-50.93019681881672,-89.76938156487344,-88.50146731297832,12.922982153140879,82.85552516274072,-13.51673665418862,-1
-97.09106686642362,-44.173905845146066,-53.79277241058811,-57.2574050294842,58.79354520872718,-36.13662991665285,61.41859173920108,95.25534319432543,70.62184367848516,-78.19840275985803,-16.18419991559057,-87.05593022064191,55.812063713309925,-59.81217401033463,-70.4552074389317,-9.196804804051723,-60.46365840324754,-97.36574052618951,69.2369630545638,76.53233746297892,-91.48565246379054,-36.60081079785973,-57.135535754394276,49.19018988005317,39.915562050501705,97.00473962588566,17.47514062918394,-88.79970197939795,14.423137133212165,-36.480739608001514,-41.75227747070167,-36.93606016295019,27.192988574407593,-84.2534573615358,68.53844211805571,38.612965535888605,78.82298439825894,50.255249153568,94.69191564576508,-81.5031298849914,-23.81062178019407,-19.256540764121823,-43.003201191253936,-32.56403399072592,-46.31149515957564,-22.273608848614757,-4.422371396723122,30.539733059843314,12.502719587914001,50.34577721692884,1
-55.57843790585395,2.9484387513559795,-53.53289081519637,96.97318806896854,-90.03062517710913,89.25938408768829,-91.00873330210253,53.98140660233253,-36.130570405708525,-37.26411984401845,-85.90337839731296,-41.578309877540256,20.001301545736766,6.01829697539975,10.285732732190638,3.8553028812739427,-13.109988949570564,-15.097959378231081,-30.79549649088345,-42.77031822660402,21.46893093455708,52.84059275865741,51.489830615351536,77.89694505402431,-99.10438286685435,92.4534861544733,31.099761057703972,57.71275068134281,69.02444264299572,-16.31204908618716,-87.61488636226046,-12.766163933009821,18.050509007354904,-4.012145427460041,89.68280501434637,-52.58297134305781,8.10194297731151,13.096654093051768,-36.97915920911996,53.43022537775781,26.18872782722437,-43.97300146886658,-53.47908896589997,-22.838604306445205,-27.875813420029644,74.60338083205158,46.3288536825479,-57.480314842340775,42.4405029940703,90.24896057801678,1
-48.21914504137208,82.44592439991999,-39.15909637299926,-70.18204625425668,-10.960070745873125,-57.19981965765517,-90.07521316410651,-47.77825182843822,-85.70889504700996,-35.921736216993054,-40.35312570995273,36.851001360711166,-20.837679615941184,-45.80023457343716,-68.0334529666722,36.66048009632709,57.137969212922485,-33.561947705700334,-0.11068786088608817,-73.01644806387296,65.22194867159922,18.389884431361267,55.7792584572135,-48.761958664818515,-29.404564253183096,-3.1276078448032365,76.93960067587466,99.39474819902043,97.83445282446246,-91.90970198878432,43.38900778054406,90.89621639805006,-36.28540975122767,-57.63193081680913,99.78386950974024,47.271314529280374,-65.71175119803746,-90.29292681221773,11.718787901356606,90.82257445291816,-77.12712991531549,-39.57184426112605,-38.554484905910805,-74.17612509335513,70.86911195703908,95.09941977238879,46.344712227708385,21.229073903916913,79.78319796527106,73.90072764565664,1
-44.63444055298969,89.00341884969879,50.22967356451653,-30.134592804817757,-87.46087222272318,-27.233338431971305,48.24276194098735,-61.39305497749659,-52.15680289821769,62.59964772151295,-50.28623256758493,99.94354459923949,40.457103844704704,34.099695879820985,-30.821072612039984,-49.40787068375769,-1.001506302692718,-30.755761971148885,85.05217135459458,57.504731007594444,-53.34865981713188,-50.20036039346192,47.65063009235817,-43.94424028522306,-99.64540997046795,-15.336428404041342,-72.70992932890118,25.168202242747654,-9.856853205209177,71.51441937638154,-71.32192768951542,-9.579826374896385,27.218822487316245,-3.8173446102651667,19.709106917363812,-77.57960189942338,-41.86938343546598,-78.22651650402346,97.51967428190892,30.18515240114641,-73.64310691373146,51.79257426819851,-59.51883331365531,-31.94817773934477,-30.58677066443893,35.131878834512975,62.42363158512495,-5.401381843590343,-10.855431532799528,28.262630076646587,1
65.91254313660997,-38.91115469030366,-72.57936238513427,20.219412274501863,-11.173429848394647,-43.144490461868834,-69.99922785450552,-50.42273720318751,80.7399565376962,53.39869323062376,97.96666508090232,12.635243965019939,2.428215528665035,-92.73571043756476,-38.60947093891514,85.54447841248125,-72.91695612391217,-65.55501570977391,19.068085660613846,-24.70906133167385,-76.38455166521798,-27.939926797045402,-82.25659767945879,22.552504257723882,20.855544692350293,-28.506671332937586,-6.561420326444022,94.5172957358935,10.680524169337914,-2.461906071470736,-9.460829751263631,-93.39038017566202,-62.197706051148515,56.77059995037146,32.94116153713645,-90.55568160590694,44.595641172739676,73.64270075883346,67.06563755497464,-38.438963398368564,-68.58362574571642,60.92641375639076,-88.13494362857072,7.001623819394993,-73.16166868962135,-6.618378530188764,47.069009731432345,-57.80375925360042,33.384205285441425,-54.6334217700146,1
-42.261252645860026,-3.2245470871481814,78.29101291127444,33.50965446686743,85.28277571673954,-88.47532366316764,-78.04415170836569,42.76203946880145,8.02901249682084,10.580165138944707,26.61835547016625,-99.44657997808237,-86.97539345227591,-11.070092437434823,-2.412731678751797,51.239430440517935,17.418907575832804,55.19872993968434,-54.52172094975274,21.969001229526384,-53.10265249512089,-87.48794810941783,-15.58804912273915,50.72850778529235,72.63671924113572,89.81026480442517,-7.149084631160136,5.767391537028871,92.54694226405888,15.637429551898236,-69.05651921720826,65.97503531137187,-93.03115339851121,-16.340275502988575,57.97652128043828,-99.02186945698199,16.184924766137797,12.256848674631598,95.51385389168288,-20.136966598647703,-9.880178168944383,22.065642500491677,20.662832242211195,45.789399988567595,4.438348727961909,-47.70975804283031,-95.25069145557636,40.11122957531052,64.84908218377555,-65.57585056163825,1
99.44757998072055,-43.872884024696845,-67.15660835453082,46.662932253181225,46.45885322801746,-77.32658675310331,39.93973274143002,31.94298662296174,6.741561574334938,-10.318300105729804,34.310732270166625,-47.52630672968148,-54.953730924347944,57.342272731435884,19.711754574160693,-43.36655118022319,-52.222235590140656,6.042971833492857,-24.11245733795282,96.7053205950335,-14.644362203556582,23.68478881346634,-89.71587450293521,-40.35995214519554,35.59144720778295,-68.25839654993035,85.27011793171121,50.359948679841125,-2.613847460315725,-67.5807427451045,-5.4516116493256845,9.81014841106169,49.4923741741604,-3.9482328512624036,-21.43245974685219,99.68875945475335,-54.88311691055885,68.09427344276617,-48.73813599272137,96.79172078745196,-62.64431061015316,39.72187089657987,-21.126246632546852,51.923460893613765,-84.64148815889494,-56.298063681959086,-65.52426384244048,-38.73677096202497,13.210753846361214,-20.069186802109627,-1
-57.51054456090541,0.9478950760703384,-36.229638212683525,79.96960120142029,-63.101917629269934,-82.59868258878794,-27.542144471594753,-24.194405204658523,80.1852829689177,-83.89491373171269,-83.14894574351297,88.70186659279668,47.619975888810444,53.29494537104517,-42.321128480883075,41.417434137872476,58.83662440484983,5.761179313528999,-90.7986129482908,-87.75650502619689,-42.2692470509477,20.205141753206206,21.75462083976187,36.29557810498167,-14.159005138066675,16.21554665136979,47.55980369613454,96.48354935878044,69.38857550813066,66.38321312520407,55.81721924949571,45.30780077242997,-21.413232335716742,19.970299998335946,-72.60683341092151,-97.46258451564269,-48.90515304276264,67.60499996505905,-28.98125888870817,84.30755947202516,54.54586977322427,-32.95655729151568,40.49978202858318,82.0646646530229,19.124508386330817,85.90931668343569,97.99562313316014,-10.1092095665648,64.95053313550082,6.556852497286215,-1
25.53377543176174,72.60575585005697,-6.335138526288972,-45.33613600857167,-33.598397736562234,-47.67054958727825,-72.89331519434549,-59.235503907340295,-52.97129802027043,-28.360175891305346,30.34107570545831,90.52629039161508,92.8335959709743,-71.1511258823112,-79.32792980484788,-34.80083965448995,45.62749053108129,-88.93270703184703,-7.878115223765249,-21.437435633046647,-23.53881397650916,99.32842121069774,-33.72865113244397,-61.82891312163736,-19.388599227135586,-54.616330168667936,-66.86399154538498,-5.215840401844531,-68.39214958741364,59.527683510178406,15.853556310683373,61.74081056055846,-73.78627892602343,-65.48379290565771,69.67412975662097,95.97446247764788,-54.63871439361012,71.90112610451095,12.858079176975195,40.608740786115476,35.929741358760225,-87.68342958783649,1.9158392676709184,82.59523698370913,-48.82589715755665,67.77309588168012,21.25720306560457,9.125062258106738,34.87806447311576,-68.78261167170052,1
71.75285586989443,-74.59328480535365,25.6166953142871,14.375143294190337,-55.69984379816253,-46.87226672393656,62.912311220523264,97.83408015341882,-47.07616228032159,63.598712577925966,39.088033731842046,42.94342586799277,-79.85078153810647,-40.46932962245406,76.96901321964495,-12.065763411735446,-25.639890109128174,-56.94454454565552,62.06353278572416,-49.295057150293296,-71.23197778844646,-36.525862455497226,16.691436968943975,-75.23334072608392,22.5643501449929,-55.20969172734602,-32.75094080835095,-14.442550252305892,-84.63619970263179,26.5205330459015,-18.39502019821802,0.018688156540562773,21.545593964175325,39.683204765299536,-22.96390534955097,-7.91885825838304,-69.20239710282155,72.02678715040173,-5.231177422031408,-18.719496994304066,9.64167367933419,40.15767955362401,-39.0985794870492,86.39281376699216,32.483527338013545,32.906067563678334,82.76164691349189,51.37813926124289,37.29629274142809,74.60175653472129,-1
19.795701635442114,-67.4194691045212,-58.11603663994382,63.976426251889535,72.31807055449985,-15.211383012035157,-56.39007196220995,83.78734029873729,42.98256532591196,-20.286430954410136,-83.70607532168574,-75.53135682951167,-5.160772037458855,48.40881627009213,-69.11503774333354,-69.26508459852573,83.00620839122931,15.201353297286403,-21.885650155757673,-98.76973520122121,-89.25786245230616,5.793441022003904,-32.78191493552821,26.728955976839003,6.638355393584334,-79.84225653596273,81.4287445724413,92.94223713232878,45.42435102779746,87.79264790410198,76.9355531891068,54.44083613074048,48.39293357479875,54.796473459801405,8.20829067573709,-8.026718102755211,-62.17758234236959,58.0742403668618,-41.659140147411144,93.24715019484958,20.309405182950428,48.960419884500226,-4.481487241244864,-33.53586059602462,-15.814466694641965,40.70110105933671,-77.96862653661097,-76.01057750103422,-64.70052380070973,9.105333265245875,-1
-58.233812901082004,44.302355968684736,37.86802312652088,19.83941820422163,21.506758255610038,72.60960868826598,51.003839608066926,95.29169659588038,-98.20432314865862,-97.43706988229981,-15.22512066917568,72.26587057783138,-16.49349770443351,89.23461220612191,-44.60385174557264,12.3255248596259,20.23673126193377,48.095706798536526,22.96337059353246,-29.095924885268772,44.140334073722045,48.592776058221716,-82.31447284331685,-1.4980061260563104,-35.41873039172978,96.04264930960267,-17.04845715009907,-63.001947289629086,-87.44745233984364,24.065710858447446,-48.3063228404903,19.758100336413605,2.805574230504277,42.24065150607828,85.59274564411206,-92.72377721321617,63.578849891499175,12.163772533113388,27.82795678007963,-35.59291171452843,-50.551463934243834,83.36423461171339,37.273302894817505,-30.386163523667094,38.95141582418276,-9.084005565476815,28.04457729507118,-41.16402625089628,2.3705753861064522,93.0026650619748,-1
7.479120587584575,-65.20725881933227,39.49225344534537,-83.26731798976337,23.78929922776345,27.493411762825886,-1.4943435949363817,-84.19794595863084,52.27697705687811,38.174988714263066,77.74317312965741,-25.724525971963047,-19.999025115441952,-20.066634647143815,79.40656392755335,-77.97752952571793,-3.7509607952503927,97.23152773803483,-92.42327844493516,9.387264990867124,-18.526498721534452,46.988574663701996,-49.12958811406052,30.60889985392828,62.07258370172889,26.432524836997075,-80.17936797424095,8.026034394608203,-73.98769311207312,58.078573751806175,88.98232243805492,-76.76865323149175,-61.98531764573261,-47.61197258451047,18.604395119270393,-61.11642813226508,66.84253863557245,-20.51706077017866,32.503349660252184,73.7327218685885,-1.484435162580695,-98.20280277972834,16.687465453613413,-36.805014423511565,-5.441309039186734,57.95079665182979,-15.648178858069087,1.7024152882124497,19.2529131557788,-56.651934364423354,-1
-43.62904504532001,-52.342065889381686,55.37206537965628,-59.89809528982251,64.33425287360319,-62.789993438260105,-74.54091719924791,-23.21400232230468,-29.330428158934893,-36.387985902822905,-69.04345642780166,-42.429906300146044,-4.39889689614435,18.968784665795283,-37.628878277452095,-47.83066048793933,5.702067909382151,-55.71311320304915,-73.91052394245771,-56.61052711356738,-66.94478381002182,30.123590076305618,32.245754861646446,56.32649275611158,-39.699397655910154,-8.292790118782563,2.982405751253367,23.322721913156556,7.471135352682936,-70.40601509250607,84.36002049925861,-83.1907455127029,72.2475427159693,-69.06573360348784,-81.4610846588651,-12.512013208081669,92.40333212028688,97.16792076144881,19.32646339553304,45.641482218123684,93.02824157908293,-9.411954850288808,4.004951190389335,-87.54423386783319,-36.95634992348988,-37.86906166475921,70.04560570840388,-91.46026235527171,-79.23824100466501,-0.966319746235996,-1
58.65227008765089,-47.66572667249871,-39.644155372744706,-84.6377944720159,-83.53694034253425,29.48762012779997,-88.45440823953356,-89.81071191739329,-97.8665178609458,-51.11608776482062,-90.88226709450637,68.32296063260924,44.44674269452983,-8.871503662815854,-71.0006087937108,15.88146882164429,-33.81024202768796,-26.675575160431535,-95.70525611929268,67.78900518919062,5.43543817983327,-51.697188601662056,-25.02578133331596,-19.340402186521843,91.090199831805,-51.55816146239356,-65.74571930944873,88.53716213143804,-31.707936861382848,-29.441672582711178,-89.47061758315832,59.46597621003784,-93.30083974720702,-13.17656266350295,-56.84281455333369,19.843247902256095,-82.05630343669775,-76.73287892344788,-75.65560817893041,97.67793841170513,-58.72029742784297,62.17918036699504,-33.53506255274739,-73.32387675694858,-77.44908695706965,44.20570253737799,-26.870500548700377,-32.79502354767101,-60.27167282614141,-88.4721997519155,1
-3.060742573990609,5.451029990135424,-34.03683822872779,-81.73447112693353,-53.285820390652574,-89.53862929806286,-17.266844654526196,55.08937401101278,-17.157561547638963,43.94273202210718,48.69562470099308,-57.13995861175989,-85.6745018545758,-79.47963536532536,-45.86137765366143,-47.13659199641127,-39.42292365239189,58.77521476064686,53.359696166399914,-37.12825321864186,16.402271333999124,14.756258508958638,-32.754728821381335,-9.827762662130766,10.47624791004553,-50.3400387281141,62.074336832394295,35.55233997742397,88.74497185680582,46.62498541678474,-81.90683708179009,82.54640488234452,-92.58694302973467,10.52694575150204,-83.4898656474179,72.62968209293842,-24.670752356921682,-79.72181693988556,22.03348153794596,16.211597945114974,-58.090288022453265,-75.64479605045011,-95.57394066631521,21.711588319124743,-2.336003706094374,13.90399215715658,-4.95511162262909,52.783851884623004,-29.071400868782035,-56.59867444910749,1
18.046133373817412,-0.20641115584139413,-3.946614866874512,14.336465219854205,-93.33126042820832,66.39552974976743,76.2942779786882,10.172599861661837,-14.6552150797272,42.75583383390139,-0.2509954977127933,-29.72280564346248,-31.25702110488433,-18.629956162321264,70.93160486516823,11.05128669438011,90.97405276875662,44.25599213045655,2.827594961896665,62.205011717212415,44.34794239820616,-66.6403110943152,-41.305844884694395,26.245483408091104,-0.15506383039165428,-25.445040263131233,66.8984178102694,-19.74181781086635,27.89170507780345,1.9077132881185008,90.10568310433771,1.7096529588375375,18.205360704132346,-92.38756180791587,36.884442099254755,67.55679197118576,-87.16499319969307,-46.123096007063104,-60.37041269139976,55.39865751808102,-80.64039831041899,-15.604926535063584,-61.54180714366439,-43.025681830119275,-72.01991803231834,72.8652827416227,-87.18411567937203,-77.78899627031066,3.4963163261518844,-61.80870288234217,1
28.799908647803164,25.606092913907403,17.04406587819105,30.28007174018336,-86.11043478911982,95.485673816494,35.263360686042944,81.32259888292006,79.03042506248258,-10.277773188240175,-95.18700947830423,89.58324649428485,-63.357359506845754,-15.432673021281175,-12.792826478012216,97.90280865195751,-75.74347439949463,36.04554800629529,-82.50462845286373,86.36862529581504,-18.373222437870425,8.548282119994013,-99.18598124105222,44.302157234989664,20.668219976620207,-27.639135614004104,-12.716820102487006,32.4515388577893,-95.81197158630938,7.082943519844392,32.42292818605077,-86.93986061756802,-33.91125944078992,-64.85157060969051,49.43285372179625,83.27908993819858,-67.8929703729633,-54.94645961482843,-63.4137201163826,16.552142711700384,-50.688425086620924,-9.211310192261934,80.3966721171196,-64.67402160340004,39.49999563097623,-87.89152335142647,3.5620908443264625,53.80454986978856,91.50809127092495,46.41981099095338,1
-58.06194451395983,48.564300316973174,4.3666096989699525,-85.07618888625836,69.9969070998417,17.73959072287836,-51.89261949465014,88.89915226943597,-23.254701968499703,-79.02686823658733,-63.904917065200586,-92.3941634109384,93.6189266069936,-77.94742921889066,-52.05833093084502,55.495382122301265,-96.49844376997498,93.95635693869252,88.16494703454356,20.25077054953354,76.62696015737416,71.16130003587494,88.10362312174024,-57.262881162717335,-92.22816578556451,38.57484645885029,-84.49953198584276,51.74978988019825,67.09119742369353,78.00980378381072,-42.08216988464031,-70.75258527648758,90.91408405219607,-27.392782630874308,-3.4911842953329,-75.19862535340944,20.55762759952195,9.947349007618982,-80.92852038793971,-47.46812086904908,-63.6033795589714,-46.74327520877741,10.87705538255885,32.982935569449836,-33.38908589191672,48.018222100631164,-47.84781176614139,-91.77465236101779,18.424856803166236,53.85359606079291,1
47.606723285274086,62.18703853452212,70.59122273474975,-88.09117239950075,-33.24504154608687,48.406532478751274,65.84633854995002,32.14258620964071,-80.66049725058882,-23.045557862962923,89.95534017722372,-57.062230039259234,-24.928572154014844,8.960064546431326,58.27154667488489,-51.638731457420015,-67.96177805985957,63.759388370476756,-66.07351641863302,-96.38320528967567,31.667398753399283,6.9942544351109035,86.69927861524124,-62.78328678266683,15.422032657533592,93.50626700191646,-90.30658052108053,66.00218775866642,73.06248435391964,90.82104771113691,-25.029632796953337,67.84543379586239,-98.82463239103383,-81.61999280414895,21.430195729457793,55.35298558558756,-5.16468520848845,74.94749693303356,5.577561022019367,28.68406223885637,58.52048584585157,-32.3258176810745,-20.143832714536103,-0.04696298212456895,-57.20911395952331,48.720466977565366,56.30970233057647,10.172401886620648,29.91046258154185,-59.000827571446244,-1
-53.523135388790436,83.97418682610856,44.95786023908707,32.295353771257396,-92.33018981491854,3.7472871577988656,-44.01692789269096,93.12221045720591,43.184546984424856,-51.00651641733221,23.330825798596194,-41.642778122645694,-57.24049113519136,27.15096496234048,50.16456456556381,-25.071262086720523,95.330228939715,-35.25881049932585,-50.579533130365604,11.369936711908807,1.6356612590351745,-58.1899201264195,13.815524756317814,75.02180980405743,-31.777033135103295,62.593495924649915,-83.78484003880618,-23.83397787239116,82.17410006453957,79.06017934892898,43.08898349706237,-76.61617129469377,-76.97938394427688,2.78096898401769,86.4360429234462,46.312962893401334,-7.651687629179165,77.73466189814036,-10.213733044673816,2.030568206009548,88.82701573647697,-31.446700165623184,-97.87214169044158,-39.13874986998769,-51.53038162594028,-70.62636600924235,30.025640903106193,-10.567012106020329,69.35082906572202,61.82984937053561,1
0.5274186210384215,-16.133063916142333,-33.87983800599963,23.93283032394173,-34.53089172019668,-47.7919333386007,8.0016704319156,-68.16664538285465,-83.43142030250092,36.2032521454025,-83.5999704180841,13.546529708276552,34.52819593770741,-92.1639325669048,-17.216201156166136,91.67754200728021,54.19210425857105,85.86280760386424,9.236550430283955,0.29975404565500696,-37.214811591125226,-53.46442251619734,16.582129354570867,45.98353755617117,-54.21001619034953,93.44414204751385,87.74687405444396,69.2688095686662,-26.438075056460292,-58.7184946265243,67.07261352881088,-74.76458265168999,-20.448185361760736,-48.889572913689875,-62.179734543680134,-13.816064016731474,-53.941036183857484,-34.075905132337155,27.14372468847526,89.13137772771466,87.75234999049172,42.62373739821771,93.72506592955517,21.326124815451465,36.41161645690369,-28.038346156103316,47.0885637722609,-37.62372098483881,-78.06882394759036,82.29649404736224,-1
42.435844269507186,-21.248971686918665,81.27084221912924,5.30312330432605,66.62906077248508,-85.5253313964991,3.833537776912422,-44.6046268076298,8.967148601588605,-33.841477030741984,64.42629127713863,44.72756916421889,63.091905861594995,97.61928194056497,43.170325373300045,-72.44097196039836,96.41638312911712,8.271998426567734,74.00633407784571,39.89283831518,-41.689736428414136,-73.09463797048275,-4.527324056112718,-67.1393914422301,-10.915249314515478,25.38225626166941,14.414171183733515,73.09612187596062,44.46306445737463,45.104824126625175,79.69356136970461,-21.117859193345637,-39.88357948293182,-77.54074072530865,-15.240524800161651,89.94188226698023,76.05937927117529,-99.6512852571224,30.126628401760087,5.487769350294357,83.02245436340127,93.44680868590837,31.573872233734647,-8.857518399990113,8.54443410043639,95.07087505265753,97.22054095807817,58.15012311886113,-31.616279317266404,-88.15938376614811,-1
72.55941550864571,76.25161355260232,-42.66815031054947,48.897677989853264,-89.300358382263,-50.11682371953392,-72.74826751436174,86.35944039041271,-5.966464045880059,-24.548699835262838,40.91537629997049,-89.90013113093337,-80.4839368931521,-42.27782676102216,-92.97792616704328,65.99106283991097,-73.20232576882857,-75.98098922542195,-16.466787263646992,90.31760293484774,9.139124112532642,-11.134459793369274,-73.67021984796637,-97.83935117854585,60.345517637072504,-12.344440214364198,62.71158130770732,-54.246214378778475,-61.21614815763727,10.199664279857743,5.341696337062231,-44.61819442235466,34.183159932136505,46.370775317050544,-94.2291772343834,-13.847454902094114,-40.01855324598391,-46.23534258158421,-35.25292030466164,-22.65487569038298,-53.212914846597045,-64.84889520816277,19.55744138739253,-78.6374117593645,23.26095804800414,-55.130040074556334,-41.787904817917386,31.977656301260595,27.80733525973193,11.55163651953373,1
7.219273268824082,-89.76689871090483,-94.73053356121648,37.681867291141515,-2.306103550012949,-15.835009426441161,54.39468214179578,-84.49334835525863,-14.673344309337637,14.09036940377473,93.59156152111427,-57.64278966867047,39.15144476090603,-16.403771964610712,63.869393344652906,4.373906687360858,44.73315870664459,73.10381424234066,-88.79157529106044,50.46762788928106,0.7192435100441941,27.451140252285384,-24.452493628493173,-11.748716170786054,37.046885754898824,98.75710554736406,-87.5981743841961,98.95024380578829,-7.599056165719446,-82.68975445906753,19.233472139796987,-79.79130743919987,20.446475022384234,-38.46885152695951,-97.81114478041843,-38.21942778495951,-26.66490088714528,-38.8633537458098,57.577019284657894,-35.31610261083557,-84.03238055896756,79.69764920551577,-25.917939025299773,51.613891163918936,-85.02049390967316,76.48258785244823,11.968893959838582,31.187609599522858,93.1621451645376,-65.66569384648315,-1
-51.613663936894085,4.372459066435752,89.58341578689942,-27.51787163733968,-53.76683606921595,83.51655680596824,82.99225640215138,78.39444736742408,12.75685920384258,-98.39682162355076,88.11011603541826,-31.885248434816972,57.765017578713895,-90.5652189862766,-71.69349964878924,35.85799329614696,-13.829794760019752,-70.37711327362793,-70.70693153622625,-79.29994450031316,2.749591809754051,9.285701654371152,52.20363953206919,-46.09068245379295,2.9779387280035223,0.8155431976030343,51.38830603225563,53.886896175430934,23.040225830869005,92.29583663187182,-52.28916385733415,-23.409174214572204,78.53135934946783,26.392193056419416,76.54743065198525,17.57686805078535,-29.015732044609237,-69.53305980062576,95.1629001402872,91.60914995091659,-33.669173052737975,46.97131125422001,67.24575490409231,-71.86895103890055,-99.53888924774141,60.51092860647657,-86.58445301423959,-9.994990493386254,13.769376885960185,-6.286002362228942,1
15.698501645866017,-99.98943461354064,93.91441036731166,14.748848508917291,39.33338238018533,33.69305103377954,99.31081227867779,85.57741909473293,-8.815982555466363,-13.218551327595591,-42.683008726394235,-5.604213108035168,87.98790330670926,13.985024567192596,83.56330037291178,42.09692076739327,1.8530000469640981,-82.58108334336228,58.15021330702481,60.99737617578367,44.816034687597664,-72.44107907967725,36.149840107606565,-92.00577749556093,-99.8801313069496,61.91191623515547,56.98399378106262,54.171918812366584,-96.1610934024403,42.895542777928256,86.17872917709235,-94.49980551913934,87.99959258118648,67.55181276332462,-3.400565572001213,-35.8776731723395,-80.51164201673555,94.25363602198641,12.855796307696266,7.536729485773179,84.90449212099645,0.7988112446062843,-11.763480027849766,-46.5071004051036,-50.691627014782895,-17.465012772016905,94.43592657801139,70.84453646045517,-59.028291808711586,78.45585675250737,-1
-68.02404732671172,58.32801443661259,-73.62960207132062,34.486880392468606,-36.15921283489385,-30.68354924152908,98.92558370114642,81.38245173564877,83.96476708301219,30.695643686869403,-99.11621475080024,-27.34265497807833,-62.20373618442967,96.5808030968629,-52.513983294482735,72.76437564015319,3.548193564284489,-78.803365439542,3.3610214154331572,49.870501902650005,66.20566229743781,57.1967707227563,-32.139173240117486,43.29765201098223,41.85738735635931,-21.44241038835486,2.5516568047964086,-8.640556435363834,98.24041077355588,66.25220115573879,73.18451163273775,-52.82039264462901,-24.97266737323838,98.28378177581766,-92.44839151276368,-14.327741368691349,59.5812718804257,81.53771419391569,-67.07542456004404,17.022688221220676,63.099778988625644,97.33534225966886,95.09257075599311,41.385649424622414,-27.344391968868024,86.24690663926046,-21.67320966218162,-5.896997065839798,58.52962215546742,1.4721434882821285,-1
-57.867562198866686,-6.8548844665004935,-14.229127738672304,-47.90248418853018,-33.781141599928844,0.6620061761897915,6.956345017377203,-18.098613122148933,90.71197634659438,2.8931629290817114,82.20849691993476,-43.91969098178916,-27.86568726044267,-16.111478418863513,-72.92846814891851,95.00799530829238,4.1558240629612015,-76.45783777462407,-36.82807146057383,-42.05133517825929,94.74341980428244,49.254715817005376,66.10051062929173,76.5137818915112,-69.18010455081244,55.390997935278875,24.961398178047418,79.93162615704847,-66.67867215741956,-25.87237070291222,-96.15645481142619,15.514434328603528,67.72368365499133,-15.399369507283154,97.33994041394794,79.28201140968002,-36.972398183064946,-40.20185882329237,31.465161261572405,-85.1320659362273,-31.656783592604754,-28.4872947641029,72.08589357341526,-20.73201928118749,-52.408190199954106,-92.63455326428016,-8.293736188701388,-18.251794371652565,-42.78506008811163,59.53379145281397,-1
-21.453851345716757,-86.82156699360546,-62.8196576887466,-10.173886821301807,-83.76365892166142,70.44175706217732,90.59064001756764,32.237786511111864,72.28863997939922,45.791193097213124,50.74445834504456,93.23842418530873,62.55691833598817,-48.440475099153105,97.97451394985671,36.702383803113946,-35.71367949468285,37.11925843795453,56.23771001969476,59.209785340574825,-5.806350603770795,-85.08456369222958,97.09963418023472,-46.18505983369454,63.62627200691708,-61.716204158186216,30.668219937234966,-62.40086676045629,-33.01474998771465,-1.5997333361926138,97.5136993993143,7.304018538776177,54.799392396420274,-84.54687138515578,-79.05524231712488,-10.195159763255973,-25.737553339226878,45.29784012547523,-81.76037705170012,41.83755846436611,67.49184053708325,9.321403550399651,14.877073666705655,-82.5334214405528,97.03966836900062,24.495121076506507,-98.23929125375498,76.78335377540262,-79.33797715236733,72.3026620070269,-1
-74.22602650531095,-39.76488260052824,-35.0498782065596,20.334004352718765,-84.40998611381625,-28.48722426007903,29.32862578080426,73.11267855731003,-42.144947365925844,-29.97204920428183,90.43641211957984,44.23408497504616,34.17218837041224,86.86760616685177,-38.79471513472821,-15.86720477299059,-19.6799019566337,-99.52202897519781,9.821769234238985,5.66390706902466,-95.1564461327774,92.56875759472982,11.0806231714582,71.31890587834476,65.95537600489996,-46.62486706674227,98.61293851731429,27.19534249563111,55.160209174658604,-6.265617843588728,-81.7956283666212,69.55041234906045,-93.6562142959281,-98.2782969132743,86.46932470797879,-60.15617794732957,-40.39473946468577,28.00688856415934,19.58920960086003,-65.63698916018981,87.57555223888096,-80.64207304807589,-3.7097358209865945,-16.92369459876599,76.00118169696347,99.83527676310388,-55.9008764838685,49.45174422677559,-44.150676396862586,-66.25363415785215,-1
-53.55506181973138,-31.37689671659811,97.8413051596186,-13.80133158636609,49.19336157721693,-71.12490040341434,91.52622853325602,69.22241019741753,-64.31259875184475,-11.401995956625939,87.05093149634905,-15.549515214065693,34.805652927882676,51.87960778967431,87.49642035494122,89.95011880968181,-14.152598946077262,19.04302406860478,95.01113644294222,-87.77922303257104,44.6533851767297,-57.40054502367145,-21.9327762163243,-4.012503788015124,-97.44725502258792,47.16130220909287,-26.742298393364706,-15.921667769271835,-67.38035569859045,-60.74127920189374,-10.928573262099746,-35.48653094290776,-5.363460845007168,-3.236050933829972,45.78077262304154,-22.656492241966703,-55.21436018213437,40.79528695443631,13.522250282761078,-27.53660276532584,57.26338303258558,94.77790408118247,-57.074874415877154,-20.85675425034144,-23.212446653201013,22.483423917385267,-39.886759577044884,71.55343513836553,66.69414829768505,68.33733319840704,1
-96.75131135810926,10.444456034769317,-38.231238171508174,23.583651367598208,-45.28568528894517,32.217093433797515,-31.465254556585492,-58.99368332803574,28.22939380670701,93.90672963292923,58.141894216695476,15.404971345928018,-46.67549589746201,-25.646415008861624,-6.5508395525509115,-78.77683892177565,83.89590409895317,-87.40684147061893,-91.97582760218216,-59.43469209010224,-58.80581116307517,-31.66794459391538,-57.007378152792086,78.11261615565877,12.01436338762025,-76.92527995459473,18.081781010210833,-49.38672549418421,-14.389991518531403,-86.46687487458861,-8.872836700724363,55.766594000627464,31.940849429044874,-38.67241746196299,24.225921959663182,65.95029758294103,-58.54133211637971,49.67173173706141,-40.57782881497436,-0.09815511516933384,-48.97253067528604,51.31146963982448,36.259624593658714,90.05366369449013,-1.699536853194175,8.691077209532551,51.679453144740194,23.0965433373524,12.312084643330422,-66.7154070055615,1
-87.48703155610968,75.62303939714027,-39.16350447429677,46.2262217928847,27.927641860699154,-3.3112803170853624,-19.630475659162713,34.93552570230716,90.96612794866076,-78.19340251609333,-64.46879905933113,-79.94546131689356,91.69784900091275,-80.33970285667209,-58.324432107574296,-28.487804563230654,-87.62861029255322,-15.846210671569324,12.068015768450934,-94.31477094486118,-47.11714262377187,26.83964921499316,-18.477763111679252,75.86777719545225,-14.077579721063955,-76.64328223481263,-92.95575746827969,-70.11801974933161,-43.2654355519577,72.84647922933877,-74.64830696235394,-64.0872739974372,49.455641674636354,-86.95350747590163,-3.1519076379746878,2.0574037559028255,-41.87612215010892,-93.14117863213909,-51.44595877816131,-59.283611079189,-85.06825270215485,6.638427411518649,79.6039675894121,8.737578643515874,67.87969074945366,2.9379133112630313,-61.021790050870116,-19.704736404700384,-59.59761732466089,72.35340040423824,1
36.04564848625827,-62.013051267795994,-64.35338021768331,-30.014293245718477,-95.53542542045648,-52.91200405478396,-5.888671796314938,-24.589901389816916,-70.74988767387119,76.53656346847171,99.13266056047652,-64.04560612887255,-41.73443933328327,-79.15205234689023,-85.8162542640274,-76.85650692751575,75.91640216696644,-85.32770797315823,-47.27864143572311,94.45520473572208,84.62063145094541,-29.13122859253903,-45.058231914973156,-65.66005713223717,61.04559858833417,-3.735008840698768,36.421856909996336,48.587051243134795,79.98736996658891,7.948381694913635,48.23458159834229,70.73834335963102,-61.792896540512324,37.25499311447027,33.921556611545896,38.00445272273919,-40.56333630775863,72.2891767417106,-18.82966355624916,-7.877174654209568,26.779810143973208,-71.4935250690084,43.09603035042707,-68.63469697527216,-63.99249237373317,-50.732960999259724,33.63052418998825,6.907655706458215,40.26185952681885,-98.24394676878556,-1
28.19310561975155,78.06051142270405,-98.24504898761643,-1.0663435545313291,36.824054141175765,49.80773106272781,-12.460170647997444,36.10191342606697,85.86019995079798,32.20883001719855,46.57070297852121,99.18508381899088,63.414430259291265,-60.69662225681584,-87.14370169933537,60.524357386601054,-36.507404975976534,-83.37012945289406,25.492438119764444,-30.7420453333916,81.9306569255944,12.204291129344384,26.214455015383933,26.424032477621083,-34.53173124357505,64.00375268498544,84.24341645145924,-80.16627676413268,-68.83918550011418,-29.491520194087258,18.75781572059121,-72.95532073471385,74.65424308029532,-93.31349574257534,-46.63566368503629,-75.02341422816983,-71.72070919394204,-1.364098180509714,95.652993249963,-47.13061239966152,9.947456121567114,81.60065791082698,-19.082460961432332,98.62888718379145,-29.26146831315802,40.849648161609224,-14.374769185937723,-36.51118593512297,94.89032865095203,-60.644745956378856,1
75.98292534540289,10.403634459130245,-39.499207929717684,-59.25550761389691,-71.40048976091225,16.53557494336549,-61.31628017129,17.06073772291863,87.90014996250258,92.95620156617835,-65.40978342631227,-11.66020767518657,-99.292242435673,-66.7278837428644,-76.755268949416,-81.93738295339512,19.44608788422974,-12.84424610429997,5.835444878184688,77.20232685759711,-13.954456506940673,70.12326656482543,40.45850235331096,-87.91530036321615,92.23539264815122,-88.75931576813815,30.462913283695002,-8.480283320077447,52.48379880086085,-82.29657198769904,71.1599366666197,-51.140689892955905,95.74353536259915,-60.94159325060748,-54.68953806301211,37.130438724258,27.689080604999532,86.81071428099818,49.82585174185772,38.94235000829934,75.52566534995498,59.325776857678306,96.5238398948755,-16.556802213756555,96.7505097862614,49.542213783813196,81.32221261602538,0.025776623116939845,40.38013961762536,37.87416544878269,-1
-69.9055457988005,-64.78214241122922,-31.9549516955216,69.50640069240356,79.14022038230365,56.00834916735295,-83.33008372847861,-68.9321898964572,50.05770432979176,19.114040979705237,-45.60924799631305,-65.97438601123864,-27.179141010904402,-7.73525830048554,-40.226703030575784,99.41676017522022,56.075282295547794,-72.35389058703325,-42.452870505185444,9.442189071543993,82.80268049632286,-40.765438938116084,-98.96371928046747,56.14346255079971,21.77986916861944,6.914691961080479,24.627513018280183,-29.36466043735389,-72.93336305406018,-73.56087384886754,14.625246905013213,-13.750373758373385,-25.861405741092085,-42.55133144012948,86.74769107550873,-55.504798410128764,99.65208677912418,-63.443449274210636,40.91472789165289,-20.095972119204248,-38.91088577106168,92.25540520115177,-70.11799165499414,-62.34346756360196,2.6102505948969963,-17.28382803206145,-42.59562514055612,-56.95649749252822,96.70519156412468,2.636938293893081,1
-42.55575815896984,-85.5456581977297,-87.60579860411795,-76.268831058122,74.75075839875609,-46.83455294524377,29.29502021911449,-53.58913566185064,26.692385100664097,89.02626558661191,-98.35901753592158,14.871168572019599,-15.478412784765823,70.23782574799995,-81.69760895252271,2.137361978050592,-22.395198826258067,74.17268038983553,6.527704909409266,-84.22564721647181,-89.52879841890473,9.221727351101208,14.091449882853581,56.45273436771541,-63.05124355995129,93.93160992656584,72.5222267436506,-67.75487329299021,-96.92908608477579,-86.42239170270373,6.526147158021416,24.01084410861162,-99.69990035883423,-69.55361824495465,42.48172400651504,-13.64699954089565,-91.98668599483548,-60.136104291117135,73.7675538049372,55.68720866069086,-63.253626597881386,58.85419544735163,45.85652634688998,-32.88497860119344,30.82767552970199,13.395721773736994,12.933255813086049,67.52550607270982,-19.16760598207412,57.88600489512814,1
37.86208242053806,69.31086449308057,-50.02136102652705,25.208894093143314,71.55471919382279,-72.96723804651694,60.420927172183326,12.556245497207712,29.291973644163818,13.854044522883015,-10.541257654029963,42.39342024124605,16.32142751938595,-32.20809642749532,73.99992202189779,-23.144402982514862,75.50041037351332,-0.5874170553845488,48.289062140648525,-39.25722382578767,-37.49087516995977,81.71137776247113,58.070684532045874,66.62079143857878,36.850740363833125,-51.111725783359695,91.15667092171392,-10.306089748865688,-79.0523174697934,-79.19310418811617,84.27631771227922,48.93233496685204,-76.64962700044822,18.32566501089508,-14.006030490734119,25.435717974082024,-93.13755878091088,-13.13281332327172,-31.853334970755597,76.17398889425772,16.260738834910597,-65.9696627255475,-59.70078151766289,-55.67130010233177,-40.93567856497336,-25.74827711349552,-4.803985202514951,57.907248271892996,36.752131996272794,41.740531096974706,-1
-57.01747259272083,66.00653672561495,80.23782439092034,-46.47036752663016,-27.043237325950415,88.701116757607,-58.89364561589105,-84.9954479854248,58.89184276505918,-19.28807682138023,77.11846745640648,49.746938573544384,-23.497634602661563,18.050759692185807,-56.486867108379116,29.346736417218494,-97.87569896176471,46.20298515272029,-70.53506045004954,-72.50937147891084,-91.68373745744898,7.559766210384808,-45.11616368489231,-36.298127739289086,-20.90269299995866,69.09074271756793,-18.29272250868202,-13.83571911490003,-12.98056167348986,80.92334358619712,-38.29864257049942,5.25581710782032,-74.14439827151483,69.35896130824403,77.1979964002841,-36.96151467603155,-86.39590042349138,-66.05435672377043,9.913200949012761,7.266109570978884,39.671577474216434,-74.07195663503836,-39.00861465940761,20.086313120246288,-53.14509720221594,85.6767952862163,14.480706429077642,-86.45641338692009,34.000197221802125,75.6626875752745,1
59.24829010827369,62.53860867515647,-48.517753960658915,-97.56633092359337,45.420565542731254,20.40631922826168,-31.530717208809733,-80.90521710349662,81.81545528609479,-97.20889369535526,41.58449201825621,-77.01267513780252,-38.91488891582915,-91.53454109426092,-28.6261865857971,48.77246240547893,-39.051238361179855,99.42241490661274,11.883386092992339,85.1268020846637,38.35642783200143,42.092448281579124,-40.09453594510768,-26.84798979570202,-0.32907348878492826,4.256920486540068,77.77043363867736,-54.112142938682496,-10.290570155380664,42.53450160166824,98.18306725268121,23.456925998023223,70.76007746646312,-59.255767330808375,51.187395892798406,-52.76884596225351,-66.7965180608727,-72.5126339997862,13.832673643142627,-47.450451962922415,-56.06898572926151,-55.99260777752,-34.62099334794205,-73.61213124832744,-73.46239606904683,-82.88968451928258,20.589317345083316,19.85539790783399,54.08664102428642,98.25808674540815,-1
69.22484210604631,62.76582631856863,55.778529020514355,79.27291241621936,-8.85359174398232,-17.413420303462047,0.07291528875745712,-15.986880226610282,-66.87265240629273,-29.362273595401376,-58.980019673185204,77.76044110599705,-23.320939639154915,54.573635727324785,-11.553856395066859,3.663678131811835,-63.33192229433382,5.962063372862602,-87.07033926883634,-78.14033989271138,6.579068162814124,-68.16120967474725,-85.16963584375861,-80.90372396359278,8.345257077230855,15.598303599372798,-16.662920339061486,59.6420619073576,62.74804196891341,-33.04381673853524,-4.930004863044559,-73.47106976398322,-82.0180482460176,13.335766628264395,26.505997901886744,95.57596580378177,-49.0023517491297,-81.52849629431762,84.55089546924691,-76.87720410608914,25.78162585369826,-14.046959317999992,-14.8027299688992,74.55224849372053,89.10352834540524,27.06438269798987,-26.54795476551402,-11.113653079156549,55.716318611956694,-97.12647362961464,1
-62.87065901975139,-42.36957284451939,46.84366790577377,83.05559578256688,-37.423417480813434,33.9398089657505,-60.38699715174998,17.659411595451942,-70.9539152863796,84.30659471904849,-2.2924338996617877,-77.93864140541756,-87.42979779672835,-55.28565304235056,46.05436620531262,21.209638235379785,-10.412044837684192,-12.841142575231103,59.729051074923575,-99.38978353435206,65.14616027177925,72.41457328748797,11.230589851429599,-34.96824010555291,19.014162566005737,-37.439505569417044,-80.82607590527752,24.972899757532588,56.76022621883129,16.921776048676747,86.56986393606388,49.23009980320677,67.96661365617942,-9.166555576214577,-58.04270726248997,16.15930186636851,-31.15889676078565,71.5705511529413,-48.30034214946606,-27.658646720192266,38.46962403337923,-83.11204766104561,-13.530658595183212,64.74909025568613,96.47739453599007,-1.1419330457185737,-94.15663073173775,-52.75641164773288,61.92782040897643,81.70981901248098,-1
-95.34561285283483,-31.586113068488928,2.61388457268761,44.06485546528029,71.25926175979427,73.76181432628991,57.899475365494396,-3.7800237584121277,44.06566026589988,57.12097527180734,67.31682270004237,35.82398449892696,15.297513524987977,-70.12245945481757,88.19577277749599,-87.30551141302657,-35.533828655097395,-32.648776288773476,46.34117643638649,77.85431479604082,-53.52245645525615,5.488421542583069,-96.38408327416013,95.67660206030772,-70.13132709645105,-12.325726037010725,-40.00660235284994,3.7657507225673754,34.14428585311012,-34.902954383142415,96.37092618078975,-93.35576572340956,-90.32290248509514,61.74791202919954,25.30654491283957,-55.44859648423288,-47.3451782833481,-70.89082001113536,-73.59822936742336,58.579417054747125,14.977335243654991,-10.912717931010633,-23.458469511016972,73.86059842883134,-71.89100023513973,-55.0434506433654,-74.36702654662048,99.47710054346365,-64.85509077412189,-91.71439651407003,1
-25.566595232497335,82.94986574553207,-97.54186776886581,81.25347945796605,-16.626043327112527,-53.892241565817336,-20.949198303088906,81.77695004021732,83.90127483517708,-4.686156106198112,-89.83354516531215,85.96279202480886,73.35946700991457,-43.57588486091728,-45.38310486172576,3.595174183312338,17.589798896401575,38.749870627868034,-93.30830630343827,97.47246049843744,-55.58358969794905,17.394010679090258,95.61687715596122,-56.397639825646316,-23.795970225852116,-41.838346611595576,4.873997478873719,73.45189573027875,-17.77166201653955,71.08765126342632,-1.3492103837998002,-12.332371479752197,-26.760800993959407,-2.4408747959161445,18.93527298893865,-76.1054501596285,-81.1557162663702,58.817371746217134,33.25377282306707,-74.3145300063508,-86.38991790178943,-6.104734685326889,-12.105492027301196,-11.169123664355524,-5.427706369797946,-66.39394321964392,-5.4880885900863206,94.30258250447599,-29.943862410088556,5.117447818021574,1
31.70810313401097,-61.625363119099696,-84.26326861162043,3.7292578843338475,74.02260822177305,43.64885398953004,36.48094213508929,55.21131360132881,-20.58347843326618,45.19788394687444,13.52074978505344,-45.89742394375209,68.0126193880865,30.052234989345862,-41.865337841465156,-59.69350669256783,-31.650138420733924,90.74843430214787,84.91905222697059,45.150200235192926,38.32428447666004,-98.20309822532545,-50.73481375048281,58.93804752982027,63.61957748118877,-1.882305201736628,16.23948229222249,26.841627660736904,96.84434738570823,-24.172619302423954,76.1871593502321,73.03213638169095,-4.311627930612644,49.123056402881076,-27.207892465155297,-10.953248573566498,-20.015083568889807,69.90495083251608,62.70853571669227,96.81736783935722,6.392436545375915,84.75301739365531,-76.62764814918799,69.52472915278759,58.37886396809006,72.97678210241548,-20.553557133952992,41.605352283503265,-51.424885330900416,-44.699024996942114,1
-7.540887799878561,60.53124883044396,62.16410756763025,-6.121124293734198,-43.18198793623858,-62.85378665296455,-92.3630094640904,77.54926758295062,-20.53557110763728,-30.70509201271409,47.516225896387624,-11.754486058223051,-85.0673385811373,-35.294766306616594,50.78265305179676,-66.25279746345262,-82.23820542009966,97.4413157006714,-50.12935117326269,-80.95937342524849,-45.3803967881728,97.75673442611838,-42.603064052507044,-47.09392326428357,-77.87494210200796,92.79849781460061,73.36139281431403,69.13353208961817,-98.74880724814436,-72.73691601651595,-98.22280439797841,94.92849881820513,-11.066091744318967,69.94244160801796,75.0330636235395,59.226476856123554,90.13684382589003,-29.32212415630009,-88.6518749372448,-65.0101128985421,48.055297591158705,-71.3749336585562,-37.08161717280414,56.408379237616316,46.408775683016444,49.8402251543929,56.33957860787996,89.34913983924869,35.339712453075265,-47.881887016621484,1
-17.646891683098303,-50.6069175065875,-12.584383448504994,86.58900706482882,84.08932477915712,-16.608315207045152,17.70797011507446,-0.6593035284289783,-77.70675479756493,12.026428341606945,-61.334603269752286,-47.48730864829558,52.28205291248406,-37.379547544068515,-92.68974230856996,-84.94375411492746,-14.708647986166199,-22.76941464415178,59.8229181050971,6.658978717725489,-80.07137278983707,-53.34324146822937,-19.13443127622172,54.862526146569536,93.03363618110754,0.9251777150119977,50.39690227390625,36.29137730560393,90.61758938519188,5.437361938161374,47.079236396758375,-51.95282489944795,-67.75653161188964,-73.48038947104192,-34.87092224330546,-32.09420737205289,0.6009104415655315,88.37717010630996,85.89938762128148,-79.26305813386767,-35.32154089396653,-39.24555949858581,75.87181974880372,65.55444214460684,42.66276104947977,-63.62132182739215,-70.21034580446097,-59.44009245169004,-35.095159729721885,43.915011404789766,-1
-34.61367673238418,70.29783632930932,-14.023448375030398,79.52280166847706,-31.50874294067296,72.57732164989719,-16.5516002674467,-31.492986170340203,-15.146548142477585,47.14252202660657,13.58090595793098,-65.89041981830187,94.59135015301754,36.91431063765941,-32.7605182187946,-74.45169716320801,-52.44520194735232,-67.3898862592433,8.266592368200506,-92.35535770218395,53.318937396597846,5.084117687457891,9.77055865112122,-48.09142889067542,-92.13835068673669,88.13465599765377,22.00309724654619,-22.757083722461218,54.76028379128505,-47.29465871198171,76.44868839648521,-12.076914680599288,93.81255555800155,33.68910434123541,46.37259490951814,-7.327705341705482,73.60351914303095,-96.20077779280078,13.737339631257342,14.15798775163583,52.28706622883584,8.041092776369311,93.2576531971308,-5.088409674314192,62.301862975451854,-1.9789293143861926,74.9318318702276,-46.481804300346255,-26.20616543668541,4.613877660251035,1
-76.17186560079037,20.92254270104432,-96.30681902135281,-0.06187942277593095,-77.22599947892704,29.335337798801135,-15.189109659210516,-71.53359477379661,54.70523927518306,-99.67889300810084,-60.29424872413103,-69.54987172598031,26.037435473314318,73.76984031829929,13.382239569716134,-50.97293768445026,-50.14922994710758,61.91399628017453,54.956801700839094,-18.296767943095645,-70.90061130135057,6.438956153087204,84.12366325478459,-64.32121619493441,21.554721739761632,-55.406925908598836,50.87117041925751,-81.83393067543619,-56.460708416831636,52.0634914815883,-41.698257008242635,-72.34221545494599,-38.3758203447921,83.55960231833578,-97.5687353368954,-64.07359025936464,32.90038906042605,38.00368898820466,68.27362618163858,-75.61579731159252,68.77818241335387,-79.13214801928711,8.116892368297528,-48.62625093665764,81.83326838281442,-20.368170338930568,-2.348350161652604,8.823101150437253,-8.399044218648015,18.920434678486004,-1
-8.349421901696672,8.757414078349385,91.53269496179465,-72.72292141326464,-35.255153802618324,-23.001610452828317,-96.62452182841213,-11.992238895362831,-39.084000425592926,22.106548142825915,-18.836062556648827,15.203703218157315,-22.134986248181818,-30.85134789204713,-66.27915291563484,69.86264092258983,74.00725149142272,-56.49135497291758,46.21341325070017,49.20224141722153,-66.4846809700598,59.74750972732113,15.194361056876346,29.684507003648378,81.53310112497232,23.13292788453822,-5.490844067628501,92.80225029985672,-89.02697485305278,-68.74794315973125,-98.14274454654401,48.09955426512087,-95.35871953263752,-9.185360384394144,97.52674962863074,87.94446554200033,-57.90738641208628,-27.41552089131183,14.81108484122609,90.42986154260171,45.16986112043489,-60.424391109125075,63.67932071701995,-37.83172185731487,37.115067029511266,0.9580666454813098,62.82691212553232,-14.96367477978113,-87.36960018824622,-79.75810062101763,1
-96.05789244912717,-28.251497891422275,-22.541765264934014,-37.18190895328439,52.32539455785897,32.34041852844112,9.351089346037583,0.8999058877161588,-35.71960166843114,48.415882456788125,99.40759135632135,-49.704773614697004,-10.04141108188459,-19.897067137672693,-20.20375348090954,-57.30913839351439,45.559541602782645,-65.06818377030663,-73.27931480754816,36.09061988138836,-37.69098234459207,21.391960854423147,-71.30052049704278,16.37258594487676,-83.05505048745056,16.68723945922865,-11.498493736025225,18.861820937258543,97.08541393554239,-28.81062366568534,30.018340717956562,86.21119108309455,41.6621026435391,9.665421863714641,-71.6780528987787,70.73023420691803,66.75755710797566,25.184684251483986,56.417346923547996,16.910318385712216,-68.25514728430008,40.33978555919998,28.242759683287773,-19.66472468724669,84.70776400545094,85.45075506045197,20.389112841955992,66.69753946676741,5.165689367163665,-89.31707941222339,-1
67.69836676860496,-53.27819359275263,-59.504287171724,44.73587361856153,78.89561111736398,1.9909012005228277,60.33487096987554,65.80342679229105,-14.97557315973009,-97.84944655938685,-43.58115913778633,31.666843927407655,2.6521108969926814,-81.56380199984163,12.269095464765684,29.724436355198208,15.11420109745849,4.446187083817122,-14.789620962292645,-58.50959911386309,-93.02929991153113,2.653103445384545,80.00734456131437,-25.50432716997608,19.427938388757852,65.27460564708727,-26.131808449668313,51.03297529270651,98.71929031276863,74.21495620538664,-26.889894224218125,4.362577381644229,-62.342063076387475,36.629410383252946,76.87802633134763,16.976276498850268,-30.059862873443265,36.67228515689047,-48.51392456459129,76.00696552586533,-95.20903609517855,13.491098824695896,24.33261108600682,-5.29946273352661,97.54681495945448,92.86146676755783,-97.95936196893511,5.687752956765507,-0.7507594490130174,-12.347347858134498,1
-80.52662124175578,52.17829459224802,96.30827860886257,-79.93610016134411,37.282468748233015,42.06370483820871,26.09825443745251,40.91287921731788,86.05922029425022,2.8570787309417227,30.25491321236086,46.44822096034477,48.278125742890694,45.67514418135687,-21.897272935466546,-90.19917772076715,43.70125216002555,12.348323252807461,62.18678746359677,-79.54959641488013,51.167092344092765,-65.82536114105017,-74.2481867588529,-74.30544536038553,-58.26729193826117,37.34745593716514,16.17278060838578,56.705467989405435,-19.054123485505414,51.83721606420096,-75.29344727130818,-87.41124340097677,55.75016838951859,56.4671082007537,-63.50378464051693,90.66516786104711,-94.59486775669833,14.188245973501097,-11.766626836786799,-84.16982731866199,-41.4551560183352,-57.986379297967815,59.04159749368978,98.00960882560372,-16.081523696272356,-71.3819736213225,-84.0676670369337,31.496901108397367,-35.2642651461953,8.722001857811534,1
95.06862669581412,42.52028145967864,49.514927210822066,80.1564000376851,-0.21742534208482311,90.12558539682664,-13.477300556540442,-30.769970414175617,98.97895930019857,-32.54099415897139,72.88457451235863,-53.420911186806585,-70.83684174853637,43.30875123088825,-77.82038639015309,-94.54897552053932,-9.341691908151645,-3.6567794608547644,-84.99689219232718,48.279500355215106,75.38796604173965,39.41430324573568,95.43826070230185,46.83989891295508,-39.8234776936091,-72.0452996332387,-6.360655572765623,18.508249623542625,65.48439583811506,70.45326185354696,70.38884931592278,-9.75820138414592,49.77181030023942,90.28825589759549,-33.325448729750136,27.647533825813355,39.652939512054246,-92.62907337703241,38.35247274994765,79.33806194403044,74.8230071028469,-84.83580252285347,-2.57459208339867,91.53673015199001,31.697568836331698,-92.71362703676995,-3.997176186877141,-54.88670452401989,95.34379374028018,-5.4055281075237644,-1
-3.695529697489988,-65.20452009563928,43.57357022625271,-17.64708995472452,-98.79559192631872,34.699972163693815,-66.35357640141824,65.32373410208862,88.86857555664821,62.82717580245293,97.76935903383682,-52.07237641609426,-78.55760285821083,-78.49532417571703,27.30308562085166,-91.24501353103267,-90.10917935373554,-43.44862695546854,99.32579854373182,-3.322016718697114,-53.4709078239342,-96.87230462445669,70.66467297523761,-71.99944141723631,-22.37135993818677,3.234832057012312,66.3256798272142,-46.27375588643463,-82.24881125564,-22.135393354890013,79.71493321129225,81.40859276484017,99.6503468712541,80.2839936452032,1.8366133388046535,37.943471952845215,-69.0370976624721,2.344342208788234,-78.35815049418957,-37.33520414237817,-76.3711478052847,24.254451658961358,4.1821762218864365,47.46707205506755,-7.18958391366678,21.052627354227084,43.249745061012504,54.3159792016846,-38.84812199779481,90.11344914554527,1
66.12455208635825,-79.10352093843306,-15.11322222848419,16.221704339701077,-93.86988185855351,-11.965808433005392,18.54510994478771,21.581823261835154,-65.35875419045291,-88.77069558897153,69.59123682527328,-33.13410924322994,67.99946675483977,-84.23712318718488,-48.716168362244815,-92.6635210332444,51.486043184447624,-59.26068865469565,11.28463352791617,89.77803765921445,-6.2095966847464155,-81.0963273325034,-66.63283251459973,55.692134628005675,-9.575114211447769,-47.506101094127004,17.692714513625063,38.57684666981976,27.307340994699885,71.40456284900418,-24.436123340098234,35.39525753397797,-5.597499461930909,-59.4609543880001,35.04771982750802,-12.47874226349181,96.23424212211233,47.703147021780296,-53.17928118936628,-92.682468794824,-86.78751465545514,-79.80391895693487,14.137506137153494,29.136604249059076,-92.51436515887765,-41.63454527480328,-35.59707260450841,8.89143346397762,30.325936040612874,-37.71141639447437,-1
10.532453555349647,-30.44598047911245,-51.30919760564685,-97.68874379716289,-80.88492529229387,39.92114952744407,-71.6394797637063,-17.717239516327425,78.92681139945381,-73.86906089279358,-71.74811690423111,28.582366473875226,38.65689952850454,86.06961422500254,-67.9461654611714,-78.62093528066166,-72.75490010181227,-20.9146888988339,96.02326198964758,-77.8811428430759,70.64124306882081,61.23708816661258,-92.36628269895522,45.852844096997586,-41.80770218405876,-25.0630602154706,42.79857144440254,85.18749585775319,86.6419631054942,63.840091605604925,-18.522147942364242,-30.859202878789517,7.161267042269586,31.197416442240495,23.52012489714201,-92.26259984906142,93.17288183993395,59.07515805707558,32.19076424921366,82.84417115357041,97.40847311532065,-68.06397792718582,30.39514554258878,30.181928826495493,10.444980958050039,-22.287422244548267,58.126554662238334,-99.18667835467798,5.664150511413396,-32.955050518751634,-1
5.009868049076928,91.39835377408829,-58.30110500914789,9.997796422843379,67.3492663504918,-49.030189104959156,-16.697824391574613,-34.485706756670936,-19.216309328995052,-9.535816612950995,-58.02430440396198,-93.6941168500265,-90.02775257400626,-74.09513742296376,81.85562613793951,64.78074574540932,91.87379469660343,-87.09378695961207,32.95789607739607,53.804089945810546,13.070131433938755,30.70312262055461,26.360375522166123,55.88422319759846,-66.56049749024214,64.53293898479197,93.32353444422154,-58.08747213560152,-67.7272832469177,80.53239285604985,40.98971143768327,30.348845757412874,36.239310262331145,43.636606782156605,-74.14774878859463,67.21415750024511,-48.74989794733311,-87.15338283067288,-73.65072347134303,81.12770024722892,55.38110116505729,6.2556534505044255,40.400726819021116,80.28293852925847,-28.67748871926051,-99.4079508520386,-15.151245120462775,-54.43280178613512,-73.74591197841431,85.4808969194278,-1
30.632558106256596,-54.37992441952297,-85.46356883183782,-55.536358157154744,75.36788121503716,-85.25019023083169,34.06200753341321,-51.94840231550908,-77.94231597071126,-79.67748908024723,-63.349787721847605,89.23577555565359,-81.17773662211347,-85.15695953834275,-10.714621573088507,-7.016116866259466,63.96053441614623,-93.17162368238667,61.91954810188719,-80.66705505143474,0.3708289286956443,-81.23821224420166,-38.55730280668559,-47.4143459910541,-88.3638771502392,-60.87337577161607,0.7168836560101681,6.619153657764485,-24.988104731079602,29.904690435924238,-59.12225448355062,-85.42917795780993,5.030382653087145,-36.69520596699021,-73.3221829443484,-5.75862890019026,-77.51493823385995,97.86501494335579,82.37056949661542,-75.08891531910129,16.05431704502908,-20.54954234488946,59.511348041302,87.27285038537417,-93.78245840627217,15.956314375878122,-47.92515022659502,57.91276773239878,21.957618800248497,11.66726916868248,-1
60.52806247058592,-38.135155128355414,31.2826268459346,-25.464780900832423,86.0337429295356,35.00219921720574,28.245228710884987,-90.57374966185941,-74.25270351760568,-30.926737050146656,30.30625697883886,-87.75191077340456,-67.2330820071048,68.41012209739301,76.20214973785872,-43.74974232450863,-27.91845577226853,-30.67557860646903,28.263650883942717,-27.690699141279126,71.23673372403792,63.9710718064743,-72.22206859952998,88.6705683269015,-50.83465489478534,-16.48597619188594,-64.64298230056029,-16.80630160049661,22.216686569313595,83.19663878383341,-99.46530869722918,27.819167476729945,-33.221069714017986,42.308875297605994,-27.163742733060417,-62.977886101761406,80.68116771775965,-20.253623733941552,-33.015360366678365,73.5209340734169,-71.34283825415943,-13.394388260434681,-53.9188931197415,-82.33604581690115,91.61096531709003,-44.23745323887906,-0.4424565818118822,27.84098280862844,-95.88918886598252,-12.149927415234174,-1
-13.080807828257647,-11.104004404441795,64.69061075186414,50.230740729115695,52.5335632775284,-30.763814918059595,27.70497858084336,-1.8915233070654978,27.71444610081248,-39.62099551342724,32.88609924503055,-14.76536873186673,41.36715769290922,-72.16288328223321,37.15062812277458,56.798078862559834,35.382867975217266,50.238425898198244,-74.48230299647776,87.48066923456548,-32.656676413251716,87.8666915959266,-61.09828516634457,51.58729084634251,41.75382056800029,68.65925419322468,-83.18867883044412,-87.07679559428843,70.26983508776854,-35.210150038723526,-6.979348781432876,-45.033488099803435,-66.56754176818336,33.07024724012297,45.94768889375402,41.27584290092091,7.651452768811538,49.50264134146022,-35.96228422395539,79.23996664273281,92.9597073533246,64.78004387312782,61.41276029418711,14.688306826199707,84.03476594974612,21.764827684750543,47.48363638299534,-91.3723566164321,4.650186270114716,77.0056213602754,-1
-55.87760945775775,-5.245341497115419,-73.68585762421475,-83.36765337350703,71.35277750789263,39.39803084435849,-75.33977559069412,95.1936233231603,16.99369506526736,-27.95477387520866,22.71491683324281,-21.25349974304696,50.230541804850986,-13.1995842583827,33.86012626367554,13.221518006835026,95.51138448823932,78.60470525886853,22.601130551992156,-5.391580792482472,-63.61417467262489,-61.31021220150146,16.17086497597211,28.540233918986132,25.260726297583048,-2.980224122858118,-45.21247313804415,-12.988173325071656,52.281507456242,-1.1193798034460372,64.38681885482114,97.3020262378628,81.79043336529188,-4.512308961202891,-80.26033168751931,37.191212123693504,-96.67540586334806,37.58144433895356,-20.348586131785183,57.810045192344575,8.505109583084163,-34.82485440787923,-8.149793640099972,98.27949228339514,-32.48119751050129,55.51001565418281,-41.43772783164792,-7.420334471892303,48.62262177463853,-18.658616217908474,-1
22.06675666218368,80.32624589727203,-83.26380235046054,26.234840801801383,-68.101873233758,-6.145630727414186,7.994874630887949,-64.66079822498702,33.6423719114911,-89.30430798961999,95.51408811032007,56.47742794991649,15.78224353356974,-77.15335107825399,58.80125911954818,6.881985281432733,33.29547810571546,-42.95810384381653,-84.14913896015621,-78.06648536543344,60.93196821713664,-52.300622942828866,-8.729215283410838,-67.25188211680683,67.89045911911674,-73.45956056310797,-48.062500337046934,83.8380044879139,33.37660816974869,87.93512395502233,44.8525951853498,87.6885366674955,9.193135684844478,-0.7768302605014128,-73.82946676793085,97.93767135739614,-47.13787113187023,-25.177303359630287,-72.3134359211189,41.43330852640466,62.09599060221663,-87.50079104773023,18.975567145727283,64.66523582063496,-27.826043224254164,-1.5204839970421915,48.125720348603636,72.01630878560715,93.58389286398332,-46.67365931822789,-1
-30.60935962075446,-85.86067836312677,84.94949517287233,12.14863920308342,-43.629808296102034,50.59621479523935,89.51538666462332,-32.87503643082894,15.146791510751285,36.88990135540314,-95.0801068443232,26.843287998387694,68.91532190252858,-78.07438532885106,51.54460304098362,-88.83480828709133,-57.83541151489653,-0.2961573713671868,47.13888091039831,33.45831050976602,-98.26143807396505,25.87590248523479,-10.13178928750807,25.606173065680494,-50.764250203307924,54.62911314368938,-73.5785988975953,80.09465801263914,-29.16352796702921,54.94439791305274,42.44603534339012,-26.373397619316606,89.81132923690433,39.76478515236869,-91.45026317971869,-99.59716567904526,54.830651890082805,94.5189483815144,42.22827211819299,92.56301618408867,12.917315483256516,-9.8856914995511,-20.841520165404773,16.458730173962095,94.56259249188804,-8.017613353643767,14.288780685083765,-22.253421600444454,21.079275642797924,-5.482901039177307,-1
19.077003464008754,1.2089384823673157,-89.27432192571017,-11.168185537499937,-55.13947463500508,-40.34726138482032,-19.20899130257891,-35.52203572530499,30.679681085860068,26.660607926626056,21.97767546006068,-71.73522419244429,47.94641644429868,-86.59650705860302,38.38699741143276,86.06815091715768,40.26370879736666,33.23639559983479,61.804559369406974,96.7941799146183,-48.39601086817875,-78.37325960199759,-10.612032556826861,80.9965288854846,26.917406348514675,-85.43032931056584,48.921793124011,-11.995316410236015,-20.561156744132518,16.698347737919875,13.316419711597092,-41.51649969029157,-75.18989949314003,58.39933973776954,99.39043050092758,-60.00624629110454,-48.250014136805234,-28.968138427758205,-83.3050509721869,1.675487417667071,47.38041797526046,95.88508952599958,85.32497601822448,90.62585854980401,-41.98825920161848,76.57214964532315,-67.63501380979986,81.27012979746772,-44.38369629295682,-77.22103612152287,1
-1.4360830934350872,-67.12146313431717,58.11842573008258,76.83413170217722,-52.16271021228393,-33.37552715133525,-91.35139500414692,68.24236738120285,65.98704067575105,61.194404435714034,-79.71627365182997,-25.99253383055604,-54.096650937740606,23.74342771103987,-37.290947491655004,71.19577697366728,15.891169317234642,71.70164563700723,-23.789523288363682,48.024076818754054,-73.60509463782323,25.48574761673001,83.61947458678918,99.4631159912361,23.79984176756247,-80.16734354162074,30.472841453832018,-61.35673788698157,90.44033559497439,-28.057059332099385,16.14393955669709,19.679816612118174,85.0085435783343,40.48796245526884,-16.557894934860556,-20.638572140420692,50.57785730436041,-65.96199597093155,-10.028395068300469,-76.13134884946837,39.5492623590132,39.41445791945074,-32.48124270269308,35.35453815291103,7.382136172722923,91.71371274125198,-89.96546763536533,-12.136698813469323,-32.35430709951912,45.772036588201104,1
50.49366751729886,-31.923032464490177,-62.13045527402827,79.65461302202539,-60.899481960689286,-79.28428970584113,41.765888742045064,49.06777859997305,16.547786282957205,-63.66055187554658,-88.60531462003453,44.60019082642782,47.16525907862018,-18.1728711557474,71.526123443524,62.52912566013532,-10.886569180567449,26.946908169471826,24.802990151930658,-31.104315542034428,86.43378542777398,-96.7906880340184,40.71401866906075,17.66898026421579,-59.95248897191458,92.0248616827848,-53.600828377458896,-70.01593685305608,-6.8207175774683435,-20.154808673111788,-24.25193711281794,37.245957507327944,-69.12757261660359,11.153028740167613,-58.562112873626184,-75.72573814528153,-61.4803157397924,-98.79244051647966,-88.89771839034044,-30.9298012968446,-61.00988437461554,49.30537271284015,-80.9413476409385,66.30324037534376,17.434453542018602,-36.01918805155433,22.72010806681068,-7.090162211865419,-50.918940134301735,81.4767614404791,1
81.51329478521859,-36.8933638673729,40.6063399948263,73.23778305311615,25.273021576181137,26.623791057007367,50.82064959015128,73.09113334779406,52.45633691557154,-14.457227657246221,-5.978873098203309,56.94227573990577,80.04473623078783,53.25670540254151,-88.53742397462875,30.933899148632804,-21.02474813129544,6.360441181745188,-71.4426921956443,1.470018948904638,65.79508970280557,63.69282763042875,-45.643503971424806,-69.77867219868318,15.102704087293844,-68.28785156034583,29.9934292955665,-79.26343011727752,-49.4440949038875,-84.7848676970782,-77.88313523129472,87.19168966228165,11.296738197235186,90.76484790690463,33.04626482748881,54.02027715636797,68.51445300294691,-57.00199345318995,-8.842811584054758,28.299916307071726,87.20815298045565,56.3565292578532,-41.61800881504472,-65.33515930070861,-28.27822608924231,-52.02787616220379,-22.799601702127603,6.1477331531198445,-15.969819528097645,-6.739186556274618,1
37.08877664438032,60.270411654049724,90.658479273258,43.045857955259635,-44.60394800501317,-28.303225368315466,27.027409623165283,-22.728895668493834,-25.326790205826285,-23.045870935611433,0.6983151418696849,-15.607326758282952,68.39635967079724,-63.708575504860086,-49.437042600596115,96.95515144222304,-58.96336623925349,85.88542289355365,-97.12043136902244,15.098014722201853,71.13755592838217,-11.68271082594255,-19.481178008123152,-38.23645541553351,-57.11494926299838,63.056260376828476,74.06381443058484,23.994408457177215,-22.58880643940205,54.30617233699883,-58.75858763232698,-37.68235386754557,93.35175062625811,-27.214397398359495,-36.79676448016902,12.04693332496312,63.284037150316635,-92.97360042010563,40.59309302463467,-81.26603794041935,49.869006173556215,-34.47382205244911,97.80039422580384,20.0678925078751,-9.446780275973964,7.506657842485097,-80.51354214701988,0.9748326128759004,12.753464904149041,-56.06257417490481,1
75.83715452024953,-1.6971548336346842,-38.27846367291268,52.40769267781499,-84.4429599599064,-57.4141834325455,-48.208781501212286,-59.697307295532994,-0.1830616906645588,-45.84524077574967,-93.37275871678008,-19.362095278866875,-49.40937517294406,-38.843005781924035,-38.47268563177484,-92.72726282249776,72.39590304130738,87.95235643040022,-9.32831457239638,44.85659941694843,85.52916710839301,-57.91242625561146,42.16245267605416,2.8774003360683196,20.320609227990346,41.92508004421637,47.01127760500822,31.815779135056744,-23.68304141834112,88.38147363219824,-40.1561189050516,71.21195356072354,1.1588411448715732,44.44309633356647,61.815446839768384,-40.31327541194693,13.042779046370995,32.35785197861125,97.05153654246271,-95.98806883094697,-68.03361807805433,17.558122500630276,-35.890719741440364,71.80350457940656,96.46737234273775,-30.358024502530952,89.6140958617373,-0.06937749478869648,-58.049957418700735,-64.86064574292614,1
-95.16164722172896,-60.214044040992334,-81.00267100453758,-41.041663198498135,-51.453489510045756,52.46307833416432,71.86853587040585,-54.6203513764755,-64.60076172191094,48.59380832683226,8.087078717742656,-31.744550071532814,73.93681432307787,13.325788488520686,54.47495520738997,75.40190412077118,-34.109364734588766,59.034670541516874,23.75289982694457,96.95581959930232,-49.11106148553077,-15.92127113638304,73.78929313567576,58.18844628229513,9.251474184218793,55.381110239481615,-52.39577054768918,10.675858195641581,-13.466169429733725,69.65919069263205,94.6381737765723,-91.06827648710163,74.17735328232823,-67.91657720396076,22.78743414699096,-56.738809782035425,-27.817238146689377,53.719720955292416,-44.86850267410642,85.71697138816418,41.63185818104512,-37.76768620588762,-69.00595827977362,6.718337407366832,-20.721247714380624,-61.939817270924365,-30.48624926577392,-24.224690841571416,-9.169198679957177,-27.675531483669275,-1
-40.01158604459547,60.82184921222634,-1.9777046727089242,57.541746177283756,37.357793671677,-63.8794987439723,-25.216794556286644,36.00051830635354,95.88809836626356,-15.589442461021477,-98.32754872408603,42.850850000396804,-81.04840553495438,92.15320616642197,-94.02692815615717,-46.82928717591825,81.25588925130094,62.475724296855475,-65.41520850975711,-33.033147409108494,32.32013211972756,-42.47988551234354,-21.53236774556649,-60.13490934020802,70.83533028620249,84.98056268334989,56.50478618110819,-15.039401728060753,30.309186214770733,-30.664290907795703,-89.14636611190554,-50.92009959927335,-19.553179373600102,28.379332226760255,43.571690307034544,62.84970062470188,66.12485331941929,-1.9349421337727648,19.864188771998585,-99.12940090295253,-77.10581062009972,87.59203860670124,6.377469423167014,-90.13043590243439,-64.05907038853485,99.36252016152264,61.01200630803251,-22.26231757689237,-69.10972359681837,-66.94390850258563,1
1.1041583446980638,-53.81166708025111,-73.6458222805928,29.2937040863099,33.539552341294296,68.43502290889126,-75.21202321743053,-70.24510428320032,60.354493215206304,50.07619103186525,-50.41239490293119,50.97624702172638,83.76500763358263,50.505345693523196,82.98459949511249,-76.99186640764586,-38.08476382176684,59.33283707478023,-75.03408312873745,-65.7682432877513,-81.13045201977465,19.36168922768367,17.83046491763021,71.96084392529266,-67.26147375080309,81.3345041773533,-29.238955307057296,-83.81996520359307,82.3464320470209,11.404764069592858,-35.85336858393427,-20.59135595682764,-10.712073503066861,-53.19453361312891,57.544634236777114,-28.686117517982467,65.6578670720404,25.226802389561854,4.249679952377889,-95.49352759402467,-96.29841430167916,2.989330310006011,10.23546711097012,-4.7778397992725985,27.31604611654741,-16.407317099179124,70.69663348541786,-59.13021874924489,78.40835074604041,13.969292719659848,1
83.46271509244855,0.6440829717268883,85.3415008678181,14.53411663822419,64.71485547026143,90.4048554339146,57.755966323412224,-93.18072860966764,-98.60481294298798,-47.06363155866335,98.09221611980479,28.524140104477993,-84.48787800136344,99.68423271785221,-21.67319603233682,-59.0294569170809,3.3268181958751484,-2.246282461386187,-90.5222280981242,76.98633425567462,37.56568126178141,-62.92413719561709,-20.25826693684789,54.803223234314004,36.446610898686515,-97.55140036326864,-14.359496974202983,75.60665875209165,87.88325261151152,-93.76833933630819,82.61448487402922,-14.780211649598996,-78.83136483710888,-1.9304756066370885,-13.361446475488322,26.881504848320773,-47.86218072928965,-64.1039296169176,13.3385965579061,80.55989216065416,-11.637794407453313,-50.171254221423744,44.64007627257294,-69.23392283807037,-66.83796024006713,-37.39310232423687,-27.85803477901527,-78.93762556751057,54.493941771885886,76.64635734315829,-1
-56.9596255965525,11.575836715577111,71.59904454547171,22.40018751137363,11.901726687465612,8.341804974783813,-39.29275803158623,-28.774318553370676,-52.43885190551083,19.246720874579566,-30.421197288496188,5.1977910835488075,99.45435704289574,-6.108510770760404,9.440051929437772,32.82334159718579,30.139924471132616,-34.84375882091439,-82.9235610595473,58.90509368931657,-6.555987866091002,10.029853225410463,-32.35501579578144,-98.47015651776616,23.688916128048973,19.16311908034946,-92.91154940939465,-84.39063200882389,7.868026330398848,85.27760566293423,0.8951631027303648,8.730930201869796,4.835362830456731,-0.31297108106566895,-18.507828242473366,-37.77053862424555,-12.815855894660615,-68.55374019131108,17.97220751768927,-68.14940567863064,-40.88246928699022,-4.9089385524291345,-64.80344577057218,17.48176455369908,-23.449654726592684,-73.86425931642245,70.84453508915169,-42.08041796887838,-40.20715008627176,99.077374951237,1
-68.70465679927989,-6.4483538084841,35.88171151902597,53.52120389164634,56.026769839018414,83.95292676268957,-15.264413796540708,-50.959890814366915,16.29539213243936,-44.36346486092177,-17.42031999385418,23.22551013074863,-10.210669279001024,31.162944490131906,7.666123656652644,27.641540622820443,-67.14370497615514,94.12613464503863,-46.93772667687679,83.41864418676815,85.76925624086792,-80.02636150061169,-21.49165714971552,67.16406532000428,-57.463511036117175,52.70744884629903,-83.87062039111319,-97.26393064553119,-73.98486829443868,-16.555821918713903,-90.80614010307293,-24.96265920208458,-85.70334467778203,20.88202391506144,85.5812719762684,-17.71590168674129,15.43981428637575,-57.44511412468552,-52.07649669287642,21.453256418201434,-39.94108296101053,16.317861930294697,81.2989297387754,96.76688137962427,14.34417100177778,-53.6299263080799,-58.701779205091434,8.964694400282156,45.77687771308956,-89.13938624451521,1
60.98135536828772,-65.84634799933262,1.800436707347643,-71.22685143863123,-37.09752592547737,-95.47690836716274,52.28981542935898,81.82725742558551,-31.749468109229966,18.330632066667008,-38.07567224696599,30.006237975510402,-33.25718624212537,2.56859784120671,-37.88335361418971,-91.21440464684629,-41.37035422160351,-59.7276601160273,77.99391656493819,-77.6279060029166,-25.779800140426516,36.268072790194566,93.69122898817679,-24.887216700544414,-80.56724097427967,-9.616893910570255,97.90868821325876,29.610223725464124,-68.63686090130645,-50.00330486537094,-58.88144982800561,80.44784460477621,78.63279644979343,86.61501553929577,-67.08778109849783,72.9628500129813,52.06514640791235,10.933153328696847,25.302211193538284,-15.31139372055577,5.752928854023764,66.79432477388812,85.42677816755898,-44.362608000556556,45.42600407488709,88.00902295336172,56.65075253225163,-90.708983493561,-37.37017606083659,-70.84572116992764,-1
37.57714446016266,57.607029915004404,-81.86758229813233,-37.55363207585296,1.6369766573740492,14.374450901870816,67.11924796028484,95.49839877801861,-89.79755749831402,92.99736472458406,90.7111864635589,-78.58127313417799,-84.68960834464991,3.7922580790121287,20.531420748572287,85.6998533450203,-40.34322548666624,-66.58748846783391,-8.310917850182747,-73.56289595229,-45.325950101849344,-97.9487918153873,14.213948497303235,-15.436430412530797,-24.85671089719763,-4.809697433032085,-87.95759629263252,-11.263467201084353,45.5368592727435,23.816119937615426,-91.52848711602807,-85.78561985994581,54.96958657582434,-88.3073675925687,45.508624720891646,-59.457946366844425,15.340298347337296,-59.380340016761245,-89.4074595283874,-17.18426210692978,85.7308462660992,-30.70681053039192,76.32373011354821,63.80742958338658,84.05753961468338,51.14587230819646,40.60667464864372,75.91025268994997,89.58342760161077,-32.520987718753275,-1
44.9533543057523,74.73560691214976,-49.07462666942091,61.97528300771387,-59.25934166868474,-81.75714424947004,-28.814658075835496,-34.91324863182277,52.30818452588471,-43.6756063421798,-94.01189725792479,29.85099354991209,-66.1770072740265,-85.20466188607594,-43.544520247284346,69.79614631249214,59.155646209346116,21.4369144323703,-57.313561630375396,72.44285287567368,-40.11162949719369,67.97600852627443,26.288124260347857,-77.32207374764329,90.43917109687655,51.499804977181185,57.61186288708166,59.54993354462462,-89.25499876995595,0.28278569884807325,54.49317397473138,-33.55213580692589,76.3812299383342,67.50559485689715,-84.47602932247733,-6.942773073112107,34.00050150047781,-22.22216944993589,89.33809314549282,28.83938329905311,-81.72820865964339,5.107947903878113,-89.1498041388483,-24.493630542625937,40.790522844304775,-85.13164174972073,79.24095091536412,-15.571112637786541,68.23194078491662,3.336429949630187,1
-73.23432740006137,-43.785222910977375,11.532249524483262,55.319696439337605,21.965343088492006,-18.896631234721056,-2.8288778918652326,36.666468964656985,6.704742514897077,-29.82609930402782,65.46449266462858,44.01124961661867,-68.11926110879662,-37.53157976439092,-99.2603828969243,60.82190863327918,87.53424778424943,-84.14249192701324,76.73258655936385,-92.56626462439084,-95.36606954588393,49.503769182728206,60.502150306489284,34.91360606527505,-94.92566107245204,46.478874121598494,-14.236660502605574,-58.16390629473123,-57.48609167728056,99.16229499990521,-99.97867160113869,35.046039290961744,-55.24947502438422,-71.52239565204854,48.55092072841802,-52.313584192679926,26.067799272618856,14.136567554404024,71.65280185002266,39.34567905248733,55.76587333458559,-89.34444109421574,83.8838845887191,-2.137917486275498,-67.21271180922261,76.05404415240048,21.48072086613584,-9.678341847417599,61.696921073427234,56.12537828617249,-1
-25.968259948911125,81.98603163194372,-36.36495809825937,90.9234743008108,55.82745135951998,-17.911621932176743,91.93544681385117,31.62589429744247,79.32395754253102,98.32180344451027,43.24642620442694,-66.13526142013382,46.43685665451781,55.34661599075696,-95.82744001116656,74.44928454957898,82.99788514306718,53.481753337728634,56.717478929310715,-6.513249836057071,-99.2099684997155,69.85193290381818,-91.99019336888807,0.5522469464367674,-81.74274223984956,-38.109852946576716,-9.917513234645185,76.7608760867841,-21.041288212939307,79.03148811548948,-40.374269720641486,52.25674822589673,-37.515618385100645,-2.4883863511567768,34.57334882519089,-31.768204555493924,85.55505446524717,63.12138850560896,-25.026301039183082,-73.82154505380092,-14.55684077206638,-98.49033264673747,60.253073443686134,-74.24666219350797,-12.387996930642984,-11.172960212261245,44.97027194223452,43.75467166216458,98.26106811817269,-80.39487898766671,-1
-98.1891676839258,-1.0343086757159625,81.80818826284718,-37.33443356973689,58.30621423301105,-18.787624989519173,68.01980313353855,-46.217729760388046,-94.99860593281888,64.12195163044717,6.463083050524105,34.304596835246855,64.4517993826295,23.532999373280262,47.188352450560046,-90.76756378415247,-77.20530255921285,-0.1644444365772415,82.85068408322479,-29.221991778019117,-61.69010518262572,11.990094148927582,-45.10257580852981,-22.81089969766687,96.53395478629929,-63.6775371181413,87.24281716482653,-49.46987589967677,15.031444232970628,7.3518351840352665,-71.79708985769608,-51.84438009789631,49.26363406673906,-74.96811094770435,6.858255967858156,53.79897309437641,58.28649744514749,46.332622949094,-39.80120798830453,-47.47160047012346,75.45327946468024,70.34973538189442,93.35252333356726,77.72425845815917,-91.88800339626732,64.19540830699279,8.742926453520823,-28.07952818641688,-41.93639027520317,-48.29817196330448,-1
29.663601490419126,23.538917237718167,94.24375799215642,-88.15030952005449,27.93762042908581,-49.2592384975709,-59.1490551163331,7.904684305255415,64.32579811713245,-22.51373973106267,-89.02505375626043,27.720648024043058,-35.7193692064301,88.76665094905172,-12.733325764060183,93.8155285582682,-80.78654176827715,-46.78786658993801,-99.40990766010374,57.651630944168204,-80.2136933399771,-91.70527090685601,20.22692139133511,-88.40246372465577,-47.45558401837153,93.85889003161475,99.7860004170069,91.32388666760028,-54.90936801415272,35.90974081881299,32.530420867231555,-21.336995543616382,-29.023969585664915,91.52495995243905,-16.0552314388878,-47.418735175462025,37.79932064696237,80.61719656693688,-77.18648805974048,97.32835803935592,47.866135762753686,-56.06588817949023,-64.37349619327127,42.61241794674362,83.53679605799783,23.907349530421286,-20.740767962657443,-25.694817086088804,-86.59619529063002,21.892175685949184,1
73.62845087550107,19.055368220810905,-3.157386848041881,-81.36224280553743,-0.7250384054291743,91.67011260027854,-21.247615743345506,71.13930409879436,-79.22015938247154,59.32365694547286,-77.79129129238152,-47.78291464435076,92.60978797649403,52.83047455970333,44.00223162120025,-66.26784769539165,-63.896613990535165,-34.0562694901507,-4.271205067946141,-51.68057331224458,-91.98776264506112,37.38637127609249,18.892559605055297,-21.317238290557583,-91.03422972050363,0.12082309978518424,-17.99771600060913,12.010470476691054,-11.990636281838164,93.8015066750792,89.20788265285623,-24.874152135365676,31.285492283342506,94.96889254665996,-94.36316091778265,32.8078717144449,-87.27650763646722,-55.57028529438854,-52.46057488247935,96.18932422089978,-85.50593433145907,20.413070016354553,30.847492494347648,-65.96064183171661,46.00834955013883,76.88102739467513,-25.92434124502681,76.14245654377021,70.62641359012457,12.782410861985994,1
-17.27146501627294,-37.6593357014376,-65.41550047454777,70.58141754508299,-60.58729319113676,-41.77901889456501,-35.50035186100713,16.56449110115095,-84.23522090933,-17.4977935946131,-6.01839411959692,4.5927124128105135,-80.35733645056942,-31.739109263347814,-46.44677629914273,94.7420414168152,-55.523847275874736,-14.908660388817992,43.238919333976526,78.74100212407765,28.863456180674262,30.80464561335802,23.993797177723025,-49.02868417306565,69.87881346450214,5.92671977248574,-27.583630077965864,65.47219789483597,4.51577529548473,92.11688655058424,61.23984750791877,-51.325998297522624,50.86683953671829,77.89555600625428,-29.78773395661358,-19.10863981697193,-17.547388470408748,65.66680681238793,-56.63996873435981,-19.395205366519733,40.025673288521915,-44.661036913480004,15.092967924384993,-27.013145961049247,-28.811049653926958,30.993744600012036,79.13039294266898,28.005490382491843,50.66368030382441,-93.63396789832474,-1
-89.04767223559374,85.75268424109848,-59.66000747379492,-87.02527243297855,-6.433532125651524,51.16762507533494,36.598749247113886,-24.592165084745858,-5.865084666717806,61.06010173187437,53.22482339317244,-6.309144023393216,-11.36788890931885,-20.67398499025805,-36.55057108842368,24.53998639150545,-41.369099554155156,17.64791035753639,-49.46135069386255,65.6900033600038,-33.0545776326032,52.68059548395766,-24.98717564447486,43.04835276976405,-98.26560084283511,-46.65863565370143,-4.0778546743760415,-96.58454397340026,-26.928000022285303,84.33211705641818,48.10717358810203,9.360162535491028,-32.87164827217373,0.2292555594268606,-25.03067482364756,32.19333857089393,-96.60731803699645,-32.75046824469318,88.73057202415154,-11.207245134691178,-13.719360495041613,30.339974780010834,-37.542012593728515,-30.465213850063662,-1.275682819369294,68.53095161197695,59.80407100933368,-66.32436252593558,-54.141326586232985,-52.51414091727891,-1
35.11735471348777,-1.6286257213705255,5.360583771187308,-89.50446383411924,-23.695889562135946,84.2542365238607,-86.46879151369306,31.325448833652615,-26.798562232115756,64.3110357816386,86.5383073151078,-89.69238749401873,55.013998219219104,-58.37104922043403,82.71754918048987,48.76279349219607,38.74472470209665,-79.05304486551154,-5.999767958446299,93.93971288505537,73.35757058837936,-1.0672350204052208,99.28483209124022,10.801677192295372,48.40501249668617,-95.57348499602428,-84.22367151695443,-8.981584672324644,2.402692533654104,18.892208031527005,13.595681059318338,-92.39881922630708,55.35429479493874,-12.070490630097154,-57.60559320011778,-33.828481955576876,12.199147370114645,75.21249148443593,9.802638202650883,-81.01474889855255,-28.00547337933621,-52.65510280412315,77.01719768280643,78.86508893604031,-65.54590294457836,-42.55744101965071,-66.22324220112262,-37.05094931449422,67.53950252965936,-37.549803717829164,-1
-25.777412313974438,-75.94580737427863,90.60931723196899,-31.68975362897899,-47.8645746331027,-95.42374519606322,47.155038403505756,31.534965025729093,-33.68449407192658,-4.015238823558761,94.6812584093339,1.8921704769838072,85.90018064953333,43.09917643125539,45.3600924186031,-35.18108242507998,-64.5380784576644,-3.72262920193252,60.35891447200342,-45.11263037214637,-17.549373400937867,74.61522710747667,-36.71323509268865,72.4860063771689,-98.07089024617552,-36.075420719299856,-60.712332442942206,2.673464711592956,-69.76320894365209,-20.50310184440538,-44.572184431008566,-44.80165761020505,97.71514507168982,-28.634121795507767,-83.05030846834734,-50.38987764483702,-69.93554495770707,-71.64420337993988,-13.517211831473674,84.03229878087046,12.971263540374906,-84.65631805228946,-39.038741241187665,42.32558531221994,-40.565365922546626,76.04161895403601,56.185588928428956,9.157367816557766,18.74166713686077,-34.17659052504631,-1
-69.01493777131147,2.7266767857301915,35.707848842875165,35.6358586824133,-13.209015950096443,-66.54305214131755,12.400367416982277,66.78079017244505,-93.54080065915748,15.627576919878749,-24.148083986724828,68.52063032458406,79.07547410756521,57.217633435031814,51.30180484647278,-37.226726092210406,9.86770565599626,43.91258891362395,4.175749794142277,58.43433395783876,95.23994458336753,-64.33751020588,81.6441474386879,96.46791050139709,-65.38169006428834,-88.30897213017403,14.416445150403874,36.31838884789005,43.772785892489054,-21.62841265131661,-37.04750246563966,-50.1303246651134,-51.0814700932535,-71.06724683060193,40.782629532368674,33.69895106416223,98.81257834351223,15.36980826505878,63.98200309197236,24.676302752072203,22.208708861542092,-90.25369501170826,-70.42584665816251,-2.199058279815972,-14.031499002265065,4.050177054866211,-64.1441815979337,-75.69206950135592,-93.06591385036789,33.14001593624346,1
-86.19081873708005,-97.21019626161771,91.73954827307969,57.56663763709935,-76.38822004763716,-30.08964235933081,-26.58368659820573,-38.94385739376614,74.1587092154166,32.06097881986628,-5.115292189594541,34.18226685480187,9.895451981598939,24.419075338280834,43.18925171596166,-42.50281267540623,14.17450286131023,-33.57427822209631,14.330098506978402,66.70831188618885,-56.63736160582267,6.504905236510524,40.03899388042316,-50.36366949294189,-97.35227937102997,-97.72696911988221,83.06483982049164,18.78344292258329,-6.523431024774396,-68.07507021670993,-61.933137136891794,84.10254449314033,98.65330442627643,-95.18871707452038,93.44540550992693,-81.25620711287036,-80.2825951667906,21.09204578349268,39.141750290374375,-2.0944485829037944,-69.18914859319452,22.974154532268855,55.42389059813141,16.844734577984937,-65.83774874430719,94.49783566732006,34.00809021474896,-89.69649652398397,-3.7592503289036756,-26.664354338947717,-1
-91.85423953620597,88.94147633449634,57.273477192339584,66.94759095539351,-30.241882293595808,-10.734849511559673,-37.74861542266079,28.630349075944338,-0.686649817128469,74.31480718672802,-13.28352999320002,-15.212869326819487,-1.0492127643597229,68.57675363281342,52.906604973919514,-52.685943302153035,-3.135044191383969,-69.00642298068811,-76.34371981806586,95.38890570811893,42.37031381713794,-53.55701061705962,44.00782002589,14.826152874149372,-39.41927023838077,-23.135866425764277,-31.27437923908201,-57.12300579823992,-15.96880836133279,-68.3739143598714,-49.12680817246993,49.507396074495404,-52.987690107982345,-24.697275891327138,21.255249817335127,94.43383143224239,47.26133971562919,-36.94313240154479,36.85095640695778,-50.53462032899798,-19.149032971324687,-48.35079858860989,-73.3058560857841,-39.22311784922912,-76.87297832104103,-90.23795274165707,-31.73402525562466,81.16327610191624,39.328826253250924,-18.88255805911676,1
46.25011786947502,-93.3164010589881,33.55120503970713,-52.67129042361973,69.52355704577457,-6.838869132812846,-25.29770184907423,91.60808482076621,-67.99789192741522,-71.62368479693657,60.96756609555348,-54.573687036132036,-2.7408678890633382,-88.11610974274204,-57.59309877484937,-21.941390558381244,95.70008904111472,-60.00421054497487,-19.194867537714217,-41.46806297879213,87.21248735602072,-61.53991362274254,80.58572556653345,-97.40193056588828,73.83794715904358,53.98911967016602,91.60575123812771,-21.918293887192135,19.1800937459452,57.50728289235798,-37.03661942405847,2.578350394341939,28.633871233120743,29.530825545818885,98.15199696614815,-53.57501317570414,76.61078890083519,-78.76901015337342,82.29487377229452,-23.58856273591836,99.03319432376227,45.09030721590776,-58.21700811261312,-94.79979502361107,-11.629978896890265,6.097053491118871,36.13407509761339,86.66948320912539,-29.490236397366786,-5.8986054691075935,-1
93.86050712381979,53.249094552075775,-2.550087930909811,90.71470748245946,-59.88319398335194,-37.76865665383819,-66.5570168314623,31.52712457336989,1.8319627036894843,42.6528125239638,-92.89819292565599,76.42028473758356,-42.310655672188744,95.79518328396074,-91.31221828591703,-26.635320160573485,2.181056433112417,10.930679010180171,30.9448768235454,-28.85969132200195,-1.6515564464901331,-98.51602570470033,94.30415397499118,-87.9267130603415,-27.64997905039108,74.2158986460241,-13.102689535391733,-29.22675654772729,84.92746151982226,-88.87822225584875,-65.91084942540424,-90.83620436628513,-57.79008041817655,33.57960091496537,2.737958647143543,-6.198501758269941,-28.638094588097545,-25.69762392216701,-97.79512278822293,-73.46608561959246,-39.794541115124595,-28.506680063894734,-23.393242783834594,-30.010956426594788,-18.69671265341735,23.250386400983132,40.68916327349058,48.37365698392159,-95.70934263314987,-22.25087400686843,1
-47.73339642292325,91.20394209731339,-30.79951740554472,-16.225867550790568,27.222411440587663,3.1262110624064974,31.15828538461537,-97.44222114958225,25.149412912628264,-29.233421333954837,24.754630563117843,-46.18748963793215,-10.598218546407594,-14.295618006321334,71.06556797435303,3.631606909981727,-39.676812932861516,91.06470752628894,95.27722703062827,-75.66845950792991,16.160163102169406,-93.08176329173243,-27.56507005612208,88.45840294757369,85.62311966168187,39.946138000756235,6.040464422985764,-20.867225388603217,35.239272588076545,52.00226395461536,89.28298139725527,-12.881783237580663,74.8857806732567,-70.02981874242269,70.00990509706006,32.23760799270369,1.4452737671739442,-9.958552064587451,-73.08715607865196,-69.06170510240003,5.379405372154224,-81.20446061776197,21.769345585372662,-93.66328558341989,-43.301690210502656,78.09609071667617,74.58730602365767,78.60406314088988,34.729796190032744,17.11821934345592,-1
83.32704716824145,97.42001718482331,0.15105494819719922,-55.80036849527297,-64.97187322277006,1.9058893261655498,38.12609450989052,-10.941187212460846,-85.9545084813832,-93.820153412627,-68.31363848704308,-53.811933381388144,19.90630217609022,8.920815886047052,16.490106710771002,63.06324425704025,81.62087469380313,-17.98945283384481,31.804153105851753,14.972624104744597,-6.712054955986943,16.71173168175075,4.650837163374305,-24.672843770752124,58.12384751234816,85.86986043527989,-90.77625259001401,53.9034912865626,-24.025728533987674,-28.345633122051424,21.51068336698998,-86.70372938192246,-0.7103296753263209,7.087024325546082,-4.971885649019939,36.49379199144366,-47.69887203041976,-65.83203064990393,-9.710130860934441,64.88179455997437,44.937353893016024,57.90720478052026,99.50929582437058,-36.29475449037072,35.20609626669042,30.122563907531628,-67.1209806779359,-24.04377972837362,57.27755716779802,-1.5489463642796295,1
-51.62134117742217,-24.395010113119596,87.05006287886658,53.65518955990453,-97.7891202605981,-35.776773140163414,80.21688484213624,-86.77912762235249,-29.99382651172327,-21.129534508796908,2.551456451156511,-33.35974120799993,-95.99232109125701,-99.42606146212935,-79.12122748097033,-46.00288353451185,-30.598590173702902,-94.2175426923814,95.75919818793824,-71.77126426681662,-9.446298063792867,-79.73084232500051,-79.74115669311257,43.30677602503039,-12.897087345086675,36.2941014586755,-55.23727396831004,-17.2361118373543,-52.69403734078535,-68.20659854666036,-47.949760665188144,64.25445762904681,39.626348649303196,62.03336994606448,29.451305565258224,-72.87155902501965,-72.87586964328499,-13.409860341942846,13.357131425248696,-97.10211646291332,-93.56880657525306,27.68864765537893,-89.06906496697253,-68.38454177318141,57.881960709618,86.58697445628366,72.30581281780343,-31.444929692475483,25.389115797944456,70.18488845269346,1
-14.502062415876964,89.02448974897737,-7.297703928289806,61.642566103300595,-20.428396352548788,32.298604082863505,-65.23310500439057,92.80709114632282,-46.892464645446566,78.17855263393534,3.4292018717138006,-51.884925059081176,7.938826598008859,-69.84578999384247,-44.699391539024646,-40.250668957730504,12.236571805531412,-27.285999501747014,-41.28486989565339,-72.23499786610175,-89.6460588484316,-2.646135634408367,63.11534636472149,-28.20190528675039,-17.14119875213298,-27.10536519306268,6.487653828020015,-99.96012824819005,7.997478941754466,19.43502264645936,-90.38566782830387,51.354854131931035,-39.47875955599223,94.95439851654416,24.38387296418503,63.25090846885121,40.80415013993806,-76.42843698355502,9.225060767524809,49.350494786778,-62.031062273660595,-54.54358954467562,-55.241293906773414,37.97161472215126,-81.84536578448727,73.07970308348038,-21.349969588207543,-97.5729406452763,26.839484139474195,-14.84059778385,1
85.82790400309256,-17.214788389482223,-12.878700503806812,55.597223744101456,30.267988173902097,20.04123528119368,-15.200260328403587,-94.90471474610864,71.92780150146703,75.44824445999674,77.30650909964848,97.00103065460391,-51.52291705869973,36.18574086658674,-8.035396657175582,-78.54749670233822,-95.88874317433962,-15.542543950382878,58.97312309033248,-66.96325696236974,-96.82967711239353,-2.1208809703114184,-11.265150159419974,40.21302630807958,48.96776891937395,68.3340434799072,8.47081629217621,71.22116248917729,95.19230349434147,36.232509489283814,43.98941130657741,17.388682615317137,42.51233879962197,-41.87436012073877,80.80071449056152,-61.134477228678506,66.49243432128921,-99.04579513250542,-20.901566895679366,56.924841824984895,96.36337465031832,-10.489094918074898,-19.199732833533773,-20.67365454929127,-29.026603997506626,58.65298415587145,19.110103287396754,-64.43453971971351,-5.305462163738042,-9.987240522888044,-1
-74.50226753360351,-48.56952977818083,-13.260613378608085,-54.70787924838903,23.259333378548646,-56.498933262433226,-26.32952850232502,-49.258888484967,84.85357208742718,-50.93444053307894,54.51346772486667,72.13517186997424,60.565737095208505,76.33139058992228,77.19789850024091,57.58648473354833,89.25715886666643,-75.75316204549941,-40.8791760648791,36.818720562697905,14.083192695905993,-64.35050947408843,-35.984470444906066,76.38582125919277,-36.33937732388708,47.564226224116254,0.44960209983524635,73.65123710494325,18.64728235227969,39.83739025697227,-48.55706259511909,-41.5983618335473,-0.6567843347710323,-73.9651282618346,83.50805297469012,93.43635482281451,-4.919156630028667,-52.46753457879123,34.763767886871136,-77.7636272200609,-89.59566343402108,38.82770724361674,-72.56421670831392,1.4173848196039387,45.69081121180332,-4.849792958953358,-93.1010451140746,-47.24651120374532,-55.682978222806966,46.81081125840572,1
8.380189475671628,-65.52272757896675,-72.4202356539332,-99.93396814810471,-3.7711280408049106,-59.358481347913774,-91.61058538715857,90.04272147890535,58.36216609939737,-13.71665475838671,22.109671337860874,96.93393885187623,-44.50053770484852,-90.09028159164814,18.327505194147918,-98.18990545574218,21.50982310096761,43.898660781902265,9.493941322646762,-16.391951383691733,22.725234851182122,51.132168459390925,14.162236046587239,-40.3445037666625,20.027501252640704,36.08385827687357,95.23194560590608,-14.774904479545881,-50.88875013048184,-57.71383241981869,-75.32905996216401,61.10873600165297,-62.26681522202724,-74.41012342339863,1.8177123579580439,46.126649226030025,17.47626857125404,68.5581678517973,-42.6686444477941,-81.60762927855797,79.81012719748847,25.838105708238302,-32.543572890817444,-14.195464753714958,-74.00233353291924,-26.124286772682524,-31.283884887260044,-99.43035992193833,-42.406841917028345,95.80549188340314,1
84.48685673122489,-41.87140613869378,71.72991578052617,-11.187052521149624,6.371421871432872,87.00615466715999,1.2174385557060674,-42.23279030443676,76.61559218353452,25.80188220023541,79.14438134683215,19.88048859862826,49.06370660444367,-75.48343915012512,31.499112248516923,64.1388937306879,-94.71639126111788,-83.30107860607299,62.59372524682675,-5.028893829120193,60.88958186055831,-74.91209671018429,78.92365205798438,-46.22542152908045,-66.8406639837022,53.823326520154495,97.40534590137634,2.74349700243512,81.68237752970998,13.511923705473635,70.90647790371213,57.899638131786105,-80.62552229905369,86.31673905328009,-39.36315206090926,-92.04651872485728,87.16981922298459,30.095412077533695,-4.70943498454524,-50.18589221685175,9.632855664978564,21.557120329298954,-55.60254753589822,-8.184280687964971,62.540813614487405,33.314501313389655,-26.40913166581582,8.079043334172667,-91.50974901738387,-62.854757251125235,-1
-16.911399881582085,19.636489108400482,46.821396176225335,-43.154829872491504,1.6054631107641768,-42.6977428200594,-15.907983833082298,-50.3816387996413,61.50584273523316,-92.46405097827146,37.39241725399296,33.116849096947305,16.4492798895745,49.34911682033203,-81.31698675630648,-21.902212331832047,22.726747858665576,-64.4545562044813,85.61243974727833,59.206656159111105,92.34218455952242,21.042696990521506,-39.957080062199736,9.603045404396894,49.38422926609772,-44.99491338935548,62.72269690374927,-41.91557314035998,3.0871749360804444,65.05587613348683,-13.789443671160868,71.86996232411221,-98.50088014878553,-39.11007131986168,-65.38810047963844,-23.3437557529285,-25.202899580043052,-75.64987995257923,-34.10279983814628,95.94021248537953,44.50976232001702,-29.85566343641979,-80.19553971416315,76.81900530789571,81.66706346753426,87.14980682278926,29.017353593619532,19.691236619054024,80.14198106862892,51.4069038423863,-1
-1.290683931976261,-39.34379478691095,-29.756073866486062,55.430581645894705,-75.45181070820344,-73.5492815687895,71.60572137800699,-37.09057404130534,34.05499119854048,43.61242586579209,-34.094191319861295,33.13720684600818,26.340647005226785,54.29439494524766,91.47531208062517,-74.57537594249293,-57.63081428404344,83.88332669389482,-6.184776660980901,27.828341699062165,-45.22657769586633,26.637539380923016,65.06294597952723,-34.52316797230512,90.18501212204677,82.06480562609832,-53.93373669941337,48.03661489333504,25.210722100301638,61.81490775694394,-16.64397270875601,3.893762890519241,-58.65656743035102,18.522571232912526,-19.539365006318206,-77.27900225470256,69.5209755402366,-36.11245867110231,-95.4157187930518,12.980377375945679,62.16582674388914,75.89083827068652,-96.78927155778074,-59.85104767500291,-87.9649377693341,72.24947300816723,-82.31988298932296,-70.76020049123927,-24.059774128276956,66.98511275258727,1
-36.94193243387793,73.3191377191007,55.06315077607522,-21.887579514593654,-51.72587239919921,-22.220433871972077,26.727747083047774,85.75197250142094,-13.83412055710474,-69.85706036015762,-92.25441262425839,-18.811155413285434,-43.05843600468171,-11.459592361147372,-44.7424004273403,56.29374922037235,-62.124914855060084,-63.75292913082513,78.15613301927411,37.79088948170477,-95.70981761821838,-38.7194195503626,-74.86695355452066,-60.32629411266874,-12.76625852738671,-15.676004895797718,51.647907963331306,64.73994636589461,-22.86706725021284,-61.319350396186636,0.5537223603216717,17.30448433535217,50.394559059045804,8.468052791175353,18.062552108818323,21.196723843521738,-55.972572410121145,-30.676967078035872,-98.68368945884498,4.196942226487963,-60.049594221369375,-2.882593354990263,-95.21290128494061,17.87244162988921,-58.784293070873716,49.68745930086439,-12.223363476408935,49.464719172021574,-14.390600093335195,-83.45376129140888,1
-16.145667766795597,51.680734606840645,33.64740339546876,-83.95514163979401,-7.610390375047601,77.94205469516976,-60.11148256231975,76.64054353976641,98.36704515184834,42.3550941203556,-24.282653597508414,82.06959727817429,58.12731700691964,59.37657681046923,91.19656098353329,92.64893996644736,-55.58349268192393,29.583791219321967,51.756919733406335,-15.229397143202931,-89.89168818479338,-55.8431210619021,-94.81930601799004,-24.39701179254463,-8.336675367597195,-52.87144089171396,93.17399524698683,35.73044888853647,-63.90312119083836,-86.90372425598427,6.9047558482694456,-62.31153201906401,35.46538164857981,-21.22910946780128,42.06689641827154,26.147750281929632,-24.29498334369488,32.055108923144104,66.52278948056235,36.52326902446049,-56.80969420802118,-11.594994083864734,84.81870881936374,-78.45692129819105,-60.478890349740524,-23.688877826173368,-19.28162841733996,-84.39906662005355,-0.3941279770525199,19.109453463709897,1
-80.32087005732053,-36.70624318770028,-78.93322115100713,-85.8663619383843,-56.002900972377766,24.14480240484032,15.662371357356264,-42.689118458180616,-33.61020717763559,-59.27526724871359,-42.55047394263638,-5.31315941614443,6.637426903278822,42.268979829997676,-56.57745069008937,-86.75804118149641,66.91515977167575,22.04407057386952,-82.02256304330604,97.10775715557452,82.99872733783195,40.030901010412464,53.79215965415659,47.82886757806372,-12.141568950505174,-27.221640627549462,55.658033767924564,-54.224442496948285,66.87617929495059,-38.01185208370092,-64.3701844956075,2.021403877739374,39.04996410444542,-95.88654437252369,-34.11971730443119,44.038254865272876,-0.27031221799099114,-14.431014401330316,-19.91534455180799,23.216830009006273,-73.67724932584754,18.346730779518765,4.722880005611984,-71.58850819479723,10.870108480164475,10.727487562663015,80.35259447513374,-59.79446357560712,14.845009895796423,71.47973285078419,-1
2.114081745700716,-22.905913060052924,-76.03186769175923,30.501998557350618,-97.93932030925221,74.28075828523257,-62.688854642385984,-88.35522438574776,-18.353957379349367,47.26387897272454,34.12857051590444,-9.984722416752163,86.41798254196837,79.86922409653303,-48.62135432982131,-9.905570292187932,29.721520643282872,25.988564822074494,-67.44198485050923,-61.91369266587146,-57.16095767970706,-95.19930894422714,-29.35195655780373,-36.234475524987396,20.278471878966187,62.28802314130647,-3.0907957691310486,-84.21756545405665,9.021028271196414,12.588557200889653,97.09024203877723,40.0907890734689,8.727079621714196,-61.01450689713894,-16.246452819205032,-69.25735499107581,-22.67142369975494,-2.450506458241989,25.345427101840997,10.71095092763639,-35.832990308124806,-85.77655993511652,53.318080489820574,-65.77649670074877,-37.483045869420636,-99.0419361425259,-56.03848118599759,62.07825606795359,-25.25220069485816,-81.10196938755612,-1
68.97506219389092,15.297780627973182,-64.3203496142838,68.40775672110425,16.338116949536044,60.00369628968346,-57.23631772801856,2.9659563116043017,-70.7871770128895,22.187557285921656,-94.02992933844034,95.6015177432628,47.18754114168354,-91.922147019543,29.373273880108798,-91.27047111691284,-12.910916166110667,-10.43868087701614,49.13357138099872,-55.35189072236646,73.4922767358656,8.101811633068962,88.39943854198643,-96.34492701279986,-58.7239387042277,3.9945581216547907,-6.460685745218896,-74.72542358365395,42.941792698574375,-19.463654482438344,85.95400349558315,94.37254175871323,39.51592439322832,-97.10428986353816,-82.70767964979731,12.559522774344842,55.905137395582784,-80.92647531402655,-11.998444452735995,75.37104217419036,89.31300094203388,49.70537859296314,-53.89344687445594,13.82114501468314,-22.235792007654112,-66.59389727352098,94.86489744041486,83.94917443473472,-61.193309675571214,-23.346179008810992,1
-57.60118906026839,-4.601616924365004,7.846105467296624,-83.78501677054024,-76.71846270703611,86.95615826168407,-61.73399394195114,-36.80571156141945,-91.85780526317268,-30.16243026594634,-60.7129992610433,-50.73637351736762,-77.11335203267626,-64.07766388220196,33.569198329809154,-64.50817372596802,34.45699705655758,82.38835353577284,-21.619280888581642,-98.86827802415084,-90.02182524991352,48.8756241037068,68.85623726410981,12.913892554042448,-17.65363649768365,-68.79111475986888,-94.67164796376038,-49.010111389555846,-44.453233446014195,64.44709254560411,-58.165788334170784,-54.81515247236,20.45756621569437,9.252992447099402,-85.9250058134061,25.16872183646737,-50.3091562019615,24.395068412320597,75.31042084061747,82.89707608730029,-90.05365918365867,69.61787654945118,-84.55373509192785,12.024970716693645,59.6930855218157,63.69694126842347,-74.35305467708231,9.040980466403582,82.456385086457,-76.41021946796494,1
33.37285150922088,3.0384452276427396,-7.119418735870809,-48.01670522845527,-28.147245054880486,-94.31175748417759,-92.71765430347646,74.8801438712564,89.98058319220885,59.18759349120151,32.19328257224544,-93.66364035685069,-35.96220777969231,-42.46552990946939,19.09103755720669,55.329835648827355,33.8969599954676,-11.395991018202594,79.63984496924846,-25.39622569254567,93.26098773222543,-64.45176558929111,-68.72313704943912,-88.80156787950693,18.20344286002043,95.6030919197089,-25.93520994852767,91.40849117214242,63.225189657319305,54.574376633202576,-61.75541949482562,-26.87095260356594,-96.56904330549645,-36.37761079455733,-85.94326469723057,-75.17179324689631,15.13938798619725,64.96714999673586,19.429341190524013,-70.39556451760711,-93.50352396071366,-64.47214512141181,29.283131086653498,10.325107375425972,29.164150387759065,-59.286225540868685,22.38163018226939,-76.07113272866107,96.95603315390622,-18.706448089945013,1
57.38067725105901,-14.033748497399486,97.35931883597934,9.844019977372739,-97.57694597807954,-68.28695411112975,89.33001667783515,35.47554565148161,-18.307988540889156,46.12612162137353,-86.4482033619291,-74.89032882824739,-98.80259940325611,-98.17239767026977,92.00901394329219,-87.41827653875231,81.10731550179514,30.93046838949863,92.79300259662341,31.920184384429774,89.63726094715409,-11.462557134816123,-57.3555516968196,-38.951199204455534,-14.075990477291995,68.68282181066411,67.48073459641611,-72.95509138007179,76.54023744626605,56.68501164372975,-48.599600679623855,-82.80520509349627,-2.1227556059929356,62.50590715581879,-79.13671616450497,-79.60221770881937,89.70256863451337,-94.15787453191264,-57.7149411892957,-83.82023719462772,-42.392010048264495,-32.540122706723196,9.74705845304031,96.18913251941484,30.46352286167209,-25.79656058796651,66.84890784238505,27.627165629635982,21.27245703152758,-18.132896637392506,1
70.24138280975373,-17.90025726052413,-38.01401815416672,-13.689142009378543,94.43665504771857,29.238033906647445,-20.627765559492843,87.11255474176664,30.691864232767216,-78.16330745448838,65.84673362397635,82.62712074337136,12.662046751083338,-10.972172218205728,25.694902585931374,68.56565738987135,-44.94014521529775,-55.173479169921876,29.234608114772755,-4.752296305975577,20.76660462256052,3.780543849504596,49.20763533151202,65.11558706750446,40.029545032051885,-5.64896320181623,59.87667397484117,-4.615895140062534,68.23491133574299,-66.59835728642953,-69.94710608000487,-95.15339106920354,80.59150939298462,75.68734433165955,84.93904747845718,-47.78157650408221,-12.137254193417846,37.71149756563011,-53.153102063665855,2.9089890469269335,85.37096194896674,26.394955317601827,-21.932157635524163,64.05288858808174,-16.897955617688254,-68.02524826297231,22.858544165458696,-69.61690494556474,-47.91767764541079,-28.042635147566287,-1
-4.712602731241674,49.262762513815375,-75.64960047046432,-78.22367679376686,32.48314921623171,-9.870593816437093,-24.826582505708103,-45.35862235385424,40.55109031711737,-31.714369765814283,-46.85162568985819,-74.77937103518452,61.17199381664636,-66.09100260320602,-0.35710485491003396,23.02393920604078,-83.25625193331203,-60.77102978535511,27.483171466008315,64.05146763656495,57.195480061872814,-35.353819168560136,19.701209855244258,-30.021668981140976,-84.94354173099335,-53.12706019959621,78.89357741860405,97.29881074431773,56.92951603953779,0.5784037789630077,29.132822684459114,-22.27173578667218,34.55516316027922,74.73749639426259,1.9812003657059876,-0.5110222968877594,60.185926721964336,-23.32703946130512,54.513065341329195,-32.06636224055286,10.165526897071572,-23.452969719352552,-26.906567058707665,-77.86044669367492,-94.26975494909871,-71.39686425022722,73.67302989444411,-97.30394811663973,-51.73481740414647,43.15681551521459,-1
-17.476464617714697,13.841292625885544,8.337364806745668,65.1947339166974,-95.43846786247539,-34.11342388690264,79.42555833383892,83.0341257890926,-82.6941257204441,9.706181871484304,25.564028155234396,20.995962598321924,35.90042138189142,-16.225126947790372,22.284690655614227,-34.09565247820163,88.77029492764296,81.90269840271586,-46.15770334521949,-56.35577145804105,-77.21463994718086,4.214558306873954,46.95882317496992,3.185266333682108,73.52797575493238,51.581748951544455,-84.32475014860185,-36.3379958812851,-59.27975837741475,-81.8901990011585,32.34075557035493,-0.18983831477345348,15.4560646603814,-46.6850343668487,-46.060287022515965,68.62948729819223,40.939319912858195,-36.6252335824941,41.66913760107764,75.63195064710777,41.81472014961693,49.73734563931964,95.10750276984353,-13.336793823238864,56.25738042488186,98.57821973485773,-88.46790435520691,-91.71780902736432,-69.5559660607573,-15.614500361535818,1
81.83505281071714,-60.703469519416274,-44.61966205181247,10.696990716865585,-63.285779469370574,-39.905881094360886,-48.52258727817043,94.16163198342755,57.29010243551869,50.12352100783281,-29.159404217366998,-46.51263421908569,-19.14441693664557,17.048767983524456,-49.96788602464457,-98.34886672573111,-96.17542242244505,-40.79270582883281,14.493993520344944,30.889393482521115,-30.398379813967267,-52.50405965891767,97.30730770006937,43.27510123470512,-37.07106976058496,95.5681398600538,-98.77665016004246,66.85803765758337,62.67507835070222,88.90720005283396,-99.21578909419053,72.72750778153764,6.018255941236859,-63.54495023553319,26.190221878208348,50.38030606450246,-71.76777975951794,-61.49104656749786,-17.665670878740045,-18.648553398417846,-96.81661331639857,-87.39368032824346,54.007066719702124,-40.147981133334845,-16.145974236517873,-64.56151042512613,39.09113507401432,-35.889301363697385,-32.84223508788624,-28.75731966478095,1
79.42205199051543,-87.24108874928042,52.53069798229686,82.57173799287747,-78.90687399811611,-30.62762587054317,43.594221348205764,19.756623795450707,-35.49105164285436,-50.767632495212034,-33.372519072526146,-86.56362528797132,76.86011650613463,77.62761282747644,-85.12673718292616,-49.717789156963946,42.943634610926836,97.48882244809792,78.55181793963291,44.155328568393685,-82.38810019380425,-10.562401943231123,-35.0356000820869,64.38246204832646,-53.545678013003254,76.13317233208963,62.286739113659195,85.50415724963764,80.12279796985297,86.91345444960626,-41.34686642302143,-75.70075798324464,65.65377035362079,-3.3436208685133693,-69.73824246032949,-77.27903383821425,32.13328661003919,-29.320880343201765,-68.08883800905134,-30.71963831072371,-9.722269504644316,-2.662241223677441,-23.96828103748021,-90.71556325203727,79.38174840863377,31.35562414101699,80.7302835911959,-22.451673706983883,-77.03734531541515,20.749806576130723,-1
-12.173018285956317,-92.19871584743638,-55.0499923645285,-32.06963099660891,-47.912953315299504,23.44437183349237,-47.34483486335272,-79.77154649095502,-57.32261745541911,-55.50936624488636,-11.604069631807207,-30.174014210473274,95.99008430430075,-79.1324832566177,80.16064114636242,12.149225209271506,91.61534708360122,-44.06685544252995,-58.61078816450007,74.74646244466894,60.35113722504383,75.01226951900699,-71.2301002836586,69.86451462714362,-38.41713549759138,-98.53632066424399,65.24063391372425,80.27339015659979,68.28909470726998,-64.08589577216793,-53.90062677275114,57.70416165407531,-74.0852552389658,-85.69588604076164,79.24097510943591,38.67931587136374,-31.879073613496885,-20.753848448383152,-5.810187289386647,70.03796896874053,-91.54557002319241,2.6619282027088076,40.97237374311996,26.852777880828825,25.331599844889922,96.01002081969534,-31.386841140793848,-72.69447532037236,-73.52106649782021,48.5181299328101,-1
-44.59749513480424,85.5582958750631,23.34246615342697,76.37819298961733,18.89280970544722,-69.63890899204578,-97.03795185716908,51.76621380708727,63.397574683573,60.09595280590037,-91.86862626285779,-56.61811764428939,-73.37640513053955,77.8317745328462,-91.08838952970109,-17.328577438158277,90.2273403697944,93.60153993259894,39.93807979690328,50.29672994144806,19.068755172677882,-15.162774759299282,93.18152904557903,57.477659919642235,-50.74225256845977,70.10101390709497,-13.106924145390323,55.88995603822565,97.43535950727582,23.3695023503694,-74.71642170518373,-27.76107370759891,17.56265326220654,76.29201539151109,73.90436328628562,89.79929718808216,-33.335024587939714,75.19920897084847,30.779407390734008,99.26454850466348,-78.12791908688757,-46.016684128376625,-85.73212905183367,94.47894618844421,-12.459649857125484,11.42730233448799,-36.58591519894212,-70.91555608383968,36.126163204437034,28.61549414159549,1
76.17415183978568,44.666060798792614,-64.07323472557185,-86.56296069521974,40.02591249119055,-87.79445771351601,-96.80483423132354,3.1831043921670528,-36.76219596701631,55.02472787054808,-31.42249601650981,8.561435887701222,-66.19060332604136,-50.28624525289158,-61.89257591170192,-6.925036446524004,-69.85247904042755,-91.91436693122202,-9.707428658130695,31.247454410334996,-48.94248230869807,-66.34387178822945,36.75442305455954,19.495003871873706,-31.20822077790362,43.3886261734805,-1.9926459359853794,0.9604939153486214,-19.956539546927175,40.331402151236205,-90.241218224636,-75.26865233302067,40.06605414880892,67.08134031583265,24.36722383703757,29.677595016344156,-19.366917733847373,96.06546568747382,-85.01321333006737,-65.0151049881105,-29.21870501514256,-34.30299546931725,-10.265154911374722,42.14467400109842,52.56330670626886,-31.06551883567441,-86.01330895861294,74.87576634693713,44.21481412840603,48.30070097197165,1
-97.39961529785279,90.45280290667446,-74.4292364182609,-91.78672525067768,-55.59281872590793,-92.21046822010439,-75.12553124308243,-53.68645754670054,82.75210484641613,80.71218851370051,32.8628956377467,64.20669400203224,-35.27086223299672,-50.30152954986846,-43.29305574454041,27.806612391086233,-96.48927197706716,48.25802324692111,23.920927175313665,-29.586320582350666,59.05867431032581,5.631880207197554,51.45261845167005,79.76676386186114,-97.3521291725169,-65.69551479872905,77.63115014118429,17.438629030827784,41.18513812807856,-16.042498869819966,97.40911385047565,83.92586450146817,-57.13447724930114,66.96248060879628,95.03200514071861,61.96539713398002,-20.936572376757738,-8.097935412196549,-85.85323424354827,-4.467356714135377,86.2618202901566,89.80294255674377,70.14567268810598,26.343065539668913,-56.57193398130262,25.398862554617295,59.85899981872643,38.868502466419045,-44.892474137349424,-21.532368183234965,1
-63.88493097453329,-73.50586873161468,34.0831029317913,97.46310983972572,25.346017337757047,2.466051053916601,-73.65508052778924,92.9979288348479,53.00739300072553,44.834659108888445,-14.755079661266237,55.288698396720434,16.237757110502102,-62.509951804920874,9.5595590722086,-3.57257385414475,-33.16174009330052,-26.104095589333824,21.75007470969345,-4.929987303671112,94.87049368263749,55.43825518838153,-44.1557057707886,36.96769681294373,-8.347672465692014,-41.638443510815804,95.34326454991796,46.42158937010464,-71.94166163975342,19.828786186665127,-42.65398638432072,87.07206491112186,9.358271159725234,-38.30512781598141,-81.60451096537156,-78.40258292163686,25.02070447841382,70.20562611318195,82.91022257870276,71.58565906198928,-58.55797304347197,22.195301203841254,-6.344901654347339,-19.783727109866504,-74.55289046003534,79.04900654530371,96.50263476795402,-45.144159161112476,6.5850322489662005,99.92893421922238,-1
-38.43616999477617,99.03188204002424,-96.62132898569631,3.7036265219425815,-7.860197376699489,52.174810415454886,44.20641693029262,-35.91823498955071,14.430538252714939,-0.9627390483831135,58.54280936961007,74.7172121391481,-25.42835068851636,92.76057807279352,37.94199131442625,87.68558668478227,25.94079614198877,10.403843714840335,-20.48609905541076,24.477918222065,7.225346238634245,-24.641249030375704,-39.19136207483718,96.05105733540393,-1.4477059066905156,-35.59836852991147,-68.65583403636822,-37.78048893334764,-4.226606524767007,-61.94527675709385,-67.91576844043598,3.02156387888823,7.412362786770402,78.01861534991826,28.52436858160513,12.692351834230166,60.6984379334277,87.56199608718819,-10.985548409854886,-91.57208172257481,-15.745477832212273,41.52538170807105,59.06733384441736,33.763646235279,-12.75060881945032,95.33803260026204,51.27905050871547,-76.45136402433232,-56.82831929157457,23.488199787254487,-1
13.462443925780704,93.46562227069396,62.01386164584554,51.711045693358216,72.00997593924342,82.44045760498648,22.94747677516453,51.86604616774028,56.87635158437115,-9.573368332020536,90.29098481370494,27.925571366932033,14.73416547410153,-97.76263097169587,86.4582357522871,35.41043038298139,-34.79164359065476,83.31737649333414,97.3796695124222,60.910200692917385,79.21091778542478,-16.323013824404043,-3.294539833261311,-99.94188263277037,83.77877837999534,-69.65189149482482,94.67082918626843,-33.23366192904224,15.123779403951218,46.653808571561854,13.961575718167182,-57.70064726226989,-3.5160885213534954,-29.943989338587087,-86.99760885922898,-24.38234233639595,55.21527756465011,-12.769354995516764,84.55171496886229,-4.103736534146535,-52.070859242018194,79.69276771778698,-98.68208045943902,25.38738604863437,86.19259512751728,-80.49580521509536,25.145764702815327,49.18153852025293,-40.52387702048173,-45.344454758429876,-1
-69.22001906124527,-12.79034040548244,-2.611857352150352,-84.1016503294625,83.70203013770998,-62.431742293091006,63.40617244488149,-81.04389843091766,73.48112391848537,64.43043768861895,-29.04640866698844,-23.75252906419405,64.86315381769037,-89.10410182265585,61.29166958193531,-79.46612803637035,-2.639939439621216,-48.8960164431824,82.4014877420322,-59.77717329951029,-56.837864538423965,-8.410467560829588,15.552181843212026,-9.27526103318064,30.62556421465419,55.111393998861644,21.43708109984499,-19.502776801965638,-50.53964524302641,70.19914194168095,-11.006891857023177,4.764291628068889,-85.79719965857969,-97.09905401451022,49.63435084912092,-82.97198648992081,-71.75048765425484,-33.15145974722431,32.52167137240974,0.41757940362985835,1.1775894863306604,-50.80685621571617,26.36729869476315,38.29020154643578,-72.33046876048309,-73.15649735314827,4.852095658804075,38.33445877765814,29.823356776371952,-82.34171162606079,1
65.85735986335109,80.79061303797786,7.01474995584293,-33.03442968892986,38.67750552306242,-52.69597154535472,45.100116275275866,69.93696713213546,23.877471193860302,33.40928327634575,0.517420348900103,69.63705817091318,8.043173493601842,22.581776268116883,-44.9664819156179,-30.476651848245083,-1.2878961845247119,-13.181000987371178,-13.386391244496835,-8.221583205483583,1.4035144318333295,39.59651836433133,-55.99573786398287,31.25745397790186,18.438959135263417,-38.28735656618842,-6.548742896546628,-73.68919342630281,53.84434253580798,46.16657959175481,39.373527849531484,-96.30756222761538,49.139288272631774,-38.094839012461755,30.343038578422608,-50.94720797061987,-84.17679371502635,78.34021853865138,83.53329981649574,-26.5751052437531,61.2854429904537,-21.029850799068143,22.795015264560845,64.64700238093366,-23.46629587384919,-10.26188668516032,-56.68584808819228,-18.064235383036788,75.3712986412408,-26.271080732269496,1
-10.46531491791633,42.66434590025446,22.656669368379738,19.062150368690027,68.39213624675887,-55.559917384783034,39.14460604363171,-67.4562621379032,28.026984708367053,-13.519955942061415,71.25315440736114,-57.91530404089236,-86.26445248897755,75.26473812539282,-69.96775377761671,25.167538530373676,91.31039681988676,30.34735490623376,4.858035753882149,94.79503030007501,-26.20958552916089,95.75786958829121,-52.41072639578987,82.14019138809735,-82.93443324018652,-11.08347749709948,11.016372033788713,85.2234007356183,-80.34922761474658,4.984464252065536,-62.185393448529645,5.665485885141578,-95.48113854216756,16.87314538362277,-74.43621490227268,21.51661794002881,-60.117830047835156,-82.58968253352157,70.76552900486902,-42.66824267627551,89.64252228865769,-94.40777635903285,-63.25721147872498,-97.4853697990183,-25.588656113744037,65.19287425477566,35.55107223142892,-82.56662718847082,6.879728250515129,46.66405596682017,-1
19.127748121568857,93.665392019851,-42.55748577452769,88.63261049208785,-48.92052516711096,-81.73301231853836,-88.07555256395577,-74.93614841842977,-37.391547582042996,89.01837012552494,-33.60958116740555,-94.89687244014995,-4.456070315414351,-86.06348275452757,-82.65726008795653,-76.14983331016208,82.04511814167992,-40.19461829976685,83.35150199167094,47.31760154070881,-63.47964917870246,-9.140662965605912,53.041878424705345,23.45862212658116,-97.24028813102952,-28.539553783442045,78.65699161070228,-85.3266156410835,81.55414204380543,62.28256031232661,58.29413342038049,41.15190346549525,15.955375584861244,-88.1882016726034,-53.53235691378722,-8.120160368951673,-1.0900188131878394,55.70266468420931,-14.082953041130935,-55.794281271515445,41.32095343052063,-49.94139933520789,35.83566933100647,-8.856730662401446,43.315675562579656,-26.111900234328274,6.571299642481577,-32.57689284365716,-4.252104184996725,42.03004577727381,-1
87.81353970257925,7.137794091205961,30.92429915941102,24.94789198129162,11.575263173770082,14.524564637983019,89.1538591357394,44.6584247684892,98.80829050323035,-54.79142844141518,85.13620140501715,82.55056163218694,-5.701088496919553,54.88471697424836,-84.81485938708227,99.14348862466085,-61.833998801236014,28.937863247892267,44.444485043037815,-10.501314446351515,-67.81947670496795,-1.701925406789215,-45.85849016449362,-45.575152852979016,-97.45002552795387,44.51383611160361,89.11836611551257,78.35723187923674,-72.3634413246339,-43.68252314145877,47.26490675765285,3.1006123759055555,-7.4711466354251,-18.490074035023625,45.64108424337721,14.563119218341896,55.39010589421267,3.2614591450132338,-23.69535046023732,76.16956047341856,73.53991960640346,-75.23657155273219,63.595030533178715,24.07206374299831,-34.219015837844964,-35.37353139535415,87.08700167797954,51.34186338273082,73.59099665510439,89.13545631365577,-1
85.93953046851462,20.158429867923815,40.884724295497335,80.66820274135893,-0.1369703837510201,-30.60213627027788,35.82055236731486,-7.27560551988806,-55.49253457671375,-72.41445269954485,1.7741790388133865,30.052739862923488,-4.785815901454853,-2.7813735103941752,-59.91567323710323,85.22291001114058,5.619404880533935,-58.435399128365084,58.65651448673711,5.328998493485045,-17.584756738649077,17.66843295880527,-79.97755959033184,79.90346314514974,59.87490356435117,-82.0950521117177,-39.282145635512535,32.069310680896876,-30.42356728412574,41.55162977296004,67.21931066879472,17.369249181734034,-37.78604571714788,58.08503389250336,-93.01437928340054,-24.088306622069624,87.52777332223823,-34.29757492553753,84.58000274228962,76.43346822643747,-49.354602922483146,-29.267506173761888,22.12158536604558,-50.48664444343225,99.10829136730007,80.33274885154,-75.84443801789386,-56.42923849004393,87.91393328676028,55.322213424133,-1
-90.79947159564945,93.3116878761088,-66.71714313781203,5.035157986844823,60.26942879234244,-2.719248980577717,28.45962467387423,-58.00647826127911,-9.17580337033263,12.982425323687735,-73.46003721897414,89.10662703430319,-47.66331061641553,-20.694285248265004,-82.04101273863378,35.26197768611809,-32.686759981805196,57.72707452567229,3.3150322748427925,27.38939096966672,-19.37161845784952,23.39374388922883,33.662344510041066,36.22346133097244,44.40022703302586,-29.411778770087523,14.641136963628853,-37.07215853092218,-72.68654416372078,-84.43528179714686,-44.33149327091566,40.692245829003554,24.44110438452931,-43.202187569652665,-53.25078789340343,-61.77003380039552,73.10683157611396,20.357548118744347,-25.702464918958995,38.90698212213735,11.376801934497934,-25.535857088749637,75.49164911500088,-80.08985301956403,-76.12427433815333,7.353438689564641,77.16504170320763,-46.4919210890669,83.60550880233629,-37.344048913784825,-1
90.1062105172407,-13.964818311137364,-34.05756491715928,-50.45276719297684,86.3167312620526,-38.769287573579845,-57.08751605990818,-30.444778990603567,33.20827049638805,45.676886870694005,2.5818342088358435,37.80777612683238,48.02294832757542,33.62166600162632,4.891059477191021,-14.58058536385525,30.77358731202108,-45.508742703951555,24.109681605237768,-88.66873917364025,-87.04647143707784,75.85353370851783,-87.88951474926587,20.66491415269911,-33.45217285436274,64.21111659220341,30.526227373576006,-51.7565997004255,4.715821886931721,21.62628419702486,-32.859942413361495,-75.35314737375056,14.633326354597315,-38.49111269424195,-76.2768237974505,28.19893140443895,-90.94036687692065,-21.920920195186966,5.872512316514573,-8.804315421346857,-82.73309684301829,-68.83166741989794,22.702874409105874,-54.908141643315034,79.21143129043756,13.198432305161603,77.70738822163054,-10.321005591136,97.33987894738294,-32.69765459344849,-1
-98.01786090176927,-51.45700264028336,3.330880145720542,-57.59132756140808,-59.86999690446475,98.34325838177602,54.40241308273826,68.20591442036684,-87.286804095061,35.335455973434506,-32.13268336738004,-47.46338726169268,6.96476773709,8.319770133431177,0.8735637338103288,46.24603579758707,2.185710189257577,89.69159926505199,99.88583642193873,-22.47168661171122,-33.16338048479908,88.27813205907006,-36.89231782294311,73.46278066369109,-51.79525456911358,-19.64381134662578,-27.29038583866121,-10.058908033941734,4.3400627613682445,-44.92630655286314,-83.95937964021078,-87.49317724646939,-26.04873568688359,-30.321433978693534,90.18832319350307,-6.063798579677467,-38.44507487557563,18.186358644836915,-57.8430089726434,-69.95385069526729,70.56389562711328,50.36663901402346,43.10827150178085,89.94087549894789,40.22752612060475,38.98898252301839,-38.60833970127013,-14.375821186367645,-44.253173147983894,78.36392501626068,-1
-87.02928110340633,27.627980503253852,-52.25706321298729,59.0901916355175,-43.80778936539569,41.27752691168547,-80.1016484730833,-96.93156170202406,-87.54483789780876,-44.20448217366675,90.50224102783451,-28.47302587515337,84.17681353886422,36.05725335968978,13.482780728388065,17.63736760881001,-65.35268022593607,-26.880079399946794,-97.17459328136219,-36.04299022805082,49.98085962323097,49.613860712448115,-10.795121115224077,-33.10804690410325,60.73865186188897,85.52440386698515,-38.66049490858092,-93.72869972635117,87.01818047153847,-7.847618758150119,-73.73767663653297,-2.058798027112701,-92.16510714984408,43.82387901513147,24.353883466783884,-75.6613764929228,-99.71991586528024,23.8675904861458,56.34058807103503,46.13209941562414,29.151523740027955,-57.87879844646011,52.142924879705845,-28.85746944154448,22.431264829090196,63.298434893115456,52.73690400364919,4.191717370423305,88.73844093272959,79.45719621869696,1
-56.358493089565556,0.5095213444046323,69.02145980108244,-12.181075685624918,-26.909168162345253,61.38263029849307,-99.4480702989438,-2.372215467116476,53.102379414211754,82.29663563457069,-90.90136077628527,59.213424964588114,-36.04139394174031,-72.75003703851365,45.1829134020862,17.29110570665695,-53.740553547557404,-65.39350371726576,47.021856011274224,-27.611787944834603,-82.30345456226388,-70.03356727757088,52.62366960603288,-15.841769294424694,37.769003159250815,-1.87452673335153,0.06456648764689987,-96.46034910825935,92.77700444097664,-2.909675373334622,-7.7409620098125345,-31.830066862446955,-24.386500516158677,-64.32427963562004,-96.79805014942285,23.27393642457855,78.20560523651793,-57.64456391076289,53.04050763778204,-99.28177837825362,58.54020077110209,49.674293954971716,-11.481236622991347,16.98293924609675,-89.37515355191445,4.592176041906853,-42.931249269180796,-98.18909593326318,-77.98241820604784,52.57585459756672,1
-58.841124602115656,-99.9518250964267,1.3107631762835297,41.3121628645996,-49.20251015899566,-29.976384107775004,-67.5361009355945,2.962885885579027,-27.05907355538713,36.51419099404393,-97.62707257130654,-89.92874878055595,51.36344968009837,-42.471649713044776,-18.622072979293506,74.54145392038603,2.755359924904411,-49.98197030795248,-3.3430565991204446,-88.473715814149,-66.00446775052478,-88.80467664705954,63.12120954710153,60.04680068847469,-74.43418156135029,31.98775086669511,15.374531788439882,-61.291676665346564,-1.0870217097025687,-2.631736913986032,-93.95973799598802,-64.88094346144469,-92.9124568049142,31.07517494338981,31.076135286252992,-27.141185603305857,-99.5251978499705,31.761595544660878,71.62328496180811,94.2842690791982,-54.06198028388185,-93.30379947330938,91.81215495958841,-61.57129502984668,75.67793132084319,-11.153865442705182,10.071355842473423,61.55122673154489,56.170797168929425,66.4781607851337,1
-74.96284155948992,-96.3837815588629,80.34833520812842,-52.81982666034233,7.591926328819795,31.052252460151834,-15.833359254786544,82.44869419484013,38.179777445526184,72.4697498898314,-25.87013426791276,62.293863820676165,-71.27323929031164,-73.31782190330253,34.12973453359186,84.57709307172797,81.9869098573817,-16.16059361024145,82.79952363019632,47.44055005806845,-14.785315347898106,84.54044871955566,58.64073417150047,46.59358544887468,9.291515118158514,-45.20336791057027,-73.02015398812006,-49.79688768743269,70.89042624856066,5.231804545142097,74.99988190677774,67.37540842075117,3.7170061324951433,52.35839811592905,-93.64241575468908,-41.33584917182993,-71.23780880026158,35.7697273914101,-86.17568107736457,-43.44343273765547,41.471376288546395,-50.08282696246733,-74.13376638285584,44.91987175512284,-79.31124243617398,24.49633276577758,2.6178212935448215,81.95714457939812,-0.5365423368473898,12.515993733383198,-1
70.12321156822756,56.79437010111789,24.701561991244432,1.9539346998098068,45.04007931915075,-42.27030279801281,-86.60715294201825,65.84523606725864,9.69381047670123,-78.89398743948146,3.570901640079356,-80.67213311131655,-91.4108020732263,17.491049908683237,11.408031185841082,-94.39313160522018,40.712766949322116,-14.149982171644183,89.94118660909501,95.70092470317667,5.453180708597131,32.40434054995575,-53.03340123787106,86.17623066939913,-64.1115979198579,-93.4351876305126,44.00639718100385,75.46308389120765,-86.16355495600658,22.14359024093298,-40.27799754959993,11.812746504814015,-8.159515540347329,-74.72824713450072,48.604727945668515,7.433389903670644,94.38140426861986,-72.85171536542406,66.69704340074611,7.006161596527718,-78.63876092442095,48.214672607068565,-87.51806593971973,-41.89487028093026,-20.093530861329015,7.494466853778519,57.37925992179191,34.6956630223556,39.843144075591056,-68.50837706486037,1
41.37146876952343,94.49227800558043,96.58898432404425,86.35770861023482,59.856761533529976,61.633662182507834,-6.553809449837161,22.745149212795155,80.21797233195895,-35.79468603330929,-63.61714125217857,64.49286067344886,4.3334485123110085,23.352920913428534,67.73462451766636,38.97999300188917,1.3715968076500928,81.98329922994688,-5.644443167577833,-83.06464604148849,-82.59153686949412,65.3346546238873,72.85926744606138,-46.82964356892461,-20.129200939119272,16.73117378065578,17.842965424825223,-25.238869335074014,23.583155300307055,-32.02453762243948,-2.674613534171243,-90.95128699982916,32.91412339076834,-98.32766879666288,27.318430638327015,53.94595510553478,78.63491926150851,74.00608240651053,41.479595518246384,78.48679338901172,94.2240051401418,-38.27305253330336,-85.5495356335702,20.943897870588273,37.521790968541836,22.83016600268475,-93.60362493494982,73.47347580382646,-46.59149375310952,-99.04119583898228,1
-75.3505083734897,-70.24234323016942,-84.61787225293307,-73.90752771605477,-83.63621908705238,55.31891792105483,31.98366662851788,-60.54023202030565,-48.10519482899771,53.57027016114836,97.16961743261868,-42.95286625448558,-59.65006259235124,-83.51545125077246,-49.43085762276391,45.9153970993068,76.10166522907025,-79.47194356667822,-85.11914293624956,21.99246875816459,86.20461295401444,2.8489028613095826,-63.35279842161157,-32.46661248318827,-72.35593769904403,-62.62066608903763,87.11007827960077,99.59358211819475,-56.19289935796709,-55.79437039304016,46.737676572010116,82.60525774971023,7.714117721240555,-36.36214379644906,82.20533072500302,-46.892067092543165,58.63316907007686,-14.652034667848014,71.9111758053923,67.5497421094903,-65.47205550444278,-55.04478500612937,36.995224308462724,18.87394078841858,-38.35034160860802,80.89380597937893,-47.74765320754,-5.7477248989978165,46.80422889332863,-64.12206810602669,-1
42.42740917612099,-73.04284301651238,-18.10074433088964,-77.9511026638867,-66.7481143397207,-16.26148502198987,63.406605444067196,-23.229940960378272,16.62176688464993,36.5100985592413,82.63962164917336,53.73332182374716,47.437354764617425,-86.98770069780045,79.4634771713408,-37.68870456574949,78.40671201759733,60.61319298282416,-12.98594044896511,-43.73889613215609,26.46405293458824,-7.000164289323706,9.60753421783167,-0.663052618078666,77.6947187329628,-95.64002766908722,-81.3306153222444,41.48515814274981,67.16942076817028,58.49499301918769,73.18950711288,1.8396071573539388,28.696229111080356,-50.67886932096406,71.21343488256608,27.46128272498369,66.7956964866454,43.79466283123327,-75.02223400115341,-52.14419705675466,-46.441955420262595,29.88502162191645,77.49430133915229,86.90385267667321,50.14426535081827,-22.27715499277639,46.006687327335584,49.481217512523386,92.99101676225101,21.50070469060499,-1
-0.3740112903915218,82.15898610198977,-68.6984201839087,-28.420382890870414,-66.20372615556434,35.1541704347903,-85.21488468838308,-57.8617306307831,2.1173611991282257,86.26417230985598,38.29448499154546,30.507212851884276,-63.152779804130454,-21.76695349540809,40.3561449164865,69.33346119486967,61.9985011162517,-1.2218691887669877,-83.92519558828579,-29.49912658643919,-35.99654494089543,-51.87077296102023,-90.08719031953902,15.669196693806171,-77.63701538163687,60.26906702102576,-6.906852938480185,-67.96246991605197,-90.62033805072419,-63.462441503442605,23.057119775822585,91.89597304280167,45.53209914984373,-52.82561078356392,61.93208840639019,44.26792777749324,-96.10003787070886,-61.365809580590856,-78.42140585724067,15.623331160681445,-73.58091694693826,46.03514378296666,63.527206711481455,-28.0360475567838,-2.204308142392037,-66.47704332917692,-9.663782510848023,76.29671414783786,-78.31988613287692,-44.829734059502655,1
-75.06746375934662,64.16980185262574,-76.40420011259485,21.659522748379374,-99.4498008892158,-32.733055929065486,-70.700213376438,9.11499643296547,-35.42528996459073,7.838201466160882,-10.248935274430266,-98.05416889866908,-73.29159842581616,64.20902128083392,26.784895008824265,10.038279591876616,4.274221238447026,-59.11455068922322,24.897369030634707,-27.251344145246193,-62.02844508927146,-92.40097665013734,-22.75400485951988,-97.78725205198995,-11.640817805858731,93.60869748909928,30.168066038053155,50.503817634592906,-33.38387185215785,-83.42585739067248,-57.47417401798616,-73.67329321156141,-2.181114585432155,-53.77505588371152,-64.87728377302255,68.25163173575663,44.34497112266976,81.69541478486602,-70.41766162337935,45.264334471179495,23.610260962826615,78.69435821596247,-45.60466473217328,-47.20467312032881,54.390401107258526,66.73884440808783,42.96080641158443,-0.6544244241367494,-87.81271641380737,-12.786661098159911,1
-95.50613833597652,43.51227652970715,-57.049266834983456,75.864331853012,77.49703734146715,-80.83007324625021,31.42922313603208,85.73488127881629,56.957598588582215,10.612455538910524,-92.9242200944004,19.496765807471064,-11.784012681595101,-83.1017661210191,76.3977027978259,-76.34394546803685,78.95195160432448,-9.705587541669459,35.82017328491034,61.65319018039048,-57.074985403472375,-46.246643839555816,-46.046555383066476,87.2933431104345,71.40931166284639,-85.54957881901389,25.29083369445533,75.16656979455257,-3.5176547960587072,51.641853346998545,-70.93735376831233,-6.269262376229804,-95.09185313732172,19.239746157825934,-27.975269932932846,82.93314052375794,-74.698921417542,3.082827915064314,-96.3959104500398,-60.28463165588096,52.69688613509297,12.770212465363755,-81.00828743604526,-55.69894590111883,32.19783405693835,93.4685079106473,-33.799363313503065,-25.91807355421787,-39.54158012720186,12.673838207647776,1
-87.95461101994051,-97.00776034873985,25.913479033754342,-0.5491368103057113,46.332003851204405,50.796682045033265,37.74241213522481,-97.76858432219572,91.34637810761845,19.45254562243015,-1.4592346364891853,25.233677738070597,68.94828798145716,-25.280333866265764,-96.03838586142813,76.22254932291736,96.06206487515001,-72.33886729939987,85.84124170703333,87.76687304550626,81.71931711773192,-67.64107478344157,61.455546382849235,-42.023672308440794,-31.001618108846827,82.5444055230744,-26.288350736052607,73.85103457994208,97.35343055356714,63.28736245436815,45.07199307388612,55.685513222191645,-48.76843542645555,68.34371995209628,-1.161844150374975,-9.9815179765353,71.78130581814634,36.970391251491236,-7.116073236707237,-11.716650143805452,-14.147669234510403,-27.320667765834756,-52.2661537585773,58.577620166193924,66.34368373548446,1.387466397207234,-94.12189887125668,86.00293721601037,84.21006017035734,39.10962341228654,-1
-50.719593352178634,33.18943321609285,74.01103862185656,48.83722144631864,33.83948987576014,97.72204847739258,-17.201850655599827,-5.736888495947696,-47.07494640943366,65.65616373769117,77.22655008765221,25.431079418821298,68.96401085774485,76.95878591773396,-3.4003004257922242,-92.58387230333871,-7.8601099158775725,-79.01095997158419,-17.103006124811657,84.40406545678096,-12.680113138363595,-78.2685046515034,95.53498562206732,-11.041472315892875,51.68397141147213,24.86248949857257,-38.69951888674468,-60.25579263065275,-28.214365045850215,57.51683016097783,83.33765909670495,61.546484066925586,40.404080098801245,-23.433893683406254,40.598989503929204,-80.50291425628824,0.6658323031576145,-51.51176367720738,20.605079243173165,-3.262065256926249,-94.00021796204534,-57.0976444539574,-63.432487017345096,93.40090762081581,-17.857284345880828,-68.27663754596709,-30.97676607427124,-64.83047629298221,-97.18249096201028,93.86567458506164,1
8.896466560052588,-58.269617368313796,17.728733943212333,-9.76174388923208,-66.10234501598866,9.311229035257568,-30.98722676333945,-37.192542609433545,31.262296001720358,20.138119761689623,18.071317425045734,3.6738406029872266,23.554916066144287,-23.17455942396343,4.120735698923255,-9.449958662358313,-54.36617213489949,13.033840766035993,-56.202653480350804,-71.07783366979561,64.96875145089095,68.7066127731072,9.741051107910323,60.39765625232641,24.49919724123943,-85.3269616009902,69.88714325988019,42.75493609429941,-86.46064078005283,29.037306974553815,10.45554279560021,51.308016349843115,-25.841954589479357,-7.958628289901853,-4.768138641117048,-20.188084731888154,-62.22454176372754,33.07370457404082,-40.045227702024455,2.296039332443712,15.952364110691718,-37.339632887767934,50.07506797216533,15.140342046709577,51.4425616373546,69.41800086141103,93.55400757574608,-53.25803398855902,70.87591658816586,58.17160827385587,-1
53.889778816409404,-60.60927395825573,-10.103606962914398,-32.81574367521873,78.81950559780586,18.005194321772564,-14.217477011855891,-27.980928515734973,-53.674737659901716,-12.89985958025153,-78.83895585470097,-15.172419879113079,-82.21128761187038,-41.369424422237834,22.645371124059736,69.83604844165697,-68.21381063375156,-50.81366181765841,-38.59245925383246,-80.94857386805828,21.746077429601243,55.86004031343833,-20.618114931326218,47.62593674845937,66.05394793684852,4.871165655514062,-57.622738008129495,-88.21886914336898,21.907431718358666,42.999129287029604,55.82870671870103,-24.576515866781463,-10.49505570472951,71.79646955308024,87.55496048189681,-43.504743862255864,46.31979643593195,39.11974381921027,24.4510751484853,45.19418400313208,-50.30016291684814,51.63982853282167,-47.91479843455819,29.1921633293596,13.898097085739238,-80.87289648243103,59.83842264468555,-39.39048410766788,86.64640239917327,-99.87905063026771,1
-11.91172993751519,-32.06787590371145,-75.77228523021971,-54.05306917629429,80.82814978086,20.273435362600623,83.150347797228,5.719682433393203,-79.44789291165245,33.91314563341302,20.96347646093679,-0.418984425793667,-64.49113251030698,94.28830063244067,-8.368104775630798,-43.36618318738408,-17.87809428778648,51.771377875366085,-53.25733210998309,67.2838331587638,-30.859891207155783,11.844860200263625,-4.748815370259948,34.17898172815464,51.77582697015271,-63.568276284576264,-59.167088847810476,-57.953274877829706,58.3140523612505,97.36926008643275,-3.9257530962500056,66.1066633636151,-37.70110807741251,-86.67089160280388,-40.99733798418279,-94.64488582767008,47.475654907232155,-26.916506342256213,27.141238373238252,-85.74062528265418,95.16307212386056,-37.234762498715426,-88.29557225828108,72.50882209848982,12.265776392922831,-4.9839413475923635,-61.82102318454235,75.21607760585309,-46.257751899484575,93.92745859858616,-1
75.09773007917931,87.74997765596657,-23.770469327789854,-42.234443993784424,-93.2813621840985,9.769311062549704,-13.482448617948421,66.58330395620152,-55.57101441653738,5.947600178036282,22.70189130743738,93.67766408655612,-39.04318053832503,11.542441323205395,85.78956076154464,20.389586617027547,60.138543348197004,-49.576294293828106,-70.91399549912987,79.94131839319871,91.47158576230595,-52.81670694781611,-99.98950932675652,70.73840296148862,81.9599897681189,85.7622626773713,80.99097295982631,86.75264908371392,-3.555895716282322,-55.86459029555535,10.929927191787712,0.927478810826571,-48.52219669146953,-58.92576707764634,34.94175341543334,2.461553557029575,-39.34009610990772,60.42361656518776,-50.17866197307595,18.94111035008443,61.75653305453582,27.750930302733792,12.096697798721664,-44.710924211730955,-94.07513000207321,51.62442766888387,33.58030845464194,-76.35573927044138,10.344364460135608,-86.41989424607215,1
-39.44497434560657,-98.9321716060623,29.088366636699305,57.089006170447874,7.5129633165427805,26.328037985002652,64.9803215454267,-9.855239321839179,79.75468617034835,29.77345861332836,-52.941919014332164,-69.27247533112457,15.578037667653376,51.859907026412145,73.21570389246628,19.25635309245888,86.2450737537115,-93.66864845091507,64.5321513901055,35.29531513728128,-96.97748776484165,-91.58230105452387,-66.19676805265289,31.2013083975923,29.54053746777518,-54.58148325045384,-60.36760062079243,31.838148158380676,-72.88216484413772,75.9498736479353,52.76184016077306,90.85323019062267,28.264318629572443,-26.243132693860403,33.26325917114403,31.49764198347208,50.82245788126875,-13.208408924818428,-59.93182038452467,-7.01250774530719,97.0293648552541,-63.82450118759198,-59.17292686271398,59.359658064279586,70.98263291704893,-89.01333259615612,36.08049596412286,16.53832531304657,-41.44847335746218,43.43147783596859,-1
74.72370574744306,-45.21702587401926,86.45356776763344,-63.10242456712045,27.082516627070063,-57.76872449186392,-66.6998279190842,-3.0078428693208252,9.350352114724217,32.17022975807748,-25.742237444405575,-77.39794915487255,90.80459229001059,99.02937594247106,80.68919502456515,-84.30443256516766,0.7347055472247064,73.71211539241332,57.02921480064717,-35.009403374808755,-23.694626639297283,2.34978735786018,63.27294139766249,-65.31800905065242,-84.40178013032578,-74.39976193822291,24.635249902425855,94.28823652957377,45.98242163453142,-49.08803594155948,13.238233891597659,-88.40942555941484,-52.89829797579093,57.337905651045986,-56.46940369951221,46.88256429918172,-51.24270678657796,-9.853959865321798,-93.05850741541597,45.724964873205664,-95.94992259070338,96.56831162199552,7.999332107524239,29.550748854100277,-96.2177184763315,33.61203123424667,-63.701146929089525,-20.237293486410437,-41.77703228421792,53.912254928833306,1
-50.292035814514804,96.53764791826512,7.187198625814247,49.16020975320214,27.954344202792896,-30.661924594149653,71.38623657675475,49.39383372458616,-92.38010059484219,79.85704196431095,-11.70371940028825,97.48538584084778,68.72931080195482,77.48187344193065,-97.68773597958264,-14.981519883850083,-76.02389468890154,-73.51321410078427,40.365413124372395,99.54129446270952,-18.46433916198511,-80.12139135244868,85.7799435838304,80.35999184380665,-66.2499335431525,-27.83340042823788,54.90568507519271,-70.61024276350578,-87.77512281616333,96.11045560578907,-46.867090250454744,4.437373373798309,36.093925056909484,53.07979448400221,75.55736239162925,-12.644322204829251,97.19404001693098,-59.96322107102014,42.455724261995584,12.224549070026967,-46.22890526913748,78.29109234416578,-14.040235188291518,53.48128027491978,50.89195753687065,-57.77106157410641,1.2551863515717798,-66.75650363051575,28.34257485891837,47.04778807098384,1
40.193826291823996,47.91623544434853,-27.362160781830156,-87.92683129698852,21.900319278116214,-44.07742031491233,78.16107474024682,92.10369340668973,51.02714195419679,-53.80771375009124,-37.275954110595436,39.58890733100213,-32.670393051730585,99.75827443785073,60.101082854240616,37.922198384633845,-1.6653497798666734,92.83166984731179,49.78933861802204,52.47674250079797,-57.44873319193795,18.713445700070878,74.05718346765877,27.780338927071796,-90.7142963910598,-9.750827264818469,-65.68822271785984,-8.051056270108845,-81.09207444737277,74.23350313790823,-22.12018431120113,-57.30955894284519,14.154956119213182,86.70914646267349,2.8474067048162226,-80.75267979767648,-42.83064124604172,-80.93163831308401,-10.876530615967226,-50.85105267325618,-83.22923423718737,-22.922367421183182,68.78340453247324,24.979556494716178,84.89228482107873,16.039254422515242,-84.98120475099677,95.99287339744629,-12.253101881420918,96.4071910173628,-1
31.901196330265435,-67.16300718872824,-92.80203422626643,-1.1528147184774298,-51.32909601634354,-29.2237297292139,46.77096499364558,-62.08058410118213,6.545452562498099,-53.15060953425477,-92.06966026769683,-51.32372994104668,-33.60542859289271,83.80851122489062,4.688150251710368,29.45002071244832,-60.79204853262499,-82.25759337474372,-71.17146227843082,20.50146723196076,78.26489052691991,90.5494212982415,-43.43473533032043,76.90194343870627,-81.20701594874255,89.94348335513399,-84.51122054089267,84.88981912883503,93.07663442576558,80.46985496250977,56.27555109905089,47.651270366547095,13.111781963869461,-47.794024307965024,-1.3011911833355612,42.58743561161762,-67.08687358053626,-51.41359284425677,-35.59463707585412,-84.45821064731803,-80.09762172539698,-43.51851193024476,94.45840669923669,-65.71040476516859,-92.27786298883191,32.97349851229211,81.92019016962465,7.227009192055959,-30.22242802777187,2.596926129559776,-1
-80.31516217972626,84.8708692387601,90.21813591341527,84.9289425164828,87.33764785697892,31.899498091773552,-48.11305481094248,-75.15566467827834,-61.11176457639995,-0.7386001151521242,79.75141977917013,-75.41437748680109,-80.39405679341783,46.8874815759319,20.338016719950346,-40.95897047157455,-42.67924252466,31.424224372098934,-92.28273734179943,-40.476007749861445,6.548983999056233,47.61826481011954,4.093721516355075,-44.466241679500484,-33.679742785885125,-31.804788576371095,28.844312076393123,-25.53785270195654,65.50164217876628,56.03112118659445,-33.77670887909852,-68.65315015501852,-68.09502879461857,-47.90865351879001,70.34777317945029,24.03639106694672,81.5869636072905,62.19406454266931,-24.791312929495348,35.95673133407328,37.97899472559325,-92.32742286933944,88.41734921822592,-5.971069407553543,-3.839069320447692,0.2630720477747843,72.35537305756188,-98.61360280992879,79.90352057338615,-39.046695739539274,-1
71.73962424891477,-61.90860059399081,-1.450220774132461,59.67922980059819,-14.495569087949292,8.062653541526373,90.73983940238105,-52.73967793692691,38.31344982707569,-75.72314491882622,27.023404566053387,-20.323334339209026,91.90233548338207,-60.55667820785688,-41.01920479702213,53.845938755057375,81.82392762867505,-29.849678502890214,-36.883910740567316,-44.94963150143523,29.680622686277502,63.42007968261606,20.048660705021575,-24.5294130702852,51.18431819321404,-90.12018860696507,-32.941714521761185,0.11125337155482384,69.7007484485782,-69.20849153078686,91.81477607444498,-11.985373925982245,40.47627739699007,42.599165174124835,-53.87746088596932,-17.731884117021664,-56.15006895832839,57.670155595934546,-77.39865279757507,16.794438306952912,-75.02476024577696,29.872139165077755,4.092008551659163,-55.25371988781893,20.461076585233243,-20.22619086685495,59.92485181463576,-78.30888999556865,12.13896443869227,-24.647126410290937,-1
-84.82733437826721,-14.621054435339474,-84.99558222141637,-58.422388947371104,-30.958579832933538,-77.21087726389753,50.9417957287132,54.1839218635792,48.888631235428875,78.5273632944128,16.74885120843183,-80.99237996000764,75.92986340380384,18.65655041539695,-51.23949900928386,-7.6349025106751185,-66.16402444942528,57.82880416282521,77.59138315446958,76.06977304404941,-3.2770580470507014,-63.47595036221008,-20.203674197743197,90.87492592587284,97.61821448785597,24.598168953134177,-31.418217420129977,-66.76547656558739,50.50616036363638,43.91635595269315,59.68985093241773,46.67783008024992,-67.77458770153771,69.44879374624452,25.64801123107914,74.3956449625291,15.068757224573261,-27.039982708522018,-92.98018874825328,-27.692159790517493,89.03294562621639,3.3517845917715476,-36.60179697479637,-45.00177894513644,-28.332808617868352,-32.77135771568376,7.235118368318155,-14.262447345214,55.787342245711784,72.75216835276598,1
-85.7984670933489,-20.74454750165988,-35.284479192097635,38.68516041991924,-21.09548109274759,-62.397346845198996,44.50983728921514,99.40348422631001,82.61350020847325,-4.607926753841824,-3.551297014307181,36.752208113284155,-46.527450793010125,-95.54547898516954,-61.095705780834585,-61.81873918790237,96.67424697353343,-29.685345347279736,-92.78376557818109,89.58608203144288,-67.53706464076421,-59.760669308389595,-5.389436009478899,96.29126660355556,-22.10145649271699,-43.742006068950005,-58.71712393537973,25.852859990734316,45.70391377954533,-7.437378953868162,-1.2990378545102175,99.89968953598878,-98.2263276202271,-89.53090465733821,84.3394382591114,-5.854794582297245,38.58440486113065,54.50412790188574,-8.161459223054848,82.61075498398404,-64.13066953184843,82.71580125573772,10.879592839007529,25.904384641253714,68.09594779743949,45.616067755320046,-71.05023481561945,-4.124511734335172,-25.72706334077833,-45.85713237152984,1
-35.829091450031285,-0.22979525114514843,-73.14060712096267,-78.8529464147099,-96.5170192117548,73.19132038897368,-48.05281232510406,-27.560171826047124,73.24356561889113,-30.66448126847203,-33.06479567335924,-34.2433603211751,-70.8086331714017,6.8012627051711405,49.852112138904715,-0.28781584728191945,39.396677564500834,16.413980796422337,-72.26519327520464,23.269683565424344,29.681500333397793,43.4008360060254,61.24559353169039,60.14083081336369,-33.98131573154811,-95.75069569307458,14.20492456033135,-4.741898675746299,-39.71319558393358,62.05944341034885,10.96278209092985,-57.85432638601369,47.887632885795995,23.470353297107806,90.74090103386362,-24.063648159642952,71.10955599772544,76.47648058260154,11.765380427627761,-23.518467543542897,-9.64788106626628,-71.57725234921976,74.94573356225203,73.63592554736184,-14.057416880028356,-34.495472182531415,82.63044737559707,-28.273659378001327,13.182096677119802,-80.96774466004173,-1
98.06646075872968,-68.49989038483923,11.589748286896096,-49.89968062305934,4.063721648767654,50.20238246229454,-1.7148339838087168,-9.285796115399009,47.50863958970791,0.8061838612751302,14.231490427477027,-46.264495573413676,-64.2836737037251,64.02798380563613,-6.899741699783291,-21.173917645956976,-18.82775300622555,74.618035439653,65.54246906177491,33.0544945651244,85.55377710893103,81.15610265548165,-96.61326116934006,86.84678575006077,-74.86871799716938,-28.005452151416563,-43.531316778408154,-59.12608419466212,-17.78364316086838,58.7288429443324,94.61171258245304,63.955959384533855,-68.3869568031923,40.29806510684355,-86.392334914144,17.12024255100006,77.6468943471034,44.108684127185455,-65.95206072976231,42.94326555528468,51.98070881523677,3.533027794496263,-39.24150487715205,35.69083193660853,-2.5999742834436574,-79.90110628355822,39.77775585478335,16.389241415733963,-70.57083139180584,-86.08795182594838,-1
37.68047928554722,13.37168665881893,-92.44340638708097,96.00008311986628,65.0429989809146,-40.749510029466094,-66.06113830113807,27.583480582292992,-18.88145395833331,3.1419877054256347,54.9695642373255,79.12815215822516,14.848728542953694,-98.7081389097601,22.124230213336375,8.181310744958552,87.00101949044398,55.17141301411962,-38.22440832025751,52.25255020452718,-69.0515596431127,76.6707410848428,-62.56012757829157,-17.846304772178144,65.44598102494083,-58.91469826379969,74.43204936699468,28.345132929998442,-44.28108107647357,77.99639040167679,-97.41897447122409,17.382117821849974,-62.08610949000493,-53.180413604514,94.25229412759975,-0.8572030779663322,75.59903722345979,-91.88031231651168,67.99184273553385,-7.591916670864791,98.98930072555555,19.482057158154745,-88.02810469614373,66.3699322229939,-36.08477908334387,-49.108305086744885,36.02262645718264,-22.137834720838498,29.15050660063963,67.85819232134136,-1
-7.203660366622529,46.447582818457505,-83.04810534493564,86.97928970351481,-9.514622706658884,77.89846914281767,-82.30242729344937,99.09304770211841,41.02644313165774,10.370438607512455,-4.769835313054685,38.49906960717814,72.9654735219377,-40.03699589855829,-9.653500102677853,11.779501918570688,13.933700122495523,-5.062896834495035,-20.271331200236872,-47.90655786776319,-20.327128997570014,2.060277866410857,-98.3385148037909,46.24817946808503,20.116430798678664,-44.48633240452311,61.94988640558287,-70.81778782753072,1.1116251639674744,59.67448356015993,-27.55756145616614,44.77398787016301,82.35551910821846,-85.65170428291995,-56.06201281291179,51.80691920571158,70.213082667859,51.38953369276956,37.40535885870486,-1.8770500808269759,51.63736222667475,54.562566032974985,24.32183967122488,35.79443397395508,-48.073201518310825,-28.647730526643443,-84.6161801910685,17.44852050652193,10.5832235853549,37.531274565697146,-1
-51.76695713844761,-20.178140088514795,-4.059967493290856,-35.07505520431111,35.37710335131544,6.271523918976982,-55.99466055765636,-7.5359828456277285,11.77858023376217,70.67507429757512,51.5001729258108,72.80673236382535,88.11476994748003,50.182305354323915,67.02534502813785,20.404841044899484,85.68379085968004,14.371741651478672,-89.60955326676566,-47.9383113234273,-32.64506295661185,31.161802566676613,21.274947860795294,-7.870939232768066,-75.3504145848614,49.517239234312115,-58.06700873703079,-61.12633793607296,78.19557138182836,-57.81680218411533,-41.17944492217491,40.86137087526387,-84.0131647486482,44.280554008314596,-58.34188839927714,-82.427770274078,-27.28889812541017,82.44245357623586,64.30357813715929,-68.86119438829535,-55.61099168369643,37.56440129307603,-12.553203741235762,10.857402462732551,56.99070095249314,61.669434667737136,41.5864806670393,-45.469548999383626,22.809095469272407,71.19744836681122,1
37.654847156047424,-15.162988850804766,30.98554695442718,-51.23522947991903,58.237953112659966,14.518182812891595,95.16088404188895,-6.987113217404286,35.292641580817474,-39.81273964952086,18.780107343061417,26.082310659703097,-19.193487476938586,-73.5784555486334,-52.52370135830764,98.35175241436121,-86.57943206890559,-38.85321510826976,71.52104259780657,60.52043005523967,-38.98464329464375,39.560521246199585,-14.898514379907482,-30.777677749001484,50.96394519929234,49.21832082025773,65.24956927584338,21.02097530766622,-66.91502098189585,1.659526594245932,-27.740418255444737,-48.832406246772074,-69.38552857609402,-38.756899612376515,-32.819800842496605,9.354198457896842,-24.909587147620854,-78.74414762922757,70.35460095491729,-53.705625687908906,63.305440269973275,-15.352104371368114,-17.384280536575986,-57.05869238444965,28.680347450469753,-17.51825242653217,-14.664276571921974,-79.7820331792301,-38.47899337643212,57.75935130348995,-1
-2.433136291197499,18.74115659028692,51.79728808869652,18.0430471257214,-53.77362787487942,-0.30443115242704266,-30.668840010526992,-64.30794202928291,-16.682884867143358,-30.774460816234537,-85.50983409539128,50.205989443539636,-99.86116422888571,-37.668584554212494,98.31333030372801,62.97244293134051,-46.17409768553318,-50.13974592929959,21.61614624388028,26.345436322672427,-63.0035454800645,-18.90192769721331,74.17519840190471,-78.11739642385749,-63.49565973872255,25.981264982170586,39.886776761086736,6.725930878588841,33.477992043580116,-97.57528289039294,76.17195753235316,-5.858891271952672,61.79061350091246,-51.49261139658798,-2.9375018422729084,28.61668543443068,61.84368125246422,-30.08579320992959,16.8502822683473,-47.59745866263601,42.71825837151033,-88.81578448292268,28.263201151025868,69.58567381245956,4.727263522581794,-16.5139478805352,-13.220938009327128,-91.92847646719335,86.87550503048553,-0.4187805372307025,1
-22.980454279614946,93.34122800369212,-49.41763888874257,3.402944777343194,-23.67815640345495,92.52833258937625,-80.2506562609658,-96.83387670938122,-53.69779111103372,75.58617804592993,59.216870086983135,-63.77292802033872,99.11298037136316,-91.95951105418341,46.51658399250087,21.11297989130901,-68.6456133760923,-12.726675936746545,-99.66681815496537,84.97094956171415,-0.38366713031783206,-30.839083919261824,20.661769334214725,0.9309084443059277,52.74130319873208,93.4694302623711,-96.58861144815052,-79.47918765555303,-81.45915544311023,9.693486453633142,70.32437488307048,-78.04614032170139,-11.131015341673134,29.073706288869573,77.44409149317028,-24.910911281757905,29.03116740486803,-39.45095404506871,-18.669071922238857,17.53820843334833,39.610579872476364,-38.08311972658029,-66.35640435237474,-2.6518707446171845,-94.0578076322525,90.14028405287735,-89.79615751954543,-62.2878150365485,-88.89478418198439,14.979194139016755,1
-21.628125362394798,22.74159390874945,-92.68603752740836,53.17319738776163,-72.83857888616154,-8.997642822015806,41.01205473740214,90.59088518344339,-29.253920488563324,22.973972979763914,-4.895309980802992,-44.25356404886492,-61.5414895196277,-13.283314345109815,89.56614410835493,-2.5767263563659384,93.81556576042206,-88.29505062537098,20.644118994682188,-61.37793578684831,77.02864422239031,-21.395076955870195,-3.414452996883142,-18.961059986270314,11.579044721853222,-35.059379135127784,8.722631091366111,-9.868523497559423,-97.07249511523241,38.71069797346834,22.74528952568464,17.242670762838188,51.63836869562971,-41.39042447019199,93.77055345647497,32.30201348079177,69.56605171376097,57.52916694788121,29.37751954163241,25.765089699838356,-34.652023282854415,27.498502187709747,-78.29675968895258,-44.15139992374182,87.68411160650896,20.529952744780218,-13.721975521084403,-38.80695730930046,79.8357887656503,21.546382588395716,-1
93.8824644670575,-94.43178974748274,21.014297036153366,5.299705465648259,-83.27138188334659,8.119741211132364,57.0136114640662,65.16036843105263,-10.585936413596997,-71.00213029691056,-79.06960263709708,-42.32804678461817,89.77698943580447,-41.04866034434094,21.253801592398673,-9.512061406450016,97.66939175553242,4.902940976946454,28.6320171620018,-94.14553228571849,-79.11251424569576,32.081654618180835,-53.02097331350555,-61.063550183893355,69.5859190262978,44.53000627415969,24.23513793369432,-90.21393000360077,-79.34372119689476,53.161281498280886,-99.37888400556312,-58.20956328781328,27.11076666000274,-41.28515012545082,-73.18703113361806,-77.78779700820621,-41.98822967731148,-97.0631911583242,-15.191709366379087,0.6713373848023423,-53.18036048425563,-44.037814816348785,-60.85750543729274,23.733605829119426,70.22432584775825,-81.20971807089681,-1.052111068245921,14.012695448025639,28.48088167297672,-29.206295758091642,-1
-96.97786315710499,-3.774861636630874,21.99629856289431,-59.465618738539064,9.254764202251835,-80.26942074582051,25.474424134018946,-80.98242432529273,-42.10865903216001,82.50769987982613,23.154331505638723,-88.32282726599627,65.95705687647299,-61.86090120553966,-38.39113239460432,-32.208884460594064,-2.8772716299647243,97.74564917737172,-82.88118689717005,58.82227504929338,-25.827412372362303,-52.517705599131645,-97.45465013707101,66.7949164985784,-3.3149013290027796,-4.259894846387581,-80.36824992299006,22.84584486003341,16.31284732049761,99.76607976395633,-90.93578139860503,97.86920304183758,90.78906402326277,3.752034682971427,-96.82529694010653,-37.8443497275855,16.314140574528906,48.12893603042954,68.40743283291377,53.08144329222023,-93.71563017794224,-71.5217703889973,77.794360585373,-96.47291539637925,11.62722113445102,70.44797151013441,-84.87604795410357,75.822718600337,97.80669426795052,-61.15587897029382,-1
16.139816910856993,29.641835489711184,62.25777078920797,1.2732507123578216,-25.637425413867064,-64.57588086017903,47.87560180382283,-36.311796408068275,-84.55595194170581,-95.05636226152627,-88.79951057132416,-26.05522213231926,-9.926156169897894,-4.808504383176995,-63.04927264423097,-45.687230002839826,-66.4188658003088,-33.35825491438524,-68.71040406603993,-44.69123076986947,49.633978242370006,76.14126362885685,-84.81026639823077,78.08522688834867,16.55038262480248,89.96490398833322,38.91504828464599,98.67397145873781,-75.69955988166268,77.60222451334752,93.91304747434148,-56.27420973390598,-1.1434880123077704,0.29217351443455186,8.125022833405993,94.6755561416862,-87.29068607608185,-98.21645730491055,-4.502007476842039,26.975010799605357,4.31859174434193,-33.225826517901226,20.56779783659664,73.06291331537898,5.641686550918507,-30.479118862316227,-27.326836631328888,68.87039423254203,54.70398801993636,-85.98322048884606,1
41.5442700535055,78.36404228132255,-57.3306850879747,-76.0443240232878,-98.60184292016518,65.59498321560758,73.84350643323992,-11.851892399327468,-51.38842163853712,-55.3435196038925,-3.9678049462691547,69.08970655838715,-77.96669371107477,-41.94798612075215,-19.980878219199624,-22.694311915692694,49.02267744997931,-69.82013034418688,-70.99276163033403,-96.87406259400235,98.98623792067059,-37.41505236982481,-31.843093705124076,-53.131324765626054,-29.578791217945493,-26.56910247479594,-81.66884539209377,85.52979570352554,-1.6163112385125515,78.95181611778713,49.376947745446245,64.96557720025626,55.810706375967044,-17.55888413362716,91.01484059074275,-86.798541922054,-63.33652160324197,24.994787049980744,-27.801808448583216,39.66712513966627,-60.59557343236843,-45.481315571652644,-19.633815451854304,-71.7467672553486,-10.872242639175653,-36.59212866444683,5.581790057321555,-14.718436576382814,23.228945785504607,-78.51449202733872,1
35.29674990412087,50.33595340628466,-64.03037031816017,-10.835643585664158,-82.21550822265249,32.23326185355532,-0.09444302141284311,-83.31933300668584,3.4027594331944613,-19.917949946719588,-75.16088477052813,35.297059256692904,-87.59631537240332,99.20266840902192,53.835084150690534,82.78065240162078,-34.54272053378786,-93.06236135801062,49.22366326346116,92.98020071725327,-68.61841586161486,75.59958044048386,12.452052180803122,-58.731800928052216,57.57779467628103,32.532647603954814,-44.896233463578916,-62.44589291314382,-54.15312368898264,-10.656807800874788,42.40987246690554,80.1292699147698,57.39550103755454,6.15789951806191,-72.17460584040191,-51.74832984919433,25.87649500437776,62.951267130492624,26.836131634184696,80.95458910388496,35.827402068513635,-75.46502516635019,74.05044026536541,-13.285451722550306,14.164168067138135,-38.16252898687145,-84.52428748651404,-44.1182734692299,6.388593683549686,7.1651634024885595,-1
49.14675654624642,-47.49794190336687,40.34620815115696,36.445275341198226,39.10209529165499,-33.71238619707735,-30.965778767619284,94.52890318209634,23.60197336117251,24.1947763595159,-63.26808772271293,-59.26487683522572,54.071050165666435,-36.30512654536729,-58.41233110419657,1.0395579551110075,95.24104089052184,-98.66495605944228,-43.07926143326186,-83.83411809835934,-82.72675719575085,-9.693656858866518,17.990332305777315,-22.252395370942125,-55.644973217520665,33.018136721935235,5.903917637826979,-37.18308170777749,-61.58196811455681,53.80442314555694,-2.7288609562712054,-79.90929230755958,22.050409874442536,18.370146075832423,81.58422339178847,30.92533728731638,-62.31542736792286,43.16928388926752,-2.606016276606283,-42.82133600516684,-41.4288937478819,4.5285243461636355,31.182876004893103,-66.24905668655339,-59.24327006441552,82.17396258021327,38.86895725836655,97.5738022071595,88.84322521107896,99.85771841427581,1
-95.48709765893055,-20.90218476328596,-13.254423420804457,33.10680003400279,88.32618390000445,19.36734239918836,-95.14609060212267,84.34583099783436,-66.1212155280242,20.714793155237004,-90.51001989170517,-7.6259109889614365,-46.75055446202503,-18.961079036450997,78.70546302811056,-46.46109464005976,-82.29115929770927,-78.44199876198381,-91.53444921692642,-34.508006059322454,-71.13435581046623,83.65224948314386,51.972813315779234,-32.719781231923236,-64.81676822087826,24.911531029048973,86.76801145828884,65.40382308325127,40.40234948277944,-79.11758285422562,-64.05271424143623,-30.38249121981231,-23.786908444865688,-31.916790454440047,-25.740461141686595,9.20271557705739,78.05702450170307,-36.6964704620957,-68.40697012290295,54.91139998089679,22.41230561820761,44.98840699755743,-84.53002428144396,-66.5598734339281,-17.05064510404455,16.21558078441676,-82.56844028726442,-20.629161804163147,-39.96358668047619,17.063951707174382,1
63.355893301127196,-64.30986518032503,-14.722021046114975,12.149415574752979,-86.37314724470326,70.08511239752642,-9.555152574459825,58.225063371603284,26.041725355816965,-55.677999366375694,83.13573880109124,-69.00451033680656,47.07475854866499,-52.071629855642755,-93.7849174653234,-74.37327966730322,-4.670512067299583,7.201684042071491,-26.57978284569478,47.96159148053013,-60.81984282276001,17.677800297590323,56.08235459468139,-9.87514604449106,10.15968442134492,10.196924056757624,8.016355730095583,38.52714190527885,34.0443882468677,-24.03096577433874,-17.531432509313902,87.6424906371958,-47.891927133965396,-10.262125968415361,31.6041228637049,62.00499405014449,78.0894668480646,-67.79638846105438,27.17032462591642,40.702124842623135,48.73117614255463,86.98184923040012,83.41803243236401,46.335204548325834,-74.8269323382425,88.36483961093094,-97.24148328360829,58.79299386643615,-43.36939997666991,-50.09914151152923,1
47.307045666958516,-37.24357133885425,-45.41565449345264,-34.35964989247651,23.123021877757722,-54.194817585324564,41.31616094342078,42.99915625787668,26.36233271697654,60.95846906271106,8.12088805161379,-84.65286804973636,96.27550154011365,-41.99279539574368,87.15748695296804,29.915607186110492,-66.26047073057123,-27.115011059798945,-38.10194541712904,-92.5612884054037,41.36056085083388,-92.15036598350319,36.738870131269664,-80.52185611710733,2.5725240621037955,75.32607409592683,97.07681343325336,99.09010849288893,-54.08221332514043,-48.21848671945468,7.37434334884486,-56.6506326359949,-25.012552741874856,95.88248292130913,44.36317733884917,-29.800161024791777,38.7203297708304,63.87199877641879,12.935078005491945,60.775942077885844,86.27295168472429,67.48842147778723,92.08328358209923,-87.11475985956115,71.56758450975843,51.62578375385348,68.53643242667206,-5.150367637827571,31.019066408711495,-60.92507078810081,-1
-13.938821020107468,9.975384231242089,90.49025262927705,99.24841972340411,-81.52870835214759,-28.953393586691973,-90.53264223816835,85.53887995036703,68.63118041190683,-23.86734661380028,-88.3697765458434,61.74227065926266,94.1159602218255,-3.7677200993113615,-11.99607892876216,-57.59448113719308,-55.547495021586776,-87.86615580846924,-20.471426072971937,17.94778502869086,-99.84792062698766,-57.31393211086417,56.531654227388486,75.02243848427602,46.48030108411305,-79.0320996642216,45.76795874830714,7.223629354195154,81.35197300574731,-22.381943454780597,76.82728919993428,56.559113995391385,87.56676106676323,50.32526998766434,-63.17359475608788,77.33221089223318,9.552329311534422,-1.2121344029195456,31.959026550477375,95.3164444734364,-31.929587303684855,16.027074947583444,26.703152150101033,-54.86678958396296,-57.55795928741871,68.1255443626761,-7.1958263161049985,8.371485761154517,34.684938563573496,-12.960257981529892,1
-86.36553812290128,48.1766413443971,-33.02860980020377,32.762021050056575,94.21479965316436,-79.58400660516256,-4.380125460351181,-75.57299969061337,-5.199049018773422,28.956196285031666,67.2268434168752,-52.1890200185966,93.43414843830007,24.332800557591014,-40.038157871883584,26.503127300692313,91.47869005513198,99.69966431359924,-57.59663555929811,23.197982550215727,54.34948893987195,81.37884989893936,-56.94269666878555,28.380005137644048,-81.19379391371247,-53.9688560356913,23.1082586832635,-4.586662731532613,-45.38447110566146,35.23889787607666,-22.86430091118568,-40.544448438230575,-75.40824266087516,-58.97550091904258,16.922121427131103,69.4272896292658,31.481720433280856,-39.69667531753656,-58.559002557788276,2.528524118080469,-32.368679450236044,-28.894220571545873,-4.894685147491089,-89.56015088434927,60.12949072711035,29.5966219742065,83.66300376244524,-96.37665146723218,-49.43172482169509,-59.38820007547567,-1
33.5521183206306,4.0361473133519326,68.68808873294805,-78.27024417341391,-24.00501510831836,94.38515933421573,-73.21484750284502,5.111939034771822,-90.18851015918679,-34.04268707763774,50.51272876324376,-99.79570018989116,24.803297512314998,-5.760577189681328,96.98338985523029,-24.032110585951074,-30.39161673054997,-86.09134319750633,19.567156469853074,80.07052788659317,78.44021405708725,41.17466599072392,-66.59397122024531,-76.14543484807676,-61.38193189557646,20.135423743036156,-20.356079882176132,-86.6159983039912,47.96361009483624,87.01379198991629,-9.70575133588298,-97.36938406623652,32.410460270546594,28.79382198324228,43.22395855056476,-87.81443175876878,-99.28988337826301,26.78411334363217,-24.018428911449874,-55.910976304623205,95.91781908376129,96.36651245593407,73.0904937572254,44.359032282816685,-29.93774049193027,46.977520393620665,97.02947760965205,-21.36122608526152,-4.396936078026783,62.324907355311865,-1
94.61535958245966,-11.177398964918723,66.22695308073918,-54.22834483530059,17.62048886354053,-60.217641758370966,13.427034794785214,2.635333718791145,58.74970934088961,-63.90602759773374,6.10671820251622,-50.25058679500878,29.760615079197464,51.3112586969921,-50.64796045007329,-40.17105128541927,22.96450225466411,-31.258470916340826,10.756999950339761,-64.13828669381844,-86.82698706841575,-7.3485786681305,91.58782403197264,40.182775924836534,5.511571657062461,-84.06310705084576,-2.7256729037481477,49.90681067666134,-99.80397056762035,87.30991376850054,-80.60570093267864,-54.20854444890735,-47.47722941188493,62.46077246374344,6.723652929546262,-8.415841445751198,30.017123468167853,56.80662706974141,52.86409287938477,-63.09189187540245,-58.8426444035026,5.483948765141349,97.74686886987843,-87.30788271333986,-83.75750694984656,71.42354462518705,-12.912579380972502,-84.40168947601273,-25.35829041871598,22.145960751749683,-1
-99.70523558273771,-17.417762082157353,93.52941854656174,-96.28889218602792,-32.53643479806519,-23.912839421603607,40.94799814216617,-90.98973836685649,-30.193586198796936,43.494953465691,-95.31302034250899,34.37059899413103,-78.55407122117195,-81.06924883138657,22.498262754478134,94.59731371781203,-95.78256279190975,-63.07335138503738,58.871294234465864,67.96224628167028,-98.13363742273013,44.435941707400275,38.88143594735885,-88.17114828255781,52.51770320624638,-79.69074290075405,70.27580735816929,-63.24663241618775,-11.393217803403616,25.13055041027215,41.984720821657135,16.235936958741377,-12.714707343453966,28.12650837470511,-41.66996517310315,55.76588694788228,24.340736461241974,80.8725048780617,66.375998770401,1.62794954886553,-73.83985047902982,71.52605278526204,14.134279946952205,20.390757820384863,57.03768001350778,-11.477364352476528,-11.885246301790957,97.09106824922276,78.65215501470416,92.17891567731982,-1
-12.119002061109569,-75.76890774780291,77.34687838918089,64.92629359782265,-6.999597394661421,84.11214042006995,78.89052376469826,63.113043148789785,56.59665959142711,8.157574772666493,62.93366664147311,99.4273036568762,-41.06202987301928,99.08351099056779,-22.50268591016311,-87.64299523343519,58.26409433741327,-45.79694503582481,24.484133678594944,59.35408151951819,-55.6883447922814,33.89542895630129,-51.80974665137838,-19.591104348199167,-97.47524836901049,-18.959886327273495,3.366206489256001,92.55017262028912,13.538398023807943,24.974099031170766,9.72035043631341,89.67937720950383,-70.33398485629525,66.07369877594803,38.647893578259016,-10.904190891432776,-33.07860390393074,-11.001833131118573,29.814532398587744,-15.91759223395097,-1.5581920940037577,-48.51865385873835,46.5533197544147,-5.867323997722764,-0.36434031055812,52.0495824224011,-28.49222753327831,65.6596410365486,-5.480149097275856,59.42349720173644,-1
12.437762212905028,31.439532328012433,-8.751991189332898,26.018769891082314,62.2787424688822,-21.63984581506766,-78.72851387812696,-90.3314187123886,-74.4924647287265,-36.586460536305566,-66.08049902508857,79.18612286635374,-5.0856136056884225,-79.98488341385254,-1.8966804721986819,26.183170553047603,46.05432653093291,20.73440576973789,84.34369573229995,55.19397639295889,-31.48512351536381,-96.85803410356466,3.6876969539293043,-70.62077490909499,-74.41207181763522,52.99178685316352,96.66884398544636,67.50295574906892,68.37238430290981,-88.9863737894323,-38.720301557414615,64.83678524830512,-36.605427144463064,25.24236770476142,44.23688135418507,-25.722105475595768,-35.474971728301014,-10.988624236483773,-89.90189867822824,-68.87374952206231,92.12867826048782,47.86182574038074,81.0005229036122,-45.39287646838757,-47.375048105925146,30.57184108043498,-26.749823539945922,-15.52512135723532,92.01586953135316,82.00608152976764,1
-53.59636393823786,52.140961208779004,75.79846155173001,41.77142264085495,-2.022711942046101,-41.76438705021697,-12.911301641080158,-13.785162968698089,86.92568123373047,-52.83270005914626,-96.10681471852575,-50.23965746852173,-68.22761304572879,-27.837656207765377,90.34398520647676,-27.13955640587311,9.970895063737501,13.8491594003181,95.00528017571682,57.262499239225804,-29.8164281578767,50.81207267960002,91.76039373459466,-88.18065710504324,64.7439033053092,-15.805787418318658,-3.799969494017134,-21.196447688387778,-78.73047188142405,80.19430760804721,-76.94692306374573,61.95813677157901,-78.1247896296885,-55.29852692833936,47.56458280049574,1.821636899910743,-69.6961854957099,73.25287416507712,-99.24251752474125,59.66106808084433,27.32099892342829,12.82361348078777,15.428967507215944,-11.72271656389752,-4.813209405756808,-75.02619611511456,-59.05402813556924,62.6734612146773,-69.22832518267157,-20.621884386135008,-1
30.868401098543927,14.136635014395722,91.94536760779226,66.2013577979549,91.71063706252534,-69.99555002911613,98.6506142369588,-68.37848435222065,69.24463924522973,42.11706653024669,32.03412965460964,21.31719786192147,-91.91016287396035,75.18018497891146,-95.97315580849799,-44.19922584825269,45.06443639270606,27.972983114692937,-85.2105097801321,15.838412402942396,-43.61195914214107,-32.502085223822945,-91.96706765901585,-85.22766162046483,-33.99322598583716,-91.95444821529466,78.46463543687798,-69.01902014712608,49.128859420963266,-8.962213847605739,22.495968214007704,40.26015178607139,13.62734427611359,89.53463227892124,56.03754868871516,33.35432438878195,-53.30179742321566,-40.895256153086045,-10.657039506671225,-66.20787799374341,39.95476275109141,22.35444499307053,-79.46747348628293,31.861515840724223,-59.34938143020825,20.546645484089538,-34.463990809034016,43.54397975411152,-81.40976308244734,-26.728254526432124,1
71.95893496232912,-55.69456961952659,53.3423348841435,65.81372924321815,-12.461192355057648,63.594868779143496,-83.74831708363241,-56.015563034866524,-92.86789922960554,-0.9912680085727459,-26.885078677408274,72.24750220199465,-23.49547252705564,23.809504349427186,79.89435562244844,-90.05349176354522,81.37621900342867,-79.89522098914796,-99.38043259552404,-28.604249572880477,-63.61093553748722,43.62544606080712,-3.3253990962855937,14.986960684081936,30.142102227585724,71.85293182405036,-93.46371417683166,-37.39128321375842,97.71782287381566,-77.28605382581205,47.67442856555638,-52.01387139831053,-68.18666836772675,-72.41245197446639,53.23763270625247,-1.3176104214175979,-71.26208072811613,-13.426362544857668,-23.12338858103044,58.99851320846537,-69.98964501523386,-32.789299999798004,-72.37132198700314,-24.129610747998086,73.22890823045589,51.24210490073622,27.91393270710256,85.46122215713405,-50.85083612806582,97.81066167652031,1
47.485217154135455,-36.779022411820876,41.790824685684385,-73.93517728797579,-4.645895878714796,-79.45966172772579,-95.52503084568431,50.657135958120875,-71.51310920824632,-86.57931494635011,31.80006448177963,-4.418691759640666,-79.41980928835908,67.93949340732496,-34.05209355900365,78.86669208837839,-96.577375039211,0.17942727902567412,77.37301356575793,-23.72850602369998,-10.885169405442667,82.13149822558128,8.43400078137428,-31.16238931063839,41.42833823797855,-52.03412277594548,92.48008009241534,55.85542184213469,52.48305491839784,-95.1467665099952,82.21788119921877,-55.351044092638446,-82.69465999943317,-5.766962308114572,-66.83422408715808,20.75855935551212,66.963484976545,-5.855033883910352,-55.54195064713543,26.238352077554026,84.91527582386286,38.36687318825213,37.184064883544806,-95.89328181358596,-88.59420859655256,-30.967452907259656,-66.57411008203135,-31.05573869628182,-74.98725062706788,35.472013323074975,-1
49.087894836865985,-29.503790611329777,13.828314090853652,-51.992316247170045,-58.34643574648619,76.4986254838293,-41.27664386854528,43.62637563079875,-76.55011528830961,53.21707280997484,-58.35704721251857,14.767689706714691,-29.657504471224172,-86.9031924185048,12.961336110748348,18.80031589189366,-86.38462144683044,86.19312061928878,-21.526427832099856,-74.76653800557386,-11.800633652986932,-58.57224161485299,-56.47320257957729,12.265201123875016,28.575048252086134,-57.123995336953335,84.73332137820137,17.25363198834131,-47.35914574602851,-97.27997710000835,41.09395250950644,30.304050524998814,11.080601096024665,-42.906119446324254,96.09934237471751,87.36653807727032,88.4383449271962,-71.72847317946305,-77.3710714112697,44.582477680230426,-55.30494935975649,-87.65363121311498,-26.263644687656452,71.12095177414841,57.207787196711365,66.60925011657929,14.021839902625317,7.2615472077706755,-81.61835031318924,37.33125178534783,1
44.68956357000019,-60.29142822635967,-22.55642858415905,-77.63203903167752,65.67380144603953,-12.701334611350461,-92.94739637897062,62.37551171128675,-46.16131591010107,86.90983969280427,64.7378498346323,-32.97796143433335,64.18201618764309,63.1919817002493,-10.350790470230336,-93.50324133450208,14.318951426784324,-41.62391728416645,-93.8422421328392,64.3176609527869,79.52533302928845,22.843182710933334,-3.1054772050022024,88.82364733221436,49.87460024754367,16.423582514730995,-65.34952568831287,24.951456289120387,-82.40551192364012,48.83249165662227,-42.08732845383651,-46.298158086929455,-2.1014088397055133,-79.77056015407985,29.640448312471534,74.3219334513679,76.17777024833728,73.36379263295859,-38.90720317940048,-22.56607586743567,-6.7377291941709245,-13.025094678163882,40.9381475590705,2.0497285522470037,29.06414113199739,-77.09730537717343,6.517301467778395,-6.6183202937464785,-88.47507314797467,66.72147993866108,-1
-39.322891274173365,9.522396828561881,-91.50581790231773,-1.9818617571277173,-88.06755533387903,-22.519455881147337,-85.5264108489846,-62.99661134124166,77.59310384677792,-83.46644060342624,-13.223697163664156,-82.06275928245913,74.0232375544592,22.8313902975994,69.7104894681024,-78.76239727542118,49.54285328629069,70.18727495410002,8.828292347958168,-57.37265609296374,4.188617428766278,-68.68710057303274,4.777000200913363,-28.48758443862127,-68.44762048635282,20.654222312929065,28.924533975151434,-62.99623258939873,-78.06974261666755,-7.620652627974735,-85.86607238986828,88.45920076824237,-22.056875642911095,-91.77337119468952,31.150795716244033,72.31011638104599,39.00088470216377,-69.79811450640929,-87.43101647228515,68.34297493370477,21.278770292147883,42.47960399938745,7.146293990647806,-80.96955963143253,84.61763081035582,-2.1728824570408136,-63.25716075800882,-14.916462556175418,-48.792721837821304,-95.0600056123855,-1
38.18754762049318,77.04777574151305,52.530511751228175,-34.64879055139383,74.13289552375119,97.93794323829403,-57.516311595091985,77.12405285094908,-65.74580994925455,-59.67749378884817,30.849885689508938,87.12476724455419,-11.213201266062597,-23.646384346429755,-72.28410534832781,19.481379778047184,-98.09474902939756,0.6174868571810777,8.493934203246184,30.384236177099865,-27.951748741814583,-63.94825038066365,46.401096056740016,75.97153394776907,-75.90563132911007,50.108693294664334,12.269367547092514,-61.96607972936323,-81.8714570941118,-61.21732997014671,-32.58472157976186,-2.0765209057294527,94.15925947953215,4.79671839073184,31.6404442549821,6.766795927181974,-88.41170224163085,-7.908159405815567,-67.21090331162355,-31.13730902694236,-65.8022005446744,-18.013864084472317,-65.990028166336,-5.321454027571207,-57.66659620982282,-79.54020006946433,-92.4142758984105,18.31756940773049,26.09665074793226,81.70640679541143,1
20.705761300224196,18.72210888928288,-92.21325854212577,47.896717124265535,-49.26476968097398,-0.15219861166488613,84.6367341107682,27.947599475674892,33.55108813787123,-44.86741351648467,-43.18982400751927,-38.254123788414795,-88.8836025393547,-70.76611559474692,16.229625180484504,29.15601224592791,77.31078560795859,-32.59819976317746,-2.0652617942187277,49.580566308498106,-35.80355609791259,8.29277430791575,-35.366753029767665,-30.70726823408569,-33.56648826993096,-26.359068306670096,-9.104097140751747,81.95384875641915,88.77959737320316,-16.77018049121895,5.343677760561576,70.95258319997154,31.862705098506154,65.14885911748834,30.51158004079187,-0.7436106630742643,10.871937777377184,12.485634228914108,-47.50370616128532,92.00274721090136,-21.377675412451353,87.99147516425114,65.09534674075579,36.92511129583238,58.89592411758551,-89.15372329415379,-95.60514998310366,48.26031258367314,73.49516910018389,-92.21954003635877,-1
93.40705505122924,56.40036511878827,81.62641131212615,-4.129542156833338,59.2799977541292,8.793927159541099,21.48671179400708,84.89445504875556,-95.28662778386798,48.967518774079,-70.92198102525757,-81.09338937466867,-87.22250674101475,43.15723933476275,54.41542992191296,-99.94588491220404,5.792970327518731,22.24654349467272,44.55065069011766,-52.20331493828674,57.78933500746564,-63.07561445088841,-8.563539111664369,-4.60159574976106,-2.531949924619596,46.21811955070868,-10.399258588372533,-62.75804009652162,31.008244143752137,-8.801067333360407,17.271326157049288,70.5381497195452,-33.3869199095232,-51.69465465045775,93.46765468536026,23.22108428089396,-43.05995766272706,49.126195690077424,36.02399140944709,-17.626604624139276,-8.58215047169331,53.447645099044536,10.650268475138589,4.464773841525087,-39.51285530104822,39.21600152846963,45.52860435919689,-2.3802535162493825,0.2654523018300381,70.16055379209857,1
67.64608421636012,53.684214223448436,-73.35465040312934,40.07702662865867,98.73960602543167,-53.51623113112463,12.08736856960249,-6.5661378135740875,-50.0386397474724,-63.900986851231245,-1.6262356530656774,83.02963942402144,9.534569687332379,-60.169298549225836,-89.88725361406422,-27.5676262914166,-87.2786016846389,74.55188254778608,55.09800285313244,-14.192587528630952,-23.652145089472242,19.061828949800372,-42.645047425802886,-89.88310948250296,-59.177960970515684,-36.78237652442906,-67.36318288079624,11.99886344641223,96.07891898933786,75.48272428041548,83.7134072994285,66.91389059193446,-1.9945188758196082,-48.411225907886646,-81.25724983543019,-51.617995358804826,-36.680915341832666,-26.24036301488198,31.571785552824764,-25.851850746214055,67.3879493261247,85.88025518432028,39.61702598649731,-58.142227311538264,-38.58616513227145,-41.9925556410748,-69.67939889429914,73.70566628514729,81.74794467586264,96.0286077907046,-1
-90.00419426806425,-8.899660956155955,36.01220566136732,-84.40343340200334,-34.29297668075881,29.779679599415175,-7.173762440468792,-83.18206964266108,75.38509987951068,63.68407599458925,56.246130200563215,79.6253840155434,9.468534352705916,-62.672178712702895,-5.337483804176486,-38.02556428430197,-6.7340482381310665,55.9630669686197,17.364722489005572,-32.330437927058696,32.73343483737327,-83.04620851454582,92.27279036037899,30.665516059976795,81.47621684639262,-2.431878455965091,53.51721338425807,-17.433078527129524,-95.11826217683135,-49.928276004618844,-6.643742129650036,3.3784334456858858,-58.426980439503915,11.236162095362602,95.81600400949887,-6.2086088265987485,56.00182272559388,-51.28915737403341,37.800119861343006,-82.13019069956044,-94.88454528934543,-14.525816649053198,-89.78139762300081,34.113068813862924,-45.00792969206853,72.1583999015244,4.715167724636743,-94.070847321108,-54.70026641074168,36.9588560948427,1
31.784788382030285,33.853658350166995,8.752491183731138,-98.06674666196353,-39.190946072838486,-30.486975480816454,-49.61383906353933,98.95267402360855,36.67653788703882,-39.20772565930519,-97.52661822096765,-52.683962606756786,70.36120573115846,42.89104012546997,-70.47458830949564,33.350307461653756,-25.272076701985327,-96.95942293009034,52.33489725364123,9.085721672613658,-13.196552771821118,-24.809702797004917,66.98405428299009,-79.49674127044206,-40.699299701589275,-76.26800491433123,-44.983989828101166,6.387121237947667,-67.25884691349756,-90.05831094220378,62.651642536348504,-17.529988432206807,25.51862795285973,4.8899777632914265,6.428911885870292,48.08508931321501,-53.8464992985024,58.04984404111897,-55.83184099031806,89.67490802700252,96.61845276093041,94.79465161247165,10.540391221673644,-7.259711412432907,30.607306416024926,-91.84318602103912,-65.53981905844728,-47.4454112950142,12.14148339729104,-33.96446757012828,1
52.96196018059908,-85.4527476445607,30.697786411649503,-1.717249075423652,-40.60580852968594,60.92234020506817,68.45070568729514,47.02850706942479,17.14439948166799,64.4408301697604,85.4916647624454,30.120333735592112,-68.78447114874396,-31.604507352188094,92.04537867800255,3.721155245230932,41.97612127853347,76.23402960358871,13.884090332056843,-38.11541186239125,-35.183426993748284,74.21798879900845,-76.64302893472434,-76.63440569734206,84.87093365821437,29.563556862052707,80.93469227990008,-93.20242773458945,92.20737779038723,-12.454151261378627,44.66357467437513,60.04682894028673,96.71605598690957,58.409458005356754,-97.42036202053848,-10.900586719047894,76.01504292899597,-83.93534056268274,30.899601043939015,94.52286535208992,36.0588428713221,16.25882751051158,-29.57968124100678,-74.22029423108552,15.174294211781117,-55.98777973410356,-75.99860677014696,30.822613550266112,-42.25347705550748,-37.31235004803308,-1
-84.60935967415817,27.84036587799197,59.754365822925706,50.06248767594394,-46.29839160641631,-7.342510186713042,-15.164201758600342,-53.02111877436213,17.97166382861306,93.22152463135322,88.10593790204615,-1.0712018948615878,51.70224989976978,-25.83144084727529,-87.37382694690228,49.38334567709285,-27.848459377468245,16.234433695161,-92.17374133348626,-50.646125334776215,83.1614875759083,-60.351582101807686,-2.731689509543145,-22.46472670844004,-35.11306014740512,10.435091680286916,-10.032536040132143,-71.57839405800624,-71.56081968281332,-66.3394723802317,-25.682219140043898,84.71913836845476,28.43618403985002,-3.758265518913788,-66.0564149085775,77.6435230498025,38.74515750103674,-55.05333621079653,21.903661920508185,55.03391639430939,-43.805606937537725,-26.637779178407087,-37.74119242731837,3.4736727946797856,-63.17964331222352,-44.57086224046658,42.066078666930935,77.0605786899819,2.7639476306718507,95.03603696604324,1
48.45063743981743,23.889014763630655,-37.75094948428062,0.18588088330109542,38.052521837080235,76.06854828586322,37.556408247827704,79.62619127690084,52.18996657688905,74.2728824674137,4.6854871617445895,0.10860096577687273,-40.46490216511145,-55.87211145503566,-87.7317491774763,-80.21328387805274,75.75872245668168,-9.865186593129977,40.721012115658226,-65.28341105047855,48.74961860411079,23.5628021900624,-76.87504508701839,-8.329969303201821,-83.47821516874798,65.89000739234848,57.18036926626863,-78.04038360408538,-6.16318838224548,-92.5003975899825,-27.930530286999982,-66.02610469829078,-65.2426009958003,-17.094282582294255,-83.8217365299358,-0.08308016499756832,68.65306290509557,18.806453267193234,-96.00112277550133,-83.40723614229208,27.824120634861032,26.781721872512065,-65.73940706183029,-75.71992734676532,-48.114781948241145,-92.34869588799044,-83.71484058259591,-83.17982853402356,44.27645936705116,53.4852604537854,1
-12.920735320049715,-94.29599503227035,66.41241935083016,-36.032815341606586,-59.60850512286202,-12.78787758153905,31.302129789472644,99.09611958435178,-83.5345280856499,46.30147393327212,-82.53126475811384,-7.022568399406893,-47.58722112993456,-42.51532940569105,-59.16546223174277,-87.04280894200727,91.31864983742838,-63.408326018287276,-23.161757434263407,-46.80817051075918,70.54537071526872,86.29404280960259,-74.74345200269792,34.50775148901391,-59.633953281967344,32.49036838759122,24.433327078545204,29.51137429832633,-53.7187722409574,87.61134048650422,-93.5888849405891,5.620107688026479,-3.3329463617379957,19.557289779236925,35.69190664623579,49.58097477248731,17.29807829681988,-47.48288173701582,-8.052292324636753,-16.985437398027955,-11.340711747061633,-65.86928035470544,-70.95253090590099,53.99895334541489,31.335107390496148,67.75355248759948,27.473947364118942,-37.52399056945337,39.50440219761356,59.82799384308754,1
-84.20616756183428,32.380315294385724,-33.25703030484142,55.225994522879716,58.64793996811369,-0.7444681885195621,21.412053584670872,97.988857562184,64.23601407367963,-26.8283827494904,-94.00957852726715,4.131896648056312,76.62424451014843,65.03433408947527,32.260617649602864,78.35474999234776,30.88722222092366,9.795636189556106,-17.442187412372803,-96.66429735225854,-43.26823802116513,-37.808777649662126,44.93471778968919,57.38157959357031,-58.84771756717279,70.0452080778575,-49.06850908765388,95.75236863032353,-40.66405643852777,-53.69625322852363,-29.12503946214659,-45.40230384597419,-36.14115961221876,-67.65775429822966,3.9700347445471635,29.771253909860746,47.390950207392024,-4.348532819715658,-98.40030224525671,62.834540589888235,47.96263509662765,76.71687874827131,47.59645527680266,28.135538228710686,36.71084248253388,-55.42480228502718,-34.04774515761923,-47.124785012000395,-9.72468262229151,-47.10457670573791,1
-7.820332358683629,-47.489953995999954,-33.956954967994506,-99.32752433541268,14.390220323839571,64.54648179829391,-26.572888339257347,32.131267209849085,45.46130850254892,73.14623737656134,-23.13706430006522,94.2911349618131,-88.67440396413019,91.17835562353665,-93.82113578069877,88.70396571868397,67.67435710595723,-14.090974541090404,17.918431003697293,12.945885077038156,0.2657438723319814,-82.38813861014056,9.23297464895802,31.592962379795296,1.100177759185513,76.42651728758281,79.70839182315115,-31.99254004020557,30.120279324555725,-34.27024575714468,-74.86446318716776,-76.4471435748215,-38.13552870569639,-61.321650060419785,-93.64594828988871,83.85405014754937,-39.60554958677503,-39.43828187418836,63.687467497617234,-16.977691149496252,53.019324839842284,-29.72100045489448,36.973613837947084,91.53643752288968,36.18557723536321,6.012435817738975,-63.74572903403397,3.6538972532736125,52.2977438607268,-44.972860288571525,1
-22.691898635394423,13.896477627318362,-73.15231618125128,-89.12260679968553,49.515623895195006,-47.20128309189813,-29.33132072748093,22.49405629124186,19.584908046758315,-81.41650968337153,-70.98005989900318,-31.284473995598788,80.95050197025651,27.565939010353063,3.5855671421576716,-43.98431130407066,23.369823981790745,30.579878493659095,-58.185044267208895,46.60593364348367,27.17991900670249,-21.26405698043756,79.54664763607886,-93.57886651741609,86.81240135352579,14.049665213141125,-29.357581527160775,-57.663558745785906,15.731831612728868,-91.10884764702305,49.69228557328614,-18.933573245074072,-88.5224701181698,-42.41209460679896,3.8848996305622023,76.83640491566274,-1.15849557213717,64.35487046672029,90.19857397702734,-33.63561652124092,-29.683611638693932,58.37805804989026,8.318959706005941,-78.02032429758532,-96.02470273702582,-57.303631322349325,42.94288626610313,-98.98894146994112,-90.29683060936674,3.6530380600157315,1
90.12142938751123,47.294634923814556,-52.536459159221785,76.59049116949944,21.564754428277567,63.451762202775996,52.90640597149516,-9.671794546452489,94.01308865133416,83.20986791990416,-35.629320041767116,-86.18874784430304,-54.09207397609672,-97.65891118148005,1.3708644068761089,58.81267804631577,-61.176052556849484,89.76591339559701,94.73187801065507,-71.6749963774337,73.28685266378679,-79.02837973796349,-55.347483380490004,-79.9128981374424,-45.279987998866545,-98.81476624471213,-94.5797851340358,-89.32481665508642,28.7952835947589,57.81728618135759,66.78470380988665,-70.61733769453878,-55.72512803537724,37.295418750896005,-3.518917786848675,3.7389558037497608,72.82275918632868,-90.79956898581489,-41.363498858355484,-70.93101852061659,-55.864103745134244,-31.13232860265572,-53.9131843000767,-94.01430751261543,9.180328741614247,24.33418412708619,82.97233125625883,-34.6115004078829,21.620850199430166,-66.06419801860255,1
27.380463490948642,-50.01965567262203,-53.91560563713256,96.08977972727854,24.878552859168494,-19.167235693401352,-56.45225606311772,23.11404015556981,-54.57642431223712,86.68388202785587,83.49503144750034,-54.884193325451335,17.66866228164932,-43.96291677356139,49.71485685452447,97.17455918815554,61.77527242219503,3.8974405253646864,83.89709150944532,95.59606308188549,96.57346151885,-66.63912159088417,-17.548219917681962,14.455246676263698,26.141220919622256,-60.06323318657169,-83.10223536818191,54.50150376409556,-85.3981605219299,14.959326229874875,-67.28054411783715,-93.44762368722239,67.03224791976339,71.24093228080633,81.69298326807868,80.97308761991746,71.63289022800242,-24.719138857020553,-74.1341297608765,96.55448648848349,-88.96445591478799,-36.03524322084215,74.19942644625954,31.362932205094864,70.93551721920537,-13.834453174168274,-22.69975679833975,26.200676857476623,42.475132531504556,-76.05470417782303,1
86.15146512071294,-25.591286437558523,49.100617070554534,-14.501225601135957,-12.770580016851028,-23.780030081474095,66.23909126475937,-54.82840743886268,72.34416919638431,-56.96070389210086,-35.48819298397467,58.892403891929064,76.63199558697781,63.92077565236275,-42.0841578763717,-85.96064233081913,-72.16594341900793,-99.48121600771604,-12.908619025800533,4.3382099400939325,25.180690403937774,-13.104475614060476,-33.74785049713016,-63.89044421915984,-80.98543958748215,-77.61330846810064,69.58102204826287,-73.83834986764356,-79.0832926759079,2.350789297660441,19.984768465490646,-50.93076694689944,-42.15783983238286,5.337359347650889,29.77475974446935,-26.357096749867253,-70.99563381778876,-28.0488932981861,60.53987439604458,33.74743655165574,-50.48748969308727,-22.062635774376943,12.943046924287913,18.351231385287264,31.061382819408863,39.16691522087791,-67.33916049757474,71.36566417663357,36.76798171138785,27.79946236731226,1
-19.8473878249348,43.613632240172166,-82.83784565811223,12.743535909523558,-64.93781789707208,-51.097516961190756,-97.2448428095147,26.339376245176837,-49.68212118583102,-48.675194449405,-60.09826820121973,10.384828378678648,83.09899107958881,31.765005707177608,45.345835459273275,-58.30077866407974,-46.35636551369902,-47.87357671787387,62.45413186336583,-78.03398140681614,-57.0055013852663,-64.57633245772593,-44.13823374182726,-65.92960530080364,15.332192846701531,-33.75316194018242,-8.715338702229559,-30.940951652254014,-33.505409542583166,72.90372865474703,27.99625188362687,91.70578405986069,9.152090438397039,94.28754117328074,-57.97576000437849,23.29530753055775,-57.17075574839843,-94.74783392011639,-36.18719259603225,40.107967787704865,4.020769633256506,-94.59251027375512,-78.19235782284908,-27.032764296894626,-74.41625692493447,8.268861448218814,79.91600187838256,38.03987635189711,56.53038137811299,-1.5576886281090339,1
-71.43160703713363,71.97089806702434,-46.85072476266772,-80.2218320035366,75.90431851721749,-46.33038655029007,71.47977286665576,98.42988453922524,70.89621905341451,91.30622659302546,-13.329765125427102,5.389674653039762,79.21544074673753,-65.9594446960611,-78.92025062713917,75.30561505927548,-93.5267334712399,-93.2537274045622,23.96186093138195,-11.628899628347227,14.522849707078976,-21.116537324801925,38.41433334688179,-41.2447115238231,20.950981002141503,-98.26257998019643,30.234049260225163,-6.5307305249527445,7.504000660275963,-12.547283495695737,94.82941889749955,-39.14731472436266,-8.400071816979775,-52.99865049139192,33.15222998375961,-95.48772988543604,-35.183561047434765,34.99654940267678,77.83196246982982,62.947251884968466,-76.56305744093352,-65.34669020960646,-10.13673733951201,31.823940321952932,-25.84610491989821,12.638343912996746,9.403951678416831,62.58828259082401,46.875000846410074,17.13943371342792,1
-78.90331450779286,81.78354882429079,-89.68902534674974,-92.91620534382726,10.539137752557082,-13.487939896131323,-26.952531589848917,38.26142856895632,94.93671659726343,-41.26973482081999,79.51210868904815,9.885949851980811,-34.61947097108802,-5.812761614644771,31.410042155605908,-37.33222012069901,16.25959798377859,57.47040413323833,-67.80314170599726,-61.07320262844984,21.155393779144617,-62.64256599249867,-91.39597099382182,94.82428769984702,46.337712992921126,48.3585788803268,43.90263584961701,-94.91420611854686,-15.724940455238283,-73.78731827981323,91.49994691489402,-42.90268271826692,-1.127857301312531,41.88496808461301,2.7380822171568724,49.06027787724872,57.330575390332484,-16.879586164775517,-1.4861888140675177,-50.71981067143341,49.80781331627321,-31.262872464546106,-42.01415214405255,-97.51766175516462,0.714605882203287,43.07703041147474,-67.384480443797,79.3602360863373,49.88106803070792,76.05776887613652,1
-21.55644131329197,-18.638141728630117,57.32261224358038,-91.16879017765376,-29.373718297789495,-33.79188865590355,61.218371431186426,87.56821034226132,98.03297866739535,-64.316284676208,5.309114848395268,-26.08329017116087,50.70221453289662,-18.638079025684902,-68.47848714176475,-52.8321342470591,-30.731071940698016,-25.14740923243069,-56.0979846720181,-13.778527697078701,58.66828565687189,54.52011034270433,-84.91432267129382,8.938704455320035,-51.450362147169514,-80.57360125246724,52.743323326132725,-54.006638059292285,29.684846354170816,-85.78249081213862,41.76194627897863,97.24712169724904,46.070786590403,-3.3344790770200063,-56.38634775611588,14.57961534135623,48.984219291109014,-85.14951502318446,95.38405046659719,2.0825898336071873,23.126051974873334,-64.40302027804476,-35.13341795792637,65.77757814984244,42.076456517833634,42.692698827927444,-87.13589136430299,31.44906242431017,7.765365231613998,2.4831686029412907,1
55.60504862893063,-22.37338379955014,13.432909259174124,97.80784835115915,8.018684219542905,-38.2448447276005,93.56756102042274,19.454513228767922,-77.67806667762642,37.24588616322529,-99.49153956001994,-42.891087905832,29.539073527064744,-41.83196558727666,28.181854739939638,-98.36424068142445,28.555330378831258,39.6461695471088,8.939826234794054,85.83170550024298,86.39833768894763,10.668286607274723,-99.48382284453191,-25.802469391332707,-34.60261195397858,-17.49817746438258,24.059004799981906,-13.916908847981219,70.34030254625736,-55.83162447990419,-76.13765371901444,8.837320455599198,91.91989780220581,56.048305378293094,52.894541866897356,-12.57317295774061,44.29124022419413,45.88520144373379,18.379735444057914,-50.23058259743396,-87.38304072211574,-21.77591101455532,-66.88687364791521,69.80464918711874,-1.810957690271934,21.382475115034154,28.537964340279984,9.394300513380642,26.892572289428102,-66.97803261068964,1
8.05988135229994,86.52914346823354,76.11648862419332,-40.69565592177078,15.640921135319232,-41.78254700115394,18.90633377055009,-95.93371140531384,27.990917669903155,30.514109746780804,28.799536680037676,6.369355251216135,-7.938649599028437,-95.37880355812666,26.519548620849335,65.68048599180679,-73.63422466278995,-81.57780853793068,-80.23609650047119,-18.2641416590384,5.999547032323974,-37.121102678608864,-94.13298340280687,7.832820893146348,12.441971001515057,96.30864920860907,39.56966318734504,85.91824280189422,42.906072173914936,-18.98983333356132,-35.380714658894135,68.19259923818598,0.7242042216750235,90.98189495435409,-57.2448741369614,-0.818955321242882,-70.37565736762738,55.28324874699737,61.94946014341065,-35.81573152437909,-36.89901264709194,-78.12591046918664,-50.557650504467546,-84.56368222559531,60.42237268146917,-34.11963116943318,77.84436168258179,-73.53528058613324,72.88068675745481,-85.1288100950419,1
26.828427659147366,71.94956113701338,72.17100560868974,33.485601201397884,-54.504870670741745,54.76066624949627,-49.36407343814795,99.32571908492437,29.541286983808703,31.34792537046937,-64.40041872683011,-36.613377446453164,-54.69046071654549,-5.232884232591516,37.76360397570167,96.90933621214481,-70.77660671519189,72.96595384927198,24.011898809564443,89.15812475752446,64.95724482779556,48.32958138293776,-88.96739814460554,5.837057299539808,-49.03721045071548,-82.2216227684607,92.85687555720503,82.20022164328279,29.589592403249924,20.253418456156112,-68.6125454423614,1.8334566134100072,-52.5061007629404,82.2071881044823,55.04321165722726,95.14849303063554,-43.68937495679659,-38.74598876596933,71.7040294507402,-32.834771981754,67.02339231706972,-49.68811953378464,85.7703289547307,17.56680688244643,-77.04257976687782,-15.422984127895845,-66.79755897760238,-1.1155852577510217,-5.342199536809204,87.84521697867177,1
-67.9856730090854,88.63916993869015,43.647598996256846,7.883638550693405,-70.89807087093578,26.948903744648888,78.7662453300525,83.18055551842022,60.52731976257252,33.08465098209203,-12.670624126173124,66.3903459061217,-89.46881159637704,-59.216219423326464,-77.34648380556084,49.69296033739175,11.820576175350482,-21.768019831055426,65.15651936014643,-47.89241246269329,20.370989208918417,-8.884917799916863,95.36015700888004,60.88283181322609,-82.04711248173709,60.98741020599974,34.924969025263266,-39.09026668780014,-24.585284931266898,-14.159072420999124,-43.94325447119547,53.798624037911566,88.57400022438699,53.949571479614775,74.5099280744418,-60.26930761382945,25.287651901624855,-22.072481250236947,28.168430539629355,82.45085157986324,-87.72701244377173,-65.8028876904437,52.61389843708284,71.22636367279341,81.21348354807964,8.714526303435235,-24.31719683386737,84.40972349773403,-88.51561370813351,-83.63908479997706,1
92.21406349389102,-96.66568988007339,-41.684646084846946,-26.87156745915773,99.41497538262874,-84.23707217119316,-77.90541478905119,-94.71202338521738,-61.0294361850324,-44.201430499945914,-16.746392148461837,-44.24863719598093,-24.968707454377693,-18.11798050181453,-42.45329837563059,65.03334559721947,37.9615861449781,78.58783988767587,98.24566445611154,-19.073076220875066,65.60361118078887,47.39142948369283,-87.76271392973503,-21.786910053807304,32.53446145582396,-6.651130437065262,7.385078728385409,-45.25152085646129,-28.812417728561584,-90.7591290519661,26.817734677330733,-34.42695485101804,-62.426671079096366,76.69080822093773,48.8040647635587,95.3034418775064,-79.15502797244538,53.87359541795627,70.34600670075147,-74.62608455099445,-12.191015402045991,72.82744565955156,21.06807435681847,2.2782068482751754,-19.12502569350174,-98.48715768119732,-39.044461518961285,34.67089239199527,-28.199716551557287,-41.68850258905587,1
-76.12379773236064,79.50176702167079,-64.44033228695025,-90.6372085531545,45.39326889220797,49.56484223699326,-7.284674552265599,52.90538713638878,-36.10969965745014,-54.76128526655359,46.86141211002234,-25.352008536975504,-21.97572471352747,89.32315607653132,27.347201807946362,-25.07475255230345,67.36043711952561,-91.69900993577332,-47.05617753355031,55.85057903829849,-62.986017825752214,-76.56129006629924,-35.747913392981005,-42.04895568662839,-55.340643394169,-6.176404706492079,72.09865499924933,-63.971595170026994,51.74909082858886,-82.06468946654077,95.66192571815253,22.104280733610835,11.757745961393411,-29.098157415122202,70.76372103865194,-64.45779354266463,14.749091262020812,-9.371048995861258,-58.325331507732734,25.844100720992785,9.27537590098322,93.8729665194461,-24.6388335292458,96.50873225309226,-67.77188566805962,-96.90587977221277,46.58204097827047,20.51266410316053,-25.61839610115672,-99.0200851368463,1
-20.398941409099436,80.61013062050307,39.646597962626004,48.35666617794067,41.29113706331614,61.86347512511148,-13.735948282133847,-99.2985696378611,31.980824005098043,-51.3733140416828,-39.13085839325845,-36.54787260171084,-99.67563141924512,-30.194681411337115,14.23667523071768,44.5481133317175,-34.18857700131662,-87.04404774009336,-59.63866812628809,48.450702793264526,12.646722076250398,79.79546090857272,-5.57927404788083,64.95921770069864,-60.10636169337575,-86.32068267316274,49.63661129048046,33.79225712861887,-88.04733357885526,-49.224130720335445,3.3758826589064768,46.16813776666123,-4.478287817691154,32.72629829403522,59.41847971146146,-85.341225463276,4.297990094076098,49.52026960642624,10.136162697371745,45.17876845378996,12.352979849557386,-23.563685105432498,-35.62103997432044,70.35308807602556,-75.86370383227283,19.396870255914806,-87.73024309963775,-48.34284505162791,72.4434813214009,21.425590296124653,-1
-43.031901124506476,-18.716692685196264,24.98449395769127,39.78553218904338,30.39817077317096,-99.3366591190197,43.8480374671488,-24.563171115369926,-67.89570288884643,-94.97452285128776,20.249391539165003,93.0612549228795,-92.43544809025846,8.55652699166501,-71.0914609767246,34.52770703747518,-90.97569506544205,66.92398591081835,-97.94890838259482,-8.178301192349394,60.003430986426906,2.454289799623524,-0.04228701710293592,-63.38063688770603,-26.373362304780997,-99.33928453126026,34.22140968372037,83.70562585316455,-78.2060195641818,3.9477697383378114,44.20895213447585,-23.53724594689453,-35.1600067015593,-17.699422277681776,96.75848140935432,96.318417469027,-35.82200403094372,-42.38216731427171,4.410250314840482,-37.628871739194246,32.036036512329645,-89.45210844818999,4.9282207086776,-9.358091355782932,-93.44722830978746,-39.11708050241924,-20.761216525406596,-17.280043851986562,82.45224292519157,41.565810805134504,1
-13.753226041688421,-17.03047868789085,-20.81178083720519,97.16302116270313,15.95743171674522,12.835905585891936,8.090991784268468,-28.748331917779453,4.086546005703369,77.57395834576442,23.99247648172944,-31.33120290375355,-56.14568151383654,50.429381128314844,90.66313298655297,91.31084592074785,32.82829838099585,-40.63667381473919,-74.08292736670434,-28.459269164904086,39.80172811275608,-59.14857790932504,-38.824294404457426,1.5282972133544632,-73.69375290904463,49.315546082946724,-72.92005629558471,-85.34011397876802,57.075006486534534,49.065820474568426,-94.1758987257036,64.60915848825351,43.45579064702531,-46.359601926327684,37.415998060233704,-4.803553566461844,93.31520903800126,-26.56053752146859,81.12877086958105,20.038501163760074,-60.219367127398996,49.327556473561515,-25.735247363595676,30.308776443773723,3.6741541304068193,-72.9453426953556,38.563745671355406,65.03811686186344,-19.363893379964736,49.9826436419105,-1
20.31077585996482,28.201211464140243,34.6841600493741,-25.639800456542417,17.11836504409085,20.224478405007204,21.893508589967,15.910537929756302,-21.755732628641923,-92.63531989240965,-72.80809370168211,-88.02082394791866,54.535775499329276,89.06432104052121,60.33368402177871,-66.67501329464056,11.418614720122449,-8.42615490179621,31.26448661970238,-90.43589811599841,73.06861773432868,24.56819586257646,46.51562577664333,-15.225080501419214,-59.108491346454706,74.70240863625722,32.19810858485411,-57.45372712945203,88.50368621585005,-24.647236504301162,-81.11235621257401,-1.3921311586541805,-70.44652164659095,1.8868497876294015,-21.034303154782208,-40.69116350908794,-96.07148735705364,-82.03658998492841,91.59465476581045,56.379295840864756,-80.10069354641834,82.95016005171806,56.59350775375117,-69.16826071721599,9.510528573950666,52.945797789268056,-64.2481896965798,63.54468792517679,-3.50765027029189,3.685105869240445,1
-95.32958073436282,38.01507083775954,-13.1159723763341,-64.26140954273734,87.92783830991561,8.265023818221295,-45.974381097330344,80.37623506102207,18.06651051827548,14.262767663246748,60.68160313608678,-43.86698555652655,68.09671628702142,94.31407590438326,-72.87897057066957,-99.80970817600627,71.18786288748697,-25.46726435725168,-3.928554911091169,-46.082510460432616,-16.205262454194227,-22.87998842036498,-22.444104373294465,-0.4154895171284636,52.902591291615295,35.04425034228086,-64.3742633599561,46.776191774449046,-28.891080309377017,-8.439979533648653,24.743878621747584,-55.101245739404135,-61.81639959142689,84.1151773716399,29.716284114651472,-70.98599219364563,42.20048961603155,54.962705830946675,50.25268050604768,-50.28728467499772,28.431087556836957,70.31648785324936,-7.8489393340344265,-83.00326271189071,-37.71179612210802,-42.84107378616919,66.69746569382193,-94.10808746330439,-60.48293753255718,-47.12660826620698,1
23.421188885731254,14.112280924921293,13.00355378122211,-65.95707302359904,90.5493201985077,41.31801178052447,-74.72637972766962,95.25075679522598,-23.495831983463503,-8.010250268222947,72.82903980148853,-75.6986785073704,73.532565829735,29.79941721561434,-71.93233960236229,34.530031582160404,-93.3352361820569,-88.7149586513546,59.70800259267426,5.663431593016782,-61.33737631583238,-16.209621273415493,22.192757752671,39.45659629592265,30.783497531687516,-51.95135287755968,-9.274760041324555,-37.4408887936454,-70.60646230270356,44.0518115565508,-2.1773319571900913,-55.16798278329609,-95.59715186179523,97.4484425328827,43.87111657566723,75.41148291197274,99.14268228453301,-28.241957426284173,-39.63848602950033,45.08961399015615,74.25476246595338,54.83194932017844,-16.767489961293577,26.450108016741865,-96.49407155279386,84.50269811547025,-78.30787326731729,80.49775087858762,-27.09454884250144,85.48303705093775,1
10.694355241969973,22.83674479690785,-97.27912090986635,29.138773676783586,-48.6059844561711,9.425590846106473,75.81865807167787,-88.82585198152542,-91.89087591836972,-34.016914217511186,-92.58397945865778,-60.86948619560244,-45.88255907320216,-81.45449882200522,40.76264858209993,5.416716440102931,-24.96418874728907,-39.05516161323583,23.854134605649733,-73.92151150957852,48.254529579593964,93.4123908330991,-79.49638941943567,-10.16694319640618,-29.394682357812016,79.9669008889552,26.0348001627398,-4.516038085065205,14.200848001132371,-52.76426482165548,-97.09652699561988,-46.50763208705821,16.735179536760086,-27.11442906135619,-82.5910976495949,81.45431906758785,-20.54743362303462,-68.5696207785697,-68.87127264520628,61.99029959104857,69.2764952895734,33.825367594436074,-56.27729417444163,94.64997029943447,-35.08296471826837,51.45105598144005,10.318288056512046,2.889840132050466,-49.77850313450147,48.276547711170736,1
-33.27432083262687,-20.382564352753832,-15.732036677790333,-91.41754546796116,18.33608390640032,-77.21885688473833,87.21512797568033,45.16437813583326,-4.567809418469523,98.47907376905317,86.39385605714122,57.59415619613034,49.27022902871428,-66.68487825878726,47.57685542032891,4.919979075645898,-20.760349559946505,-65.21130181993422,-50.830470399928494,96.84194356387644,-80.67321960187444,67.41500515212743,42.46996647703992,41.912871168097695,-45.8848936780166,-31.962830276110182,32.7041975141822,90.1167212337142,-62.01756614336338,-40.975301939767576,41.83931608676215,-14.709354544427171,41.653927386859976,-90.06723056021049,-28.032998428555928,-58.003382872783035,53.19056314879052,36.34714133944709,70.09912838454511,-55.290941402653516,62.36201684638948,-48.35755220502818,86.99841675073338,58.12609332779738,-70.01223889656778,-20.759416661732843,77.15429841874806,-13.436976214624522,-68.145091459416,-57.04944045809748,-1
-16.68683430354156,60.62661778724919,69.55805407257486,-95.80340074273937,93.84918684221805,78.99327572877291,-57.379825568311716,-49.96891761592679,21.623669873414357,-88.5447538304411,33.754270561422004,31.69091683030541,94.76690028222185,-99.64122598554242,25.96031872461255,-59.43284862719216,60.76305401574194,36.511068706900005,15.233673508666385,-87.18688923338487,18.506532102396662,92.37693178702162,-89.21129705022217,1.5930306114445614,62.76539118454926,47.73944190617564,43.88633609900492,43.40832996234829,-37.00135647810852,95.27811983336946,8.008325483015327,-37.454807362236345,71.51591177960813,-0.5764588767050611,61.21053364880339,-46.87735723643871,26.544710050317732,-28.37705838307143,19.01297386843153,52.88294084770965,-85.95154078754162,-26.79696220618675,46.81029094611779,65.8400157274645,-26.564099080458448,-76.09722693856031,-55.70283758339405,72.72770531782606,15.975935654184866,-55.90123632324071,1
-32.877909146031456,-74.20421841456695,64.76810303423878,-13.238392696334643,17.94576509317602,-96.77653910244715,53.16183229799134,77.50845476829895,69.88406876652596,-91.0583250845119,47.30665344433669,65.41790975485975,98.46578817211258,93.93853074495618,81.32531315107443,-12.0356562131213,-66.14591471607113,54.21933221938448,-90.45104864478482,-38.11762319438241,62.6830774202009,-88.94280740681626,-55.5688249513214,5.193260654015816,-58.517615365619925,2.1141018611335625,14.806971698721668,-54.13499698104594,-10.794531041949071,41.42856893467274,25.017913174074337,-35.4681098134364,-85.18486006880252,85.20374927014126,10.018003749466715,29.504631206076766,-21.220087522510497,-47.521791893455315,-82.6520243864958,83.12910633844993,51.17173401357783,-4.976291495206837,20.807403462128377,-75.0388225913911,-78.0319929040061,10.270646534656791,-83.09912537877513,-46.032288416561904,-7.220931815228653,19.671151028433044,1
44.4141876405474,-65.44853634378254,97.83683287321918,-2.3580043447016408,-12.179838850137827,57.117616810583996,-63.82839668398934,-39.82433642782362,44.63585221844869,63.33743544581017,63.88229322575444,-51.21898180216817,23.833002845578406,91.32560608679768,11.894689403629826,-61.17237467743433,-89.94037340988552,-33.623438800121036,45.52147878194336,80.22397293340592,-67.76525734162173,-52.445111514432206,15.096478385659282,-15.053643488855144,17.458560995975375,-0.4263402767419109,-37.59562994922414,35.96985871040482,-56.51805636876441,32.59828815280969,-22.40644604165219,-91.59919873256068,-96.73007267716174,35.21507206851007,94.98736759971379,22.13226838381881,-24.10785118373468,65.52448835182275,25.48727090761544,5.642678196402855,-9.305165637966311,26.939916160691425,5.8686266354357315,58.40283860308091,-11.761369300078314,48.57134202258874,-67.306250554221,93.70894641788695,-17.28382704748273,88.04128504406461,1
-26.411849739583104,60.3827905672253,-4.424538869388471,-87.5551654695516,-51.36648529485419,-21.409672828221616,-7.746927941580168,21.318766254682856,0.9233765280251163,72.17562981845802,73.64326179463512,-99.31567902819793,-43.497070178223865,9.42610023051904,-37.79082241352265,-23.19366326770202,-86.5063873437091,33.79061258436366,-90.33992695199933,-76.00380279621376,38.215364620269185,18.71067587574342,55.06452575517537,54.287619273589286,33.09970138268682,-83.12112057792693,75.23836471464728,7.2042905829625425,65.26460076521363,-44.59162146102118,-68.51514058064853,35.38121690095596,-15.702129770348265,82.20908444031159,68.06012870397427,-1.5954566148983673,65.73983007694383,5.641922413655223,13.220347062603466,69.86659066187366,93.99947718092389,-88.257427424133,-63.910535500138344,43.925790654037826,-73.22884754890467,29.15158936844543,-37.967812158432835,5.554325026782948,-63.67411652713233,2.8784004920136823,1
3.806456025909739,35.6245003073293,23.014668003702127,20.119340715890004,79.0870201512212,-75.1383300189074,-21.620566802575453,-55.675268141291824,-44.43300323634101,-66.39011993649527,-34.91158059079318,-59.21447723622719,-32.64072865048537,-30.719549746399494,-8.546335551073312,74.32696887466744,-76.68077429172757,23.289822875023305,-86.85988775802163,49.615559811772044,76.03876499519541,98.20117645876167,-10.336373914183653,-37.38126174421077,32.813158202227186,58.68122413923109,11.743807457202251,-17.35486838777689,26.366751514313847,57.25260465323018,-32.91022493081961,-29.121305064491068,86.26424067754968,-33.45875623053509,-57.92839318173875,-38.20670479178756,-3.9809970433740034,-86.3145890614172,-16.098506371304723,-36.829343836065,-46.723233972169865,-12.304180483447041,14.381940676532977,64.47759027123271,62.0862429929509,-7.208571716382423,-93.91929302119264,76.20497904681716,2.0142033509037276,19.12176770506919,-1
3.3145256891958184,-1.4437308270088636,-6.039584860464075,76.63519412286465,-74.5247934944298,44.86548016280426,40.96073024681522,26.098514240480398,52.568656475257825,-11.57131566028444,24.149624196952374,-30.951845290298536,37.92278302301153,-7.131445395557961,69.9938017413912,15.072749904461858,85.77131219115526,84.92415333912069,82.77814865012778,-82.90866049711508,-21.616240371297053,-20.15275613028122,-38.20869787125814,13.328769519396985,-19.842222476217003,-90.36762284887669,76.24001345277213,99.50548267538383,19.899140330956897,42.662484114679444,16.047104848374374,16.788790493539366,76.15688426420823,-26.99684287343409,76.82901480235748,-7.405768149151399,26.58053626856902,-8.788572603146221,22.128491011486886,80.44338646653065,-45.11987789463983,-2.4721641874306357,-19.0207243203389,-77.82061683110939,80.4010056108433,77.58291213785034,4.140919113354727,-91.23961863081351,78.09120496142498,-1.96825800131802,-1
-25.76551531247449,-81.05221704413117,51.141984498478564,24.496663805807486,32.14579402983486,37.78260353976307,95.46675657693899,-41.39363408154062,0.9153071938296193,62.570687978752744,92.74595571949234,-69.9699404555511,-53.979535365926964,-50.79223584960077,86.40065666062222,-47.05069260054171,-71.06095541324933,59.900859708484774,-48.18273911717683,51.898475400694,-52.29406937721785,-88.52904705327722,49.50868434192381,35.666396382370294,-99.5374387274016,-66.60520838321251,88.60733535735713,42.91774789957654,98.75755827319594,-35.2106603901948,-84.10597633199728,66.59313464812584,68.07510726290704,-5.610922368274942,-30.668819131493237,80.34197129894395,-71.06878898490135,-12.230447099707547,4.1602069026885005,-89.45096504667866,-7.59709651342699,68.31457950951133,21.667302931499634,-44.715385946195326,-61.923938970797224,43.77732226840777,62.194787914374274,-84.46556229849078,65.51747886228961,-6.212701289349525,-1
-62.97341423227607,29.65139081556441,6.606112297651109,-99.11967819924274,54.50039313694131,-87.8859833672111,-24.34881768947011,83.3184730728791,84.80178451953975,-18.487137552373923,-97.78978747219378,-5.819706100850226,39.0559270182346,-14.17283409001,-79.81465664460923,68.38230905202101,24.61194290992266,57.47448113327604,52.13369552322368,-18.071541548471572,-85.78504066926065,-26.42322555159066,57.29871790899986,75.59461978514335,-77.68254841789049,82.66209478735507,10.295977878652394,-50.98318648723299,26.522644870565344,78.49975226887733,69.97705674424458,37.218215396937296,-84.18606954376035,34.64411321451175,82.36237356773452,-94.32146533858072,-34.978996884463214,0.24190017650505524,96.38481898525063,59.54853991479578,30.607735728916253,-5.684460475805864,-98.7527875185316,47.59259462663769,-44.85344891420044,-5.271357366197265,75.78013595934254,-83.91519658995361,-99.04734499463979,39.72021171951948,1
-50.32474792603996,-65.65800220526236,91.76019085176955,44.83848933083098,42.131475413371334,36.41536361022858,-82.15460019720742,-32.492410873725234,90.41044889798417,49.07659126219872,-18.807234227592232,-4.1270409127725,-44.167232579562366,-36.75451357748205,-22.278254987438345,6.966575170035455,-4.538280811080739,-26.347109751490223,65.29841744102441,-51.61342665206363,15.912862996100657,-81.8468390787521,-37.44572832928248,-48.26753875767087,47.449805064539476,-79.44516962729169,55.94060061003253,-47.62303963214094,-98.38392002973042,-62.339872348518675,-52.339261051238736,-39.68925406501911,59.1160497406573,13.27886725098044,-6.429895057606785,-66.79177310176325,74.63985408849189,-78.13722701408234,58.38174829523959,91.31229220718066,18.303534231188536,-65.63764934251171,-48.157531771849385,43.515183220069304,-40.02685140901781,22.800085367587002,59.115142875611525,-76.07202488179725,58.905773581146974,-42.97515431871837,1
23.385383675148447,-89.4348212182795,68.66647097838751,-89.92740020132084,88.91265271645054,-82.76423451439281,-42.57388834931661,-57.57505406813927,-52.38423152962386,-45.01225507041751,-81.58369190621524,95.18304334537814,-8.532988850108111,42.32312526496432,35.86793428574765,-49.17011424514142,36.2576870794239,-75.15752589766156,80.09614110991674,84.78708609271848,-20.989186073295713,18.01440254278137,96.53185691811535,-64.9087884082054,-52.81462606969141,-57.020411286171615,8.680870831692843,-74.3949507385613,-32.56653322249193,-6.012961861143367,10.984006516248911,98.80003621499287,59.25916392572961,-2.5091941347590137,65.59274765310946,81.52428732265727,-24.590025035910983,-89.80211336011612,29.049122665488056,-29.77438641532973,-85.8682647888821,12.178990274436245,-44.1710138477424,26.141817301541707,85.78559546070551,-71.0153940152954,-21.593981212989917,99.24223426265272,53.882619041032854,77.86191626819169,1
0.08022914204023834,-59.969157750126634,-59.18538831963862,43.957452493656916,-55.67854865152091,-89.55905808098035,-70.23833936178417,86.89478604932631,87.16767747512452,-81.92180158355873,68.86605020305382,93.62006528385422,-0.47560940951341024,3.359971402382399,46.407402146901035,51.060328284255974,66.01003816671874,10.534375259435592,-67.927551340925,71.41311175676552,98.77702348118083,-45.26306133166935,-9.28667927063995,68.12116656554736,-13.928848862133123,-74.36230607339034,-50.74613369182506,-62.55000601576006,-91.68311731113513,-93.67849003081015,77.35213152017423,99.97381051205241,6.62342510267861,-10.939808766841352,35.21662966092808,20.522748185798335,-70.6030767466789,-75.20279322767635,-90.62768174040016,21.304201961668085,40.875128600517996,34.88071066906619,-87.08866952215666,89.11409765196757,59.10295899000363,85.78049338357852,-86.71035759036035,33.285453464704005,80.16983666379167,96.58642349576095,1
75.79578005645345,-35.86744905271355,59.49779554260343,13.126690287500935,-78.53094176641804,-67.98476750132792,-97.80074214487573,68.18853041957126,-45.24334772361869,45.713488846367,47.02603779781188,88.26967577181787,43.14186983531491,75.57148320107032,-13.60004450067207,33.90680165205623,-91.26139406110019,-82.5000033423482,32.178571108318124,47.026902379922774,59.282760450269365,61.370635838978586,76.56955446057887,-75.8073600488177,-8.880678836734404,-47.89088725894493,-91.85312048824244,91.69965094256725,73.04856020234323,88.26308615147437,9.649633330992742,-58.57613276480045,30.891046041770522,39.705902233596504,-70.61996263462464,-31.029819481468905,-67.28966166035096,79.83243552837277,79.60391082491199,17.41115305139762,-78.03609394616103,75.97647082052723,-41.35598876146742,11.313464898848792,23.057849197909917,-86.07142842634926,48.909501345364816,74.76776841114088,-80.71596550243785,-21.375130787213223,1
92.64450788812226,-28.06488775538645,4.80753397351738,67.28917925192258,-72.87255969587395,57.23811881303169,83.63450864881486,-15.683198841872766,74.98652531482361,27.831499162264123,-7.58498459283814,22.280973451401167,-3.2386669456003574,-98.75840725402374,63.86992610511902,-44.622476613831964,-18.161199976745564,-60.57460022103467,20.338118860614117,-35.42951520790376,9.364728057469776,-73.9547261119552,64.50925673416299,31.386884595312125,-14.11611579307646,50.00271741162419,-27.23162833801362,35.20885600001509,-30.156946506507907,-63.90624696699039,14.682066747590355,52.66619301524642,66.91683782373948,7.16317515176182,-77.29953160248704,-99.16625241730763,-86.24881173108862,12.564944161951644,26.414490387493572,84.73146137502451,32.71388665234355,99.63998263481525,30.67539689348564,-90.3222477887186,-91.60514215529363,-11.89509003005773,99.6858492759097,-99.88927331253976,24.493823934063414,-46.888258416736875,-1
46.51441944205007,61.023841750932974,-50.6765154618652,86.72330384607346,-49.736206274736915,-43.46903356726468,-10.193006747161974,-26.728577021930235,7.356341732849131,-90.72874673347049,65.96319613383076,-14.343745071902461,-61.329978138717635,88.27153195364517,-3.3617184292528606,-51.67862871416293,-58.88613817770478,40.07328108685272,-91.41581586520826,-75.4156916331845,-56.02699119069992,-74.64794918715994,-10.113430921546168,-61.468672912596034,75.20270482212149,-28.695014753716336,4.120433167553614,8.675349980004924,18.779746985706993,-33.77193282998559,40.73796021829057,-61.20629883668003,34.6541392524712,-50.567206775878205,36.31464546996793,68.23142930555869,-57.226732389093215,9.755187255894057,90.00614819761529,54.58085733743846,25.902510230492098,-46.212184275828186,-25.5806408899291,-11.638927251603164,-12.331164749936491,-82.75831957812929,-55.88391169292959,99.30432540542898,38.78814250850033,-24.21813062198146,1
41.812103890183295,-23.527333787674422,-95.37862944250395,26.896014634696044,-79.7750321767025,-75.71930003145073,-25.690122228913822,92.9388965200609,-41.205476530914794,-52.058747950735174,-44.757484669154145,-35.8290939867764,49.94743752482887,-81.09028675872425,-3.3944900132441234,21.84934513142005,99.56183836806414,-42.61148739211418,-60.86521417390325,28.57387985391398,91.83160840691335,-44.16956903341011,34.57529179800906,34.77327453642323,-79.75310694830237,-90.67590613957432,-31.853380821987457,-80.8473786554571,-49.94166006342384,65.14989795157595,98.85358875725814,71.38129724342258,64.01690375860113,-53.42599691546515,52.70563691872272,-81.38609036945314,-17.26394888106593,59.26283755796561,-91.92658508219895,68.69806224588154,5.829894616387477,34.18272447673587,54.29827307789597,-47.377279494292694,70.06998457459082,74.67408501638536,52.490521355512385,79.28723741794482,12.649970431627139,-24.484899845441817,-1
-45.31858561385875,-83.71055742176816,-85.79864395548229,41.96541498397522,97.10245807769567,78.63036377051827,-24.74276497900398,18.29870543399508,-33.151186141644786,-55.0066554184127,85.48895610866322,-38.95934593245713,38.741381012488745,8.502988654042866,23.10551474617823,-1.9658617763100352,-97.6122625260696,-71.87713898536583,-63.928139375478146,27.51263541305235,-71.12514431939945,76.11030935937163,-78.05385806468432,-43.97394484944917,78.69594950638802,-16.105650468439563,-57.78159437683477,-14.81334686934062,64.22471465430252,-6.938207548503115,78.53025513194234,87.4214918832119,22.872707222592254,62.582030055961525,-7.6429748427240725,83.44683372342871,24.30466058879537,5.262701468174981,96.00902616012618,39.10537286576837,-23.951889729,45.29013100379166,7.260695832876181,-99.38483293528864,-1.450967692780921,30.96943233017285,83.17554943966161,-51.32102164214387,3.9911560014149075,-85.8365811277917,-1
-0.4374983931419507,-96.32832320015521,-42.21713683923765,56.06764952503141,24.81168855546973,-51.84911703643857,-29.663556051447216,-52.235579374060514,-11.904170564542511,-80.62542218539136,-41.428632438990775,-40.55414436107378,-78.36743210038307,-37.66037393572403,23.72111838577844,-29.930144130234424,-56.90926732980779,-28.094983399406345,-32.40219169959073,-65.13380750968992,99.80502737757467,-52.14080300809796,-79.50721207246794,-18.83109062238158,71.10864892483144,44.68591544053663,-81.24150565388398,63.29693362316894,-45.82486906795322,-85.66464870912327,-25.75267605858336,57.34222639456908,-93.87577332006589,-96.10607960423931,21.10330116184697,-73.67438542855957,-46.39303796413836,30.958007793174403,46.46326653447974,-26.869890712734332,26.561792939468518,-85.05812827711763,-74.03686159387689,-24.260611628562017,13.167804202881953,-76.1515573811721,-29.82782516368981,92.1641478847302,29.453079347958464,-68.24610324531804,1
-76.5383622075211,-32.50459085740562,79.4077032501369,-80.62156776716638,-74.56456036162453,93.78969835066428,34.79988539121632,15.86947457024415,-22.816404480795455,24.85489011318745,-11.190464227138804,-14.008454358272004,-50.329485989867464,-24.78805433808853,-51.762341800368446,29.580074603776097,67.93969061060844,-85.95232740586387,-2.7783276028100943,-82.58835580011588,18.746086628985267,92.16415791177951,-73.9396619788053,71.29676729694728,18.34597933890032,56.65122310428757,-58.65333151267973,-81.30756130889665,-99.47816497567933,53.7816167148398,47.588263563863876,-60.79795245325368,-94.6988496486131,80.55935827861941,-65.10628646900528,48.18945608713619,-43.55218549130091,74.93932668121397,-14.704902542410053,-99.4761996068543,73.16793592195532,-30.09840241348938,28.450204974885736,-34.35505487940236,13.11813201548297,4.482538250896724,-51.17159519090671,-3.50373128289408,-29.541214425332242,85.7129135034875,-1
-26.442802448769413,49.86307102848687,-41.13036669692438,36.49008403808003,-28.966761721858305,-66.50338280475185,-70.31818924940731,92.19484290311476,-58.89379144620808,51.1651182153598,1.3166811435378065,25.405086098882563,19.55483453677209,73.41585846797929,4.738058270398682,11.07397047428502,-65.60404923027927,-42.015412695552556,-78.43724664983145,80.48491839801778,-85.77222560787645,30.754858046083342,-89.1807658243776,-63.61516258469977,65.40636696625322,76.34130351563968,58.27189300135501,-54.569245395084806,-11.04390687875005,-32.179480215190566,26.319059781441,-11.446213143871375,49.5737637143302,93.17479401208644,-63.34594191763971,14.917869615283024,68.92928461069789,-88.72703325622561,-12.809295473045992,-10.338627952261788,77.67063287602946,64.79862192663356,-14.254832463062314,43.29742803348387,-64.44709637289256,-70.81633099474607,30.40414224688857,46.345868783062116,18.74215285636535,34.52582916137172,1
19.293415082708748,82.15958220977356,-75.18062477806353,30.78355765466941,-56.50136343597711,-48.81798071561525,-55.3220663327143,-62.79875341329759,-7.641602535528079,40.9680743689367,-44.21666818507626,-78.36218464869846,-20.865717062407015,-57.177791313596906,-94.79640407582738,-48.47556272706719,-41.77541190830964,8.994542143709879,-19.653556044117096,-37.55698133173955,-76.9333192308721,20.394870118925,-95.0920822462546,85.77471567715426,-28.207680833631514,-61.956538150941064,-80.7214119999013,-20.380708137826332,-22.692653242511966,5.634188953816448,-52.82323264248816,-19.012568190412793,76.4960050569116,40.197427332161965,-12.803510469923296,20.280047947002117,-94.41675064334825,-80.8509541680427,-14.973985282727241,-82.5786949740289,-91.61570248433864,-19.01846134570006,-87.02899024723843,85.30634726107198,-23.93338550121966,57.86042236866291,-98.59068966879552,-34.821101308455766,63.91955572969951,96.9375951844813,1
92.67888684271009,10.138108938958922,-19.956180892237768,-42.908455942569844,48.91343904206329,-15.85878592136028,-78.10205831628866,59.373753244980804,-23.60651340439908,-93.23823403156905,6.4626282107890205,74.94672478233576,-6.974676173882386,-41.49310878833408,51.935138479643484,-68.86390906857191,90.00222353274407,79.16626622518356,42.28590402735588,-41.72034994823337,-70.78933666723428,87.88156688178944,6.209332453283324,7.209819520757293,30.63693671689643,-94.69779053522144,24.858097340582702,17.69903334717702,-36.47932753301249,-52.68617675987615,-92.59165772828537,48.41184702254384,91.16159658868526,-37.03334934178386,-34.44234735851137,-83.82823726879893,-39.402539905656944,75.79015707441636,93.56134693850439,71.0844287729009,85.32453317873123,-5.515657697971335,93.91581057287175,-50.20762004846888,43.16254205092193,-15.417813892396296,6.348406633584574,38.70914901306429,2.65815372908736,17.9797055770714,-1
-11.21610909872443,92.55696159614644,7.52969279753583,34.171540666139066,87.84954457502175,-0.11448060043144892,-24.430391471547622,85.43857475282314,40.935296702069024,91.82101841593771,23.5434682805012,-86.33342375322337,-48.89503077938817,19.13078814872729,-57.07142849021514,-22.565059856491217,41.161869144452766,91.55963151409247,32.452754329497026,-49.98358613123257,28.63247593516357,-67.32036070770107,84.34695798379616,29.090124476308603,33.61442371360016,15.59099255509362,-97.09794273551826,-62.78369428047721,-48.76889808623128,-69.07808148331591,82.59972669037077,-42.48314382002811,-28.90665930202259,-68.67169528701478,-98.10843007342969,63.36999469255244,87.26458448681353,-35.25640343054559,-52.008189679102166,26.188426554943888,-55.486413887878896,-89.74949895782223,62.398364323032865,-36.52270850071573,58.01603351489041,-60.200899700001955,89.09849517591272,10.872532609814982,-84.80199126993135,-38.56747835111696,1
34.76777965400092,-93.90069042944911,59.74091476852777,-17.893414708824636,88.54905070012657,12.50605951127639,-94.21800267160869,-48.499365059127044,84.82336075722162,43.812658557864324,33.70212337483281,2.3233503492448477,-26.818875422245412,60.316564929896685,-71.49384607057887,-31.146996970031452,-42.612967591174346,97.51159617589818,40.104077125930814,-16.021274618088796,-28.25562816612471,-71.57678559941556,-92.28410181200854,-98.91720135818423,4.918660987238212,10.969225224748612,-12.50803660782158,-25.115802718082534,17.225024377855846,-5.36386331971525,-26.89196195497749,-36.00769756214706,-32.811426444366816,20.05931183267107,91.31246802611852,-35.78987965755056,55.885472260079325,-33.1366321996087,-87.76717146880964,-39.64495904941718,58.85346397352106,87.51210002359286,-96.83624705766054,34.07470387060681,17.688879411749127,-90.19190262776019,34.910077156030184,-45.97739234134459,71.09474470953913,49.188319480681116,1
-77.85588133473686,-72.89662528784919,58.50033637229319,44.79357475470337,-83.63521543080634,-88.29365214492466,-17.540082831834354,-86.05772730628479,46.27318691216314,-68.95189422508905,86.63668369535344,37.95247529020273,-45.67176568661684,-74.34990669284669,-93.47163948826656,63.1914712713467,65.20434225954958,-1.3707814174881179,-8.687043850272175,15.203306260570358,89.76779873654687,58.636075753688175,2.67358825920698,-30.86922523667785,-68.7160062421214,66.78911430735201,-65.13212392903651,-17.727517743780723,80.41060248142583,23.02839532530126,23.050781770812165,-28.2552892297943,-69.89893655477128,-36.288159152146584,73.81609192608514,-98.36041417256239,7.116526523992931,79.52226561255497,30.69089144693092,89.28551668247505,44.138638744004936,65.73825742868377,-83.55475603033946,-58.08787422837969,48.63465281082776,81.07068970333421,-95.02757487126676,-17.497673154376272,-35.40640033697696,35.527447682339755,1
50.23542739080855,-84.00350344064904,65.57407590123475,-44.554998515623545,59.11149967895685,65.62704676059164,-96.25176826889354,-17.134713834617358,-94.54650401216026,-0.8140838162527189,61.199991159169684,-91.430412147768,-22.83946223112767,-98.21229934103832,3.888295115147386,-52.41985683597883,12.753847208555612,11.227911949358798,-12.80650504325152,92.30533135457429,-85.15432117658838,53.1884160899113,67.80710939624467,-73.28165907862301,-14.070638183672514,-63.72138022591574,-34.300151352506546,-32.051228247728375,75.95129344986259,-2.2616147411277154,-0.7252745795490512,-35.68100271992347,-15.361457695020292,2.422620493411472,95.86770385156623,-22.008079316621192,-43.93850766921892,78.75131454244303,-70.90532399524632,25.071826848522207,60.91984229820548,59.4975121017236,57.62253270625496,38.03667240363569,-77.00767404952242,-28.900020003421474,92.69385101197278,32.53625957336371,51.05340843629676,25.022069835785544,-1
41.56701944595375,-95.93178362356447,96.64828729447973,82.8376848267022,-67.43357083410743,-21.24791992408734,81.82305504145856,-78.16665082438865,84.73459839785946,-52.868968107126044,-35.97107054420255,-18.874969107419417,-15.430598154130081,23.765937265483572,-63.969383988273655,59.53545967022862,-86.65384016224466,-54.214566596071535,95.16036332224132,26.322714953712435,-22.55366796551077,-88.37788199723396,-36.334432245978945,54.251326290512424,-20.627609910265136,81.80862078806197,-49.137709549044104,24.964267341381444,44.41195677009827,-24.6262998343104,-14.648806434825843,-88.44056791077503,71.7780462452622,-18.500759455624888,-83.35563744275896,49.26494406514627,-87.36140295629653,-31.26399140488563,-72.74827582320766,27.030409982876023,60.17320468701021,3.543088057255204,-81.7269288536868,20.700828103530952,46.656729070179836,-44.62747722569846,85.55584462810907,-59.23499300119066,76.07154649672893,35.56154746101768,-1
49.41565342580577,50.988040031665804,-57.04812000750559,65.77251463351035,-20.99091620606643,-33.20011600999703,77.05251481083047,-76.69067322588839,33.81556947747893,-44.47256364064902,-31.510024876354265,-42.6218597265573,76.36861261096041,-56.43184758590962,-40.759553246077054,-51.12227621785461,-34.03820454950991,-17.069588280801057,82.0226673900963,-16.657499873074784,15.518631039464267,-98.15815996649484,64.80246269067555,-86.63673966421382,75.98073736583487,-0.8013793994245049,63.159701158146106,-2.26627213195718,22.012942739765037,-28.77694872151129,-22.659891699399992,-47.89513736524533,-28.788447981952373,38.47745571996302,13.442949426169704,-86.18103697404109,95.35072212136419,-30.9539991365465,-7.488950069086101,-25.146891545932945,-95.49016930271084,80.30610513149134,-86.08040052491677,-43.69849338491796,24.974582967340922,-71.02847812374911,-68.15224953419398,-32.53349208478764,23.830158877389266,56.26357343348761,1
-48.25767156891181,60.23430065906496,42.515588649452155,-24.07470671745773,-20.849878942802462,-79.44891153588216,11.61840807342989,-98.73558209146998,-0.011182805381523053,87.85710913286599,91.10059648719204,76.30335952093995,-61.91753213434155,66.11988947106349,-88.03238505972809,42.255070157967936,20.78021577006504,78.59471652058897,-45.27917172044449,85.71228819024782,-73.28411233373298,82.96731972132136,-60.059153817377165,-50.153763881166945,18.935713305624574,-47.03646213527599,39.08279869078655,-13.671727069473945,75.74280106284047,40.11079011444855,73.18638215841568,-98.82126376056834,-74.49719226029765,34.30303355160805,30.630363332147283,39.142769896893725,-40.71498363032398,-30.770694698928367,36.62741502537759,-72.99398410691089,69.02785895546714,-15.290608952815532,91.46506149812751,-3.48726917947009,40.33638276497766,43.55529474652755,-14.192998860141714,-82.06170691086703,-5.558031417143354,-40.762247443008334,1
27.286049908727335,44.91158183176364,32.86885829294289,0.5298669244564422,-13.254344045078057,34.053068942756994,-23.39300879604498,17.73425119781524,-92.09855610920903,86.7799394747745,89.67196130168944,18.074864236017703,-53.94526097426211,13.743275560805571,12.663608322039323,25.725932129282242,-26.34540860070318,91.85830498223876,22.494364656980977,81.13043934439824,88.6316573906991,-34.887020877790945,-29.211749901496617,78.61764709466729,73.26037974047972,57.35672195272477,55.3817229556164,87.54161828113186,29.945862873196347,-8.223156810567104,22.28607727110166,-49.0355453302018,33.513253815226506,33.84695819723066,-17.926823035787947,85.28772509481098,-32.164273891735974,-54.99867170029613,-27.637336415813678,-75.90822955224436,-11.69307534916166,7.117295423228541,20.463491068862737,-62.91037430822284,-97.9561220778173,-66.75618799436356,6.446702723680815,-83.98839925978709,-72.91717276551641,-30.83440128788837,1
16.56136701669793,-76.04800671356055,71.12052541080561,-37.49554573513871,84.47960548650178,-83.65704859273905,-89.51308578078726,90.44125085037084,64.38223415657836,-48.05934798669382,-91.2044377582087,85.03843504120684,4.382523701380279,-12.777956629648116,-83.4299179234135,36.82774387459588,-69.17997849964232,28.91061418764812,70.46726454256185,51.491001956345144,-36.281646770935,-44.66741572429969,-89.5459633276578,-19.504387010763097,-67.80921007691292,67.53591750272545,56.25705603034555,-32.16864637148011,24.118538605236537,-74.59475602493441,-70.52564374845946,47.820646592254604,35.55526232100485,-10.682411141704563,-35.862833541729316,67.03140644283025,-41.57414436940894,-61.409630865467776,-64.30214484401213,-16.842117194349825,-62.901649422736014,-43.01010009925794,-85.073065130092,53.23481963568577,-27.789035514937922,-94.78543360139358,40.06964486132088,95.3755335256993,48.75259828503701,72.787837177343,1
26.18435804583268,-21.69258007967416,-16.026081825938633,-30.105100808366146,76.76886083686855,-30.898490597503624,-81.81075205537181,69.63307869589886,27.612076282709765,-43.070537107705455,-42.550728212993974,-87.0337548806588,99.30961445147037,30.842439854583404,46.96046520787735,96.67402368592423,69.31406333811245,-82.24462142320814,12.785437053570647,-71.11642383758085,-7.11334845631724,-56.73113579969551,-64.47828943777294,-36.32687269590815,-10.954985334799659,18.310008786185364,-8.429727998375952,-87.64645219813123,-9.358486737640078,40.48197174291727,-61.97366468105307,-19.791875937079013,84.84218639381507,32.05268433400994,1.1221982616880268,-23.580391681269447,85.33170909800887,-66.30534905156227,-40.68277084718925,-62.476366395758085,-78.57808494464666,-39.66204426256075,59.7504061160964,-8.190886626568371,-68.64931027129433,-41.49827864894296,47.24932117255551,-79.03052600122224,69.96214847171382,-27.295980713640063,-1
-36.249499413586015,-14.491628928057594,84.86327100148583,-92.90608293166669,97.24997129437688,-49.8320280556571,93.9150576962785,-48.30096089297216,69.34592834155177,-52.874448742890046,37.53162782059346,72.82066913470999,-83.32493280450791,-47.33116099817105,-76.74309271464622,10.478379528838772,38.9372336994513,9.833151891847677,50.82916187862841,-95.33610697899111,-11.074366675467644,64.74590362287074,28.29978014336166,24.376411892446257,43.77699970008396,61.39183461934965,90.4355104780893,85.09818168649917,-50.61189303980866,-81.29406666156333,36.5075047501133,-9.782097286642284,-36.56264388729269,31.556687198708573,21.142776827898203,9.642616110811076,90.34336770253984,55.95627433169949,9.354683943119667,-34.62018469665975,74.25647977228519,-96.49302237013741,-89.87202262387926,-10.00924539474633,-34.771612508441436,53.774158646443226,-60.73502558411734,-15.556012449112373,69.25406111756891,-59.32908113538511,1
58.91565574003806,63.88557073407301,-79.43343678716852,-84.2106070326756,63.486281842773934,-99.9749722486849,32.06068939382453,83.17261446699916,-25.27806369640757,-97.65407553462424,14.02380020964533,4.9272924803996005,-76.58167731443177,84.9103096131912,28.800558426451488,-76.712263148029,80.20407918311042,-25.109131024709527,-97.30871357646468,-90.44905075105348,91.14390154561826,99.02855182949014,97.08496674194515,17.627373163589553,-97.32791000188075,-97.09730700151363,-21.74480870873508,65.77323244064462,29.610073425145913,53.468893801251994,-31.609066605054736,-99.93798135095444,-34.37308679663971,-20.482874708652417,77.51376965575432,-67.83737352749166,-94.6011568680459,57.07338902357469,-73.97229131402858,35.14164708549421,-11.321673919841245,-13.15088063502536,-63.22972203761532,7.061598280844123,41.57407727275441,-87.81755437740335,-63.19067318979232,-9.558288441880379,-71.78426067499235,97.84332902310888,-1
-54.69567479277886,69.14897566515265,-37.4989086029595,-49.55215618460955,1.3525714568219769,-95.36279764139468,8.127798902616234,30.377966097048642,-31.452974856521607,98.21333212440089,-93.056781231728,31.43194861306847,-47.907928307543756,-89.06555215869054,47.45846495973473,37.86623436312345,-9.84218796854654,52.89553718504078,39.764282158567084,-97.06314679388215,-29.90283822637676,-76.73824451485359,71.19423680878637,-76.06193160124073,97.76617530671095,73.88615111634945,-56.279187621780125,96.1144402863826,66.043104759487,-12.932281786634661,48.80966547509752,76.05938317773473,24.86123788628379,-46.98163167191003,11.844968069171813,-67.78033011261113,65.01456395239106,-24.290951564676732,-18.640087962303056,-55.55852402953081,9.132524785613484,20.219055452104755,-26.02853638620894,54.37065232368937,44.23023844899279,-79.42820334179606,-77.82912018704292,88.76611170993087,-63.17821138279247,85.09727382447764,1
-14.002957175788055,-81.77253218205855,28.560701756575213,1.4687064644432581,-76.19892185634748,6.1523900310046,27.912956120934766,69.08244165897014,53.04596624530072,23.642919089383852,58.769547738210946,88.88091879134376,8.022504826293456,-31.346236446729975,52.545783008261736,-23.21818772005284,-59.66085898161799,74.88608797765886,18.93571184371656,71.09592884134034,1.027699460692915,-18.425699222790954,13.180363158332511,43.225598365362,-68.34936664224188,60.98800227366786,8.078946275187434,-22.149743263857474,55.25316966098683,55.919823088423215,-28.713432077464546,-93.75802562701342,21.41776787127057,18.405584703053265,33.920853304172226,-95.0291381012717,49.72910335174535,23.306319517521004,-39.40839492133266,-93.54741567051073,78.75767684568964,21.96027603752819,36.66245137120242,-39.83702984515034,-71.63319691781523,-42.578001576454525,75.36724390521334,79.75726531775265,-48.95611265841826,37.385894421357335,-1
-64.06337822595161,0.7438869179912615,-30.102963538379797,-13.602481514968545,34.89225668887471,-37.06563545773833,-77.27322204995414,-78.6635611763381,-45.396015712755954,13.400405719203377,85.00864039783659,-73.47012251520755,-61.9753139809561,-41.940047701011764,13.235966066026378,-99.50741510194894,-12.286809890221534,55.94837441926987,-78.00539360832647,-70.8473214503139,-84.13336453243126,24.07396497574487,86.8489453220507,-77.82581111561328,31.14006466129996,-50.757274689794386,-85.55357241694671,-36.29733098048846,20.129710178457657,90.20476404996953,-28.040715940837572,-69.57091270716948,-61.260462535502434,6.843434641788875,39.17720523676661,-30.352778418026375,-0.8130664970347823,88.25675544720625,-9.783081426589703,45.268950906883816,67.61325235039698,-95.7044692295197,49.48800575324037,-37.49418004652589,2.3452921312267136,89.80217246933276,21.65717447156557,17.8046977359422,-68.1533698285458,67.46746535850315,-1
-26.338093898630333,-56.928143429078304,83.92068388428731,-60.06806267020435,-89.04812277793866,29.246642950276794,-93.87734402058423,-57.20366325456618,46.66888998322193,-1.98231577263374,-3.3391883587519544,7.737152514069081,-74.4280981924799,-35.43228760440897,47.336400599267876,29.54048370294555,-82.73854633321295,-81.92699833531822,-45.92037804224527,99.23806319157532,-95.38189692356138,-70.23336860796978,-9.60343217587112,-26.994969497650587,82.89030783412787,-94.59402920220035,29.350398821904463,-72.81623201668674,88.51559075938877,-23.75896344290686,77.28135577910808,-91.37746495677479,42.714603084927234,-51.91202065294429,96.98755817516655,-82.60603076221969,-92.77989238680682,-76.85678204658694,-60.3709387838949,40.86848367640988,62.15614540926123,9.909579486998112,69.7431678108021,-87.34693292800398,83.12579604510796,75.80883382269064,-17.926076041212454,-47.014385115276404,-52.638897153642006,9.042440121577371,-1
-71.48117118361824,7.315638005724054,74.25458152347892,56.734718603920754,-67.3271956198179,88.27624999540583,57.92321394339962,-44.731198520890516,11.998581856281803,61.382576360978845,-28.668338882914398,-4.693728586819063,-91.16888201681559,14.057540451669738,64.62975506588353,-25.034472610794637,-32.10570599049409,38.24524999827307,74.63356055309796,-15.91504148209917,21.76755212847125,-4.989428267800648,55.53651434622975,-92.3751512027146,76.73037472880745,-73.36939946202645,-98.0166776239884,-54.492028251786365,-20.37276359804052,69.32487131888891,-96.53739633953533,-72.8896573394763,-67.94026123693973,-75.7246120961473,35.71822790830936,-73.66993373367328,30.517001125342574,-6.33143274164145,-82.50409824308045,92.43078210681693,16.420549975741324,-63.83765050024848,94.1833590656332,4.498850065498132,63.29807408016558,-23.991359634462356,97.65123260406398,-45.21289771118393,-71.70525115942404,42.976379200007045,-1
-18.483158285236613,33.75065088996274,68.01543193754483,86.87513592808415,-34.9344346471717,85.3606732879571,-2.8560412932483246,54.92014927775671,3.2663151494382276,-94.9617371456177,30.173544064289416,-0.5549194606216332,76.61572464191505,47.52024849547274,-12.813386722124548,98.3337115712911,-49.78732965932109,52.29179723486027,-45.5106829913998,97.5867058660331,-75.92379114773517,-58.748838604467494,-94.28865499743759,-11.551062225871192,57.701608744109706,93.9021104408834,-13.39716685364813,-59.77772417958968,27.92411541264937,-9.614101192266219,-60.580277271866656,-93.08370397953584,83.42907012410637,56.75558452769951,-30.363079794004165,-80.85926211515246,-60.34262384066567,61.48702874149262,98.69870278532156,11.158400409228534,51.72046977420382,-98.84921956348738,-70.52542452816901,5.99244703972866,-97.61705896649171,-40.24111630043423,32.101200473272456,50.70312756188852,16.544380101457335,-11.295484936305016,1
74.2408964526104,18.513636552965366,40.5701646792065,-18.162125056040253,-18.531249565962554,-44.49350515789459,-7.371393948486386,53.167777578195114,-53.0625172896519,-80.27639606884942,-32.883434554303804,-31.635746332965468,-52.02742635982174,43.11058405288654,-38.575496068809656,-14.45752408217615,46.488185280804345,36.95015538319754,-28.40155112931562,93.60430206405496,-71.62831098886369,-85.16260821824568,-73.08714115409407,-64.82726040298152,-43.15043702212134,-1.798740450017462,79.49484535082576,-39.01365816519737,-33.19662633387546,3.514456291706921,63.66562334295355,32.77989813055473,-26.220129240020924,25.22797111821744,-25.367417178684732,93.68111455912495,-42.83369313127658,-76.45092106405224,-42.10517883694502,64.79283299567822,-82.76612061015135,74.04644682282597,14.24389566854228,-14.48740151069228,-98.77038806629537,-75.90817369120788,62.198460342777906,-61.73060066788485,18.72843204100441,-61.006001207989094,1
16.017241567562237,40.47974421611974,75.32105567411969,76.78036299202171,-69.86910226787325,-88.49400024558398,53.23753669068071,46.08238102755959,-0.7532006157990025,-93.70138930479077,-2.7359861485971777,96.19784738173468,-34.7292038940396,68.8860560989157,-53.482786789477245,41.00637455494817,6.250213058677986,17.749699612102418,17.832717505462895,-89.44807482899316,-64.28569552159824,20.326768785013087,3.0019670586980567,71.36152125206317,-3.8940614091105914,43.62190280717033,-27.284978044783117,14.966784358401085,-38.372870658231406,-91.70088654775803,41.47242354036612,94.06158292611588,93.65977167110901,47.75944562253949,13.462471640488147,41.16172354720865,86.50937860496256,-66.4627811091656,89.67363200788239,75.66305195601794,84.1431909796809,-86.55110062931921,21.215176548112098,-27.328818357111587,-75.15810131790616,86.17865060330996,-31.08083338895807,75.8434908790397,-47.279241051082586,-49.63749676137299,1
-66.90004506726888,77.21479341910504,-86.4890313088626,-17.104654518486157,80.97854009958326,-12.904781527635947,18.02951620257005,81.45928398414563,54.73335466834692,95.98311575556025,37.980191200107924,56.20408950148121,55.5108384644513,5.754981679295739,-63.946150541689796,-98.15966288481441,9.465508873659132,-30.846596325159467,-74.65414015319614,-97.86874012978197,90.18900058948341,40.082773372529914,-74.3048128813092,45.68999452078029,-65.55014230405814,-54.546865526527235,-69.74103263711955,-28.21808481801827,84.497734412683,28.41057632571591,2.7310267935814636,-55.509669952395036,-35.10961290692465,94.56358432288815,0.5451214873324517,-66.10546942205436,88.61602201869275,39.05404144096093,-30.31581866429795,-71.29767476999132,-37.24038933696825,-58.34981714491463,58.010206800582864,-71.4402232063116,-81.74890805312114,-91.98180003440505,-12.111921952179955,98.71972144538012,-71.42094275632007,-97.68509588169285,1
-20.973818477699353,12.271164837867587,-81.1448044202128,42.24545629410048,56.1575691959585,65.16338335087289,9.586937979835568,-78.24425395347725,-72.75108959109508,-90.07181567673625,50.77277160135992,44.06297167365261,76.96154292184855,72.97760086693722,-50.190660906746466,-71.62847777683146,63.3901312314336,59.912268375797964,-55.7598150495342,9.026643555697518,19.604967657404515,39.3904225273873,58.02296032328354,-11.339485985539355,-15.950242926088265,0.03953143449386687,32.01791238815298,86.42675976012049,22.397918753376217,62.69805782855423,52.44039495021434,47.75403221937384,95.64619109754972,-6.8306534725508925,44.32930365219039,60.27276875802127,63.64114057366638,59.63468016929542,35.32849361176861,5.05536685895909,-98.35914728599246,-94.36314719234058,10.20307568281953,-23.97183823062636,-53.290599824833265,79.25298618408249,-20.676981978932645,-59.05853621106885,23.430400272413394,79.62511762022976,-1
72.1461166512687,-50.051164154128955,69.35660543376585,-6.339810480008339,-85.86824146512275,-18.1523205905076,-38.125527507373505,15.94573023972292,-5.5305893476243,-46.75912591322338,68.24192425590644,-76.59468649728502,-96.24881811250235,6.013913929391748,49.04325552313048,45.231792555841565,40.77984238631069,-86.44311167098849,-65.60710780604877,-49.270874487163006,-16.611966512073593,-26.20956926693698,86.4350650151145,-61.22076610989717,-68.716920455371,-85.13638397743739,-52.22481059920248,-39.8490874780481,7.817024527772304,-4.301490871324191,78.19044821229403,0.25648998524860644,-59.6204343873453,41.16902782272592,76.75437897477474,10.998525556006825,0.04111599179377379,39.22010443368222,73.76513489059474,-90.58626604991238,67.68411778265622,-35.701533080752924,-4.9934936897309825,97.40490876480283,-36.95643018150439,18.352169992971596,88.06431625963177,10.70403203260723,64.03511184631202,40.17434690612612,-1
-26.14384595689178,86.38254651949117,76.8942627151055,-14.37303105778112,-32.77411559438259,-0.6272288510520241,42.739131864619225,-26.67936657748899,-35.6682733361086,-7.3070722761439555,-79.84228543628502,-14.736811744918072,42.90420868854687,-97.31632816674478,-26.582408725950856,-68.17096928511326,93.48166960134623,-66.57552318337656,69.9824691774522,-77.12855211508705,29.667743276688213,-76.83023336798279,-27.351177980508538,48.665969536647054,57.20202672570781,38.708907436588504,33.86142825406557,-2.3888680946209746,-58.52824541705779,-92.9398206554348,54.93369152860308,67.68056566710567,76.67626384096815,-17.787426709119785,32.04664018632167,-47.77715951533252,19.89993794273208,68.70049090562452,-89.71640518298562,-3.500450151793217,68.59351977305946,77.35983393881313,33.078293877057774,-39.089749809390725,83.82050174980066,13.171499344193506,85.2733802828719,14.516724651717936,69.29977458370317,80.37167360097547,-1
46.62260448305619,-8.906885598727655,-51.18108550147953,-96.63333602788771,-8.903965521471633,-33.87737812775329,-37.53587402494078,-35.02562378664662,-90.78678085858817,25.625417234656837,-86.79985427155763,-93.92395696634148,5.924620450958969,-49.38571113937573,48.23280054745132,-3.0276789319906925,23.20356205322507,21.08373948024635,-98.30093393193431,74.1327765760804,-74.82096754934031,89.23946287614712,24.190169440009484,-91.73777159180486,-16.46177299933342,95.39723895902367,-38.62372898053006,-86.08246276325372,-31.487450560656953,-29.96999773744939,56.98357771182668,-64.62318325774118,-21.661505021684263,25.101722005300914,-14.672142712561921,6.2414030845962145,35.51047215557625,-14.770370735631161,-4.911150896449513,53.2439870645583,-93.36770305141945,85.88742617925337,36.472038640224525,12.717434513458187,24.556689460401103,-73.8406561923131,3.7198838328185673,-97.35708083860652,86.80978464993879,-17.99124070918947,1
19.87194500843313,16.599695943663136,34.391228098982396,75.2816977158964,46.17881081733907,-53.076808614953386,-38.329851971969056,71.85385400696808,50.670389291823,-61.81885008466441,-3.303832023980007,-62.35963491001877,-94.60332326967358,39.732605982177574,23.436398206381654,14.993453008627242,-79.57419200286833,-14.799848566973182,20.323343768188636,60.740279796446856,20.895101937523194,58.75646865951097,42.83930946239013,37.12684307726383,67.336632624223,-63.57100573174963,63.74332077800659,-91.55599949410612,10.280730507115237,-10.984212117614604,-60.803247500415104,45.47615443533465,-69.45519072540085,36.27678143595148,-97.90227469276198,67.86369840334493,40.039620759109454,-61.90108166269466,98.92338361111626,-98.51353039280801,62.65074431546276,-69.01449460300748,60.35898917788029,-25.020990158412843,-79.04651211927299,-87.74344696232097,32.42896604857265,-77.77988762507029,-92.41766266226783,-41.0292051595041,-1
78.91044537881828,-65.04300242332681,-35.03517805028906,-52.37558571445009,-52.631992626118105,-53.16314082614235,5.26522738712967,-11.215093357273929,4.01054830744269,62.84418416642072,91.07352987525667,46.75705833293034,-22.424557637280458,-21.491759782913178,-12.188118736569038,-46.94408021984415,-35.82625292191099,-89.49639580355077,56.84875413662243,68.32724322355216,52.217599969990516,80.56380610134104,-21.163184737038463,32.274360396122376,-36.91563031426186,85.010282774416,70.88950504004083,32.34414240364168,51.11027028969687,-24.404651005073205,25.43411861945532,-16.586373828529503,-37.3060280240713,-49.47094481884062,55.66382934876512,-64.88960039641663,56.10052409548862,68.35896539769809,-51.972036704031524,75.65538990769124,-86.13387107878003,-46.01542064298991,35.95830507899126,29.9458734499932,76.88972282312528,99.9795446849889,-89.07943323896939,-38.5459182439505,41.196061580013975,-38.92932524913759,-1
-13.739658731797078,-26.983265343119854,-49.02360871776328,-28.75462250212489,38.21803729903306,-99.37782447535145,-91.34702386969009,34.66863342945595,-55.29656865352139,-69.44883040779581,62.425617495143314,-34.25232254939323,-50.76600041755648,83.97036394176195,22.81564187319323,-58.57132635894564,-1.0935351445163377,2.9619132091869034,52.86219492358589,-31.94275188006192,15.798717880274722,55.23225844934086,-24.812579714549116,80.63542075600049,-97.39297302964587,-65.78202365202188,3.193344081314862,-80.76055562855692,-53.3644704490664,-62.866442410262955,-26.682401285614034,74.83544254124274,94.36389560878789,-43.70578235775615,-88.81362743469876,-33.735814431588906,63.151813480819015,97.22901723896908,41.639206033379395,14.149902927258125,76.63134321641601,68.48219236054217,-40.46038189461141,19.549284318673415,-83.58778355755972,21.995896146975284,-54.20157340457046,71.00689911548113,94.96952299819571,33.39448019393586,-1
-17.29669394200816,-51.00929832680878,52.04112490583205,-22.435782255024762,53.25967560245206,-39.52399623731928,87.0738032271191,-87.81091751675075,-16.021966943780626,52.88424596021207,1.3508708955643414,53.200240144748534,-0.6395698747516008,60.84378157847368,-63.48667081888766,77.18087257645041,43.333625577270084,-38.30470507723203,51.18858882930334,-87.91339465380976,-98.28815925265127,-19.658002671703173,11.439627009602503,26.380067032800397,-71.0374330635731,71.59368057021968,72.55263093253618,-41.29388459659942,78.43008193095682,74.25350431643815,85.89458574549099,6.474682012740345,-61.462139537739006,-76.09538719173051,-95.0243977871269,85.0857080794614,58.814039231224996,-54.30390797320983,-10.521240209066704,-25.569927018795653,-42.39243921565292,86.86120031239037,-89.74176594101462,-35.552287209518525,-61.54395520847618,-99.2642705217878,-82.17575825574926,45.178003701615836,15.068435530644948,-34.87345866289655,-1
-33.190006866246165,54.44805517865532,27.74785125784757,75.22795693680143,-49.590628065585896,-42.3358959165449,-16.982059474424815,56.457521075449364,91.46284973641363,-93.71363870384275,-52.30134486208464,-14.872912515108226,-64.19728482395679,28.36682059871103,-36.26164370664118,-56.115747410895665,85.21226882580055,38.1292240056286,42.68649970707685,-97.28956512723859,11.436435585139336,-56.40182054741878,-6.403710311269435,95.1162550421239,-36.187791299121976,-9.847829911412603,77.26989426902915,-13.09628441266078,94.97737886436605,91.68755320116176,-87.3536788969753,98.7103737502396,66.77734563517424,62.81127283412616,-49.44002549612614,-50.59658095218593,59.09010503060608,61.0803598849395,-70.54173769482347,61.74691099840942,-32.36491688145422,47.805421632028754,-83.0962821270105,72.55236715455771,-71.73820778368527,95.7164152640824,65.4300392690526,25.14116584673222,-10.951346801885677,-79.90208818155719,1
5.535493244338994,-58.632577876678305,49.54916418652559,-69.22740610923259,65.40909822856594,68.28960511661205,4.336006502687283,-52.87320858990403,-92.36820528919199,-26.2710287456201,28.905157051352404,50.56531302562098,-90.75609500688782,-24.57250142534872,-68.0499592822896,-57.20151916535927,-15.859525696309731,-93.02646595391732,22.904813710606305,-57.80311281982555,-94.61780949919275,-0.9930044024017519,32.14760626223111,10.494891149167643,-48.23464798875836,-31.417921669291403,-4.105514497095129,-61.70964347757892,0.5398866599590519,-79.29221731493634,56.663313684037945,19.09748788112786,81.83322252269997,-67.99873126373615,-84.91465629836283,-23.110272729810234,-31.107644419959726,-0.761047042972379,-10.929851473223067,-42.10748427741899,-53.92256375016527,-26.9417208549237,-67.44248417203782,-21.6093884326269,-40.83433825594318,2.445181316535013,51.11815464031699,-79.97791941044895,-37.125693848785815,29.21869322530023,-1
67.86769847120047,-37.36358985927297,-45.99900070699721,-90.93373959040119,0.7374071389467645,43.049685201154574,-34.059392606372384,3.690859014450851,12.406653141355136,-49.02456331959462,9.075299162721606,75.99497620273863,-6.799958843587106,-31.85901866291691,-33.57609468890084,-60.54078986180276,24.066208240749077,-2.436943032065386,-65.42237889227536,-32.56867955282759,-0.539057789835141,-91.86844075306628,55.664568142879375,46.02372509822169,67.292625572545,66.97238327606337,-69.90929186528933,-37.4871250487391,-24.04506484403946,-1.0240231643406332,-19.800745304219717,53.625804062569074,82.95591836898743,-53.5241710473537,-36.812198494206896,32.71072350434838,-31.837302843689216,65.24313700356379,38.15981392221647,-68.64365998107061,-65.4782108156852,-79.86618963151,71.24006626406103,34.51410792498865,72.0792055487089,-23.29429004414621,-15.891790020592993,-9.027695062294498,5.068978804946283,60.82840057269701,-1
24.642074613601395,-33.82258246124114,-90.16220195359558,-44.09442291763621,-92.35984100216406,-70.95697170929687,-18.431537730083505,-72.78786989826602,-44.52878319407772,-11.282189293733367,52.817220319379686,-71.5833092504986,-20.393885633643123,43.595945586941156,-16.35185793193908,-57.297465552661976,66.50961384001752,5.892777791870159,-98.98647223247382,-85.56072686704641,-48.043076439919076,95.17570937149188,-48.98169571257691,70.72613582636683,-89.63909005436138,-97.2369230512697,81.97704296005517,41.002535223610295,-47.59758022677754,81.58298939981677,-91.50124666455461,93.51118443417056,60.31221376134616,-42.95513507948918,-1.5526793569062818,-92.46579850400055,-76.63873810650676,21.086221904154428,-35.47674565072552,-17.261629971202154,41.79364402371101,19.94831826458598,-23.5287347866459,22.872447446100892,-14.170546431854575,3.6265007462418453,-9.575902807276378,-17.953321373197568,33.329962865123264,-86.4340800869858,-1
-96.1344738164798,53.6178756837333,84.27951760003927,93.82330618814771,80.28873716984933,-91.32935717609439,50.66134763528018,-52.03137025233233,-67.70590369619072,34.408962645627184,-32.52778282098414,60.4749394292696,-59.42589281214439,25.303283384746237,-79.0535337010837,-2.0454249683407255,-27.466940504637577,11.82240101292578,48.86977010413821,64.96305129942019,-82.31764895117315,20.16626172048015,-92.62093031910439,-83.82271660359845,37.84519585707099,33.739063616642795,-41.38159570603486,33.117215553457925,39.003319919982744,-56.602850740816194,-39.368401603685484,84.81896206733654,-80.40334338140852,52.471199424844485,24.300268295293634,-39.724626014854245,-61.59643603468658,81.66408431821043,78.75630872931319,-37.51042555365984,-29.894961644208948,26.517249102331377,72.92492069764677,-1.211975213560109,-86.69713952895144,80.49916654523815,21.48689340821801,-68.60319888910054,12.678230359224216,-0.6367479930951276,1
-3.363827337266301,-46.00527262890759,-69.25099360084282,-35.98137818488971,-80.80829402736514,-91.8789556080017,-44.55390536109185,-12.810370391936956,91.54887520521197,-83.45469847013422,86.95732105208361,40.12312748340116,54.49383941395237,-45.266952704954576,28.288210549690803,-55.45716846542679,73.25683564203965,86.09785731729181,39.32472679375826,-36.62756869749473,-64.88610272391573,61.58920325111015,83.35177993695123,-97.99409386352787,78.48987557257726,66.8629350591954,0.020975241861151517,-69.65098843935232,-78.41273232186734,-68.07162614919747,-95.65534301615864,-96.53849046449581,-59.95607461425272,94.18114925093454,13.430783905574813,-84.87659011576783,19.642409115520906,-86.54958927167029,-0.7272125456539555,40.502603069741724,96.34550939839696,-35.71383629701485,48.39307547795707,28.55461498388553,21.55740771007686,79.97468896810597,-38.063930880793365,3.4747916230774933,-65.1765329331831,-22.79778845800284,1
9.905776464747106,15.308997990228008,68.0899163277611,13.039504235550226,7.204992195410156,-72.50811218292472,16.40871569611464,38.78551629752488,-78.57571367833656,-68.89968965428338,-89.56202072499808,4.789172535175254,-42.628409360498566,57.0371055935602,45.027405150766896,-16.14436788356896,-41.61060941927395,-32.92422457601083,-95.09802451513154,-20.29817520453541,61.6024280549494,-65.4946667848205,-67.66088392014026,42.75153357882155,-78.29023686043979,99.34931431928038,77.1252263610211,-97.12577434229735,18.359263337371303,-4.305592305592597,-68.03004890074232,57.05053966647915,63.66596139694619,-76.87800194699814,65.1695750543033,-59.07288855527175,18.262265508765154,23.6147677584906,-33.616529846704196,87.99978479770911,68.68519049661774,-31.587023499322825,37.99497187061641,5.586664728851659,32.54585385201369,-43.5689250366035,-75.9268054833909,77.1372832441453,-95.30865690649112,-52.55723608079035,-1
27.23547294164655,40.52591528758316,2.2009527089173844,77.92027902487894,39.847798887111225,-9.448909745016891,31.11995384520378,-49.32800546329319,-69.34417244790983,-33.67135988693677,-12.721814503947357,-99.75322011457041,43.31853370354281,-42.55188515403423,42.66505885231575,-21.5075944710873,4.894596985345757,-92.49438273729052,25.146515999006724,57.541932554839235,-13.043829024206204,-52.98114848541384,-15.624833114948288,30.031951244368912,-92.4509423248987,79.91020782821795,-87.6006903324456,43.02009133420111,-74.26911890879651,-0.795055749627636,-57.94145746821429,-54.926371043225444,27.89780950389857,-46.06749371730861,99.77525144613645,-91.20178956086751,69.0009962619504,-99.14727172007846,-69.97065225410573,84.10010643797764,-80.82713626329927,-10.118927726374281,-14.108119242074338,-70.82950386740845,23.69815806931439,-26.84584128139649,19.320219354293585,-89.20644941958551,-50.88692494935421,36.25999506004743,-1
14.773169935419261,15.615009836966337,-40.37140577037195,80.32883555406187,-6.727176233477735,87.06886173153364,77.51811250633435,20.210207245778207,38.54269277524932,-38.24652679933636,-3.127832196145718,64.94064449509145,-61.6280796195585,37.76310775888686,-0.7375240661208409,-37.65453980367286,-34.845211986246994,19.19225183428344,66.25851945860339,86.87137856743118,84.66911519346141,-61.53633310890343,-70.82043805351685,66.30750777548639,14.592297380538895,45.64696255882944,51.315660579186925,-73.0665300913832,-3.7096193439800373,-52.57946331759224,43.08798483183682,-60.678785683770364,31.919838221390478,-20.357996123500754,-34.70517340986861,65.62021703027983,-28.36319194516139,-97.04159664949712,-62.82450587840878,-89.5022268861684,-93.46152829670136,20.6305026058959,50.11107441189503,-28.201444190085894,43.152825082094864,43.11377477999392,-21.417234910337626,65.44332743102535,-97.18480108987247,-60.993271214292434,1
59.502809059297164,65.7334287067188,-82.34436140631811,33.959745554923074,-57.35914344781019,-95.69347994028038,-95.55201083837997,-94.85661951926826,-32.02160049508352,-30.919642938322184,-42.903506452258846,11.048667612739862,98.67679775311498,-46.50304417770017,54.68610177285771,-47.53569947486576,34.96952781465214,81.74418740660562,-26.612546616573013,53.18467402767206,-73.9583334449593,-22.23818306375027,92.66113180484703,-1.5137454013021312,94.05485053436735,-18.33985510669808,-98.38223118250133,-37.04498131466234,63.82038268541393,68.51912460284356,-83.76443965673195,-2.0784643613687876,16.445862763321585,80.90577736425593,-59.176065153396216,80.73104480831736,-82.30263312060981,88.35866115852448,99.83318658717121,-52.19548434069517,74.70051787669254,63.08882011130362,-28.43831405661517,-24.090128396995468,-55.47802239305631,-2.6137754204529102,-47.34754453925871,14.306437933302533,29.985690890530236,23.68039050213453,1
-44.81546112389063,52.65703804063182,-75.8523294582027,-78.4271323111515,-48.23393798614391,-11.074747277584464,-68.74194380363177,6.043738573448337,-34.14658590570522,45.71224444988121,-21.670790841037928,49.34661476778345,76.81907516119986,36.7353203960777,51.46907928487653,-37.16056462470534,17.23954232785374,-35.54825556000105,-53.15569199310366,-94.29225311175544,-7.3329579288550235,-66.3095533032265,-28.03931268658573,65.20936155072664,-19.718790152253746,-9.245737728859723,75.08534195788206,95.98128815039064,-34.59889185353475,-96.05965005342063,71.61840180888208,36.12066586253951,-77.67318587619052,18.375378006773914,-53.35191930366927,-25.161516032977673,-74.00471709167537,43.68435797403097,-22.31048694563394,-95.39572907337921,79.94336452601476,-84.94653501231429,-11.779669869339557,79.14552549870001,-50.863532364802296,-52.11137879684862,53.6729785404703,4.117102624524847,57.780419447185324,72.6244429594727,1
-82.47145064723229,-52.12603273159073,77.938745065512,74.27146824644154,51.68934000151512,35.570236861366965,27.2236885848329,-54.67064524869591,16.21441232956373,66.31007085093131,32.037789848107366,88.70788634720529,94.67376017398018,-55.260578847926965,-39.78676430490529,74.0950507146618,32.193820947548716,-97.03708533179976,87.17365856671145,38.304842793306165,34.17402906758821,71.07455205832608,49.93925415378959,13.517664071418253,51.10398815719799,-49.67835035233528,10.587524289683216,-91.21065614430964,-87.07075003541877,68.55956092127985,85.0940437254176,-23.383569722815395,-49.68221765366041,-95.38469914375483,-74.13920963720255,75.01497108647172,-24.50483005995494,3.846371835171553,19.7034897517087,-13.824643814968795,-39.59567070077563,-96.17255663732587,-77.81879285841976,-71.65644640215231,22.197156574420234,75.70435396186915,82.31034935153906,-97.15305966439188,2.194864446247948,33.51596741153719,-1
-98.72282565663329,-88.81472997435486,-2.8358882279201794,-12.076553998227027,73.22131226090843,-12.7213481140316,1.5514431718034274,-0.8313793424760547,10.5411685292365,-87.55213857518807,-9.940463576339283,62.06664038376252,44.041080280166454,66.19490601900026,-55.98803248672131,-93.76349208489354,-41.11738805533882,-28.827254324469592,84.218945132074,-69.19160247422562,6.765975140706047,6.866307368512679,-97.82970269210836,-48.495313665745954,35.35511309020367,-72.27373717836633,-31.137552218410548,9.043722809241885,73.81673122177713,-64.10293442092933,-59.3330278354304,-22.03666078006512,-23.133185703566866,26.1588450280003,-10.974840929587671,-11.548868802938259,-16.044372202190587,65.74702410914216,82.87509001203779,-7.27809851537009,-15.71762778762762,-49.64457177892936,56.36242722908963,36.74759431386755,81.52846450211194,61.56190033921098,78.04230164335573,1.0957980054497938,71.15335568409301,69.32572270153597,1
-81.5278943777243,-57.05109951832852,61.53192031495601,-81.17840625248812,-85.19374251881729,-27.606203492850852,-34.91151699729305,-91.55417838600457,-78.0826084200545,-95.89604419516692,-43.3640556361937,-55.79464490959643,-46.28528896619637,-59.749790076858325,-85.80942216189682,-18.735360586095425,24.65677654789988,-48.484505545088496,64.32822273030263,-27.41968413521505,81.49982656430294,35.482088564763615,-71.5179649665462,-40.33491197608892,30.67414467673285,-63.310279797424876,-87.08949153185246,-43.515238846178875,90.2847370669559,45.810304899381265,54.429494294403895,-81.786568184596,-86.5235536629387,-92.0890390571081,28.251341157856587,-42.39803589048885,60.42416272165127,-21.649053664189765,92.17386815341001,-95.23423382142585,95.45564299405146,-44.42417556061153,-52.71776886511166,59.88331166164983,-86.32747781360406,94.88477156322293,-49.60207336667677,85.01771751705698,-78.97450410584199,-48.940764474448464,1
-57.898612066931406,17.170424486633664,-6.19711388944242,55.983155821081965,73.93731621217057,-26.412277664477443,25.833946247006253,-62.938840798037866,-38.91197352491857,-71.34742549522508,-87.20907756781298,-76.95154263248662,16.48723737998681,77.59917460749321,98.51849354406019,-9.632723364237577,-50.59864221447674,-79.50403807866458,22.753069545497723,39.81415762048607,-94.91264274718733,-2.5079673805727793,4.497632514465735,46.68518814962877,79.7974340568116,63.67129169006907,28.064190794145304,70.06704873790159,-1.4806341246813304,-3.7938825799851656,-57.03866399639013,-81.97039924275633,62.874106521830385,-8.786334108977002,35.837378941104674,-31.851629917774034,-29.241524425876293,6.797014649115283,93.34461431889028,-77.12100894865074,33.58520757491533,-9.142439757772578,9.404185052813304,75.85658172943903,-43.05712335272749,4.722503051508582,69.9209238735649,-35.67830053254917,20.316894013175002,-99.10671818617207,-1
-66.75412758966826,-9.700812176111157,-21.574429002642347,-82.86992121691796,38.717216452833384,29.68837859668568,23.8864500062476,-77.10783281505971,60.39584781511152,91.93347619233705,67.08877362438224,46.799294677705774,62.923329364950035,-48.49826028915296,94.89240769762,91.06825839499976,14.749446795457558,87.46240238363515,-25.837917816751244,-73.45448397412306,26.186839873635236,62.006702399615335,-6.589765123962366,40.05366938071555,38.2074061598766,46.42439581842177,-51.02726670600439,-45.0670159896398,-31.377244360641953,41.486124486845625,-34.17716081857817,-70.9031871430482,26.97115761117088,-23.03742788687319,3.427881037343255,-77.63320404128984,-89.71351119451893,61.801928298811475,-83.14473357119479,-74.38328740607594,-70.96290021682805,-37.47744911056308,32.07033303741656,-54.69716782631298,22.81809151198479,-1.5487641016425329,-18.87887345666877,53.86210837434632,-76.66864022992598,27.015441052971042,-1
34.80398381175854,38.701967409264086,-67.81259775951631,15.702358481889078,-14.17533644362237,-36.010227529682524,-36.65459125873496,66.37372296476565,43.950645517971395,93.04465203611704,-96.81549669722737,87.27494035644673,-31.887912196295986,85.8074992257664,-40.693029264781885,-92.47303515577252,30.707524875313567,57.2659922558216,17.7719751860338,-79.65403913653122,-99.95550035968921,-41.49025418286221,-15.248609132388054,-49.03114021752626,86.6916495232397,7.026094099805263,15.943201034720644,29.062457766279834,39.14808807124933,49.901518049477374,62.44033995087236,-45.31630662275501,4.109705009847659,17.494642747092342,41.03696772785409,-25.990576730946174,-68.782914395696,-15.114313347498396,-75.71467882203187,39.364478585518896,-79.32720314894823,19.86218505625648,70.05205295125566,-20.586502783534996,53.214946541882085,61.391454831168545,60.54233773098872,69.82797011209794,-2.004348948368957,-60.59783844893363,1
72.02793866988699,86.52962010849572,45.28827162148335,-83.04387525404913,45.5254581142018,45.01862221391298,79.24552703421134,-59.38439036010416,-76.78199512090251,80.80184262543543,26.687288804123625,-82.07837376158547,69.46921310612544,3.8204770605523066,72.333197048307,-81.8317416332178,-39.03902600749112,-84.02773749005223,48.07548534617621,-65.67293186911378,89.23871895387092,-40.70350191910703,-48.736374484263024,58.95074316733371,-87.48964039016025,65.62044941770034,-45.83666834013407,82.21341519455399,55.683688204869014,98.8516373120681,-82.79178400622271,47.11686630695837,65.69547911637713,85.36424561317028,55.47376387517173,-42.760253294169594,-15.212615323043593,-76.68540078021948,-2.6356971956069657,20.01437356378966,-59.111667145193266,94.64845187297288,-0.30714952511235083,-83.33716417956201,88.43028947511104,97.79119952132382,-19.31048907244643,36.580945224244886,88.1173284114773,-44.331413631337966,1
-82.3731138046617,73.14019846480073,-56.13436319381617,47.71420772697877,-89.69695481213897,40.042002998044524,-21.984470683813882,-51.547638157891186,42.25047868257249,18.92549669049943,7.170135532034777,39.389651672878784,-67.76659493740121,68.01679104439239,-13.369080179324726,-42.871118617657444,33.802779182343244,76.3906191388879,33.64232396655379,31.58626709563049,13.402979973893082,44.26336114726456,92.57784607755934,-67.52322922564677,45.64113659323158,-64.08500826567855,-84.9142329027697,21.725718331716394,-67.2187901260324,95.89161775943211,-78.93500874895616,-22.180350910011498,-99.56941442372786,-82.67458491507355,-29.08495105380308,-2.599279732884895,-37.938478013083255,82.82455143995097,27.903881058791185,-44.480939180791836,-7.127036631751878,87.05077089132735,77.4182270215882,-83.44025740526902,-36.1775123856489,18.567398524113443,-8.677892945614545,-21.181278117490578,-97.05375351879269,1.6970892676239941,-1
36.86284978506896,-18.56525228022494,-94.1922434680451,-45.69668445338573,89.09011002355777,3.0193865205917945,-19.909297353022353,-95.93441997088203,32.83646388712742,-94.46508902657307,48.67501790705728,58.82078920704001,-58.09833628209367,32.199091318285724,-16.06619631977921,-52.2366701270462,-5.267870452045287,-17.985283200011565,40.766726974932766,92.38683564339823,58.346558715549264,-46.18451269100105,-13.197261591791573,93.56556938438158,32.41624875375183,27.785808729280845,-46.24726675594062,-64.71914970041809,20.571640376445302,-71.89817410008641,-72.87939006943176,-93.88002843826173,45.74921627754475,-40.9127686025226,-13.654507529094161,-84.90181205095723,40.23539883780765,2.9062699684320847,-12.161581234801062,62.5317222946785,38.23831205185746,51.786971193999705,-60.92289351149325,-93.93059994958739,61.76085424620314,-80.99886776461159,-22.26051135497231,84.79407570178361,-93.15826205544045,47.57049861806243,-1
-76.77220795989487,-79.87600455548198,-8.246342008681424,-70.47130147256823,21.879152686448137,32.22702938366996,61.553702607428704,0.05945592924115317,32.067863350318135,-75.85554194737205,-88.07262705920314,76.97431421011603,66.83018925683183,-60.773740808269004,-43.28273518453791,83.27329902103315,92.25029488788991,-76.95480528069453,-99.73374581037582,76.83979839268127,94.56469500318954,9.14557725529454,-71.24185523440954,50.23736542783294,8.984924997219125,-22.696397526083672,9.667617571041447,66.60497827125499,39.191506966677935,-84.03413256190792,92.26676299916954,10.824434799441065,94.4875480836483,93.62949302542327,-93.09909607247792,38.36567751110081,82.64350692905597,-68.16335640920815,-71.3800535604417,-75.21101416790196,-51.66157143846437,32.45806064532556,-36.11162418247689,-65.16888725620286,-7.924531930568591,-63.165732760199745,55.39049675197202,-19.066070823375327,-41.89196957286501,-22.5721056934225,1
-66.04841898249185,50.03216659092021,30.505375550083755,23.36767535684841,66.31093763631551,-15.369676497252186,33.789775103215646,96.00247512171305,-98.00981819009846,87.05388918328316,33.41190926434555,-7.765127712552356,-65.51498731136593,40.477979291164445,-50.994487405321976,33.71692846260515,-75.2558146835604,85.62680621236504,-34.110564474957954,30.468754106232836,35.749791990741926,26.79539368439987,83.88823369274394,46.212461978282334,98.06142124457915,-85.99622956971828,13.016388233601333,-23.003246373364334,-11.510409603864929,84.38158977190616,-45.543799855673115,51.21064877905954,4.565198896528273,-1.8978480848263644,-92.37045110164344,21.27389509044764,97.63907728176818,40.50751084104587,-29.65535775980797,-76.88880118231695,17.783627413779072,82.15544541973526,75.16073152095888,60.09177087022141,-65.39017844792458,-32.20094512106155,52.64345655666568,92.65615348068727,-95.50760670352632,-53.32219356018428,-1
-79.84439972451467,-23.09683725874669,-26.994939192235393,-62.639831790992886,-77.68620152303458,15.904886782782185,68.23104730951849,30.039609188651326,0.30941478872310313,-96.8649543048205,-29.561044035070722,-45.35923500034096,-98.53959974529513,-25.244867606843485,11.592226118860921,67.8127084482636,18.08453368681016,-50.8670490511699,-78.5839464170909,85.7490696572496,5.627497617190571,22.158762605438966,-26.813406233373044,-95.0074769175463,86.31597187425086,36.491291763658296,-87.50960436030064,-62.34830963806004,49.24513962746292,92.95228320479106,55.38855756351012,-61.467754767189135,-98.92285912148382,-37.34451673099974,-26.42971796806863,-12.748180076134872,-15.669493222818161,47.713052171867986,47.18579793296172,46.028872527725895,-61.35074941335914,74.20015189563009,15.01073972981446,69.38341360707966,-14.828096286930403,69.94085411775015,-2.781238821944072,-28.876663229853563,88.49582018561071,18.65994901279828,-1
63.48994169823831,-73.93640238174181,-95.76723720359234,-30.29066967932448,-27.98198083728984,-74.33008751329507,99.01464316868498,-86.87953061850733,26.07439787310979,88.90800879900829,74.01247039036258,54.8603953637446,13.397660684510583,-32.85342072672495,66.93728973912522,-73.79297663056046,54.09869525647545,-80.7629841659988,48.96206031655467,-68.09611629436934,45.731242891280914,-93.7851251507827,71.1109359255781,23.306013596871537,-66.71284475476011,58.88494499924761,-73.47111745883859,39.38339255716903,-72.6678148739276,31.496327610063815,-93.45938539972774,78.34407151328489,66.72620081234061,11.914022081800653,89.02158253488795,-77.22467632939296,77.64473454358273,-41.461959161688576,-45.977244521039886,-21.28211635032345,73.96980091754591,-74.9572475786515,15.540340426426809,35.308557410494956,28.263513506786524,69.63592959188733,-4.75598432687508,32.104977365041236,30.949150795913283,-0.9641682714164261,-1
-42.41093146480151,79.72778566022066,95.54470237452873,-33.60460956775337,-52.89066524726711,58.268100642706855,40.12816011523853,-61.18362420674119,34.608915229880495,-82.87423275125482,82.7097880212248,-66.31279490364841,46.271463163615806,13.99194347709249,33.95049900153131,88.25334158532175,50.05222320964381,31.0944535319677,-30.943899893129895,-59.59089996133176,-34.26449202682653,33.167386207704794,51.78719301730624,50.89401838723299,38.40796349170381,-67.66750690073593,76.42454426250939,-8.045400242469185,-36.1205706069311,-44.61307181043785,91.98936880939311,-12.338609937013473,75.81109130402376,42.655508384892926,-61.19787823780638,71.65365068033495,31.80059657024546,-30.468253833507603,-53.25923110354085,-38.41751188296949,38.50526146201872,54.51569414231693,40.44719214810985,54.02180060866161,86.68175454291122,89.41671905604096,-28.96458139049733,-2.799505224454066,-99.65226527057564,68.77405100266179,-1
-71.85769439024831,44.06667383319859,-77.78951112437812,49.190923580799904,-25.674476312319584,87.6570830305221,-89.54667286715419,72.23092322531741,-31.183559615308383,-94.35726273744756,54.39121471481326,-64.8500526721742,77.22458018398535,-34.860073790019186,94.64455753998888,-47.260886862078436,52.09833592603104,-1.4903074606472444,37.486122308985074,37.027765352938445,-9.971360712421614,43.0226890513791,55.37733101355428,-40.157688599756256,-38.94046212120823,16.798442298586096,69.2556470349578,75.72191454324943,68.6303574170833,1.4202367594022576,-24.16432545640339,33.480644651508385,-20.985421168759828,-72.99655187406815,83.66508919866845,-49.628266890156006,42.204689288018784,11.824746290151111,-94.68893703584271,-77.58889983425314,-30.849597019599912,-69.53162845460024,45.886740073908015,-36.40048412784858,-18.78462556263007,85.09196924301031,-38.24446933807286,36.808704244395756,-27.288504524583928,39.300200822308796,-1
2.4727555091581337,-29.00097683721164,-76.14996646370669,-15.152550940945318,-75.09690623327592,-94.82792329228059,-4.130845727332002,5.60691191426281,-82.11784985377636,-2.494157306219577,98.70013147095952,43.95094386007935,-61.750550179674455,-88.64400513954173,9.127261763401393,10.627302204381664,83.46066117708816,-73.62081484070657,-71.044308250446,27.6010342290121,-71.24599710989254,-47.33898342014986,-49.867493789247305,21.442974676784957,95.69355710454644,96.72607500439352,34.48186578131782,-55.96659033435427,-48.298892757412084,53.65331694650945,9.263546352429756,-9.581655995851435,27.117619714797897,25.719483968891538,33.03980003611764,31.029654838393384,-79.86319935434167,77.9118108933018,-87.17675494130208,41.76484077636806,85.0331898156081,66.01232400755686,-65.09778563918849,97.37266193489253,-92.50521603749526,-24.950325143920722,74.34858068798118,-66.33337804367297,91.34816358543648,-1.5662130892425665,1
-79.79083779787067,-14.46618283516618,14.429375557280053,52.50513541879519,53.69624585746121,-47.63655634656436,48.52796662918615,-51.24668566086468,-88.4849021969832,17.580513838456596,-84.30426038079202,86.13295559767883,50.866746991097756,22.908671383201323,48.60321401602559,-57.89278850275166,-92.03994409659144,15.53432312426682,-75.18570348206426,72.67894663678015,-0.4818302364097349,-62.91223763320233,-96.75530727526139,21.959636832693036,24.20271465763581,-46.103433426130366,-34.214414037149794,76.91584065312514,-75.61630402311977,-85.31711634902284,-54.03054726226788,-69.04064780331458,-99.59638996645333,-87.49641038692977,33.540012326984765,76.86258343883608,17.65690741323087,-64.65162853186241,54.62928146340644,-67.80461864561633,-54.18131345805959,34.780825092773625,-81.55064342530127,99.03988841764863,23.749162379326876,-22.665705096550653,-15.109899554688354,9.217801649689306,-40.1548218852934,-13.616756042118652,1
-12.205715858872779,-32.83672707169309,95.28264447681124,98.67797574781363,-35.29052834066984,64.07867059979765,24.64273564018866,-64.03145006375266,32.30854518331034,-10.750895386055788,-60.80778344474207,78.46892705737295,-14.317545433070606,-46.49373906078631,-56.214106783009,-12.502599352495153,56.20942853111168,47.87700958542115,38.090024578705425,-89.84363227327532,-19.369262033788615,77.04200740141519,77.47967551130395,48.5886771236421,-83.78308741780796,-21.543948735828835,6.208526770061297,60.22034182293581,81.50429758521824,-61.1020032671963,52.716275176975785,-36.19986743962569,-55.69823487186334,-20.998562571605788,-95.1425324362997,-73.2984182342439,-21.20864286912078,-0.7431567631267768,-57.173092550551274,84.74369130028526,-93.98292627114773,86.04780321637543,-18.871608357006494,-12.62575400271524,80.04372254062886,-83.5097865879934,-98.63383068400925,88.93722549981564,72.08997810926212,53.61659152932421,1
-68.2526473251381,81.85300869106814,81.1910419498765,-20.15216606616417,-83.64017723451005,26.70359139076494,58.386519335689826,61.67256385467388,51.92328569011795,58.08033042215317,4.508843812728756,17.044757205743167,8.25277648540363,-42.89066838887437,-54.354466812753685,-21.424930416000024,0.6914065255267445,-41.455969763118915,1.305368975361887,79.6816966046201,-95.74697179636335,-39.16617538403844,-35.14066553256269,27.608876719631297,-6.7158877194874975,-60.08075010668799,-22.63561806262389,42.72746159175031,-47.355665051060456,71.15212094781319,-6.242307808638657,-49.489796602180604,99.06822523535041,-7.060952690614926,15.65710289434135,-98.54376826334183,64.69006186643082,7.7626912296318835,83.98409693546651,-73.17777277567725,-43.43507839541652,5.713505530921154,85.89609390705053,-76.91932700116672,-52.094750935254,-55.55254107889604,-62.6105772717791,88.90784988889092,-23.842556962073786,32.06591573259837,-1
-23.91599849848754,-82.8411430201021,9.850254275578862,92.0959503121955,2.3589833402382254,88.80850034716158,-16.681378063365628,-62.5727720383346,98.89236954885055,-60.13143205756146,-28.313128866383423,19.66525468257734,-10.135719124278992,69.34083772795893,86.09999141115787,-24.294259174656702,61.835885528755966,28.632634728512784,-48.83251517323415,-98.00387150224776,-19.31917197171566,-12.824520343612676,97.38733126879723,-13.687939650380045,13.548876527721305,50.95199522666681,-20.851857454271737,-41.1802811217848,27.67908747784962,-24.090632778921673,-90.39756613999816,-71.32307869269121,-85.61628828915464,37.73570344541736,-40.24965705196113,-80.63997585253122,-62.98220337808047,-12.123041708148975,76.90682526404822,-46.98109835613833,-18.381693371573178,44.93042906697778,-12.167307308997593,44.24624422935065,-94.39169302856243,-79.63472267345249,75.68917672623604,91.8093015373116,-0.7438146119782516,1.418134623718558,1
33.007334909251085,-68.06673012656985,54.3092914624755,-76.83902213051846,97.65771787078123,16.659159322002708,-21.043586745956347,49.00250323204912,99.23918247496579,-54.768569315007575,-14.580527360558747,94.4942220278854,96.31666891928049,21.475501296982102,67.14813885876464,58.606669243954,-53.8599483657759,78.46249729987872,-8.623946938562966,64.0608349480716,-34.26173937454371,-91.05649492405294,-66.75028679130236,-33.799245292021425,61.44807651293061,63.664848905627366,-81.41212262751698,-86.98094091079315,-18.15735595955313,83.06181793459041,57.737665996692044,-61.25391421580677,88.34168423626602,-98.24417289417109,11.780855267592031,-69.17103970203655,-11.203991538667808,82.13321063123334,20.85674118980043,-68.97327312865531,-59.536401316844035,-24.867091632002158,-25.500873841193368,-37.572834374023856,-89.0568823726138,-64.51466413021532,-80.60838164876199,-6.68012599876613,-56.8029193268869,-54.283807359159894,1
-93.5113107905626,-12.543670351076486,75.2971226174731,-77.02338178424222,-61.523363755150044,29.008402448158535,-96.12864239919008,53.69194565312608,-16.125746257635583,58.67296174199873,-59.866782613753664,2.890939511871011,0.03171311936173993,97.58172746918223,67.4959217236545,-56.291279441597794,11.483128598719034,-10.840196318091117,-64.895026415067,-41.59241359055521,-50.82329675087429,70.77009388433655,32.2146132892521,22.71328636234398,80.00563647783588,-55.48627974772935,72.26030112043856,-23.21809788172243,85.27638812471636,29.432871009452413,91.62175097491019,-8.324005163864626,-6.9202284475556155,-61.39289036274875,6.868003902058305,-84.67528917465185,-81.21874035107486,-42.69644186384105,-98.39093671699732,-39.69017604141251,-34.770131143691984,9.495304627734157,51.36666248974714,-3.1060213960838183,83.35746420181573,-37.41237058421487,36.96899431683289,95.32749585440015,-17.485375275419827,-87.17781365746231,-1
-52.24075772369214,14.795035006348371,-62.12875446386698,-71.32486578635209,-17.10049497221,24.968248802341563,-20.01382738711635,-77.78668268128351,35.99144288900024,-31.901847044476355,-17.79884738125972,3.9917179415285773,31.806356459500222,30.54704219051743,-7.69128823456586,-74.4806916715385,51.02544852309373,38.62124121399859,-35.579027871297114,-53.01268779401329,-45.221703298167306,-61.97587404790348,63.94928002960438,82.25777350265494,40.08173561037373,72.63372042356482,98.31146080489907,-61.95800665326105,86.17242220520282,-55.2675033233649,31.773404278802673,10.919918756998854,41.54101306715455,95.99398927133021,39.120674869571275,-47.819640602899895,-84.72015855280178,83.39192680284796,-28.047744892797624,88.61033734969553,73.67986653986273,-16.552110200018106,-37.62942385479842,68.71176315191954,-80.93911564708809,87.69600305085606,53.389118451180025,-35.218811291147276,-75.92328014517098,-11.44843614098643,1
-27.552911669542326,-27.563679441169683,-79.99366578656925,-52.60872748236864,57.24364612852085,76.18399909195051,76.02203299450724,15.275130201803222,12.945800101476252,15.659371751074119,24.557668489739953,53.34526729050509,-52.55699659423134,74.98821110195189,-19.81958948780749,-82.30458524861324,65.0488269054672,-0.18085331946802796,-23.25140245541671,-35.54589236022994,-31.64293279115185,-12.973517274793167,-60.54103827544333,-20.250376740642068,25.442345558448224,-46.15892751475419,86.3595399737589,58.60948884409356,59.186075541930165,73.85737365047564,72.02819295470309,28.050808127541217,-59.68821367319763,2.7480760762917242,-11.208548823218777,-52.72579816667442,20.45114222851862,-79.12456343196743,93.86384433985015,-40.34782825658076,-31.080196050749166,1.3618636296401263,66.85613881058285,12.484377041709152,0.7096243650810123,88.0581349896091,90.31210933338895,35.4189951443432,18.26069487080231,0.868652265642325,-1
-40.490309736235886,53.75283614423208,26.98284706241283,-54.53951855229524,92.47606544540781,30.006736847409712,40.34540680062025,59.6523707920276,-85.54380624673819,-78.43997182085458,-15.161386037796916,15.237665412035554,41.65639177301185,-87.31897715671263,-5.085853926497677,-30.75958957823363,60.94993356410859,2.989699050296977,55.76787408021539,71.63299270969915,-18.180643086625835,-99.9804198609718,76.06851044262598,-6.887886373721642,-49.0741196899811,47.12163168352265,-80.34232197764538,95.19524623834354,7.707503240222195,4.1511081443675835,15.45969219568633,51.24339182934597,35.566840525998145,53.84973120396623,-33.449041684137185,-71.31775594529965,95.9205403017728,-84.91666613940627,-52.80561050726769,-99.47827360865658,-93.00977052841874,7.048185294171944,63.429322992516774,14.581031703669751,-58.70673990537503,30.837594113677994,-13.379129675372909,41.16931029233422,75.0033942609318,-49.84575725436289,1
91.52505690107603,8.16541279430794,-90.01550286732419,80.66293351323714,14.205678250090486,-81.0878049465064,29.379183378554018,57.85635641042046,-44.265369470599914,69.23866733785354,-50.32116415953665,85.49369211636517,-55.956569619480035,-48.81273253127443,-8.346340584842068,98.17062652483688,55.21511396697642,39.88260350017049,-31.797002951177802,-31.81657682399765,5.662990902510387,87.94678215938796,46.797101341235276,45.090982355404094,-65.85296901604794,-34.089108908772616,-46.65402428502865,-2.3721495154474894,67.14519173140289,-38.007117043054684,-97.29678351133617,-72.08146323121517,-70.18599048370353,-77.53362852795829,-1.7921346891982495,16.4813470581024,1.6077834482273374,-31.106514764172516,79.54415776528566,-19.418479277321737,-55.18234740589805,9.126525523645768,-12.983289717664292,-7.78930809886549,-6.821072208944884,41.62424351709069,44.64337989555878,5.4511254011214305,47.88947693052697,68.26165495982505,1
-18.065426141496175,-4.818734505359856,-30.26042092767267,-52.965952175077646,-63.42515037640577,53.67361371815264,35.36725951100556,-25.74497191910234,-24.798431774015086,22.45987242601592,33.46828507917789,-58.82872433552271,19.946382889085726,45.602098907015346,-75.43000770202065,-28.105671791225873,-23.43998767486329,-94.20981260322176,41.54007556545557,35.80668610862119,-5.567567147478442,31.76768600265737,95.96831983300822,30.53018134367872,9.779996574015499,66.01474040594312,-61.42512924917158,-82.22692437061963,40.586995374705964,78.85282549968193,13.385695305787166,-69.8567259437054,-23.454290962857357,92.3596451068463,76.27639004972738,-58.5575656274471,-14.475357014859313,49.242982684231094,96.45655325294857,-52.051573121241645,-11.79850865369481,20.355860127810033,78.47130569026939,-93.0557439409537,54.96724549876092,49.507588541348326,13.43712037444675,-63.97114981167596,-12.871540012705978,28.895326786514403,-1
-29.05428865395747,54.97168043639118,-69.66660792847594,-69.82439063507911,90.04492111868646,-55.70102953423191,-17.771109429899212,-8.625095601791259,-22.074732711873196,-28.937926644838896,65.56477700838076,28.984787408623276,64.50673257715732,88.01341597952771,-54.928000107626154,-51.21567726283265,97.48591650206956,-88.25589738485496,-36.32837810385552,-89.7094649670789,3.0408755699690175,87.26331584082072,62.369004437238175,38.75599338289322,34.59305881408309,97.2839542696261,-53.35880603765091,33.83781720563448,-32.8276360486165,70.0820633153202,-95.26860980617056,-13.648303584576539,-63.09322303208991,-41.18640278554335,-38.43483573286679,88.36118170888369,59.134934919065984,10.908993907384087,-76.93146153122514,77.53560322709038,-16.722371455372837,69.38193257731396,-87.65890170084154,-75.1628497347603,52.769655579491655,70.6242740669743,-90.48547085369776,80.12219785699872,95.55233064166265,-8.819710845620946,-1
2.268479772187561,-5.674726960947666,84.44617396774595,-24.964720337379504,57.375839564192574,-5.97604678670622,-18.360433581713593,-85.95983708840967,35.625280206829274,36.5199175205116,92.5496940392539,52.291066240694505,-28.123707359434107,37.53408010747151,95.13426055516658,-86.22767599901266,36.60424822212653,99.58381341927017,17.372495114461046,-46.206894911530696,-27.065515855966353,-54.33042279340901,4.321207171791002,-9.491807399854864,39.12501338934334,-82.59585304962192,-72.40456869706837,61.16399024810687,16.865674724746,76.96026092889451,86.11874317361284,91.67762224335016,-65.53861804107956,95.56044251298039,44.724019926757705,63.4689103645284,61.9925901538779,19.356965814855045,90.0080206835245,35.28500095730152,1.2144187633913077,78.69490831204871,-39.95752614067081,-71.35134382747879,-69.66393623231033,-65.77993521997254,-70.22674918600595,-61.49795207416962,-60.238736674413595,-9.319820873287242,1
-20.542541887926546,43.87763111496406,-59.54536365159393,79.5410452945161,-76.8874407053328,27.33457360027674,-35.37810151934819,-83.45498195915525,-82.37619733410135,-88.22667848774488,-40.804650210583524,37.70044989524831,-96.41409438565836,-96.87868448050234,40.995183684690545,-85.11255020606924,-18.021661375456148,-85.21196545071737,67.30538882833764,-52.53065068289311,2.8540795723605896,52.50559399832443,31.735459909703962,89.41437009691847,32.646362104733356,-26.974207740394803,66.20605489088501,-76.40257927490275,-13.595496515713862,-24.317123802053047,98.55785370737834,63.54187033114806,-47.29610802511799,-18.098749518483203,25.0977325596008,-91.26790021650746,29.000882041970527,26.042389669329282,0.6504966830306387,-83.46272918127454,-69.23652100197054,-79.15995497491318,65.66395685100466,64.92160296278166,63.00855873111669,88.18843434627945,85.83597795589836,-84.44182419365004,7.095376556601039,-76.83448114462166,-1
17.598325892766553,-11.828977459496826,-69.7676083623547,2.463062251332417,-50.027011456126644,59.750724563345415,78.92523779687468,-33.62511138384798,11.140463139054305,57.45105750815935,-10.865228655035324,-26.84135298061821,-19.648723027497653,66.38870790610275,-37.92213624125726,84.40703810838173,49.38862156529146,42.18839739483147,40.251694927427536,62.98534901875618,-54.46743653425183,33.55124649126512,25.332343089613516,29.14992722340338,-0.7218031487153951,-59.27654644271261,56.417468147558424,-49.23436823214584,18.129442738544753,-46.89710518950554,23.593742311942094,-72.55859075450606,26.405103371349853,-16.723938231177684,64.58527268815618,-46.334020388678795,-14.811298497195452,-28.345727768203716,75.58655870211115,53.48610582981078,33.705670037417434,57.55831857099224,97.44828499429786,-54.5763776866764,-93.47470277801098,72.57340628029954,37.49900490882655,13.99989733954898,84.21860694283924,-77.14413263222895,-1
16.43409203525465,28.561318217234742,-69.30863357836759,-90.84473211425488,-27.90812257864968,58.816408695345615,-98.10332898632497,-13.590569210323864,-66.68494330773038,-30.25019395197384,7.80364440275747,33.50665027893422,-54.77379745203426,81.04504832799404,-63.32462514467385,-99.72235169805445,45.39417750187425,81.36550397555564,-20.58267637178615,47.4054711403883,-88.01738638152842,79.62178323228636,0.6004414693196338,6.0326790891794815,-50.906952953119045,-63.24923012362267,-70.6169677518779,-32.085003034316145,-44.155111276968874,-39.73550370052741,-92.38801640349075,-70.01621190734046,46.476774470917945,-2.3184142495200604,34.64680542805766,-55.46760666455448,-49.85565804523922,62.353936775952405,-96.3088967048193,28.79628219962146,-70.75628753404175,-46.10603112720681,34.833844095895785,89.92637395878918,68.5638387087478,59.55309921297939,50.92634947463887,66.74863786654313,-90.12354025929623,-31.88667825726617,-1
33.320095809323846,-79.3210126739917,-40.44258535414023,-87.12141070675273,-81.09424719990088,72.44947384496794,22.250177628185554,91.5744669683339,-59.45545509774411,-85.2701475076579,-86.53600688007367,75.02528072072428,20.40086665989533,-56.214533095283905,89.71148430041737,-7.865659013830879,-58.94120135656114,37.03102677449928,20.677236399424288,-56.94171771871186,-21.765116725971794,53.5667013568995,-92.11221227530557,62.517196507821126,36.34453482509963,71.67016290270683,32.6875976392956,90.6402014738448,-89.35397057147694,-69.95420020358006,59.37030021419426,88.44012122500965,63.71285114366185,95.02947590826915,-84.03573712408989,-53.174493765570396,16.12367084061512,78.52100567770273,14.289197217687928,18.476742980085376,-46.23596625989042,-27.339305027945926,43.55308272110895,-58.16402991191203,-21.973496970799246,42.740828420172136,48.430386845561145,-11.215174759238295,93.79889349970358,-34.88074844539548,-1
-41.370453947797344,82.96842997033093,-86.76625565496383,36.05312574571491,62.835779327476104,-22.6899630550123,58.20207562845499,-70.20081968580791,96.83055306346989,-82.84131089741086,82.08850450567746,55.68644847223575,52.062380566468164,55.68967583672696,-20.233715042591612,-97.45833206244248,-18.500984116276825,60.72491456408932,-67.29320478725307,-30.28732698229946,-36.00324376325909,80.91916909748988,61.99216063466639,49.254514995337985,53.61762828491672,-10.911316226536911,13.944641952717646,-3.3217816715080346,-13.921759300093427,2.1313750440642423,42.19112374954298,-3.901556324366922,66.97186830944187,-99.44183361583534,85.62653024153758,18.75903840974746,-96.1599183742339,-75.48302526266248,34.663760874676825,-47.21304171518113,92.90626789465449,-34.82186198815799,-25.28797402289942,23.73832217715413,-46.55576242667105,-53.31086657994686,7.086626705709094,87.96482748480184,-81.53783906701292,94.79055340751174,-1
-89.13359303541924,-64.66353716473895,-4.821497834101862,31.63948164267333,99.34564281589257,-96.1372490075825,14.49543674164903,74.02344096145436,-29.68751647782817,82.50399424659287,-48.7370870001258,1.7486234741175508,-39.6316071286354,74.23015409321005,99.4747453696011,69.82072740244473,-47.67973914452588,58.486586231781985,53.28819511469851,-47.19615742947987,-29.853909682576443,-1.182849784328127,28.774464796115694,-31.38669640104048,79.04519573890843,-98.84400908549868,-58.52497635526217,36.26223294654892,5.162040832808373,22.075693175038253,17.530795348527377,84.56731716490316,21.301319552842685,48.959661122213674,-6.637740480849601,-97.13718171876017,83.82897342798395,42.77975591893946,82.54693792414949,93.31344139997356,-87.08895186543546,-69.16239097468917,-62.347286116402834,-27.222800813855372,-84.54972549815368,0.9015331048697988,-57.29112314246405,54.58775829104164,6.808282100128693,-62.604206157119165,-1
40.73995592581019,46.34105454463031,-66.31841019799401,-12.252558497917605,41.915838775653015,-37.23676108020637,11.454799346863709,-8.214997384497579,-14.563314580539014,86.33487964683576,45.78873841611036,-82.3857765965409,36.75634998137568,-28.478801274683008,43.34560534315045,72.54356473334741,95.26047925405226,5.837349797388043,56.78592751511985,29.630099365625,0.8926192970412075,-12.746677035374688,96.02515184833021,-61.20550840164351,-27.110749063599144,73.99988358108504,41.76388405361723,-70.83297181032026,96.6210028667848,10.436237337532688,67.44274431142904,3.0290288475495686,31.19688232322119,-85.14872537735734,9.089792479419216,55.74099327012124,69.14150119804282,-44.68362242103616,44.48103692565772,-65.00714976948004,21.50634593361778,88.42709794080412,15.22450874334001,80.64263196208873,52.554558509538964,40.976471379066766,28.521011868991508,2.0931642914679287,-32.245093429915286,30.679215481147082,-1
-62.69629792002915,-73.92937399134689,-31.087618402424937,-60.80425550166646,61.42656574233473,-54.17706644866469,70.07602327626805,-11.195863948755203,-49.90772621272828,-24.984995299153795,41.44052436441214,90.57228403502361,-97.97987953792564,-73.98615962842388,-94.45271220983025,26.686494709527196,64.36818674476606,32.642740279762506,30.298945506096544,7.899819171514437,-90.01079789201971,98.7337226156865,42.28466170025001,42.21965063355131,-50.58171921959944,-43.30769965743182,-16.971552611848367,60.1814451375316,85.13699807517008,-87.47455448865216,47.7274135176616,14.177387036713512,6.522115319727021,-64.06880474586696,-85.06544180301967,4.504517971156702,39.92204527833789,81.50970689909684,-68.79681600359176,-42.99411199686423,91.0029935719682,-5.771213277128908,60.22767243987062,71.54986253832652,12.316520707589802,28.385545491939553,-56.9863915561905,-6.0008976567353045,79.83901698305772,66.47743424417797,-1
22.124008488326524,-38.10748471076353,61.89464192308688,4.074443288193578,-24.35541889879063,-61.337200550957085,-45.397776381386315,-96.60899570185425,-31.677243071610533,-38.52513455199422,6.043789702457175,-45.05250257325346,51.11820388456235,30.655459322878272,78.44261204020631,-96.44798985350435,-22.866472577575905,-18.76847512546324,42.31843495118886,-88.60188333886339,-28.858091394550982,42.52512265314243,92.23143858994536,-72.03803929756012,84.26347287289849,68.06938814836354,-20.088546439305162,-26.857626697852524,-54.850449800407006,-86.26889360587134,-40.51214560547483,66.32432077950406,19.088455751217808,-96.2547422053549,53.20800553584877,9.874031364281578,-54.23824932660424,37.85785563230661,-59.56135910107025,-46.189392859933285,-87.04544072461727,-37.309604309427336,7.449653052692696,-8.424708416263044,-14.462105420133582,-43.46955086552384,-62.676540847251715,-13.455549012245612,-24.602407858624048,99.43811479451719,-1
78.96547008552977,-83.00674202210672,-18.03046537633,78.06183955491286,-14.910176689636614,-44.452570289148575,94.68039123750677,-71.56829109785399,-88.36834498987483,-9.334726331861475,66.40453303550305,-11.477657833187436,-52.63871029299456,-3.8838043456828473,-31.8325098447104,-16.4862990805466,-78.72891350513433,-98.70628587338734,87.57978947666032,-80.64927210572101,69.48227832499592,-34.757198576433154,-60.890351681622626,63.941299131992594,36.57528399396307,-45.86203480104771,62.16254879133058,-20.744658977766093,48.118239458234626,6.150080834250389,-3.501757007111351,24.273952467271243,82.37598723890972,-36.83851726461225,-70.6754134058012,2.2534547853292395,-70.47739662121167,18.573236526187344,-40.3708983787302,67.70840178041567,-76.13239691516765,-53.97696731420378,94.89708192833882,11.128613350190136,-22.832397145968386,-8.456269008774882,-73.82709123495907,97.57828180275578,-6.968109329104038,-9.013392703197269,-1
-38.44581894137018,-81.39392505182086,40.29958011315671,-58.76703107375858,54.99812989898163,-88.76676709102827,36.325506157435,-42.99251498751702,35.43234593331351,73.82416190796721,53.663498198826375,99.58986734257425,88.00000572591154,-69.12208750447375,-98.60119217532927,-71.11787759473583,62.032279054611365,-64.01320299799258,-76.41304398943126,15.127666905105912,41.52679229445221,78.99024436665258,-3.525888178554922,84.8366691870639,33.38153570319713,23.74808427754101,-79.55739736663581,8.937222277921549,6.02760812099325,-45.564000000341,-98.98123593308117,-81.5053611095979,-69.3537413886792,77.45593319821415,-22.137118547328114,49.47946792235132,64.67280300282047,76.9561007309448,77.87574538611659,36.571760160740496,-66.54798494761607,60.31461521476919,59.007801133552164,-19.846216546604367,-20.437835210705543,39.310834030390566,54.87926488928622,-30.858405899274715,58.24100836278046,-96.61408139818978,1
62.11066615636659,53.552923542867546,8.840000422725566,-25.13488707742924,82.21475138129583,17.93286127691387,89.30146449409034,83.74938695992498,-1.7088349106842742,7.870360335646694,18.00701080739637,-39.87018128947615,-23.63534904815168,57.65986445687531,-16.24759716961846,31.996266826910045,-19.424008318843406,75.31665428267439,57.786374265604735,-38.51811716939577,80.03980701081088,-60.25957597547804,19.941558895462876,30.140399501611085,-80.291862257373,50.792584376301534,41.038442816742815,-95.58468155307749,39.893337892233006,-23.248596840848833,-54.41717881974808,-13.19868917276716,10.538318490992964,-35.065815868448,-42.616392517900906,-70.23227203976967,87.15397283280836,-22.91398194414481,80.743545835377,26.205375018525018,-71.61514065177523,50.64105241115837,-93.30582669801444,-19.791447112688914,-35.05903001462582,-62.283915392864685,77.01867877080863,77.4452902779665,78.44320121007033,-27.59768834849396,-1
84.37484700462338,31.661487901212382,-4.574046520863348,48.772428977199695,93.16488488832647,-82.7181680479722,45.5952644824776,-24.490789078174544,7.363848412004657,-55.49424569483878,55.037303213379005,-80.410446481498,-52.04565292720431,-66.74088481032068,-32.83143676029552,99.96358883168307,-38.32195371288836,90.5301906284011,-54.992688241642874,-84.15646255279773,56.728568636657684,92.06644606897066,-88.68133367870064,-9.043690985120946,-15.90189709343339,5.599467877532788,63.18737110227573,47.03571995691266,99.20625914193909,-66.34896099526676,62.102813747757295,94.77247898321133,-19.956829407933213,-68.10461227237417,-59.3103111425245,-11.105289143101317,-6.079901111694852,41.37287437705683,-30.757698975759908,-83.09879698684352,42.15547301788237,86.89439411457406,-66.84092563368706,34.40659706664846,-59.209241121952935,-64.1297801424008,59.528316133506365,19.443362994581776,-49.02502147311263,40.67579468971218,-1
-4.789919560180067,65.10696830408313,-61.076149135086965,43.77559607882702,0.8744986278304481,89.75615489983727,-60.9696062850162,82.6053818793786,-92.46322261002237,-72.81177790202307,45.89156052958887,-65.44215908665431,-71.34655298634651,86.33422376323892,-43.716465438603144,24.398747750708054,-0.9670930854811104,-15.923925455469075,-56.7776211333539,19.519879044666737,15.919024592208416,-92.90257600413818,77.77898248960281,-82.16218667222886,23.011840174839037,4.442316061758362,25.64027777057069,8.32515268451121,-68.81670084089266,-77.2559647652624,-16.723699623528347,85.5897537630999,-68.40971792823075,-68.42066182418893,65.22383021637006,-85.27328133878262,-75.90322747942395,80.11034110289762,-87.96596374082523,88.81531608751837,71.67572067189829,-69.61070627752781,-25.75126968662083,-9.019955532457672,-13.195176706037131,12.098540813355214,-22.18795847924602,32.35992234439749,4.021552789886869,69.66674866334543,-1
-27.989906819804332,37.828671396067534,-17.79184388507771,70.93477405006035,-95.9989671147663,-48.49290995188331,37.86097404824312,1.1190030918075422,35.46958586185201,-0.23149215079402552,27.872534626481695,25.358296846554367,83.36708853976279,72.1529362578265,-6.677099314310482,14.983118082200434,-75.538717157592,-65.25832120319507,-53.81289601736039,11.341409491182901,-36.855827172538504,-37.58325945590491,-47.065996656193306,-63.89576871179088,52.38856279552127,49.43946524078595,-77.50432380842673,-89.35601095398087,99.77456529666512,-25.184429649396705,-37.176630308995584,79.38234221174483,95.13540740191459,94.08541516405228,-34.2297635353154,99.77141857963889,74.65005994381272,86.841994846924,89.38901148029692,71.47741983814566,12.360467804612085,-27.855625876547705,-98.79220056553793,-26.990339389084966,94.77206157596657,93.61234857589253,1.14684071416238,32.54355178971855,20.7483617930217,24.07614522042192,1
7.394884578682721,8.964935134686343,-13.275482619665226,99.63494757849301,-85.26991307893161,48.10335991149094,45.10002707690509,12.868622342348516,19.02147563193641,66.89010800894658,-82.39597381891201,-74.54354962390848,-62.10148069797236,-25.622260284863557,20.543299258417093,58.99987076470737,85.80168002340599,-43.46516793441311,69.71572503524982,5.210381768264696,-60.15375118350701,87.51910773419709,47.58559092915061,0.9103070630473837,-80.246596809818,39.88013445830799,58.168593906635635,-3.2924268384730198,50.86566426772839,91.2027038239759,26.00403541175895,-74.66445118078728,68.74109750186776,-44.509740340210314,67.02125427751955,-82.7542274224294,96.11174558079415,-63.8937256935409,-61.55163537362889,-9.021827477614224,-94.47206662008702,90.47409123774918,-18.822909495635116,49.280042554422835,-24.735454932625316,-10.98121411975059,-19.40310470562278,-16.620434201258234,-38.42164421888974,-31.414910572270372,-1
-40.38955827211137,-9.99515209443949,-19.194009934308013,-44.254598654575176,-9.022710185433723,-25.409815871839598,-8.10627596769082,-53.73998538440061,-29.558717596143993,52.57564223200771,-88.59126366167789,-11.458770609743965,-59.8530508249707,51.072959865007505,97.70103358048218,-31.513694144538505,2.430071964015454,57.05920842898641,-16.161331055947258,-75.18597722294535,34.68020676933591,25.458419923772666,57.71003783354877,25.19706273336206,-17.47248764687528,0.06801948242500089,-12.043387237809782,-85.81487072532134,51.272631808523215,-53.390674181566425,45.15151034045951,6.568422671176634,41.715565727509556,-96.58949134295834,73.6323278127808,-34.588459941519375,-1.5349577104501577,93.43368607267797,94.39377026263057,21.06451458577196,6.417240082854974,-14.973153071408646,79.07676209309366,62.53471636442006,-94.17417530351808,-61.477604707912924,-9.39859767240732,26.45703334619658,-17.001049946057137,-41.0779064891394,-1
64.52011213193165,-92.1276240360541,-36.680730317470655,39.526964566532854,3.6796381575937573,55.84385667445983,-66.57232764434875,42.49414747019381,-4.624077008796121,-98.2154389836871,74.48345727835587,-85.30368888299589,-24.125466173695642,-78.50550252337797,-28.81345728668117,-38.140608115833686,-36.001178808024406,-31.71741746525207,59.62476255541668,-12.8844341115621,-36.36076093421457,32.842243526754345,-72.45111279239595,61.69596198922312,-92.888300638178,97.43864607405402,-74.85161584303764,3.172057484892349,57.23078240618287,-35.223075389101325,-40.1398491244428,15.194800823134074,-36.58560167594644,49.22598841782596,98.42608238326295,36.49839011586883,-24.308498287856708,60.31585220551611,8.614451742855138,41.98658963414937,8.256091055644134,-96.79755208813164,55.06062100191991,77.64013817749992,39.503775398012095,6.4748185701571686,68.05698322520607,80.43528743548924,7.611936537247118,-0.35889367436566033,1
-14.763739552805404,-0.6969155538790233,-71.69022980243534,93.55086467462431,-18.343297355360605,57.48514786763664,-0.7997139856669406,-23.13859740134336,95.58067489621536,96.6399285543489,-70.3926392996828,-98.27292156773095,-14.165140274814107,-58.01822235840643,-48.750015618037224,18.996559536686746,70.20372037179362,22.853922009706224,-81.75246544841235,-70.33205161279126,41.680224184301295,85.64759699653527,75.31198346789574,-56.347035953382665,39.06565037308869,63.255213645145176,81.43062531251852,18.142533461120223,-1.1715726633329666,-31.760236666272633,65.73087882873062,45.660724218496,7.80363370498705,3.895569925036696,-85.23528373868581,77.3255240897553,-22.582478994869092,46.96867294774785,-61.801102715541,-19.907961450858977,-94.63943201179367,-79.18886699078186,1.6716200691022465,-32.87299120511213,85.68972986661348,51.50574797453265,-91.31284207605674,92.2459828049137,-65.4268910997107,-57.02078126503176,-1
-34.94097319539378,29.56740772164531,74.17811400533333,-89.00842506998671,65.89201879624434,-59.908907738924015,63.99162414511605,-77.22475923419813,-36.71423932877473,-63.659522492479304,29.15091290846817,-68.61145469574873,-30.414153444640718,87.56815760602458,-20.762301002554096,58.14308845902747,62.538519014887925,-80.83132604154602,-87.96086676565236,72.11864437097339,-73.52890953701194,-96.16941630396919,51.04748364600613,1.4975858676111073,77.52549212860413,-38.293903183327195,-17.05826148454736,-20.911076603426196,54.23270008832938,-17.51762775062373,-32.61381510783849,89.95130652319455,-56.4932820859547,25.299120523977976,-7.582810472965917,-31.859930884278853,-44.31448661751798,-99.61895811720515,70.43132447162287,-50.03761815484542,85.06963960117062,-99.68136161534453,-68.27955171511087,53.12089994195705,-38.67433152802049,-76.65920877280374,69.699453505067,89.65488114065917,80.86870512380727,74.86377005872109,-1
-79.10909637996973,-5.648738121825133,-55.494043500222844,30.167671767381336,94.99491252058206,-55.24719591846032,55.654698799523146,-13.151321580190569,61.84836336003002,-98.48843172116754,-94.10975993893335,1.5702215132199768,-27.266068322333894,-80.5074091013201,-30.257372139882392,-35.580340955082605,-94.79516179141156,-95.7101156079637,46.819172011280386,-60.29961956868555,89.25546863468205,-91.76609166128566,57.398062417351696,-66.27691461904567,-91.41528136252953,56.99539887123103,-14.698135748315067,-28.406438703693368,-1.0468218092739079,-19.26890153667466,22.323544811503965,57.13462922407905,73.47925312692308,64.15205695781225,-79.72356974823282,27.198386359397617,24.663893839536826,-49.04145792014798,-87.28518987560936,-82.12297808357194,43.25386600962352,48.424079041697865,58.049882978186474,-72.33954249438722,43.45174859549326,-99.84541640557023,-13.72140699523294,-48.80057137126774,25.41986029076746,20.835465319265325,-1
-61.075232659025616,-48.79576538769739,99.66138607639763,2.5167933868466292,39.244383000973386,-40.85818087900144,-55.830036698249266,-34.841068047838974,23.84346932088701,88.9327501867889,-72.91389002008671,57.646060364774655,-13.193489836135043,-54.10471043281693,34.48171054254556,-78.98650247056418,-20.207133910102826,68.49338912608937,-76.31097733001883,-42.10301562721457,56.96055410852006,-42.906863919572835,21.61733453262559,71.78123735962603,-38.86429192253329,-0.8115535464092716,-78.67754976442885,-87.36536712708991,-85.64394855116927,94.28227830399757,-11.628478484858107,-99.46505286562703,68.45658123093722,-89.90763610998127,59.73990985236918,-53.350032379745294,-20.92013643809875,4.850884925657681,99.25140353769754,-13.219267417353535,27.853724855368938,-8.065025035691662,94.5268518158988,-24.6359686772075,42.747166356154395,33.805965419071384,-55.09844350029951,-10.764047772255353,-13.453452408986294,72.00764024299659,1
33.44246743883622,79.98190867093436,-8.823482315179419,51.50735735944585,-21.94422720228954,-17.37309573373011,-89.91518432772361,-95.08492021183162,-96.83717387762809,39.878307651263725,-73.19212891873808,34.81089929861304,95.18014340852028,43.46962952689552,34.01684860587511,77.99099776748156,57.06450349967412,75.06745352974778,30.23097724789622,-58.799609763320774,-80.01328889201568,67.75522003226064,-10.543523429980993,-83.90204282559877,-52.08367913913139,5.182951075985969,35.915239351869786,56.67666238265883,15.92479014508082,65.97874686224418,-35.90475517985536,-73.17705417681128,-79.5503683096203,-13.850586615550071,91.91649362178177,-41.254035820527136,96.4693116256166,95.00564777213967,2.0474242289067632,-37.03824778170966,93.2130410345026,2.0289319642585326,-53.35484985558874,71.44523359048094,-98.3699090660416,-85.37616865171887,7.813591285272167,-13.235920643265487,-25.975933888040004,-12.101215345234579,1
55.82051727915734,-43.612623131648306,19.18831914614087,68.6722257743979,27.803485785352564,46.015805299003205,69.19917111495852,2.895449775139312,-39.578783870320834,-66.04731197848818,-16.244832261698065,44.43035355228042,71.59500542491472,68.94302954620085,19.212993407362887,28.995945892133022,71.9226450897043,26.06682229346511,-1.0048099082914774,5.609484478667227,56.28822554328076,18.361125758151758,38.22896916940607,-52.6562021306201,40.46344052762595,55.90119285674302,-55.151209505967145,19.99040190891938,77.37797639240648,70.6211814666452,-63.89278339905893,-99.7933342816195,84.85935115072115,40.1005236296364,36.45499573612386,3.5232351649458167,-81.22592313099508,52.80301263529111,-38.44107972173924,94.12578473874584,-81.28456728401652,51.4407016070281,20.515901641018303,-3.976445040174241,-78.02194086460173,61.04061805836474,-0.3428293560850335,-72.71368194872139,-43.012715780935196,-34.3604628192479,-1
48.18081123041429,-20.562622736574227,-44.25853087585827,-26.217125329275987,-99.89800219681129,49.57144378379212,-75.65202294793335,-81.33109510458772,45.24557763644614,-99.16756201550004,81.35820676659023,60.24546021406243,72.40600537559979,32.8055395799702,-92.31421182683275,90.39322845995025,-97.76672382917018,78.36735513199201,-67.19093249527603,29.402900838429133,-5.083487615425568,19.75809483676376,-87.4655343845957,12.585633109500336,-2.309740929033424,24.44732305873221,77.71693288505833,62.90900939109494,-65.16456182497576,89.2026838355109,39.131032223326315,-32.64875911524578,-43.046859192076916,-74.80146229084086,34.92979265101681,-41.91754529991692,71.0899352048088,-9.992604142568268,-97.27237463932843,-0.4934902735108153,-82.47506853208057,-65.99768018657335,27.82021259161236,5.178326692985706,81.80205974754244,5.409905410092591,11.621868255698729,-89.81245781309377,-43.7231004411069,-55.05328760557464,-1
87.39156460621257,-16.406298397222585,21.737505576560153,2.288566783524601,-82.58705933740657,-66.20141502432506,-10.3371760121465,6.217163281058745,-12.21217861432092,35.30765303670327,-83.98903986865768,28.783453015843605,-82.96905636911387,-74.0390345378421,-37.407856957024535,-76.4389714246925,-84.16167947370026,85.08910523703398,91.32702650903062,5.982686646699008,-17.962969915825028,27.680506348709557,29.16070314488465,20.949023721048746,-82.18764111633291,95.74322128969999,70.84728832542689,98.35048258474654,-65.980433433478,-21.379422789263174,94.74062873660901,-64.8276543528449,98.39373847106842,88.61631152959598,-10.041848976311087,-38.48281399903537,-40.17798910934618,39.27727535662615,42.32960780172368,-54.58552899399196,46.15028397361877,-83.45935382748377,-4.9818963944557595,-38.466821023734845,-30.92262764930574,70.88188937940964,-58.463761135966784,7.184870150923459,86.50827891099797,-63.388557277050325,1
-27.499603093697374,44.132890901572466,37.24665601928953,-1.311659887486826,12.47455647423989,-28.880921183793745,-44.79038404574016,71.3023969676172,-75.62044701700457,84.03887102676336,82.30340781739818,65.72134044827084,47.22348982984968,-14.624233477869566,-62.44326800529429,84.15902370675636,-41.404617975731426,97.29910823995297,50.69250921552114,65.24339130047701,50.46484994812204,-11.844195778246387,6.897406198342495,68.41109588505435,77.00133075553046,-63.82549110895543,73.85544976551782,-54.94976222777028,-26.116315860418382,1.7407858421727838,-22.107261497513846,-58.24749237935445,75.56875104888215,1.783960133649586,-11.394840772883413,-46.54670830579399,-77.65080178779435,45.328114711214084,-14.7886895988822,-57.94950820553972,79.16725910963055,-30.07796562164164,-59.09149354529897,-6.556359117783643,39.39659475824658,94.38825733603426,-34.97395978699123,92.18545945521669,43.56338921252828,-23.194934709666953,1
34.59332447888647,-75.80786755230153,82.35086640029542,-46.266443074434484,71.37759084107137,-93.35193500267798,85.79182986023699,-51.85983525739899,76.68237604932187,28.031959516466657,87.43679890454678,99.34871897818118,91.6626866819087,-32.693490967720535,-23.43021367807829,61.32081940275967,28.04057927664411,96.33751035176525,71.98133104047898,12.79960313288737,95.51397836281078,34.02874577946568,-82.46478864862073,-33.34648649907788,-18.955389402314722,8.471428012176219,74.24500928599392,-57.49898137130991,-90.37768990431547,-24.474066120483883,16.713582776261248,-31.91836149709404,-2.659045991979056,-21.603045801372517,-3.697903206224055,80.80626465721485,-36.653233456284376,-16.642218497537883,-17.618347971971687,50.738827425754806,17.0670845106971,-21.829997971269037,-57.46113973305454,-75.3412177282961,59.4330583409598,-84.48001124575255,-82.38861355740747,-59.7040093045246,-44.05256565981996,28.97533073058787,-1
-87.55935476705945,-60.71173695544283,-34.9219152877521,-67.33551805713829,26.80967528727301,-1.6975485547496874,36.887352837083085,-7.834602135455441,-55.46607674702982,-75.708455665435,80.41973608139782,-1.2136230645489121,53.68164988617323,3.8253211526646,-77.49630127954643,6.7222348539862935,-42.14501749766666,-86.65259628170577,-7.860452413847213,13.021080856764172,-34.388777528942384,79.74275533532531,-5.444665692083547,-46.12535129238544,-57.90731240815552,-51.45950317216559,54.125471708245726,-83.65423200300572,-76.84664987967629,8.40171200019391,-85.39431877799291,-36.08622562434232,-17.799114769614818,82.90888260137572,4.762072206273757,98.12050770976143,-65.41314583741365,8.815243162824473,80.58613260547418,-43.52578045606597,-5.1331165311848395,23.833566753050462,22.163869719653846,56.532178643956144,97.77217354272105,30.863469375007497,48.042952936464815,92.29745060588888,49.28040992089768,-89.40161277859704,-1
-33.16145716537801,-35.361186935132764,8.850781870172582,-61.580470959729475,-79.94060661442215,-91.86191256977132,-72.51317324963738,8.532037392012228,87.18356081768769,12.840122913352587,-56.574192936920696,6.266915794579361,-25.155331696944216,62.382947791102,22.2711229826253,-61.043394537677706,-51.64761477384376,33.366258962682736,-61.83908639877394,-53.69680699865083,7.586012604323415,-62.774903092202706,74.53267272523422,-78.76557696650808,-60.09762968031498,70.94624774888499,50.40705780542507,76.01250130489129,-5.657829048835723,-4.056498924518294,-85.02469126084682,59.34735221960139,64.25495310671761,38.394916336434335,-1.6648156852451308,-7.08035748994709,16.445233125068626,71.03216536845744,73.15155818279396,74.06734208893997,-92.64334724427314,-53.61611428225257,20.857151024861935,-99.31325751177218,25.86090502992778,75.10480198716732,-90.76522112972556,-16.190582915057973,80.2092438348096,-47.61309669126088,1
24.59331671269655,-51.95099630713922,51.69114946182532,71.51062541998266,-31.203404787780613,51.56479880609092,-39.97501438143365,41.99969211403618,-41.13746427137257,23.836408713535846,-74.09223041788458,20.748917407048097,-63.7344839396343,12.621583526904416,70.74883748479579,-48.92569373133071,-10.19485789946215,65.85858735385901,35.76895161077954,-11.51078255327414,-54.33206748433008,10.539943763644573,7.517097594696921,-6.425638186361482,42.35903756500011,86.21731865397086,84.93209036722999,-2.4882804787910544,-26.85009477775128,85.54195253368033,66.99009155735521,-49.70693139123521,86.74237127084393,-41.03838722837105,-11.795155208706248,22.16879064332562,-88.08561749731803,86.62027099581994,-75.48748260878702,35.775821390693835,-75.59080543944458,-84.43362710619553,-59.93398947544275,69.31454113676011,86.25701728151535,3.6567076702525014,-64.65535392526635,-42.47395317574816,-89.70261261263106,-73.83376607351664,1
-60.66928300940826,-65.97145196456842,-25.839160491030498,-74.0090191846158,63.380118936976686,-69.31259415818793,-11.820615282300778,60.21911528616289,31.308025509980638,65.83409326221738,-86.4669988184187,-92.43350975258788,71.60151706515106,73.12383850864435,31.149582404907846,93.38248989617043,-52.79670680689363,4.362866203978967,87.0182841916216,49.145228940028886,-39.33005086474073,-85.25697690086346,-52.82703339989319,42.82589556773328,13.420291211304416,-82.86036585600607,83.17579081348413,10.492515051819169,-19.876306851773705,31.379937226961232,-32.28621366381732,-1.7689635461075,-47.48501133178922,-34.103515328739476,96.2314097646159,-54.936230936711006,61.21296394826339,-81.65579183823009,-15.290762239747963,56.39733834665711,-20.860172401116046,-1.6902294348204236,-87.7858379267858,-3.482646134613404,42.87795427006921,60.42084208855553,-4.322422445307822,51.375367023951526,-30.081501303827693,25.333666978385864,1
-25.308410973458948,72.2017642616027,-38.839483510104245,-88.27425991548321,28.818938687237136,-46.35906289549989,-40.10897874773913,6.410452076641036,-6.975108247489132,-92.60037391685772,76.80784504743318,90.99850712363428,96.05232513704937,16.281824931012068,-65.99149388155934,-19.2990378652744,-22.75345885302906,-81.44426362376267,20.99989163959826,-54.97580317675277,74.43630238699393,-7.504368889910367,-85.2707112734312,60.98051719854533,-60.80182477470084,61.38819180800712,-82.49536599601169,-22.14900854752888,86.0286558628924,0.6848482301045351,77.42991270655622,87.09171856940009,-71.48635489867252,-84.42851236436861,-15.552464653325274,-84.52431040658558,14.55805071988911,54.256166193779904,-84.18417674729118,63.313822651840326,-57.567213437954635,-12.24088617577604,70.23128468307763,-8.303870604650186,99.89635888535972,27.06488200343584,-47.218474892841414,13.825755823469194,-55.16502222892301,-20.570534923696144,1
-15.561553223864394,-65.47817741954509,1.2010669533875102,-14.63171812620439,-15.643703062914113,80.24267195086733,36.12290389282546,-29.524141738813753,82.52992258696202,53.44514444005836,3.1268592641336284,-84.91152898611568,41.72991638537508,57.09470458679803,26.436404405370666,-57.01302103475141,51.387826207510216,13.964491536625246,-53.65614948806996,39.72471580597323,68.27784437430006,66.75092621533838,53.74706228391136,10.218115202332271,85.79281419801364,9.277234065410994,-90.37090430833045,-62.71074922658884,90.2845139905939,28.479349657470777,-5.3576515726124825,70.13064613233189,94.07569193492557,-71.35452367113537,-35.01932668352701,81.71977788757926,20.248349188250586,-20.618849616678688,87.75762758459587,4.992368648735933,80.48072503141762,73.6523251757431,98.2910911952113,46.53111938630832,8.504954081850528,-62.212766804530474,40.87979387971325,-75.72106504621097,-2.2765324429674223,91.99264272354566,-1
-2.8820600681204382,-49.17054397443712,-57.20765383184092,-67.47991831926028,77.94779524608398,21.958515458231247,-16.641897651454826,94.3465920047704,-74.64379866319376,64.58367808683104,-80.93832080348902,33.05573453370292,-58.442761070901675,-55.96451722858473,35.5483982409836,36.21385199337891,-69.28705092572864,-87.66633673179669,6.470068790515882,47.711134434328414,52.92098348130986,49.06004956652734,-65.21856732742997,88.40292942148511,-27.134641390932018,-93.83778034762362,4.389741707569613,-1.9869020946927378,-89.97874749453558,-60.88264621406305,37.300409787822986,38.23649584991787,-45.32917782143699,-93.58680643939412,-59.653762385735654,17.86441639948042,-76.74116583971937,88.96948133352507,-31.819467552413442,-67.43308349286852,-77.43756854857742,-48.876926530038986,92.3012949633806,32.06840804247548,-34.38465895569851,8.33164109545396,65.26399767035,34.098530437505076,-40.33460370520396,-59.918939626314604,-1
-47.96844180758977,-1.3316823895239054,-87.91061540294595,-36.58224254517488,-80.63758868097138,94.28083063339193,49.79592665876544,-50.90734839611179,9.294013184152902,57.65528842299369,87.23149629138896,-5.927810540741234,-96.21431589285415,-76.36163724765395,97.17769525648842,-52.26893968117896,-38.45756086276846,-83.93210894300171,-31.931315628833133,-97.20303670299894,-21.36659100111784,70.4041018848472,-40.36237504466271,-3.811336242531624,75.88698474625758,-13.792903934864256,87.81690143976363,-29.022644016918747,80.53553048506339,79.02382049687168,99.26654208680381,40.79041326156573,-84.65276997524917,73.47111411470104,-68.75389247516664,-75.37583756707238,64.98695095634105,80.0200080179641,60.074742455003474,73.5565123879831,-21.51557253725464,-89.50652212770234,-52.02722677965112,80.46125063849655,34.4665204909071,-37.78404001874627,-67.21468259994691,-44.748823761322896,7.0374759291780435,89.25386272040788,-1
-8.313715173712396,-2.9438565779603465,-19.068916419066696,-72.23167149040295,-31.47292167436578,9.315182158290895,13.845890951241643,2.7723423700102785,-67.79452443986108,52.337083694473506,-75.85589291747644,-23.339277690584396,41.713188091412206,-37.7989025417041,39.11362525476147,-63.28854889308526,-92.82966383019158,24.072264821833116,56.261838289572324,73.43732115790229,-99.69064520959527,31.19682237833328,85.6043004797028,-62.15279712425652,-94.93147948140496,17.192514043004365,-44.799134809558,85.89357361955271,77.05280358651189,20.62790663443876,41.607748519556566,80.4351200279182,-85.59160429093531,44.369266780340666,51.731409688972775,-20.112214552234462,8.625107622354562,38.81127839004225,-7.9245278920129465,7.4824786507256675,31.869745570696182,-64.04326207489544,-56.44756785349203,-89.30712688681373,1.5999431952125889,-49.10054071871246,11.308273987402046,22.68591786051637,-32.49503871382291,-55.458894135305115,1
52.87453244434718,-89.58551875574605,88.17270957893948,37.34333192096972,-54.56091706245936,-59.174743067360566,50.67000475850685,-60.0560965982432,-5.008052601536562,-96.17034176157078,37.328663520286625,-4.432540707157017,-7.398464641132449,-13.348498316946149,-44.1063846305487,-4.718329433264316,-31.81067396719945,-66.28186839342277,95.00230326890951,44.62538546661173,90.63697475600131,79.07714263916353,78.12823849921188,9.344879402516867,-97.53385784221163,55.70876866100045,44.761188059661606,8.064354256387901,-9.609882339880912,82.7364159601473,-58.45542609389762,63.02664243549623,-71.4038420004811,-60.642162836882484,33.11040548863852,32.85834064445544,-71.28465632966928,84.02213642617679,34.376971823235664,-91.15290718115006,34.37146728914263,82.33067194324789,73.76258568057844,-59.676872614645845,65.68987988592932,-37.53608142117963,0.46680431029417946,-36.93898313684683,29.509816477391183,-58.92377990928033,-1
98.96385879319021,16.284978973817417,-28.153771875655394,-44.47610007612233,85.32988161291394,-0.6475701043792554,81.68577905227258,16.06810950615136,88.47966626130207,-90.53863860826526,-21.38456523517982,4.6715691623865325,-40.381774467969066,-85.4188309244535,-89.80093835676792,24.54071167680769,-67.78201243852489,-57.88134193873453,34.77569979985597,-84.4379701966854,8.063823038424474,-98.3701185146202,11.802981612788273,-99.69854164532404,89.40548126745782,25.693773878640826,-1.0097605502853213,58.66274062238571,-34.653931193889804,28.798162080624195,10.991480357125056,91.66133126517312,-84.91680260903061,-19.310245637246794,99.99659694650381,-99.21165963630227,29.229206986039998,-70.05224415893812,17.99512815845567,-82.54750304754113,-46.02384413674454,-32.63339052468339,85.0224197547401,-1.2296174682133056,2.036067429848302,-54.46246202970626,82.09618422495467,11.310466166206538,-46.522065817281444,32.48206294129267,1
-22.638551589624,45.921329847068506,-84.9044171151942,-76.91327200329816,-73.71688097174757,-79.7113005916431,35.298522684672065,13.577660825485765,-11.38366357530991,3.1981557615526413,33.30061204987439,52.50073613767364,-58.87567600614172,5.8649943593994465,-5.874527497548769,98.28299538372258,-28.408632430699868,-51.17578717306364,10.86092532731655,23.296528191986795,73.22184801093803,-93.23086148822284,-96.16671558664349,-94.25369120486144,36.38684444614998,-47.261262991484145,54.49466777572357,22.55575009413269,30.851739628211675,35.000951575153294,87.71772663428493,56.132023868007224,91.78270538540684,9.078176967587282,48.42733734273398,83.7271797639695,20.783365287065592,64.0500675713478,0.4825696216508959,35.12004595168199,-8.095666469567604,-49.75034470766919,60.243639938986036,-7.2904229222922226,-17.943847803964303,85.92451622076268,-99.28686895287615,2.3511741600509453,-81.898901087914,-11.379614943410758,1
-40.12088232566376,12.069734870064678,29.63360979590871,-18.004054822686626,-45.34750908888354,-56.901310991806106,55.888682631248344,-41.5809301002722,-15.265084823409182,90.84448768154729,23.766852696738397,63.714258144653314,-3.989773939324209,-35.29278248958488,-12.262940017092845,60.69484169500967,-33.1745900300928,-59.53085351645597,-33.788409702231064,33.3028123623736,39.67896524008242,-34.11961381158028,-39.998451511336185,-41.79587218588947,-67.08579650284051,17.811612797715767,-38.64385856703796,16.127970308005928,38.307168803034074,-89.91889203400565,-36.884792100598254,69.0867072897513,-67.54021644088617,82.81255682330382,89.42377385798602,6.805216096448646,77.61964322937044,-52.80887444191684,81.3756535124217,34.17770704157371,95.59718877257163,-31.788717117154093,19.861884193071518,55.48266675427567,78.64502606177112,-2.0435024578690104,2.2538757438433947,-98.4529739313833,10.46549741162137,66.74567030094175,1
-91.9722281829267,-54.32887716423047,64.50720378269435,-86.22849247849169,-87.31013926799243,-93.99547093106256,-70.13280104654672,8.259586721741769,-22.20914196586088,54.27277772887348,32.77621193276812,-36.29607849452696,25.617471821008863,56.661562116916,39.14452345098016,-40.21547574849096,-38.70813205419283,-63.2095521126137,90.11560122448833,4.415783276058136,-90.00238110729259,-47.35884769363672,-70.62063334449996,-8.97453199917291,-25.090275865543532,-78.6442595094031,-0.6838512481462544,29.96994517553688,39.30954978678807,58.171173348980886,-94.07006325822738,55.50023024715088,23.5310577596144,-58.039787181176905,51.50998730536725,-32.353033680794255,60.44291075358706,61.25782726355632,7.709536422867231,-64.29485343368452,14.647675621301744,10.755499876026192,-73.23917638428064,31.417893537944224,-71.92507240429822,43.932064756125214,-52.889537699039614,58.065143597778274,3.7551786242759846,-40.917794708824104,1
-48.687443259727246,-46.2802134170805,-3.7447698976766475,9.228894092675446,-75.92704764395407,-22.376261855924923,98.73843508136619,-71.7264390978717,-49.29063796913138,88.60802289829888,-69.14652715392072,19.211717884294984,-74.8386365967308,-43.01815687134321,-55.37743136637878,56.80325360178489,25.192326173154612,69.1656268276981,77.33865698163612,39.1253937875033,-57.90877182905929,69.48921980813245,7.512233444944002,86.25087589113028,-31.250063124957123,-49.6257247304317,1.2513437691791438,27.863005206261036,-70.18513116721849,-98.67794863080141,-18.361153518808337,-94.209756581738,67.22392961599215,-91.7311199749256,94.02049030739408,-71.60818088990237,-55.69077205371056,79.82980124618109,-60.97338370639709,77.98092518039061,40.13737196525145,-95.62346472705,21.464575098083685,10.947218186554935,-37.33191420352902,90.98362494172852,-21.56028818711289,1.2397831847317207,81.08465539348623,-6.272814466098438,-1
99.54987780204013,-51.560821597371564,-40.42999774277944,71.52349995365572,30.902893348423447,-94.45155464547229,-20.528491042884212,-53.10168920070018,68.43546589865335,87.38374023076082,30.56298194703703,67.34836532810903,-80.93791721704015,18.69358196509627,-94.6801144797925,72.56874322042239,57.56236078898115,64.59727570870487,63.37477460628526,-98.30408831775775,48.59968822913237,11.295884143322183,61.26353147460219,85.66135526012405,-30.17776807101869,61.83304195229812,25.75297924885905,-72.21151586595072,-71.43801132279822,96.44533514459755,-86.37187615208934,-96.3543493657534,75.16395209923564,68.96572503724201,96.95408006297859,1.5730090230054117,80.41657669062502,61.171580043017116,71.48785002911379,-78.24496865843531,-55.43827666296413,-68.87127224166301,-82.02179935721946,68.96766053998192,61.92078834201581,-96.87348968838052,27.34514038215707,-70.02760975022888,-32.192650800236706,80.81617848417048,1
-41.55635390762045,-23.36710628817484,-29.63462058263771,48.10367293648986,15.608022325760047,18.134247001833785,-88.13516200627778,36.40069683353252,36.749012657568215,41.43693149630687,-33.25736392313827,-14.435410246273747,7.098160047008378,-20.053595698451062,20.35543116022656,-8.857128557856186,-75.50297838772018,11.053718757628246,-36.43104188486805,-47.52011119273456,-60.439925708082185,-73.0174092257796,33.176938258458875,-7.355889949175349,-99.02855045850698,-71.5809063856329,-21.661327057720612,28.541279390069832,-59.46898551040165,-17.75782156195997,66.60002173265758,-24.66557194791011,23.426013752133443,-87.9384922783031,-89.05667216603446,9.642083826492012,-48.97944399521465,26.825924335574044,56.712759371106046,32.48480257261377,-5.151234912153143,82.67529925629793,-54.930566577363194,-42.48060228743851,53.83939201903411,70.19357092244434,52.74846327397117,-57.09761690949446,-76.3319582174027,-25.18828228313251,1
-45.34809460035814,-69.717911212783,-11.742439440011324,60.91174289372603,74.33378185390254,40.49991464381543,-32.24473099809393,20.36082767331058,97.26910461806943,0.05489467852095231,-66.30940953755339,40.847033577776585,77.45524883494207,-33.13008970726399,-18.932800163471143,-44.76612299382483,-47.52739853757533,-79.23193361000111,-4.5840949796591275,-68.03585358599378,-16.074037006050105,40.11681814882007,-63.499523477701935,58.64842401258562,5.129628284636738,29.4906166485425,78.74883390749719,78.20874067266303,-93.98158139059505,13.461226864347637,-5.391616690221184,-90.97218788653015,77.19403373486958,17.996294400111566,82.72359606902322,73.96999824813741,4.506840777559205,82.17063533664319,97.1207078814686,29.324400654088294,-29.296715686921644,-23.687268260168665,-51.28650506319117,59.387788057581844,-17.053582617319734,61.35691345674593,78.04448933097052,-38.056942668285075,56.36539389435069,-1.7167848998189896,1
-48.76169711212901,24.16652655483857,97.00676900119194,-26.3479523539839,-28.704366970433497,-26.0895158654358,-43.44385662448009,-23.368838247477314,-84.48559791165809,-4.9457039683197195,-85.85851487611116,-77.7756405135849,-67.22318556883042,58.902178955410704,14.954331042924679,23.463488939744437,-1.951674813838423,84.24755461567264,97.26337659851055,34.13484202977682,-92.7299712815555,-28.417041398264843,4.9427836289636105,60.94975403854002,-57.47079692496195,91.08785730278564,-68.15966764440338,-22.745235183436563,69.30774088909865,35.57517498931966,-35.471092786940744,6.487062327602729,-26.421058565132512,55.063278260761024,-16.103123903654094,-17.68207221555518,-1.5679559170188782,29.79047807940526,-14.656655752758269,-28.53443229396963,-77.27786783578401,-96.56737255713097,46.68317222664609,34.37345330496038,-55.31146772383242,-41.924167763940105,47.7851458915452,-14.986498015273924,-19.02947734975527,-90.29370514909216,1
-24.883409472011195,-64.16721634196983,85.10586432937899,84.06005411454962,27.97928721665039,-5.643894217474184,-37.68526566528212,69.69514436123282,18.798603737714686,-56.526395156269984,51.97757642270767,41.391709812623816,-95.51472328840877,8.479130547188646,-84.38646214852,35.260628629281484,88.03013369459293,29.99701201398264,-72.29031215786642,-46.96273545519223,-80.66184602970131,-49.61767371591059,-4.758568771073584,-63.34109387209026,14.373158266720438,18.046203251115372,1.8859848979997338,-35.88799433853451,-91.79619691680021,18.463299028798332,74.20251243488772,66.21787320219681,-34.88244430868397,57.45604706865802,-10.709828213471212,-16.7823798601072,-19.720848525497885,19.66321136389824,-68.35671723243274,-47.74801954341543,36.62609305209256,-64.46819845881535,-45.178920643172525,-83.90827400770904,33.737511262913955,67.23043340395503,32.88250086640855,-89.9972050668177,29.4665424440675,29.716228635706017,-1
60.734415379822906,-8.870090112024513,-79.4930923774712,34.11601016538708,-33.80478611250575,-99.10410461605848,-60.86216528391613,22.921749756088076,84.6060479749427,36.10048857478239,12.136959701791227,-59.656333090039546,-93.97346502607178,-90.73441488978517,-89.1411544743042,-4.93359586873305,-50.675673537091946,0.5490811036996632,-67.89253825260926,4.360467922635607,-83.25713272395134,-93.0140012955756,38.79935920903134,-70.49427576634852,9.271871920357185,-12.03904228524486,-13.59578332317308,83.91679216658525,62.92140327929053,-65.2333585902038,-59.944494200775324,94.76517032452284,3.4235275510152547,49.64637507779918,-40.919637869668165,-56.30817668626216,-85.2693921162343,18.808045464722724,-51.509438719202414,-14.92889253641411,66.35798928074206,91.48090593752812,12.397055874448341,73.95554988257396,16.261508075896415,78.05023402088372,-44.43028769507171,37.01675891722866,76.64606044627311,67.58411051411031,1
-27.97271850569618,-64.33369751435674,-65.0006342498832,88.20396453944684,-56.24225083848331,77.72863617881725,45.095537820497725,88.7911847303512,33.82117796145724,42.43330678082526,54.30293358398529,92.02367457729821,40.598715617391065,-7.050586443201894,-57.864385877176375,40.38644291468364,79.64034123520415,57.78970985631861,98.24571100427852,41.249313645327476,-72.11496266853709,69.21800245255895,-71.96305264846524,99.81891139521125,-83.12457895439394,7.3908040612962225,-38.94567906368802,-76.13420530914472,-9.301867813713088,57.59744945049039,-13.165313932056847,57.57439172169873,14.467095028169766,25.822199274103113,84.8108675805118,8.817384003705286,63.306017321751995,31.759266616307627,60.579008235282515,-26.3903522725834,-40.31885447085426,40.14209277232095,41.579758166691136,-81.90155016711373,-63.16703346663783,-84.90811030471588,-75.54538195192661,51.879122636797604,-78.29521093056704,41.67295610614818,-1
-61.00496001994215,-13.63897984281759,72.60538962992473,-13.591457294704725,2.042640472862118,-62.678756467593914,-95.00579503206352,73.78176878029547,9.51696211263311,-36.63993127023766,97.67004473709346,5.48763399990095,-4.688475165317897,73.55869489588238,29.154630914669468,1.4587402032278476,37.01319545417445,12.443371609709345,0.8409391175008238,22.59669853213606,-47.6199548357997,43.20178738180911,82.60277741475795,-78.02068775973119,-80.88778098792608,-80.03109468469009,4.498793404549588,-82.64742707126902,13.305827794415165,-77.06001338752739,-41.89428997174929,-24.95767130147577,-0.5806787258850363,19.909742347454525,76.13695645113333,85.9292119211822,-6.5807603509775845,-28.16946244036791,85.13280952481682,81.4463961494701,99.31284356823201,-35.503108180267716,90.02852531316094,79.55833331114556,24.329002979666498,75.91892005733888,-13.640721474006526,-18.44903450194475,49.05280017644202,74.65078388101907,1
-2.5469291799898457,-11.97584580301276,43.83931210273093,-50.72572027440363,51.95722424008093,68.02763287798987,39.63260736073104,39.16190625293103,-7.835047220253728,57.372829946335486,-19.310353929840886,66.89441404316483,10.520432155543219,-59.69241406451251,-94.42289428001318,-89.19152276063001,85.72661294419447,-83.89103670128421,91.9228512214111,-49.995581890992554,4.255681842168386,-5.968733750210305,-92.27128352844423,-24.203159307162565,90.07317892912147,41.78865040311268,-14.461658660885874,-2.6125762471840943,-3.609936038218976,61.126223368685885,48.57467688515004,-73.3336642187005,21.747771743235546,-42.16898038707433,96.76259075177381,-50.965051408169714,27.9437279710139,-60.223389729877795,-8.129641644183394,0.5857073561633968,-63.286231359497826,42.74562744229982,-60.15708976724894,1.4155278799839977,77.27711176083577,-13.238924077518789,-65.39284365488518,-79.585856168248,-5.734477917135976,50.66845386288168,1
-65.12671419900171,63.331048640324695,-87.03315624276175,42.8635941220746,-73.79155817091352,76.51057269702025,-33.15871163374689,18.02775711244773,70.07095655472062,80.0116315346273,-50.98165641214018,59.92198765301842,-9.276148927517085,94.18134637131931,-50.443645981325645,98.75562842639994,3.0229355454877123,20.09215419912624,69.12688494514941,97.96285889536696,-48.27379795861408,3.5194968272685117,59.45256902012744,98.79540533135298,-6.535302791938861,-60.33587125039861,21.9965073117758,-54.85524569115381,-95.80173293412078,-57.32121027434549,65.08060276219999,-64.00747425259101,62.56064156977459,-97.04044229872233,-95.77424615216175,30.143026849128546,-42.701663709874026,15.017272113793823,-88.55048581852651,-86.99994467211386,30.07735029565893,-0.03407304998934535,-81.35488627044059,-94.84661429914067,8.441810847538719,6.709935281645031,70.56544277914435,32.637561111854865,-5.891754333539453,-95.05481533379717,-1
-30.81300149060742,-45.266723015708465,89.26177984167748,-28.00529636466611,65.89852729700459,-60.789129709059544,-72.72540380388419,43.42356412252764,79.15820051537631,-83.12127339762378,23.293711668513268,-58.03385760359474,-35.06814991291429,78.83334498239245,-93.41400073608797,-44.1309469178975,57.55648783779239,60.845144060173624,60.48961577386811,64.29332438653762,-31.8481369201087,-66.21921769331519,35.5508798662955,86.46996373986457,-32.19761897630593,-50.243819787829615,-93.9365918964238,11.419480525271666,-51.42522263950649,50.01872587204619,97.31089098885298,-61.4154402566319,43.34869123695364,79.66529209693252,3.8930625764479885,61.086833084809314,97.61562203749486,-53.30552363590459,-9.10081732516936,-30.09981158587803,92.58091102393382,90.7233862948631,38.44740881219536,-2.329586091238653,-63.31722024324016,-35.29813865476217,-92.86416360866865,-44.80569483073851,-84.89370919858183,65.99111535480574,-1
46.16419299614597,-91.98618273034667,49.823115805174126,70.75262040039553,4.051116922685424,62.69051504615689,-89.48630824209012,-26.745224183162037,-24.067996821337516,-43.010433708733785,70.39952499871,-6.726922890980049,30.000275103485137,75.2348503457759,-44.08105987797208,-37.7416507060851,67.43011305925032,-62.31457729780332,45.33118699179684,4.738284912702696,30.475483959042236,75.04759589374311,68.61385069059659,72.91842142726858,92.73542580868497,-2.6211509592502864,-29.107186575581608,-44.86238585601598,4.520451244448381,-92.17911895275668,-11.312544951039527,-46.13913172977628,32.89237660006282,24.505791427041103,33.5185731080127,30.747252586956222,6.3953777052471565,39.395796881945046,-64.98856514440874,-52.261207133264435,54.373457865752044,-35.52666321492366,-3.8466640818790125,-85.68659502646041,54.93974388959728,28.956433989907794,65.18720775487964,21.376878055153696,10.332878265930432,36.391301364855735,-1
-55.869788075650305,78.19907492885295,77.85709241485264,44.872541312643676,95.96203477787103,-27.135448560480043,35.871091902556316,-43.44256750572044,-36.82823412560925,-29.079499934471826,-42.659054110818964,98.13906290728585,47.21542139260674,-60.73023157174475,54.02402689347525,52.087954092450474,80.00677776275413,81.1237772648166,38.86322835101217,-90.67178763383568,-57.67225836614529,92.06805354192244,10.584955852456446,-79.1892342814975,-52.03431285107554,45.46452902844288,-5.99517374350431,16.46363966098062,-4.077678577424521,62.02498014735565,74.52500503660374,70.95364046801151,81.49395651054002,-80.1266216658531,90.04563166488288,-88.09401505239158,91.22086884565655,-17.11593875486001,71.24823094348531,89.83929649814365,-43.98915831954,98.34736169844354,-15.549508791619331,-75.25211810491834,36.066040569504764,45.01935888820046,-65.80670438771234,30.11301651546998,-25.138266283369234,3.513867669936559,-1
-60.27108462051884,86.68266408991099,96.48947140941493,-57.13834756763367,70.99720296641149,-30.126959468048952,-63.31702924131659,1.2233909693031961,-95.41960831224692,84.18623522010026,18.654289446587143,37.09843520438412,23.05408768476171,23.17057419462087,10.69107219663799,-86.53284843422864,15.493196978122839,-38.95226929400542,-96.54693935091284,70.17266246056658,49.77944441654941,-65.22307614406206,21.45081887371157,74.48244001543105,41.71907368193365,73.68483952326969,-28.513297744711323,-91.7372630377898,95.02099693046003,-41.35984505199048,-30.673143475265817,-39.46664148127974,-40.11735576631481,-15.042662434649912,-98.97483610676288,87.46664802481479,-55.980992357765345,86.20939538464293,73.64634965242246,-40.07511605817997,8.928655577627922,52.82298191474567,39.61658022606517,-98.62600873781805,-88.65730097425642,-71.12398812522389,19.808888728808412,-58.43968011472658,99.10822774718852,-43.55052803540864,1
33.58399976072542,-3.601016453426581,84.62877754337154,14.77255479253003,-83.69505381428274,-4.345587034805519,72.26999821972572,-28.23324763310697,60.444786401428786,55.409195036810445,19.569936136534622,95.6504426367448,5.570820738322951,20.76862416656722,20.430160603480758,-14.932837428607243,-47.03021658306908,-18.825072749231026,10.685679239067042,-69.22655771074635,-0.6469139216027457,-3.3073382902047115,-22.81533108671421,-58.176871596255,-11.115910042542936,29.61874324766484,-96.24817203724878,42.02562438811589,-24.88499851081795,-26.071017333592962,5.344786643401747,98.98148680778007,-63.72599440969553,45.470904144999764,38.402987965375814,-34.298331654728614,-59.1599058853087,-59.19459314751179,-30.968829524477172,-97.45661590187275,-69.65047068401793,14.74903862713191,14.375235012303904,77.51897198121463,36.82517976195018,-75.78822776467587,74.88204819072334,88.75687603503107,-56.52593461962625,46.02578478397177,1
48.576298733587805,-20.750530636718807,87.5633930465124,74.85440531830332,-63.49955539988503,22.72126760987379,-18.922197655367995,-9.936079824927901,81.9613436533719,-56.95871566876316,-60.50085506074292,10.291449580277174,32.42282521615522,54.97982283954613,86.17550562238318,-1.4447680866980477,-68.53613252995443,77.81486708247576,3.082993845212357,62.78663142485644,-35.95565736773136,-48.96645666305686,79.30987435481563,8.948064332582689,-28.979606779230622,-6.0206079248727775,18.2739751795105,61.89083675241733,73.3016453469549,66.85663446686374,-66.50443448884376,58.55565217801674,85.71844453214018,44.851185810909215,34.343934866575665,9.099185308674308,91.40746508508971,7.087256687332371,-99.8111530097501,-0.8883407047031113,-55.6718326505453,-27.215282160305733,-61.871409232445785,47.13806786911957,-28.642393952856082,32.09655438310696,76.79894306371497,26.831115547998536,91.53582390385526,-54.77729211554949,1
68.4330753300762,-98.37836062275736,5.337871785270238,19.110140246497153,-98.8623552941246,-8.87017580220406,44.24311811122962,-41.61380766615703,32.31908824729729,28.21834100545152,-86.67377731802297,92.43518481832072,-82.89141681400743,35.92616977564097,16.763435432056625,59.483618071637494,73.72336585553097,47.43870671279572,-22.13658242622442,-26.19553743021261,6.934367000537449,88.66494942161856,-60.058346997058166,28.60793252069527,12.770408296070386,29.473951103062973,-95.88247204841313,-21.7446092567924,-82.53782571741016,-78.16536738002165,-13.90326750805906,-96.331189204422,-78.85714196920691,-20.99900138202662,10.55156453943357,-12.874827620504092,24.705127270992435,96.7897229514682,87.69617917917142,-52.67851704344611,-35.81524284559406,22.528912154766772,30.200177082725986,2.2073137192049046,85.19654950395164,20.52852711766009,73.2078048510796,63.298511867590776,25.236220845655026,-94.22457854976349,1
99.23153469975577,40.82087215432736,-64.67726148517542,20.656463890117678,-45.19043836041292,-82.6025188637823,68.83570170089249,-92.14968176993806,-18.99207673189882,97.51582884341289,28.809944305155653,52.12139450316312,70.86019619447285,-93.831124452856,-57.485241587107524,89.79414879051407,-71.50935946241029,55.97064659792224,-7.8958339203996815,89.96496982913146,-19.155103643760455,-32.928014031242256,42.326059997587805,-39.31157683218402,23.906754027754744,-16.598227424525476,28.60150880255398,-58.12602710199186,-26.049017163985866,-35.5676819409467,-27.38187366727078,67.80642765420367,10.142779508411223,-46.16797558131274,52.579913935537036,-30.28361477627284,-26.022555532650827,16.16542907149214,76.6964903479861,-32.58232951298672,71.98815845864257,-86.37524540570655,56.867452315010524,-81.3501582225069,-55.08237279191592,-59.44023296411905,-49.18040191968998,94.26145918727059,33.51182091110434,-5.8356502456428245,-1
10.106336119245114,24.75443813017057,-21.165909083298757,36.23081446608924,-2.370958094546907,15.033868351514101,69.66772999290205,50.450451232414196,-52.53684820981761,50.96812024735769,-63.35399678572238,0.7995905755741433,-91.09983730527938,-16.448051389539287,-88.62106732005304,16.847482375179098,-85.02734731217672,-54.281079737785866,-44.068040551025604,9.610252499373388,-12.501107789744694,20.78294989655791,-31.152462399107293,-57.90368036906288,70.20979464043043,1.39341252553713,-63.258595395627616,37.65931195237931,35.825623780186106,-83.59828461526368,-93.98716568370745,-79.55780326778863,89.91024538112504,-46.857762443420704,-63.85262875438835,-18.57727931523381,-87.36553397926477,58.19293851888963,-16.99416042910306,97.17707083200355,63.28134440982086,7.170413943959147,-96.24311472825411,93.02379512252469,-81.56630459534182,81.79289596575583,-65.26033328950334,25.05955698030418,-12.132740052703596,81.54257029341281,1
-49.799723347539945,-1.1976658801388709,76.81402188314627,-29.214464684939273,-61.04124327247964,-69.8456986377798,41.403567115310096,-42.98711275931315,6.9986134573672985,83.65012564452539,85.09658617623151,17.301598599709095,79.34241964146187,-41.80108313759019,-82.40339184470247,18.051774147015664,57.952874808140706,-56.01720922873523,37.64978101752317,-14.780066569094899,63.579037941358564,-32.526022139876744,-77.91830263187245,-34.63823511722177,8.398248590993248,-23.982990173625666,77.14473848853996,-87.09849447997189,9.94882335149228,38.871306554012165,76.32535610957166,-9.475199711828225,2.9737789874153293,43.75986764558124,83.8813970093367,65.0156574917873,22.178586796060372,-23.80200352541013,91.25484654093614,-36.54922047690485,16.56590241406522,90.41513847307266,55.71362634878767,63.681757173446584,38.60369806874036,4.8470678511580445,59.557256857808,-34.57546025899809,-61.14931683261937,-18.890516551623747,1
13.280928059379434,87.29866626204515,31.498845996988393,-23.764999806963985,25.36072604909461,-24.378339106882564,-70.94052926482463,77.76329210616623,85.34220120443587,-26.93572225520259,48.531076257783894,-12.191194790103282,-78.64015815658911,-0.2253882711499955,73.33558715050788,82.35232828269767,3.708562090811455,21.433764925975083,41.67698935403027,-1.8786335219626267,93.32199678014004,37.066658627111195,20.667175787192477,99.35696076577605,99.74564003838009,26.054573613543127,-10.326378264970359,-65.0191412749177,-51.07177069384168,95.29544829144083,65.6758380847435,-15.211385855715847,-55.071156225645154,25.974781909257487,29.89842028877598,-76.02576585425626,4.8443844854405285,-4.036881623303401,31.202556717421146,-74.62109311384573,-91.7310822501378,-39.580454155777,-96.6375851871936,-86.15558154849126,-24.313777683706732,-10.455664452597134,-54.190824658583026,-50.56414009653765,-3.2699744223565403,95.72958611389922,1
-94.83761861010261,32.37206244300111,-7.146715942812065,36.641661909517296,3.4592991780146463,-84.41457342377596,-33.109036956988376,-91.50531501055161,-41.19976035791557,77.42185500209646,20.73383750663082,-60.37318957685087,85.48590188287383,-20.490864636200783,17.205810033778008,32.366280280448734,-74.91268417892718,-94.52844067925147,-99.64220595990932,19.905514727560742,-7.674852698186726,-62.492076501060545,-4.043756680072903,27.465099049564884,-9.528203003516822,-78.8855325743284,-85.60659157696,68.04797586645395,35.33488088748996,98.63629542013274,-18.313640426886565,-44.5672485358414,-26.95949250428356,-52.12040382853091,-21.211091596239243,-80.97112325670734,-39.937137438056425,-18.248422101092544,-26.56551108871082,94.18768015949712,22.510540160477575,13.355756748767277,-45.71044141920684,27.078479920433708,-69.09226744775059,-96.72811174900906,71.50403841675762,-52.22075501709011,-54.59852202507713,7.392922813000496,1
26.36744243395985,-90.14110144711671,87.59757309189939,38.39850441134885,24.804187998892772,20.632232027375366,-89.43886401671226,-46.79945929204641,13.52404549256569,67.5765242515696,-15.47251999076829,45.57170077325071,20.337347636050623,-88.87422711361805,81.23314018400339,43.40769822744235,92.85650136547872,-75.56319013791631,39.021276723111725,90.05063891166697,6.533822370227611,55.68052051058086,78.67275870150297,-2.6794180322387433,-38.85354681894735,2.285957868806676,-49.764129897572886,86.42512150199593,66.46020251586725,56.86191726966774,-12.478978474305109,-49.86741986607308,83.16118370816034,97.17057350904469,3.9159735539817717,67.24217851765911,54.7840310344871,-52.56860166732611,39.35304737545431,-59.01469028312989,56.745024560212244,71.02716594778886,69.36988195619423,91.55375702421398,-99.5504349932645,-41.44448022914848,79.4526708204701,77.92249377943625,-73.97912282464831,-15.614819080197307,1
51.74306423278415,-2.725579834970489,-37.99672883563021,-58.382557029977946,64.12445085663072,38.9578204735335,83.91585527180854,75.32536632275074,40.420217093805235,15.22781899011403,80.78883195400789,31.72310860130898,-59.62758679887899,73.06469625155327,60.377016651365324,-98.9595102182652,2.395724626808132,-31.8062205835206,-73.2226485928348,67.59218487916928,-84.16406861529057,-98.53052688611359,-81.11373098576149,85.12612591302047,-66.54270036011695,-90.66227863126883,8.524932448481252,19.241194948308518,-35.851439584908775,-53.54986280504461,-14.947590928742343,-41.419314199750225,3.349962968417543,-30.619707143400632,51.31454531198321,27.381417972154438,97.99460307229168,-68.10429400560702,-1.9854714669018705,-50.3153153194259,98.24490941090832,3.4201605236207087,-5.141608318525996,-25.40970391053314,77.57038875429666,-40.85713827602153,53.098916601890465,-87.94903405351069,-39.93919495078566,28.973027685158712,-1
67.40822504858801,-4.78865956978764,36.22753981447809,43.96769227009801,28.217256791931675,36.195484538643996,-22.93303972927852,-49.78302478779308,-4.768423774150293,-15.257437448803785,22.79902737919062,-63.7824206611153,85.46532465081214,-96.40655069000223,57.58708375890086,36.55089344305415,76.08623948320164,-92.3009376048245,74.28157299277191,-32.896838346809346,-74.27111643482105,-50.35072540267802,-99.59174396369816,-82.8088555301562,-23.85040524423036,-12.37031437430305,13.05748726796547,46.18103819408367,18.349957260592802,88.74768113825053,21.82514260243076,87.70209633543249,83.62972434411935,34.72031936733424,-3.648941906411636,42.44554142352504,63.26904198297504,52.4744780521238,-88.30316095508515,0.15342191749090262,-91.8661200432348,65.02357877033683,-82.49911557566196,16.311635247668875,91.07637883616931,-94.16405743736667,16.117206304091923,-57.18938610143849,-37.513516908442156,-79.04178100032638,-1
6.37435330100331,-84.78000220384514,63.279545272314124,-8.740823374440225,-6.261986554171813,60.37048167812071,50.2294703385769,94.5924000587128,-96.34092135615009,-30.641156179166103,-25.177373711741822,30.683425652271268,72.93386434611784,-63.21980569384138,83.47155949390134,-22.643728837232885,43.42980870032608,72.47126086215246,34.40780125537134,-82.13850051259499,-97.90035933298502,-33.06827734535969,95.32064784493852,-11.597087765557788,-27.07308012133703,-22.24181822660603,31.30820611325123,4.520901898409122,61.12214580901056,42.34794592577498,-23.15499269616315,-92.33048896802765,-66.78605345281238,-40.712163696020134,-35.65289729983991,-83.04144998367109,19.265173445737773,-41.45530988429735,66.16029328962236,15.432103219132514,-16.943058533876652,-42.451434224999595,-80.49689577659862,77.77688189590893,-16.15797287803879,-30.895149912152192,-93.49657740363584,-24.420489116801278,94.29981488057061,-2.1685991572767023,1
89.90412473152841,-74.33001467706104,80.19269920775275,15.11542513968405,21.881583399260933,-78.32505854136602,56.5938143314512,-7.793152168569705,-92.4145150282531,28.31942121046933,-79.14951702331408,13.142047556780014,87.15437924033972,-27.716357256708008,36.73838938833657,-23.792197324904677,-60.09555417970298,72.55372690151768,-46.562395262984204,-28.642072694838177,-72.44672167926595,53.28087438087036,-69.06636355413305,19.334003572843272,-37.72342664442869,-62.02486643426213,81.50190285906291,-53.395810414008096,-70.84120970480214,-52.5642506542942,-53.03950904944528,-85.54085208772022,-58.08118661412842,-0.7395109741073611,4.612457702313307,95.58369114537334,-32.81957711707717,75.81730420133499,3.249651761891073,-95.2204533817153,-33.1544184419174,26.245971083970815,-37.77217699421638,97.23615507612092,78.10285842846659,90.38446220548443,99.70274513053886,-72.78173409997169,18.051278083057127,52.396118850712725,1
-50.141554170225014,-78.67527621268042,-55.479272691752456,76.56113583769698,-73.75500964454193,90.27939125218359,-52.831400211344935,-4.461299861141683,17.830306112922173,-8.975530258906716,54.04542558490053,-39.16087405345783,-95.20886732099183,-9.914799152542656,-1.8462870666589453,-49.764195066185614,-8.28125417326963,52.66804629500456,-16.761739891184632,-2.292724518813884,81.2765080381792,39.10175813829542,57.51656737893268,-64.56851293753418,11.29048158511425,89.87718615541448,-65.55749332560069,-7.3920580719305775,-70.01252204540471,-95.07524049884468,-53.347542064469565,-86.06345651789984,58.738988867118735,1.2386871946901863,51.40700838681332,4.804807245645264,-79.38634154706375,30.433003449011125,29.900724850243677,13.63803765746539,-62.75748134654946,-58.42721080484268,-93.57560285539404,-74.48284950813355,-14.004568122988758,-83.56295905984372,-69.01774476214044,-13.080195040990986,63.63904406766966,42.49156005212069,1
53.89858663838737,-70.67708856803154,59.73747418607249,-53.60300300326233,66.04006613129565,-89.80464730626481,-96.29852502991973,19.418107242495836,-89.4981889028863,27.710870193728553,24.64056819350992,68.2979079791262,-72.87689154616221,86.82647857274415,-83.77280141587764,-86.62355615201889,-96.27199906888472,-85.12994056620636,33.880407622327084,80.4174274204282,70.06013058870718,55.795174199977936,-17.865133236730117,-61.10934294612531,-13.618223394186074,81.6482138879496,61.47743900470772,-17.407563477877176,88.41021424684348,-84.37916003211943,-36.247240452779806,5.2357632270439325,-77.90726215888392,71.4412985769329,-94.24915904140903,-88.99720568696583,20.740960459725372,-0.846724273768146,-76.37147826112934,87.97120184458856,68.49529392592191,-27.05725383210809,15.281432798415224,77.49448993985612,46.503254650210124,52.06751281098795,71.32937397319299,-64.40574050564305,72.93512791810963,-66.11555599769372,1
31.738726323788995,-42.4977601232482,-78.62332498259372,28.841096368138466,-45.860563815570465,34.913530225397324,55.71760167615045,38.85091260390507,-55.73383747445653,-31.77364578820341,-69.97922353274961,-60.29447321550809,-52.550612585117264,-52.59739501247891,-15.39051971491989,45.73598835866434,67.11021455203681,-87.19158597031513,-26.23655788813737,98.93227867547733,76.40551015718248,-82.1274478348193,12.300730648292486,-73.15321574451062,-61.70588125423535,4.791736092077187,18.50924722881635,-83.93930251748196,80.14726102562108,-68.90068238391777,56.48361785124138,-47.943379325207516,-22.576251505747848,-49.25043018213404,90.07867684798384,-82.89882369040711,16.34587154840483,78.27212484835968,-7.676129121587309,92.87432514672489,93.76698938996535,-83.50176852110287,-5.599883967331351,64.93292516414178,-56.11610902081381,93.53509121869237,57.40882407519942,39.689242918053765,94.78379623577621,18.587333149980537,-1
-0.22086709281161632,-49.301249348561925,58.45014003280363,-5.681065544641257,-5.7865044509718615,-42.421845180957504,-72.60926216202805,39.424109490424,81.32330200199155,-33.437679163701645,56.44218954264369,2.2252470348928597,-21.865056162882127,32.23620517272411,-52.638252631944596,-96.64989735423876,-65.80644944021037,-5.949981392568034,-23.410199353109746,-79.15907047150121,49.05613388100517,-7.919588854291277,-20.512381675565862,-56.71366588951512,-49.7310247549001,10.834973935020116,81.10700747307774,-18.44246631996154,83.740651098997,79.43894883016355,-10.277328775023648,-59.5186772370381,11.569454258099142,50.95162866425892,19.197821198856047,86.6117240934062,-32.86932320309424,-60.3090772125733,56.883931079173266,15.424497978788793,8.556609252633834,-72.42125641680737,70.98926665576772,45.620493503779244,81.28337079660244,17.152129844953976,-79.06250688529096,54.449826994330465,-65.37709647968595,-18.52459129079979,1
-63.576416862260146,90.14894264253434,-11.482195335108258,-60.483811129904595,93.77462773652098,-32.184731639217446,-26.34762072994971,-77.99407517090917,16.328547980453095,-62.68296693945765,-37.69027364783324,63.28756973105126,36.43752302664032,67.22312112471911,63.88382440077751,-52.00200801781698,3.658970842832062,38.588553132776724,-59.45101877849106,-36.912876106677814,-16.628205059897965,85.69416302186136,19.294033493205404,-58.66616502346391,-38.85772480608085,-5.367527484808775,-36.32066634487374,94.23884874857723,-59.96723170329101,-99.39193713912407,1.7138238600841618,-77.97228539288588,-56.55920815679168,29.52847490260106,50.34497580018319,-27.066174450336007,66.25891385413195,-3.3188143556536716,92.18385182541886,35.93391602952673,14.073707615500624,-99.57901706341865,64.27194183935501,21.3962689741235,-3.8935433440812517,-95.39428986016641,62.372891176983444,48.716456489544555,77.25878248209855,47.36392474225252,1
-36.64766458649466,-86.60178112083048,69.51295925569895,50.611521982981884,-24.938431594301576,12.075253176415018,-77.33176306370291,-99.00868162815755,-70.7893673987952,41.62316892801897,0.018084523422288612,5.372755571470364,-38.56826835005871,74.04297576073625,-46.35947766552753,-69.14083229071446,49.37644217625049,-0.9593630760353875,6.798611262222806,6.624464234299992,-19.412600566098376,-18.51637234682852,-99.37622294189524,78.70853074444807,-63.155312359087375,8.535726419911867,-60.519062850842744,-17.087770341131986,-28.243156545428064,-53.86181483551793,-81.95809161956103,82.63558232626164,-4.740606674936316,-43.35222400787999,-29.31959819689041,34.27101383073352,1.6309642320607907,-4.086305513053091,-75.34705431478656,42.3551390657849,-72.61270688810133,52.04372994888604,98.26885647905561,-24.395021579013658,-14.011669922220577,-5.527227430290637,32.90387112359613,-19.666843393098745,-71.51974182871352,-49.908216409793084,-1
-30.98325089735326,3.7874728529513817,26.294713426550032,-7.133025277922897,39.026209803683656,8.18724863961502,-37.84636304054851,-52.62336625406747,17.76226311119504,92.32111461913232,-15.590734110343021,-40.96884336877735,-6.442577442519834,-7.967322564591498,88.42084354060381,-17.47461432477033,-51.27428620394636,0.9550974049060983,-74.81568508448069,56.524249477014166,20.972425670433765,80.76273077431074,93.19616398684039,-77.3293599390795,-24.51044877055297,74.67278503377761,95.93312087737559,-16.19351528191733,26.12310403568449,64.0734545892571,-48.00229951343962,-58.34413457092482,-31.140112006919438,-89.02449778893762,95.03321093344672,63.556027161554454,-39.32748535487669,-97.8729841290718,83.2574557519558,75.37292355070562,59.22555010227347,17.327115145775565,19.961890766809148,-72.89221569762303,-96.94192450705145,71.3721640340174,29.4340691607062,-52.742008858493165,-59.7181886485378,1.2384636865074015,-1
46.049837905914245,61.95770573762093,62.66866580902166,-45.72619699498872,-81.72765253822465,60.286081249063415,-43.95868169963666,-33.11122482578199,85.35125954452138,-40.53056778727482,-92.14526004508431,-69.32280969235423,19.023097251724835,-56.19120282520937,85.30271323221515,-41.54362082844967,10.670849465511424,72.90212216188684,-85.71200585697025,66.62335507392706,-92.49904624474334,35.6953235540075,41.37784152996667,19.470215420830627,-31.76867892005535,1.0630166986093315,33.94387679033346,15.660791840022426,-23.473598586226927,29.733820670269324,84.20925888490675,8.074381311450907,-68.5108310733768,-62.15290620247516,42.48173208566587,55.464471820017025,11.775615488335617,-89.30793286145702,32.33748523928551,60.61351227537713,12.64402524654939,24.68475401183761,-6.628250319213308,-52.41278504637372,70.49047281113855,-12.460159847035328,63.17101460548912,6.045843099573432,27.20114708642079,20.0892361088995,1
50.84965193641614,54.50451835250888,26.398268826293773,-20.896611378488572,32.64286545969122,86.05918814528582,13.731845798297584,57.948965334897196,-16.981246033196044,-87.61592662539496,72.0230507499137,24.763753487160173,1.8879956094255448,-85.98426874555747,42.95956096200541,-11.962903753722912,-69.01388509270245,-94.42071177877978,9.49520244358149,19.525448243580797,39.20081194994688,-40.08872228385858,87.17723764192868,43.58201442086437,-47.71616931886457,82.46514056648888,75.78052347649336,-89.12729399927728,91.62516408799476,-47.1376289773064,52.51557452926326,55.489774268030374,35.91383027337105,-88.40823888834134,90.38731496419311,-77.66898256193637,-90.47439561385373,-38.146610545055104,-27.00702001532352,-48.402960352535864,16.652684536726724,25.527983278275073,80.03450600040878,36.486438597177084,92.50048656690691,-42.885438122771305,42.748982022003986,-81.19996680627581,44.92223812698194,-33.57522161988183,-1
-32.138946538086515,-50.292851214581425,-4.003386894201654,-36.06610575308204,-22.94301479320346,-93.02443345716509,-50.01811012998792,-69.34900753617686,-71.98375841988135,-52.16891489359106,27.931530120287277,-35.51112513578329,10.226158325836707,39.626153124317966,-19.603059352922173,-82.84622550028762,56.501538385012424,-86.43546827741682,-55.95100358872429,-61.632965193420986,53.61732505535505,90.8407424686921,-57.21681712369951,-77.4536610642208,-19.64110031236575,-83.65716833194892,19.17337454164327,20.3138654545878,37.49608803016045,75.98838904899543,-30.140827490075694,-65.17194012344451,79.63802810080273,-76.4018667435096,95.3472430750289,42.08780105948492,14.43537587856079,-65.3956679572888,-20.72483680632058,74.87135147764826,-67.54140004257798,-49.96376623469596,-50.03465331330723,69.37185001534024,-44.65579765405716,83.4255072051273,-68.97411553381163,9.990707464921073,45.12245155782168,-8.358050613282202,1
-8.752698208891601,-90.04379969539124,-62.33062534210998,-98.53790226901185,79.87183993523485,44.880600063578186,70.09967971188127,-76.64299173197269,81.52242367868311,76.92226098448364,-59.82798538396841,60.710406059770236,95.40605969612139,73.42822902178588,-80.65293615802425,85.3482787835,-50.30501525267199,92.45051248523652,-78.86161862634317,88.43668022385515,-93.2842123333845,75.14496093060524,-99.99449401780099,55.72645893319691,-81.12278588527771,76.66512831704279,-81.79124670767769,-79.53406948854163,58.0134037787403,-71.7319999804722,26.43357057347005,44.10522673209823,85.45287751645824,-17.695358664048143,47.12648047285131,-21.381522615032566,-71.57109055208949,12.052398314260245,70.559155181634,67.41425688103664,-17.96838594203784,-51.00642804295876,76.61220168254306,85.45687544548798,89.90219178926682,-19.557569533212742,68.38693366110758,-79.05712560874613,-14.857594122025006,-15.333831471814037,-1
74.84450493703517,5.318988517957862,35.93502622812696,19.08998629385931,25.610906230085035,-95.11836428147835,70.85775974936519,26.4111184566395,-78.15038336878739,-1.6546072791239652,-28.155307321678677,76.48433740140976,-86.78557743497564,-99.85225889519509,78.48161297081481,-47.37340403451784,95.76102197632736,73.75348626533227,43.77868106260766,63.350544373417165,-78.22263402812993,80.00251821167717,-65.86625927676808,-46.46059160055083,-97.96524385658142,-24.467274121590705,-68.07069974917465,21.39644175656062,20.915084950698557,36.938362619624684,65.78053902639041,-52.5236441150551,80.81996080505996,60.68879274702786,-42.60443005878858,-20.341070212351568,70.40765051345508,-16.216073025552774,-89.84793152050317,-47.52218420662706,-27.10361617385955,-97.1419766172098,3.3391416880154168,55.14424506603143,-88.21390575767929,20.76573931453956,-68.05386744577399,-67.1223671452062,-69.50120289388491,67.05482210922423,1
35.73399133451295,-9.00984463160006,-68.81629806743459,-12.046299222371289,-71.75409508055155,-32.747224067497015,-83.70348763072634,59.80612301689149,-2.4167978311955522,-40.11810142650438,-96.48850403420897,79.4074125446962,56.89752267013438,70.18244328205805,-71.02084929691395,65.84237658317,-93.54816613132833,-31.041694040718255,-99.87322023719305,-63.552947726355846,23.045542266477653,19.570178167810283,34.72372022762323,-10.26216731414155,-9.541957527279706,81.8080048936057,-39.62675999906684,10.364296239931207,3.8248695957927765,-50.321547448358906,58.97248018291452,36.02492765936921,-28.800868172766016,73.82358591373566,85.51361363070171,-8.20551136964194,68.78366869217837,-99.71303260686145,23.986843638883215,-25.055447403785806,-6.111886675408542,27.09041505385261,-73.7322238809858,-3.160887510698359,-53.54375682437864,0.21592546937783652,96.7093716924685,-81.02522385728206,36.86703398858535,40.40271209642708,1
-40.69288374246896,-7.129950023571666,98.63415791966654,58.308201266640054,77.36197313188035,-14.26935642954632,-26.997165228158877,-61.40776029362838,0.7149526875236631,-96.00622627936623,10.666635780764338,24.449082834671614,-55.660202111909896,77.49054033424284,53.86382411204582,-74.72847821568763,42.148207956786365,2.452481351418328,66.8661296449578,70.97608706695814,69.14967976945445,19.787017216804898,-80.13111201701646,-83.49862671959929,78.78603922346622,98.53349249354775,32.420038611471455,92.46721289972837,-58.67094531266088,14.728255911911248,37.93123155715506,38.45116728929378,11.94323385510873,13.244032993948736,-31.38573266331086,84.81975296272631,-28.57558260189728,-16.448290514939885,14.275453647587753,46.84074480406889,-11.961598771371442,-3.887941261983528,-26.668965371921672,-0.6792076210007139,24.51574541215635,-20.50800592661956,-96.69661124366347,-38.97749976128131,33.501073950716886,-63.5098010989209,1
-95.6353206449021,-28.719052830067056,-65.0908232993007,41.51067118386396,92.01165515295469,-69.5251873169094,99.67630301940252,19.092024832415007,-88.53304795549792,-74.89908078627857,-98.85768936393909,60.51827094433136,-76.1398553494097,-49.675967559190106,77.72189333268207,41.55876577925156,-18.72947103312103,-81.10605365922649,-95.4317420353212,33.05603394407086,6.366364601887227,-21.897810486239194,33.36087685165424,-37.83827526384689,6.22548768607993,-45.179392548333965,-90.42197908049745,89.1062172356936,90.28763951197948,2.8830522265325556,5.427830264377434,49.16716908976244,-18.752182241124004,87.10482013702759,22.00466914170518,27.427062348057348,-56.99515110034077,49.128163409392585,-38.11227572625715,18.187464298240627,-16.1893625161879,-84.5493944690874,2.370049130492518,-29.348598496275784,-14.472170773047282,4.05919516583775,97.19529672858198,17.187442202403204,-70.95926001353756,-80.68107256350444,1
3.712337733146782,-41.19932228100937,-14.03646037172362,-0.0032936790329785026,-85.67761758209636,1.9724256889334697,-91.9666066138029,20.773800565124617,-26.62981932302837,-48.04791557143231,94.10124724538193,-48.57233892386337,24.240269762041095,83.87605071404948,31.923449110212715,-49.23459338340044,59.26421376968233,87.00925271052523,99.62192049146861,-5.188402269220703,-70.82171563063655,75.26828366437121,22.79479411720014,64.09813769045627,-12.529626865351133,-0.4502869144159831,-85.81590363349667,-97.4685490778323,-0.6225324956636911,-47.88139335975241,93.60677217306227,97.02369777210572,-63.425824186660186,-14.818196259938404,-31.579877630988776,-60.78987925822816,-71.76778337772278,-60.478079465169145,-18.849421873748568,67.94951815604708,-96.06145136190256,-6.406572341263555,-1.772997250453983,52.379444218191736,-95.05202004423924,-58.135461995102645,6.999079316255276,-99.87602728585362,53.56573068022644,74.06709592896217,-1
-78.92135637843896,37.107724112524664,-62.2802137456816,13.814639118014753,79.59006867640892,91.0026965965171,87.5549093377928,6.208993594991654,0.28313345554941804,-75.89089610128808,69.2134304707642,-70.93793259654433,28.35789845712145,-75.72373498754587,-32.89591592501013,-14.914590709438542,-97.45776688046077,-12.229865032784843,-84.57596246869217,-21.268719430116676,-80.32854781095386,26.095705251953376,80.71201771553783,3.608009856223802,76.85226318180537,95.11996484350541,-39.6784566754391,-16.89081892129019,-29.17037798754049,-82.29832254563888,-24.26285440513945,4.377335582712604,98.34246496650889,-19.85916959376273,56.070147503422874,3.03332191440046,57.44506839218835,-6.264937419629007,95.82383077742432,-26.123527629720854,29.36241980433516,49.89494000248084,56.43385163904941,-4.878685965536761,89.75369883834728,32.95799037511085,-61.787910795108814,-43.14945011635769,94.46327761501843,-34.65694962668853,-1
66.72999238751711,28.951345318018582,-53.60630956844283,-70.62562483335853,47.678433057228574,38.971215957863905,66.93482433607272,38.65911644394916,87.08944592994226,-57.36361506803351,94.07420027796553,-26.378954432462365,-88.88832599554479,83.7196038839086,-43.171941337786905,-57.33886532739729,-35.891997881743265,85.57205292287574,58.835034100311645,2.6540541089916445,86.60742370852276,-80.97495872360712,81.31559177651607,-67.18847829082084,-39.878101506699124,66.78038901869868,69.9753234176284,-38.81871605477962,-13.686574655912523,87.52403672881627,81.75318484621883,94.47105925325505,60.680692991170474,68.54068027884051,-94.4543000440671,-23.43811319663112,4.8407751615336565,-47.86126581504071,73.40839869226315,-70.86918095909493,-28.15428894226679,-79.47666270185462,-47.93856030492587,8.818655057606591,43.37633586113853,88.73320474690985,0.45744749255682393,-34.89780718257724,81.83112312973216,-34.50310121743587,-1
24.417340045574704,29.26198673147627,-29.14685573447484,-60.82556298417252,19.239289344498474,-34.89956693462213,-88.19746686539003,5.148921023708809,-58.29592234908154,96.51011645714493,37.923532842847806,-49.713607367119,72.33797943626533,29.886800730295676,26.615309183253032,-13.707287159079783,-5.505723104902401,42.846443289212885,-61.975698847912255,-45.23782378874224,-53.53489742334065,44.78857009486529,45.564344839697526,45.735876845097664,10.107976854296169,80.40224507025562,80.83815841154896,-87.20215038440986,62.84099634471869,27.959479981258653,-55.24788004386232,-45.71326489750174,-0.16945281011840052,12.769579128695185,-91.06866983380908,14.39277718197745,42.79705272752429,2.493850199897139,88.77446398643539,-25.80008538343013,86.7517094297213,-15.579310878607671,5.230814108176759,70.17487020041293,86.84336543927483,57.62751098109433,-97.7934929880367,-89.14532471636258,6.332069599580308,56.55894073030677,-1
-95.25844927109632,-45.09108305191107,99.53924373224271,94.16948029700188,77.1648582093247,19.982252524782922,24.881160649834214,-82.55568144991764,86.20906993180876,-30.758651822582436,45.373241245164365,65.84671560640473,-3.8249492858078753,-94.73219650129394,90.94885729648655,58.98650069333354,96.55614234321106,-19.641377980302238,-48.19405300592683,37.75082518297339,-58.98814489677908,3.971720667294278,-11.944545568180345,-46.07598524855317,-91.53845382882207,-25.50232517292858,23.28983250011258,55.51133191948611,-23.97529098086612,77.22235869192932,-98.07417805726881,-30.116622190597212,-91.19953419461892,60.4836533349075,-72.32294784205175,-32.321655047441695,-20.757084039992762,-44.944662972746286,-16.923812948057048,-3.858225478329942,-39.98752828739165,-5.172524565363972,-18.182559999331716,-59.04791610943161,97.17782442637017,-10.280271494900845,59.5514220394804,20.26698338300082,-12.535505358237558,53.4608288875051,-1
-68.10154749172834,-2.721674382221238,-22.533315828661515,-64.2559741588205,48.15076025839301,89.84812753742796,3.77884700698867,22.979969780967593,32.18378036161974,-85.26522027579422,49.1283579329955,26.14949027304418,-76.48579531646578,30.294653786936863,27.547996631389182,-23.229105617191266,-64.51675096892562,62.01085144677597,-54.3776786757127,-74.44279526770373,-58.6157698098851,-37.34465562002865,-66.523800822389,-12.26996875479449,8.605896580086096,24.415011451581165,-99.1162732576859,25.67148652976728,92.88346540613813,88.84187342101237,-23.80243428564306,26.160415441717305,52.07933354822606,41.08302438744539,-86.12769748852169,-35.5079483253368,35.641208780279214,57.764805143225175,-53.531404922397876,-6.484936920936903,-19.601630629305404,-25.357177830166137,80.90269457223837,74.4133309332662,51.443823036010315,46.26017631482151,60.02010311043787,22.790747716744406,82.21244129491029,-42.71672340677426,-1
17.11274575866038,0.2239401650696351,-8.397075136810827,90.63651938217706,-78.6526635970805,-41.48588149225976,38.70813746075336,-91.02393898205088,-60.41649084099265,-29.48014497739419,-62.235065895950356,-40.06817295558112,-45.450634843755864,-7.707851556312178,94.91820954466382,23.750624858109887,44.15733438621544,1.913048847477583,-4.532012206227705,-0.47452630195658685,-97.52404296038408,-9.169750647804321,37.31280508858055,67.42671478062766,71.22482929561801,-25.97786408026461,34.88514073799064,-40.27418498888138,75.90397037358576,-85.5315276416349,-2.6757200364937717,-23.83586192400095,45.697349886075585,-25.632831482800825,94.5927382506749,-92.16379160381916,85.107842492864,10.954571047189006,-85.2432079780817,86.20266094115777,13.962939829000163,77.02942376053281,-40.529906019089566,28.753247009326685,99.05737723660971,-3.8164409064978173,53.77984875334755,39.36128358954872,-20.018450610434414,53.756997636717216,-1
32.75793723511782,49.530364912995566,-85.8370597228471,46.800850908736834,-45.64124947526502,72.54191775590962,-99.92006148213501,-10.666338504523736,-82.44815589613788,85.30148401540765,78.94938194286652,-40.845844586498025,-25.027960226132578,45.566537311883025,-57.24343848113356,96.65162494642092,39.72288719372375,42.15759366678,-85.33135565073557,36.21776475997763,59.953771327803366,81.12606063825766,-60.144809433953085,-19.45517700341952,89.61353498573484,-5.427475883563247,20.46745098559275,-9.164973719722653,-40.11189833822124,0.8909518864712425,3.2941889334802994,-86.0853450659296,-83.5164017321066,-2.5709830461028105,-55.9614195398217,83.81694500151525,57.925068776103785,-6.8413398755933486,-44.3596224840322,-14.759983911986097,-59.58697179985384,-61.296062085423266,-50.89306495234469,30.96420389598822,72.38200425054865,46.95233718783771,-16.642648472028938,33.10964268421583,-17.56087485581436,-73.68403074345883,1
-63.75338676686797,-15.411291251688453,-53.78221557308629,-85.81841553363165,-31.62373558877701,-60.69132089282192,-55.600522438656654,71.76169090254663,7.205716579172218,85.86137185500013,73.29077000388557,96.46665331403906,-53.74744365351276,18.06213513861013,-12.532396913488881,-52.32298481406099,-51.97500067235654,62.66801437059033,-31.770499375301185,-76.44825284061127,-45.24930890155534,-83.53037332573241,29.073892790817922,-3.184571626218286,23.840526501136125,14.185366522683978,-62.380479999040325,-2.5298432337814205,-81.08465084934284,-61.26771429978246,-38.29069371643554,47.66018676915266,81.63974025125046,-82.98352213430476,-21.306035288934552,-4.532630267019371,83.47478443053782,38.28767572897743,-28.259137597587397,49.35593323848559,-73.4850603963956,13.402496982137365,-27.061238748896216,89.21325635609574,-84.36042473749212,51.01516645263891,2.0933809373740786,70.10185774943179,41.51039291688903,61.31643042419,1
40.42149082275853,-0.7561041020151151,1.955368940702499,82.93818494164643,90.32081378370964,-4.128886479951262,-22.315230650874554,35.79655458295784,23.307594274153416,-14.25744218726095,60.903088646097956,-85.85626973748893,-80.87192383372046,38.0215581384993,-4.295199625653524,30.37494406675819,67.02596714360249,11.71114007295779,-8.02068296459339,83.00405250063952,-20.53078056127866,-13.380405105480847,83.64427101213494,93.7380778239563,60.52835630150483,90.79382890686293,-63.17254900108671,-96.21925475992205,36.4738632280158,-97.95485239566959,-61.77446511372609,-79.04451854989406,32.19872374314676,72.54333269933906,72.83350495507662,75.19605388941238,-96.72647470563429,-65.90513746612991,-92.42416348725865,-33.32955639791895,-51.9444089360231,-40.30064304138057,25.691351956195987,-76.38432678022009,30.897034632571064,56.24198607996851,86.9282378202002,-62.661110926056,23.362623683483392,-67.62202581334383,1
66.12388155754581,-62.33949501657872,-42.97336496385826,-96.0560535591375,-78.1292133290054,-58.794525615811466,-50.65463936629073,49.46860168870606,-54.6666610966533,52.7402971987878,17.12995472046555,34.30912617917227,-40.85425233091537,-91.15483011364805,91.4553436150691,72.06222192036924,-92.26004228230697,-45.060354186252894,-33.968390438265075,-95.6386159344786,-61.70507151204634,-62.81186283900588,-34.082578082710555,-74.55542795627395,-41.50315809871981,-78.67899795895906,29.64409602996605,15.099629266999386,-65.90940921194465,38.13451470866437,39.625266104704025,-22.47203469801937,7.072274934468339,23.617982394252678,-20.366878788980202,11.179771391781628,66.3107859529631,40.675742497403064,4.020998941118108,59.21691491716874,-20.869882039676526,-21.263979659491923,-39.81104172800425,76.23283577763141,-1.212360610853679,45.32065768314271,86.86210210356734,23.004183575088817,66.36509980333852,-73.95945116197713,1
-80.39846304385179,-7.571905346019861,-26.79692248162482,-16.849122464879613,96.45968726408387,7.641777395962592,-41.0458842567621,45.32920546238714,48.09470103948706,87.6556497463946,18.937753346996928,78.63262822258059,64.70764160609275,71.06902959132049,-56.367167380834495,-38.8614818787775,68.6888632072206,-68.92528828356843,-86.14265039269316,-32.685874830109384,83.71403479466736,15.911201644359863,91.93518304505929,-21.740692598461095,-52.61300956248991,-99.59443873437253,-24.377127022585327,24.55222031708564,-84.89504183383227,18.324083928150543,0.1320936354089639,-60.79524566335235,-86.6490691459688,0.6546583477878585,-97.08687106897816,-27.496319982600383,-86.82744473102065,-59.028976717194716,58.00117957523608,38.59685424521635,-58.481981584163336,-0.3199811340659977,-51.75206893943462,6.803523401116422,57.02839026980598,-93.273961533279,-22.061453413264104,77.44272111040166,85.5395735332134,65.01196627173127,1
65.00988203601241,53.26081422378002,-16.78595288934399,-48.20356451360666,-82.14282021641284,62.79613463455976,72.15398094561573,-23.569430560490872,-91.71589138225995,-31.109062311764177,30.944587140843055,88.90181114773983,-56.96497922988107,-91.59111304105122,55.42470660822471,-63.08747081627928,12.751215189211095,30.112009360960315,91.79374106779073,30.343730926794706,5.114258349746393,36.45548626654386,-23.672616490964742,47.389385498558994,-32.94292311463214,-96.32562075706605,-55.960285061840096,44.39613330435441,-75.7495033252904,-47.3326373853453,-10.966505392681938,9.422870565031346,-30.94486744124312,-76.55980949232466,91.54367588404014,-2.243205769889883,-80.75087384931803,16.2244043076263,-50.88296108719306,74.94191791859748,62.285360736451196,-42.38104162727727,-61.44418091676582,-52.4505926479103,92.32365522877768,9.099278052873913,53.21358327259833,12.45884914195814,15.439179002339998,-48.56046977671129,-1
-3.202126364050571,73.38820856610246,-60.470443776076934,-88.86677078876018,36.64710902763355,35.35519035827281,-37.434176644598715,-15.253160563635944,67.51081500859974,66.94194189653484,-93.07411748870209,31.77276621572193,-41.18392852020525,38.62961387676151,57.03911766076294,-96.62708052049271,89.5728178648202,-14.443269044987602,0.7250345151741584,13.703872228222707,-57.85622196659184,-9.652642680210292,-24.277279973422637,42.87451730532055,-47.574439286360715,-31.48194786979299,-73.10517558436038,76.83705515754906,-64.65143672903167,-8.875021165105125,-41.872102986802574,-21.5861380226019,-20.0931032344088,-32.272918922034876,-52.00958299510165,-37.41751724625082,0.1646732446718886,82.84728936670535,-95.33091631266386,39.38751698976728,12.382772824648725,46.591745043123694,-18.4277097303668,-50.409178725105996,74.24831058579377,76.93842526672185,39.380021705026024,58.83182763245617,-73.21848037396364,48.92194063897864,-1
-28.805464269747688,-48.2415183270952,42.412684281834146,-88.4714608805213,-56.305913796107276,-91.63041102341313,-27.526468096592737,-75.16635886544148,-80.27439525595082,-67.81201798759949,18.0627652750687,88.09170647830672,-39.37846143813781,-18.529548314974747,8.937737370922605,-57.30813784094053,-34.419195521098246,3.554307422433439,-22.480143762654976,-78.80016012546815,-97.56159305142103,68.95489279822598,-5.1500319573800795,6.422237944835956,5.514165182370817,-26.828624929858663,17.084648065645354,28.100353776057716,77.67917859603466,-77.19177779085173,-36.8566878126354,50.48037803922841,-83.56485712184659,70.85929224353634,-5.137778376820762,57.04349829815919,-0.2830461007856826,-59.90197466465204,-80.61208267298304,77.64300841741351,-4.133637461817074,-47.654540325308005,-56.98293821405515,-91.97884384015916,-41.02803587972679,-83.34817322017634,-35.24437020716856,63.53494869461264,29.06370700605271,-73.1204832972753,1
-21.104744285992936,-34.348982144532584,-95.56809289109569,12.868233574630139,-1.1135598342023343,31.357402192885843,46.71350453018766,-82.92315009602898,-97.1762733028344,41.10743534206921,-10.490169395391575,92.96465993787763,-31.455844694096243,-8.019088779608396,-67.14460747575183,-82.33768498107825,-71.47631141651225,-23.32664482391658,-38.1693497144443,17.085044314121546,-53.78634695312674,-20.252426430257515,-99.05292730587085,90.42314631827455,-69.30077033511904,-53.07605160520048,-56.816225776853436,-55.361573200361256,-76.74211304711949,61.25598354074978,15.075466386163754,-87.72014539022466,50.449630093808,-63.08899254210958,11.149991557341082,-59.66084581500346,-75.16828270965037,-21.59765419907869,16.72718466186302,-20.4146117883448,9.651374265504671,-13.094448881040393,15.909083358311761,-88.27476718253564,84.27290105894093,-49.28016866186824,-75.31417072365755,63.435299595945025,-22.925895674034066,-13.649208647649715,-1
-38.04242815818015,-8.934250038279572,73.52377323782648,45.138369782949155,72.81410062909376,-43.42566843051876,-74.92582147547162,21.862264671096668,-17.865041157832934,3.651289992170021,17.10115106974881,40.36793591889554,65.22970742839286,-25.49642319866203,-67.1525439851671,42.89241560887908,-35.97420764056936,24.83224946686566,93.47700945496129,-32.32636611455332,-54.72770778540461,39.663293589304914,84.91751071382134,40.273758749082276,-96.81179942736155,68.81234763646069,47.86538171466049,48.651992572502365,75.67200365289122,-42.91325308846532,-78.00442653905044,-73.25041448032914,66.77111175430315,-25.787328277802857,27.609061757081335,-95.74684344765649,57.624994583720735,-88.62161515545532,-16.618571593635068,68.72416214647103,15.349445283364304,-21.602831852498895,-98.70056402968336,67.78527319439513,86.23374935672368,90.34704517819137,-25.027732208190784,11.24741707450245,-36.83194398672527,-52.764872150057315,1
19.48262043406166,65.08797914972575,99.93464104841846,54.397814050938166,-42.21563363683063,-8.786758146616691,-92.81042376079644,-63.1727040258327,21.435044065801563,-6.217902963637272,-73.32304989658385,15.138439143213418,-4.418764855276308,73.61977233705827,-41.395982916281305,-56.0680232256624,-6.37610646454128,0.019383842171166066,13.877082205790785,-38.61801787800063,64.02573507714345,92.33301923661838,-28.54589075918676,1.8505210688096696,89.36836559678159,-50.96726972346852,-44.8146723128791,-71.44901442913758,58.58082040529359,81.13060118028358,-36.58559683596807,51.076506285539665,-81.30429196282299,2.0324613223002217,-27.45200538997561,24.42130098637945,-42.8980730169459,-41.20087848104277,39.469225211020586,-18.293029122017444,5.2134174616525115,-58.503464705756826,99.87980646409261,-18.67829070358877,-26.84757017583712,71.09035280899784,61.09121495052389,93.12370811846432,-45.118907489426505,-42.25849432166902,1
-98.79059136320431,-95.37786630644156,-72.55655367798681,-56.571168432016236,59.64686277476275,15.681389954172971,95.31500637743247,94.38759851409358,-54.06089743895439,77.1286631095713,-94.10046493203738,36.83031020342099,-4.56204579720341,30.598735953864264,11.759321735198867,29.404263126182485,-45.082614990601975,46.572065486862755,-53.091144840515646,-19.78737524419445,77.38661062761372,79.58690007833741,-35.48563222791941,-54.13227815555939,-11.437104925851145,75.3931448430767,-54.96847753240961,26.773905878476768,73.6566559288552,27.11943275683572,-56.38360989152695,-64.0198795596664,74.3421354277323,-32.357968142117,94.1824037930584,-23.937879789885713,97.83168489318305,-44.37023595358027,-56.342452146326316,8.151911752494371,86.84848206718021,80.68667018191846,66.02617604670479,11.635266438148477,-17.08686654514557,-77.4254037728604,88.74768167964149,-27.544241551461795,57.98040344717825,92.34645282498829,-1
96.9682397924669,-66.692297300546,28.87314009851346,-77.30789969504619,-9.82276170697925,37.443008236222965,43.07894932315318,-57.091234948932026,-61.82170691690112,56.59566935083862,-81.34829023625252,-62.06565743031462,-25.67730818031481,62.88968729425929,37.80571929269445,38.91652946487983,40.025587698604284,42.89304573735345,-5.337602450702946,-1.2494572071047685,-85.68664878904733,28.943613557500157,87.22561810666792,0.10418470038659677,-16.6368206470126,-7.906855272355756,87.93444072412845,70.80274337401775,-68.77056674797296,38.86651227230661,-22.89940421379852,-73.10208273796223,53.514245938442116,64.60358445323817,-0.28152912640950944,-28.407874874961607,-43.04937019110084,62.76039484823818,8.49261118989557,-76.53279112032013,-64.55351718757572,35.91702568671511,82.72355458733784,85.68955059809801,-48.36333642656277,-19.218176388439772,-61.33571997254279,57.173640133343326,82.68163760884937,-63.072375818633205,-1
28.51303990703832,8.153126260108579,35.692709815432124,-67.45017844352388,82.71251116786058,0.3640231720600866,-1.233681935946393,30.06682570718536,50.157584999202214,26.799899671079075,-99.09719041442511,97.77253215671732,88.73796797953207,-56.39204672023548,33.404254409030045,-25.182863969879634,37.88257842369535,-66.95345850930005,-41.51917356769614,-87.52030259215829,-5.273863971937871,-39.70203039245208,5.477684199334121,42.74227321674721,-33.9561142954838,42.77700027890825,62.000726089426195,-26.858462211694416,-33.52464238384158,46.15870652581961,51.70633935128262,-97.020909123659,-22.536445426248136,88.52775480957033,52.43683993022978,-82.66050837014606,-90.31529908770135,83.32292221898396,35.889481243720695,-45.99751621824755,-57.5311350340286,73.85993640763616,-6.7771691274046475,-92.38382881175214,56.002152485634895,46.18468511284371,-99.86153178557682,77.15885278610381,13.65283455503807,58.769175759170025,1
-4.294326016095496,-2.424678800388108,-15.97308916337991,-72.4097979063286,-46.94202445021642,-14.837938073349036,94.684262138821,69.04050705584353,89.03741073556512,-56.14569119718029,49.16528983656224,88.61277786207367,43.27006608106879,4.145276877049994,58.27462263581356,-90.28099284320817,49.20850830306938,-61.22179213597387,98.30195492260208,86.86766407509253,48.254071273738305,51.50110249577858,-97.48684628569116,53.94902505905665,74.48383899840124,-41.711586890494615,56.794059665314165,-55.967245802922186,85.41802337603423,-12.40873038512791,2.3003797737979284,52.66694831764269,99.72344168852976,68.04047808682458,42.081020946534295,-31.97997776646129,-0.08659143935419422,-56.010646571498526,61.616848488262804,-53.077974368554834,-72.94957885739703,48.382135284397975,-57.74300373949364,-98.55754964266093,20.35774983881244,-60.172422136081735,-77.97629068116454,-61.28714953394721,-99.77108079205925,40.311886090977424,-1
65.46042994744917,-99.12808400868391,76.44248236346269,-81.97934405655434,-11.449142849876353,-74.09477464915659,9.663266618604595,-89.74262413146951,26.193900437134275,-86.39253783131127,8.722755298188247,32.923889650191825,3.0879501860557497,41.04823930584217,50.98902131939121,-4.867290742332457,89.77159708463563,80.53289824310224,91.73335810576663,-0.22059420286035447,-96.65580501229982,9.934063486458882,19.795905446435256,36.853621341147516,-30.42931671997968,97.98715933071176,91.4384535985348,-82.43953006830682,-86.89682345250137,-68.33853281750714,-78.94013092270896,72.13649863930164,17.281243333650693,12.83895322681174,-30.55946278793273,39.06272297500061,32.85337732959269,-92.49420579106982,44.08650314205869,-74.01933139043331,88.90146725330976,44.4607929295762,-52.05551889802835,-32.63835775594298,49.484630418426434,45.38204633313626,-53.8751801886179,-35.26263366987496,-15.305715578733569,-30.140631592267113,-1
38.68442561126179,90.78416076934442,-40.769106347228416,-61.9692274174779,68.23774101424942,28.25601499720912,-68.59951772846543,86.69823400712247,-79.43646115417984,-41.759548657452925,-93.8657186141351,76.2569624753657,73.45638749105831,-43.951321400709716,81.60803890862792,-41.329571692700306,67.57887620542076,-64.62605806831523,-75.01646254345467,10.671539880084396,73.96043525159754,-95.71362306344902,53.674332495116204,-50.91971222958031,73.78401750961402,-79.16092696571573,-59.420335351578935,97.36583886983274,-62.09175814468735,27.354083163082095,19.592732506979175,-59.307575558097405,8.790355990589077,81.27343777717243,-88.83959139341229,36.80677674838145,-39.75242646807757,-38.09746849491196,-98.07550744386727,-83.96562601474903,-19.00106646110882,-70.25980542553671,87.95853682970397,-35.181507067815204,28.696739457352635,60.057925426296464,67.97148099611036,-47.54425364031138,-34.036040754730124,-6.624630295251023,1
31.63196485951468,29.816120403776893,23.60856241635115,-81.33976432854928,-81.80603031462879,65.46999268823248,24.067554964395214,70.28048941786327,-5.4684761814615115,33.880279615079814,-51.33700161481762,28.449460499520256,-63.054301350859696,29.682477512936515,53.21409414640064,37.62121051881036,26.30870311065665,46.76600349512478,5.122581110645427,-2.076465538690769,39.27375294469857,50.64249029736564,-9.958376702467334,-93.15805649353575,43.847622338363976,64.70210547924594,52.29353115597135,57.42201352585113,-97.39786979264149,-82.9936906596675,29.588610566930356,-1.2376667765195322,-68.58875676000089,9.221638352871892,-19.4977423753933,-71.69558555459142,26.162051737633035,37.07175597655791,-79.18370929193539,-24.705216193018558,-93.56484986986149,-98.77493242479818,21.99770534360981,-94.10287359230134,-30.009207855797612,70.02401624566,-55.2221363326898,51.842384431176924,-22.38716717903506,-64.89484731967153,1
56.88109464255945,-77.52340501425812,-74.18073002807333,-93.89160437005233,-65.45379181045108,37.673210832406,-3.196273066116916,72.47638369770317,30.45246511973133,-70.03742681204297,-31.899425599481404,-16.60798207710721,-93.73471512798936,77.10282507086538,-50.701441684642454,-54.31916251020388,-24.74368791490764,-3.5163700193008083,3.2505198409004805,46.68800521897566,-36.754695907491254,0.06361982522065546,90.4680843492161,-12.759060257874012,-50.9293968064618,19.398244108828266,-88.71423626648178,-65.50641742517288,-76.57306921557014,-64.4445385239463,34.711825561504725,-13.51530911596835,93.54004617521574,52.459828101221746,65.22881079599216,13.598709109941012,21.510808887994656,-78.21394904767953,-34.26835005567716,-31.04392602447892,-53.43922193178745,40.180262144348575,28.205671004029995,48.966592126125846,-89.12096811000403,-33.37160239056705,71.568197128854,59.38659276492015,44.27360002426076,-34.0354363841721,1
28.829844295183193,-47.46133802399897,98.38532366162215,-79.03920209208219,-94.673662617179,-40.985954650026166,35.026485920643665,57.61208919258178,-79.8298464875543,91.46112787523359,-90.43060025165852,-73.5199824847776,27.722167012101067,31.80232606017873,2.280284752129475,-74.94381125389432,-4.980425927962102,54.011945872539684,-66.03846918839466,42.183595163336065,-3.0984068091482158,-69.09288443498286,42.549755220888926,-95.70758406165072,30.381727314652096,42.8296902928318,-9.301510824448272,-47.82081792956498,-59.12054167828455,64.45880238507243,-94.89422537827474,-70.55587527444268,-97.47775342747498,10.331078731775435,95.81363934139532,91.93375244689747,13.396970257728753,32.28902799456171,6.551936536661287,6.562232733437568,-30.474061726348452,-20.218005076860223,-48.477119501540585,56.371804495657386,70.36948575385858,29.506644217637415,4.389387823887873,-52.4523096496335,80.66189262510326,-32.18819780099251,1
27.55482836911831,-95.30819565576911,-22.24097620771947,1.463700135929784,77.68522843757137,-16.63395502719102,47.07598318920009,-46.949987008673524,-16.003478385274335,50.98114151940865,-37.90355773059555,20.246182922844525,10.356509673862035,40.12489627183314,-44.641840112621445,39.71769762049462,77.9984353553622,-36.351509196972074,91.31112620324708,54.37330058795715,39.85169047864429,43.09767797597763,88.56197525825294,-66.14298130282681,-51.136509217797645,-89.39894536348237,95.81165089816324,7.611405536182602,-62.401305326791665,-37.833781893744465,-44.18602260750406,-2.8794059038597766,91.91129323920615,-72.8332084270113,82.30424513916381,39.25488648217012,32.111511444980636,22.29814481499959,35.8402892138472,-52.777293451731325,-26.040966590480124,-14.863065882164832,-14.482305098152253,52.14469478847877,31.602885662981038,-60.162297306919314,-27.418841995697136,-27.396203026100707,38.53845150203526,24.043724711664936,-1
76.59876496595462,-71.63112047660296,-66.06778374865623,-6.444747002793051,57.843918285518896,27.18008388314375,88.23608398178095,-14.010788208645437,30.232879332389444,-2.7096932083219087,-61.89585918846878,97.14588831526228,-70.2191816360141,-16.21266734910529,-31.505108913439145,-69.62868798778636,16.14828789425357,0.1295186660656924,-62.84455670943594,-17.377549531254502,28.718171357327464,10.282629225701157,29.57955033745671,-68.71974198623371,70.82434933797913,98.20702726961099,9.740318717034867,73.03285781674614,-20.455827097667466,-93.04292427628272,24.973498084646593,-27.005535389057897,0.6979572904434406,94.50429277841388,90.53110450888275,-11.397413042804345,-95.84593419716718,36.955918810730196,-8.269088368056515,0.1815269083210751,-93.96920132646677,12.96565990000164,-32.95432521546178,6.337661526054262,20.01461355495738,96.68975050300597,-29.37307407232271,60.558986112200586,-12.058904089666342,-35.28004576099222,1
25.4657870181356,37.35114405638177,99.66063114679167,45.29311075870626,26.487116588058072,-55.13521625676101,-74.67107155913175,-10.615309629966703,64.51823885573725,-10.566617198149487,89.77683526235819,55.480161701097586,88.87231986633105,-50.882529951844745,-13.062968425166034,5.221965281373556,79.16195921460016,-77.56704930429092,-15.395463098561478,35.57843591625411,96.42968174513652,28.477841427826206,-95.24930233212339,52.319083690872844,-8.383317177716833,83.13343353939618,40.53088777846014,0.1895022597996956,-99.312503689165,17.504661920965603,55.85109832551126,-4.924820740834093,-97.7860506715287,67.94742464588245,49.067417658522515,9.809147406084449,59.963416558235906,93.07370763981007,64.67754869706289,73.78377616038262,74.03483889944022,0.3840469794645003,-4.994141414867741,92.36993921061509,10.575063497866296,42.453502190706956,65.07652876752414,-39.41441218037034,-94.08846146468947,-60.57674202104653,1
-58.584838157828955,9.924460221206985,10.595117203487959,-3.707416472523022,2.9626580363944015,87.48803497678512,35.66380719705836,-7.580706384969346,-11.818989256733985,3.178990199627947,0.4276027958914028,-83.68941306966971,12.916176858434468,-71.49237250447115,-51.95263561411305,96.56565994734655,-47.56513368490085,20.63176875698136,99.73618891838322,99.28672588473376,-56.6251663712974,52.50344496496598,-8.34259263548222,74.37092509431102,-23.858582318460392,-88.65112557622305,-89.76624436581251,99.09005905256998,85.23189156809212,-9.574888469930059,-16.43566419288649,4.968489058126011,72.792056642342,52.17315881027861,-4.786594536549217,50.6825545620093,23.66608098498517,-0.02149040268876945,12.597407133754743,-12.039321763753037,83.9145136563809,-57.3669545035308,-2.876800870676476,96.30985118343008,68.42708373662546,1.3340665420392241,-88.7196154581211,-99.73993068752524,-28.01241213974737,-76.4991237934,-1
-46.287566509271485,-68.64741048014108,-74.1632164382501,-7.851556547765682,85.45428890666369,42.031556253446155,-18.37760958765351,-88.12487161378107,-8.64295932178105,24.668948966529953,38.23051876305385,11.167144791864175,26.756791876810837,11.533810915340808,99.15564738384418,53.2787888225067,76.85588807485777,-13.625972064041065,-28.015070110047446,10.51228492440488,-89.32432704730111,81.80257908290326,-56.494129442614984,83.68043490902363,-46.861401516548185,91.09248181892286,9.30533594843692,68.26359810846228,1.7069160171489415,50.010017145842966,-88.70956596453226,28.812795518489878,23.017269558152307,-7.540132390774801,72.79905350296573,84.29261774341711,-66.83719980162275,91.07111859294903,99.18931884519861,-11.298414442184026,73.28005327927167,40.657103377978785,-0.4138732282552411,93.1896622091457,-34.56220905276221,0.806491364438628,94.5980979148271,-5.7372067283092605,3.2665993920545873,-51.34003746304465,-1
11.04016231989246,-27.319213600114594,74.94039686534242,2.170472992759585,-55.41622766283189,45.37641126371946,-28.886329007788362,60.65785946290083,73.61909376606454,55.05953752424401,-13.282116343606432,20.958208947826762,-91.68854112890156,-34.36293759596603,-16.770102514488784,-21.597815873783006,6.780089767399815,95.50364068410053,-6.124758684600806,-73.85969934195194,23.651459288942945,-50.04728702028045,12.286605703294896,-95.65239075239906,-83.03916020751285,94.9686802483059,2.871534810496442,24.950697026894503,17.37049701220765,-85.20885642474288,-42.206217031862955,30.781444747513603,-83.75269299780715,-97.01877895889119,-17.320385829777635,77.39416566892066,-95.31463062747731,73.01917352966083,-84.52047121783077,-59.6240553344187,-59.88185244278408,-32.489874433946824,-16.32873529869113,-77.79097921715169,-98.33968292187623,39.17497582774297,91.29887721231768,-57.527538087968665,-78.35937587512569,77.97418278925002,1
48.63863974632068,-98.13794184752926,22.98683558342948,16.57720030944354,-16.618606955304685,-87.73923565310719,-22.113006704309228,32.56481350403993,-68.63478053206094,-56.26351423620872,18.53991094186638,-10.359967105597164,-45.03492477044513,-51.23159491107643,99.72442915339761,30.87538158991717,62.67839476280665,-56.048012117830126,25.190785082760115,40.18373036038113,26.140519948292138,52.521548511483985,25.96795359194148,54.75434286478787,-4.96023971136627,-46.205365011706846,-17.153486777840925,-50.224877524888,74.49635077173667,20.699374077392903,-22.231095309370687,-67.07631768908864,-6.3156440008854275,57.52197823922654,25.55013474547117,-8.252959060279565,20.22372362430687,-50.167924888887995,-28.864047732824844,-92.32196476575345,-30.672376509912723,68.43307435527623,60.67918858458674,-33.770388128356046,-0.27130621078102024,-57.56392214685444,-50.97471531305684,99.77187936666292,92.07906052982722,80.42563682879035,-1
38.83011470196621,-57.8943023118774,-3.044387981910603,52.34417821903759,73.11501253942419,-83.76811782127716,-40.93135576554345,72.30700583842622,11.98360331387238,48.20572474235931,38.4968912565715,-75.0481969743895,-44.16201165887854,-23.080487545621935,49.154686168870484,31.059823215735094,86.54175103063196,-7.449294941342188,-48.05823373420277,16.71438861359627,50.2209800355086,-23.775438188786097,13.661983447100013,7.207770874788366,13.095342700986933,-81.39735076378574,86.91766786958709,88.19829900604947,52.51094943435854,-52.57941297438011,96.61386362125043,73.10391463516808,32.483278160889625,-35.96166218155257,62.140136073490225,26.065057535918072,-77.06429625871765,-60.98480534177464,-97.94481546099783,99.50544916436945,-75.48221015179955,-38.16897927672591,36.27913902092422,-48.902906518307155,10.89716448503961,-25.86937175341393,77.75398179585551,-48.41275974853549,-77.77862713915573,-60.43893161136662,-1
-29.145734556556874,-74.83953273078974,43.21838356630269,54.796119253382074,-91.58683055696599,26.139961335538715,49.779159907357354,-17.83187711449783,-18.54443518433709,-45.8483713349322,88.2093701651794,12.560978300519963,-78.64563452830168,73.49214727929797,-25.659338923186723,50.17168038037505,86.16535222327721,56.285738251483906,68.05501035711106,-56.402833613742054,37.920445411026094,37.73591427839955,82.5107468490364,-55.69478791673821,-78.39007682196373,34.92750116919939,-26.644341105676432,61.06817894387456,66.43212018400172,-99.46732279683803,-56.16728249462841,-86.40822852022426,69.36407325998067,-24.833724405127725,21.00362901613127,-93.95515795625253,-45.307165634880505,-62.091846393314796,-87.3469264491822,-51.45239404681878,95.24952161281834,70.39822586794887,29.798789761711703,31.14151099208155,-40.47064219278733,26.2508630990133,16.261512527783623,-20.830930613352024,-57.664810107738184,-9.918994668715982,-1
-95.19899103102223,-47.11914041407093,24.174837511360252,80.82158109152715,12.80475872043641,62.97925805059472,-35.45962585221285,-99.13161444781076,21.80470460195653,22.761721158652065,-60.93010358156323,71.74969836569016,91.11793219469416,67.19752032560018,-1.1796890620437779,84.30762605622417,96.95096790806042,-63.43595317757189,97.63512897542947,28.89143185224563,27.229838962898413,40.48425573542934,-33.6695247545282,43.17051899219183,-66.31917420532878,44.328488230175196,-38.28272561941524,42.40623280329373,-62.16284689624687,-90.35386301539894,-65.11585630665829,99.97703944355456,-9.549065342105067,77.42219772912517,29.974701276035546,-19.894910902396703,42.60437145241798,82.85400351296252,-70.36318037620163,7.102156533960468,58.31436287099706,-48.861043229939646,69.30608452780598,39.355404229666135,-69.89439276733171,-21.47965685797162,95.11857852648325,2.4306714399341587,77.53075678476614,38.83018007355801,-1
88.17603391184085,-30.027661155504305,-20.970178300472654,9.068996800308966,-2.0561492318100107,29.737956909977726,19.58193506575256,-18.573635027497957,4.248442190154876,38.768233227132185,-75.10068581400753,64.43141708974801,-21.26668936337856,-17.26725763948336,51.5708359048289,-54.72330076158713,-13.329794779504908,6.118963881566586,-39.37341085778665,-15.506607370070526,-30.461872753562318,-86.82160361533315,-4.226177868716434,-41.64688655589595,77.15389229598014,-75.64656909542302,-62.28610839909279,-59.38625979459884,-32.74662976761091,52.46290661008172,-23.919936261293955,64.67087005606211,-83.0423125010144,73.04025306134753,-42.78649603999478,61.38119253103895,-65.392941174492,-90.77784428691966,-39.59246904138911,35.046190297916496,36.26685917804846,28.911110872214863,82.34844167724293,-2.4150650650915253,37.459348747575916,39.1441469497891,58.84209967807476,-84.42932902751987,23.210993761147876,-65.39474065504868,1
89.19417796911986,-24.393787553360966,0.8149893680176774,99.18132807726846,-45.703130636177505,-80.19193363156953,-54.14902540397699,25.776849606743895,-42.159539604785046,40.063488723122106,-61.58478118067576,-42.394261137754576,35.64725587516381,-17.330271659369956,-66.43453197863556,56.92208152756277,-64.05269004677277,-63.282665018662975,-64.5169589119007,-16.612059316821814,-75.27204509150388,-33.194168968080604,-7.914685132323029,-56.122253343398086,36.658082398869794,-93.05975797114824,23.762810588547964,-24.277452614826743,87.2764511762785,-72.94148632241668,-10.229097189645557,-83.19987490257688,57.11553498545024,25.459723311168787,-70.35385540593917,-7.647000473807154,98.5446323515697,-87.06038568667873,93.51717918922887,-35.89115388392774,-32.72618855764584,11.37144236334828,-0.6786872168990499,37.27924514208385,57.53779314570022,-57.75458191756462,-8.783999489343032,-43.278111247315046,-24.39385773376192,-73.93277951444065,1
-21.783692669647863,6.01046784247616,51.09893140284299,19.973594631009433,50.27485307160214,51.325968476839535,61.479905859833906,-16.51431655998796,-64.1784909421952,-84.98905777811648,31.516286790924568,-55.6098582057283,90.40300905021701,-79.61532441839061,29.3029812524355,23.95225789480591,34.339375994960676,94.98328523894048,41.01004526087078,6.337246348147602,-90.46570229990097,-52.24456973459317,52.42486577421511,-67.10957238683153,79.81827364401084,24.40427794015983,21.025679698556814,-15.942741999994212,-81.77102854938974,-78.97275239531231,7.371361980940748,-16.661386460645232,78.55554764068009,-5.852923951071006,23.415117032514416,36.49753484815699,49.650209054898795,-34.767256601895184,-85.51448971093703,6.989334233189197,7.570952757534499,97.5685752511383,-4.350424286587312,-69.23105568131042,-83.34369889315516,-88.59189295028631,36.65852933913584,75.76400865078764,7.006911912206107,-45.22605928105907,-1
-48.27583302239225,-0.4867833222548228,95.4483130000898,91.56263655067158,70.9070400603359,-1.9010696725959946,-92.95301813744574,-60.59281404940615,-20.228814712167292,7.072656364607212,-13.167321653571179,-51.532236032727496,32.10372386583879,35.5427908892633,97.37953423526758,-72.52904292189548,-96.82476954080732,-6.865970443909816,-54.272703301614534,-92.32354266128151,64.01279255531725,33.98628189605091,4.483103238138625,80.17511818087019,78.34114177433688,-86.88775387843668,85.5321855718982,-91.30727166257857,94.91517439130016,-78.71058615719909,-45.214590831436176,-53.81355101932659,40.28327413863059,-64.295256111367,-22.14567096314451,65.09285109048835,-93.2710659444777,76.79589266558972,-74.90509241786131,-23.864495936447526,-35.154630310920766,30.823063007409104,-29.19433906467073,-74.59472357492034,-22.158064091828095,39.191852061117885,21.466427039882305,11.45807920384621,92.86638837348335,94.2095593210579,-1
-41.07612073076137,-55.083523469219784,-89.26056241212514,-6.364447423959945,88.22898944077596,90.9123490696476,-8.086538222490347,-31.25371645845418,81.44197010610955,59.867322593112476,-74.80847298216413,-80.59085463017585,49.9271098956182,49.49413588637003,-66.59161312765241,80.91391484389717,-56.32468480964259,-60.83352039917844,75.60320963483699,-8.080113068974356,82.42642200962612,-59.6910608068651,85.75618714239675,-88.11317608207403,42.92813706499811,-66.58134856392321,16.26624443328207,-83.68387972366838,-18.982038839798605,27.28587292260673,28.340152016131242,80.02268267142557,75.6703156674977,59.75641229467229,30.24951038377921,69.77460197232534,76.1418378837293,-19.755150610232448,-25.479422567537725,-19.937054145640005,-30.7217501949101,-99.06431477323758,16.599835273465203,90.10747966041379,-56.40827556651937,-71.0059188746096,-10.095364552771741,-81.45323624931069,-98.23970793436733,96.60528049547153,-1
17.070872879350432,2.41771533973278,1.1966658314126875,-0.7529652260097777,86.74952704994638,19.496626746155314,99.48005526392186,42.41550241429627,-10.711462805436994,-71.75693303584951,62.317485544149264,-40.612224595456034,-26.768926822484147,-21.046777231291628,-35.52537882834277,75.33609582197792,-89.07625387667939,96.90294455704012,-28.555081126355603,15.334718030387506,56.7887111695764,59.27381638332824,-61.5254120434126,81.55923318745332,-51.0212463505517,-21.926054935974634,57.6618415182468,-46.641547337419894,-67.77185720956317,58.45151489387126,-58.59021831155575,-58.61373394730063,76.54889322535055,-39.695778889596475,-92.33064238100552,95.23001004163655,-95.20566059072347,23.471918254610486,-53.46216900489893,-55.78547032811614,-81.04297732515747,45.08173736834502,-81.69864913090836,75.64515845334074,99.7828229698402,79.23748633121858,-33.186849341045274,43.50067072162679,78.81972471109083,44.44330901955854,-1
18.590170286985483,77.96727881766213,-60.129974211062745,89.78802625685199,84.6578536472573,-85.2031899816562,38.651403167900355,30.609748352044846,-91.76472044923887,-37.83589700880074,40.4365629649335,87.522436155632,-43.56377822792719,-48.846574699768496,-27.85701268401138,81.1462264190748,-26.922679618518018,-46.82445068226602,-35.35622905809407,-31.714256500228856,-89.40822771988064,45.33866265174203,-99.06558690776006,-87.22306987235876,-75.75233291684802,-50.08744034224293,39.08842330612919,42.19565377666706,39.30611226810811,-67.60853163872076,-33.88076616062399,50.41271202319717,-17.242723418239734,11.339374817151281,-24.774944150045442,-58.42745285130286,-64.52715124371878,53.427695027379514,96.69833773784669,-49.96056420072599,28.05056245490482,98.99107095890241,75.70726480183234,27.811786710667334,2.739610083500338,-19.50897667403393,4.417193354719572,-32.92649475717346,-3.5594130706951574,52.20687124018775,-1
95.36006570213186,-26.19645351776545,-36.90215870355522,13.320343508097892,-86.94512305966839,-18.59675299876804,84.10602972223276,-67.2841181365365,90.68147811864438,-62.309701558905005,73.66803228547735,-71.69872215588147,-52.23082592799384,8.944806599802192,-65.7406925564897,-3.216271305899099,3.0668528741815777,-86.85940583164837,57.19913352499819,-27.844308982370094,-29.85661936446151,-69.01433774158976,-44.51410630587933,76.76251971603187,73.36360315584639,34.03247663579404,38.73074118714101,37.685629396685016,58.1919408767981,14.554231756746503,-64.17835104579497,98.56611859776666,28.48706909436453,20.888188203412028,52.75453397087395,14.357925740512883,16.3466239807794,57.057496932524515,33.47057731021522,88.68714247673276,18.37343365308554,85.68794386571037,-29.118733430684827,-50.23836787185054,13.334357552513424,31.196766131390206,-98.43310957855044,-62.962279039544896,-61.7119294471276,-21.988989606406008,-1
-65.02371256480812,-24.330483663470616,-92.15128479189072,-99.16056783388696,-55.076616708359616,-59.309389894154464,-81.12801834787211,0.2424897941412496,-51.377612581695416,-91.72982145955764,65.17351874012081,-72.38771606332794,-16.669280072710066,37.897962870298784,13.669586527129468,-58.94775550660689,-90.09130909023912,-91.92657576164676,-60.85337583130992,-71.31209518371904,19.083714656657705,-11.597050817523339,-28.580541567100596,-37.634199939502096,54.15799619709736,28.537380413442946,37.23384516993062,-44.856671658069544,27.5070679392648,57.23197186490779,4.701755964877094,92.2534759217134,33.38923162999595,-83.5883984349783,66.22777885586609,70.71987464297322,-4.211708328507498,-30.738480465042954,-19.94656529944369,-82.41544067528469,8.182034977648797,-75.13965129508237,12.283276054473518,59.313964624693796,-26.487972528702144,-51.90718529917777,60.22212677137358,5.960243565679974,65.9557654585933,28.587591177137625,-1
-45.87121160364687,42.041969663252985,62.95923453199521,10.978875235041869,-64.56691574704547,-57.6832334209016,-20.203919087739536,-3.1708699113616348,10.741055335150222,9.369560193429777,-6.752430401437778,36.76367399749324,-75.64284484603706,15.30507923550826,46.573477218636015,63.78549698714036,-96.55449831725589,99.24274848494213,-35.64097236429066,98.37332694486395,6.864940828584267,-57.35527029339376,-63.67763466211358,-77.12426856282433,61.44072536400037,-47.0159448072212,-17.772558264167884,61.438317415641336,63.74330396076806,-16.79392664832659,-58.8537325441177,44.55256972719849,99.01140954511774,-56.07633496917423,66.61721580851116,72.15114038792026,42.36449713546537,-80.44176627562754,21.27169928299861,12.207499092172242,43.73325317480584,-16.534320532280077,-79.81187975246122,-45.19543173584872,-42.49584917221234,28.378094117295404,-57.22399029281704,64.65879286898078,-44.648846385387756,63.35089419081291,1
-89.60574326970551,-2.9466515314756805,9.696717149824892,-22.828924655652784,63.85700814840442,-95.35465730777646,23.085515266472044,-63.0340752693801,88.53816530941077,-94.71552498120481,57.42532266711703,-92.56936979308274,-28.70343503533988,84.01830330351666,53.42081314148143,-14.470069428589639,-2.4112157977554887,95.94392259019094,29.435302148909045,26.722006456391824,71.59581033602171,26.78829433914099,6.4161134652733125,70.05191530763298,65.89189213407914,-8.092900492802471,-82.48894094505573,92.99022296361585,-14.658504042108376,17.987098217908297,-7.6579415349469855,-32.30013393503111,-41.685386672293376,49.0582519757225,-20.422026730705596,-95.74775185446364,-2.406113119574485,-47.85982153931882,-2.364034602716572,78.99683531059051,-63.36996416238734,-28.202603849300402,-11.153032736000924,75.19926491035008,-16.621070194429905,-30.38521478003196,-20.782556315481287,-3.3870685059812047,29.715914205412872,-40.55321838896597,-1
-71.935096361297,72.84612045231142,-34.762987744418155,-79.15136022304449,26.198230842728478,-31.593232025908463,8.600850845625502,-28.74162256101016,78.17102929608495,-52.49628985027426,-93.33700554618164,36.08473969430051,90.5093522165337,-69.55417814242435,70.08844419598282,27.62666953592307,19.467667918848818,-99.0021404841955,-47.07109901299198,-43.18089936201199,11.3083516790726,18.894503919635028,50.43733741924089,15.389597367526747,-86.10524610847976,-38.9145329230443,-44.81114820051697,68.84963664031622,-33.83571300724961,-34.796152144230035,98.41596745367326,-63.37934015817699,-14.415539463693989,-36.85588436802178,67.57631892797511,-32.55422025750738,-2.0538186414791113,21.3362016111913,67.53632545134246,54.676131094676606,-93.9607589198443,43.88515767669418,79.66369696349207,-43.21085805497291,26.8716002288848,84.04696297662193,-73.2205998530622,-23.16110312530158,75.13764705489413,95.28914265919434,1
67.42392556613044,-73.93185528618562,73.95184991353767,-55.93579425751434,60.97709959830573,28.91111999286926,-44.74873087964628,-92.96218309196804,-62.50514525727186,-83.65101529575949,97.37416191029143,70.08223853821394,-34.94026311355904,-69.95721985537327,36.47471901971343,81.51730005480178,-92.36026158197,81.63104661071392,-31.465908368731576,10.649541273744092,41.57714671137282,39.45274086108458,-27.991985745544838,29.80592390332538,-31.79292970120578,93.65512679591023,-29.808002111634792,6.966737987570198,-77.03913715224293,53.55430462195349,87.5068374812949,48.76499461546419,-79.67590426863096,-38.07963898738562,17.287302412653816,97.03681505848121,18.051515595043483,-6.251836263846599,-73.4685342776999,-37.62679173310073,-35.859199217654705,-30.19475431053405,98.09029942836546,51.927703308710335,99.64529922010138,-78.0909550335372,-9.866018469504326,-27.886282387711987,-31.227728806091307,-91.46835986131865,-1
-12.677162046246778,-36.724918522463426,4.284408469664783,58.44318076095493,-78.37360553212498,-12.231973456769325,-15.908901486447789,-91.93084825352645,49.59647529463663,-99.10621281416998,22.610538595621193,76.62620272262609,31.771211616954275,40.18540427141974,-54.481328805024056,91.19898184601553,-78.85013847921272,-65.29594681399149,-91.96774806740125,98.13718062784287,1.462073927038034,-40.340130691144125,-28.200061060617514,54.86481431492783,1.3851985450760793,-51.33855075279743,-99.64883585940765,-52.4900355837989,97.2681652301172,-50.70075114692347,-49.13601016513864,-32.888777515604815,97.1271115472274,60.0150611703761,92.12786232085628,30.995028394289193,62.233960794476275,-3.2529776926781437,67.90278225266431,28.43939095059767,81.82661585002433,8.593553445643877,88.5947745225759,-29.065020173800022,-30.59591163798177,95.01878250712505,-70.03490438572469,2.3356971646095275,-17.611725838129175,53.445172706181495,1
-28.92308626285211,-35.988087163283495,38.36371722501016,87.07645214655724,-79.6468406897269,-29.948621039309458,-55.335352231965686,18.665540552954013,-84.78793380907197,71.34861631119742,61.203755556876416,-90.17607057676555,82.24286280044532,31.610427675113243,-50.51476063471594,32.48258252927653,3.273860930348377,-37.889479539100044,93.55198743134883,-31.87523057605361,29.52981432623315,-17.070481262022213,-1.6593791707783367,96.2993973864412,-57.83421249083731,85.02910335108348,-86.68217796185,-1.902972515209484,30.15070715394458,-9.80128494045502,-60.36997525214118,-74.07466275310001,-1.210481780767637,61.142963210001994,81.61864461612672,38.76992293526115,79.96472133770561,61.09777872115981,-93.91561323225778,-81.24258484694333,-63.535902593159996,-47.538882654544246,81.38902456075434,-41.2558379985174,-82.33741126548968,-63.478296948272536,-71.49541539647018,-49.06169266747551,-17.39572395763895,-6.112861663171515,1
-96.92102166173831,45.935682729448246,93.77186709355769,-52.044052231190506,-17.5901548221228,79.03008001805605,-19.295309613568463,21.364517977139343,65.93259763253968,-52.95068025805705,-11.218998863875825,-42.359544195215214,73.64996142936857,-7.363659844442623,23.68637752891655,-4.653443164319853,30.224353284829505,45.1334799527705,40.087351313646224,41.75323507328187,-9.774852609196543,18.206630062524127,71.37713134023389,-0.19633640299372246,14.757061535754673,-64.49184495363731,-14.830538498610508,-97.29387753501375,8.467342536415387,-31.933511126624765,-22.099426466157837,-38.40811849004551,-95.64630472458633,-44.66475419153804,-17.275637119471753,0.5257476478705456,88.5798484153259,-88.83208491789256,18.683591410118467,64.61835210510489,-48.60864353773975,52.85747342509836,78.64141657792158,80.94523222181834,17.480255235837603,45.31569068528637,-28.379601087210276,-66.05751362587573,56.81426531330362,-65.84288070951118,1
41.248445431299245,-93.92923889339914,-8.810762846267735,40.13156577757081,-66.83400479210124,-39.2520354740304,-90.40406775766898,83.83438013926042,99.16567486494893,26.78826791379025,98.3419645041678,-13.008973518834537,94.29398120806226,39.882942143642595,-35.33578283780892,-27.132918289752084,15.514124219163847,-68.83596726952281,12.49197420711458,63.28609926245349,-27.32269323504937,-50.36963726456358,-56.79738490539052,-12.24224430477166,-47.279849929762065,60.422050752804154,66.93080247182405,43.12180550033665,-75.72152821105813,-61.3072856954308,-58.140997287853246,-90.73764759203668,3.8215510510079156,-32.599090507030425,10.086517203090978,34.44743866505419,32.68758900111018,-99.33812130876609,42.22501360320692,-76.5130530783278,82.59353833482766,93.45472865287013,-7.651929022192121,70.22447000321793,-82.59622117215764,51.89466388002319,-89.77833389727074,43.0317997393139,-43.390002446516654,-9.576181568692888,1
-92.81154524065158,41.93426870090488,-78.37532950458079,48.4185185116489,72.52362035188611,-56.87033967242425,-50.37838286103957,35.52262705929115,-38.520336703393724,-45.8623198764792,98.86205081335163,-47.53262474029456,20.132335369821703,-53.986450141872155,77.98237363873412,-30.89348324008789,-75.51441086437525,32.545503385735145,-69.35665211346212,90.60935056989962,-90.6076750560691,91.43173565629758,96.91217872405238,-43.42174543537571,-0.5287170207765257,-60.57280498447801,-24.5177842537271,-73.34594195921105,-0.45248495453422777,-5.417425299998584,-3.8079453035314828,-43.49930596059686,-10.821722665473345,-64.4060063069148,-58.79500484851108,7.637486394485293,64.96411642817515,-31.493758363157355,43.897623717045036,86.16090664299972,54.27599485904619,92.7880676703814,-81.18939187971448,44.70555403464658,35.18340686940152,83.58345450773558,66.225893708498,36.314457984984784,86.36399329117336,32.29288244435838,-1
-18.309357385860253,-39.98658341891201,-20.171667781209706,-23.886773410556742,58.69121294315062,-88.45990610179113,-92.33668679173384,-82.46775671468845,36.9393857856912,99.96475003937243,8.768973577453949,36.84180257224986,-20.706644904705797,-79.64486621696945,42.56348928267067,21.365682648900105,-63.46475193341625,82.4715755419036,-91.25263615378964,-21.896643608186977,-84.70640130359442,84.56728477633047,-69.86846655172154,-5.587038359064039,45.06131729903822,-51.10737863735817,48.26555330838346,-29.34252625902741,-94.5496003408658,-47.62658939706208,-5.899490982283268,52.84634042498968,2.019186895579722,-78.49481903674345,75.37050709371536,-26.74709081581146,99.87283198767736,-22.941362666797545,-57.547618117714606,97.48363021538665,-0.03189838831916347,13.543606789761384,-92.81303592296526,-68.28728425216784,-55.47580383503139,19.552884183727542,-94.66769300087235,6.125754972721722,-33.93825507311155,71.581942402467,-1
21.705454539293314,-10.854035819426173,75.36955483082238,-3.2985850844669358,88.5180428553823,-78.7132562600597,60.56026879358339,53.71922950626919,41.0406704003789,-2.117467161604054,-84.12250048479973,50.144268065416895,-50.13812544943927,-46.528121377026686,-68.48411940957386,-28.95800737341267,-47.90652993075541,35.39462588251595,-8.630586425197606,-50.88730327842366,-68.8821637245353,-36.5892260176274,-48.208537969294696,33.54361362850324,-78.23497526294682,-92.79519914291221,-83.62803280607275,95.63782804774794,-78.72404914886309,52.99215185277461,16.300960604835325,-71.30150471300016,-74.25760086094637,-21.512903892409938,-30.2322322277829,-52.87651982403212,34.84576201755843,-9.953583502376233,-51.9506686800294,53.43287024597461,-65.21799473297689,99.39663414987021,3.6195599464162456,95.16694787481293,38.43503997455042,99.69035922971418,46.21679404648464,-67.25688358450488,-87.68602938337531,47.97822934867992,1
28.363903360287054,-77.92115315001325,-55.047952468236105,-26.403018612458425,6.790946079584884,48.76495407702646,70.45288537078383,-40.92562474820105,66.08738327231666,14.212525736263345,-69.49577439043104,-65.89875900044927,36.54781412141244,-30.654175063074845,-49.211882136084895,-51.28614949335781,-83.06446429791765,-92.46531784274816,27.825537987678388,62.227404556797126,22.540255799837766,-1.0646040611707548,95.97563147719151,3.4945533242473488,4.116361839929709,-26.440869957659288,40.317506402451585,-83.41755287510534,-44.16484800482585,-67.22297765557299,40.50894434748966,-16.159351079820027,57.1422391900673,-32.213713079177325,73.78202637640129,89.95512257461652,37.851347803513704,-67.22972429037921,12.83983600524688,-47.52497336467953,65.64509445350873,87.13020428664694,-63.138462979302275,81.7233992046092,-58.48572070547489,78.01870662289318,95.87290610724128,48.07005302490856,-67.54241214847005,-37.169852186124785,1
39.43273842759609,-83.22040787421814,-49.13198248447917,-24.393846625137925,-96.59370778239929,-85.31623518307438,81.7304397566798,-54.76107503100276,-41.80978634114432,61.74183286862646,16.62309514319334,8.734670573705145,-87.63375231689861,-91.48948744515113,-14.745903846559742,17.54217281276236,-97.96481611903118,-14.678241116585795,54.18528631270769,-48.50697522366112,27.85075699940947,5.16441507390401,-53.35564340396877,-49.17146701495794,-76.78483422490649,-58.88945593472186,-79.5870376580974,27.125357678318977,77.42925795080674,41.43809356746536,-43.15881927894307,-3.92534435580248,30.63941629131142,47.83931228930615,-88.86114831783634,92.22878609313904,-37.26840126397948,-15.065190195163368,27.294766378345685,43.55410760579633,7.577968509800016,-85.70779156461631,-91.84901803178518,-76.89213167335893,22.510199132614403,-8.508186018264354,-71.57882595209642,-90.05274752433922,35.842616187212315,-94.32711348388727,1
60.570689719602285,68.58909649123945,-1.1914266128533484,-86.29480248060237,85.01732649722811,-46.277672017907825,-56.973187357225854,-5.764881970254777,-99.62920870369581,86.47075886499744,26.033090684463957,24.98676218304992,49.061945016301024,-91.96906539913434,-2.0019843421756605,-88.9956449328738,50.039468496148885,52.55461742041325,-98.39853976643664,-82.85656720610996,49.8436744738577,-58.13628676902658,38.37943357861951,-36.66279594653352,-96.33929924033278,-86.0035146548369,-36.10837970606426,-47.78834421101619,38.110956369236504,-53.87032275697465,-40.270180210387394,5.050184812050659,-95.36154303062143,-15.171465249202939,-55.447276792350976,32.69971571947346,-8.78266798290204,-47.48750631278584,72.16823298139391,85.51268746023456,-99.60470611554912,-89.60412969847783,25.4607027692944,-31.24369400964011,99.96764438623345,26.451896243622855,-49.60234101332481,-84.58642401939107,-79.6490688670776,-85.68755941887405,1
-39.04978092277334,22.33113512920282,-11.425898778821903,-23.632180687774664,88.83018184656345,67.32745444298459,78.04462269243723,36.753393572896584,-88.19388463246933,36.90256984043694,53.112052514262444,-74.44997953606298,-70.91214752951329,1.0254733753150873,55.17747523574414,14.392868079844263,65.66636992774232,-23.93171262842928,85.88664237967879,30.981484828939983,-28.054476219161955,-18.373745265937472,-79.55566787736134,5.975463921490402,-93.16156429286191,34.334196773496615,56.88058883897739,66.83914985224791,-99.93964459655851,-28.173044875960287,15.125573029097382,-50.70371267099682,47.95809327769604,50.42477787610139,72.04489456021261,36.50181183369858,15.994121426679044,34.86868949726457,7.40374610805965,-67.249088381056,35.894015265476554,6.65836136207642,-26.333831255287492,8.544117220340183,53.683443847849475,-73.79328087369356,-61.384607021220575,84.18289951256804,-30.311929909155808,-40.878991790018816,-1
48.22412985801182,-71.72328915673197,77.56362299299974,-85.74946293572701,-58.10631363895289,98.59256006264624,54.81226380998453,-42.23852898712443,14.847032178799054,-20.698200744475443,78.35732425849972,6.324631754298252,-90.6351229897657,-2.4750624388830005,-47.173205208353394,69.26049091426356,-88.5882391725385,-97.02341271261037,-79.0756222565086,2.350549030546915,64.75018794284262,-57.13881800119947,-14.45419910954459,48.24979710266285,81.18184116820524,93.60216385196725,-55.37066193467335,10.130600763257533,33.524702743460836,95.95020440560788,-34.23737913957514,-68.90690037615775,97.49734149386518,-4.121249221511022,-5.798519230203809,7.503120497337818,-42.383127810629226,78.28881716907034,97.95951464586682,87.49873732772741,9.083745960671322,-35.40422308717956,19.868285283326784,-72.24263098248933,-71.60660484235228,45.563291222575316,78.95411281054518,84.96993064653117,-53.71399407737365,-49.880007671504266,-1
-82.9305070012464,-94.57866953275338,69.12526002300376,-21.57303417944496,-83.768150175057,32.87173833092888,-9.140242215805443,-23.884474412743046,-73.84815993281606,79.43896052570761,0.11397109837479036,81.34282179048915,50.10888066112756,-94.33140016982759,4.285920133606098,72.301345363552,-10.23274736563053,-57.560632262968724,29.016870633553054,-53.87933873668172,24.161339067540922,42.776679770471105,4.731754680806958,89.35353136339802,-72.19963492310602,13.980197705375645,71.77178437198333,-6.68066235853064,-62.59610742743371,78.6893640939706,-74.07705478846873,-20.90194177924745,6.745868689059151,70.08246560523091,4.069131029876516,-56.210142801699405,-94.86567300254627,-48.479046595523336,58.53521721427737,-63.80482191580818,-49.70004695424362,-82.07999615605546,-98.02794266492789,59.42287808863156,-91.59171791600711,61.67323558221466,83.15181216535746,74.23353761633317,76.78888491258618,-90.09118116069452,1
-64.93941152846807,63.672128279043335,-76.88866023273224,-3.336355689549336,26.726487453222674,-19.234060711065723,83.85515155024027,-10.027158692633975,-28.75928038841606,63.58395287075652,-2.898048643609414,75.13511662604972,55.78137799196958,36.95844065868474,53.93455381212371,98.00439570816178,-75.09315529352396,65.3898875067971,0.8126217370069639,42.29369994259284,-93.82979888782184,24.691641902235517,-13.85765945428021,72.28443180024149,-15.36625664768249,77.7126202432344,86.28285294075943,-27.825544276468776,-87.98300000228801,-13.033435936140634,-73.48536455347144,13.011783671209898,2.0564310417278193,16.75198113657781,-52.72769107136182,9.62202701016534,-64.52284101099559,-75.01987851193084,84.25634217946859,27.08493367112139,26.53840511034184,34.59000088773837,-44.83269627908626,84.27539950567248,-37.42357451545395,58.713462394510714,-36.64790913211973,-72.15676290388153,-58.43088206856315,-31.36161856753307,1
-66.05431428461537,-96.94703207079405,-11.505814601296322,-51.46112030885308,-49.56577886696281,-78.41382894745956,18.06713173563847,21.174959513711357,-73.44913799114792,19.926666065514723,-65.79347075126012,-4.013899161270061,-39.126983824453035,-66.55322199863771,62.7395563077242,-23.02811878669786,57.29271228964794,43.29471775240208,86.87593786411315,-74.27885087247518,-66.90481447112978,1.0311675959186601,-88.82770409720354,-65.47053010681591,-32.515562584115,67.81647208066443,-90.07080553206418,81.74031329398039,-3.9141535305551116,70.96573171348979,96.35660567978732,-98.39382064933471,36.61695505805167,-12.688097599763722,-19.74840037818295,55.36849423280944,-67.47417744052429,-8.850329360139526,-2.1115732791159587,-36.342908552956075,-80.7296220510976,-89.54981800324543,83.91646885634879,-23.820401801821006,-10.673531830277724,-84.38097811426908,-95.51594568120811,-91.11465837627087,23.619552206155973,41.303083482506366,1
-97.4784960048482,-7.8262529460696015,-45.49376619195864,-55.404505042463725,-82.53191717721114,16.37566957832668,-14.670155885789299,5.9348237401679,83.0643921108124,24.906146354861747,-5.518397135335817,-7.2384996513775235,16.429786766293006,59.87393619651678,-58.572981829061696,-64.14620828144498,-42.63671551711208,-97.69440905875011,36.71837163562705,16.353149976668902,80.46446840696822,-68.97151422842876,51.82765795985941,-68.10497855848257,-87.6427324173477,-39.1785069695356,-53.411947796055955,-21.12764034011623,-19.834559304462744,90.34162945698864,-54.93338832620833,-72.36094143425427,-17.903608535165816,53.6967777861571,43.33449010947149,-79.21982970019026,29.417139781122955,78.57967111590537,97.81534276341472,9.80851269161262,32.086398667018955,87.96823981606391,-50.919722918642194,-60.46714533413691,-82.4249201120498,37.724336684366506,95.65092563817646,97.91777768619926,-54.61432204368022,-74.15521574417414,1
68.14060560223999,-31.955401109748593,24.884985436878495,70.60813242330198,-80.45940646337036,65.26132546017558,-36.57293503039136,43.931935192046694,60.37331466522522,-27.411233272713105,19.40295014037207,23.558640814364324,68.54213288906868,-45.73197118754797,-67.82827112846371,16.71275497758522,-59.22654854128542,-93.72503164065877,-86.57434098308991,58.74636578452666,60.221675875340765,-67.3316429256482,-13.46519975257101,90.8000353507777,-34.540036447407246,49.68168529877326,72.49702977224706,-40.12098553542216,6.736445124760522,-50.24680320818724,68.64389332153485,-7.259011031771067,-64.2193779191351,23.317530145808576,45.10206888566134,-83.96623862855235,-51.812421197948666,99.1530512012634,-37.45010942463407,-39.46942685946022,-43.987154281208916,-98.91851214612848,48.175885402220416,94.90239459261608,90.70782114572197,33.0307605976038,-95.51133172873476,19.21167151545056,98.1411989031084,28.880775853820126,1
52.4917371481381,-49.43251986194215,17.512354429959657,26.39641859666125,86.27594385419067,-82.07346437801426,-22.14794053379063,55.79710039430802,23.010772810821976,92.05080217137493,5.061991569943629,-84.0625974422665,93.51632137648232,85.06036335697752,63.356431763136186,59.013312832461395,-59.31244939140132,13.780023478692712,-80.73643913280996,39.225032074232075,-42.08115386745091,-26.21263590616232,-56.97984502168156,88.07820516377669,-75.39246425863537,-91.90309147451903,-1.3127421579419973,-36.10647058183785,27.757668367304646,-25.412494959615444,3.904717491792951,58.37834244557925,74.29808271100072,44.31364669735035,52.561134745073105,-78.61621479973695,-99.62760460038503,71.0636928608046,-34.82369944224304,61.04501171520806,9.235398174754451,38.95893975299646,87.84936954732191,-24.26251914010254,-79.8031740120498,50.869653600858214,-65.51980647309693,-61.03983837732625,49.75949274390237,-68.38591381871424,-1
-12.947544068689226,-66.05895216895101,-62.0006981595431,83.24976065652697,8.544473387650967,20.234185721365037,-23.59188286265173,4.651202979101598,61.94662024585685,-16.95627143997885,91.22404788492759,81.5290729333023,21.45507743592283,23.75886610736883,-67.63882891291952,-72.2608367384096,-78.07382321625226,-70.38826097137066,86.66989965842004,-87.00327758343104,-97.95810737102776,-79.64881780519005,70.45443933041307,-29.573796883943103,92.30028931873923,-96.75390932220805,-15.525060935300928,72.50197870200134,-18.01098106106194,-35.41224367719332,45.72337523194662,-88.80924429020789,-29.759246404723186,-86.21692985158896,-93.31013337057044,-24.717500518537932,18.35734128342628,-82.95652585196225,78.75414081884517,-53.919428538629255,53.68094705319953,-8.53587623092082,-77.60565401097406,61.38261424258667,14.561346342598085,-77.79082676096473,96.46747038719289,-68.4879650027743,75.87394563315476,90.85018513194015,1
59.582831923178816,-52.67337370599823,48.546172752663864,-33.19985623468122,43.767949641133356,66.80808194392108,-2.8577986421239387,61.92540405922054,46.55877094421538,46.45704877629487,82.7200012135057,-31.29736897968212,14.323848252258927,-60.183990694434165,-19.82218944589475,-2.144962699411707,60.01090077116601,2.3004029426198827,-87.47850147462015,-74.98272769069501,9.211587456908262,99.20331698636647,70.74045887231,2.658077894499428,67.33588891914536,72.78987182043309,-55.45484311841571,-77.76096984552932,-13.97262029291015,22.417313936616196,-60.61822895845113,-50.89073574297163,17.527290684550195,-70.94593967101723,21.04868006313619,46.68340574649815,95.93913292475219,-17.975362478484143,63.01370269257731,13.286020055292866,13.570694908480576,22.827144979859227,-84.663281135369,-96.03799239896598,98.36795426168632,40.180926750040726,-62.20822448985055,-81.53117949024991,52.02498670384762,-79.96582945667556,-1
-6.763681774488603,-23.210221147405477,-99.65503557803186,-65.01069724840244,-42.61509724866197,-77.48625271469896,-56.59671830853878,-77.0292083009848,37.807020622375774,54.524338260832934,-0.5311930371793068,96.25540822970467,11.607108010076246,78.21869743852062,71.14786703912239,99.84689610063643,-76.81985315859974,50.9154200089022,-62.091072975640785,79.92674931908039,-87.49950156296653,3.9552954901517694,69.53433534873656,28.31028905476842,8.672468878030685,-5.661047906770648,-40.76469983212034,-82.82051752010943,75.7907481880411,33.97691537482868,-53.247912061704916,-69.97968182388546,17.312465657819743,-57.836205546675835,29.95995105287929,43.248529301512775,56.85138500848714,-83.83273314660482,43.05420995445695,-64.57815283404665,93.20233764190041,-69.60551036606968,76.92284261602705,67.59090816083969,-59.312671649480905,43.9200837246168,6.645045254415962,-51.35273932123636,20.099821336608443,-29.005349479210025,-1
9.315428406458977,-33.156932547977064,-6.432397375057008,94.38113653033412,71.24538835261666,0.7796408805693176,76.22567926092208,-27.510107197213344,99.6133263268182,77.15447824938923,13.888244301641151,43.38855806527849,12.378781933197104,-57.05678050076217,15.746439104247841,34.6893731960119,-24.81042086223782,-71.72906682290683,5.630095849444984,90.68105121159351,50.39984259378764,94.09866519817768,10.237484160252336,-27.149958004170244,-82.52019998731282,60.23706299783237,38.74290294833685,-61.211622166952154,33.95020719185135,-40.2497764548583,-84.40777040056244,16.70194468266726,-8.152640672722029,-28.203573367614695,62.98132662534752,87.47021276865075,-64.71921217039414,14.743643682527534,31.729662830528838,45.732793459954536,-53.07136830763135,12.310517359772618,-91.65900540714523,93.9536409886637,2.19045470215886,25.038833992265026,-62.99106836104933,-99.14887839406023,26.133300686442553,-94.81582098320263,1
34.97864061083095,-79.52110744136469,88.28223628370026,95.59158939090091,-45.815677737989425,98.41431009930227,-97.1541258054105,30.549428892852546,-65.56911512546462,22.17935886517155,-29.21108728802612,60.44739707471004,-94.1189371927738,-65.25801580645555,-86.1425892483033,50.974161722217076,61.39272505248451,9.914351076764902,-78.04369965363622,-69.07199843154991,-26.65909329182223,48.01063896792289,14.470328767712857,-46.794420559455084,-24.859088707540096,48.8712586774825,-67.15100256524605,56.78609850615058,99.79918097272378,68.17183616062962,76.66941890938756,58.80204568346366,71.2542166812558,-56.99713102461463,-4.043677476527606,41.067237425760254,27.769830709795244,44.669683385133084,34.942083435812236,5.2199454576317805,16.82068285100091,44.592384363958814,46.35874278646645,16.08246708683876,53.443296300780275,87.87181657242107,81.93162880117515,81.43467286654194,95.28341928131161,-48.79974409245058,-1
62.5971477432187,-89.53342853986743,-91.59104078481106,75.95338758191306,-88.1194052218458,-94.55431753263032,13.480808401319777,-57.45023203029827,7.658281508773797,-43.74185916490099,61.042894103353234,22.614405976409273,-66.24245446716395,95.13802613989392,42.804271449929445,-56.54204564368632,-63.61479341832219,-73.10678733389571,-51.799076386773145,22.979395831783208,33.131531307990656,-44.38105612894678,82.88365576093076,25.484792139857817,61.38556933447151,-12.341665541045387,77.38160175997882,50.032039428047824,-16.08928379384868,16.971120977217453,-8.719181504063542,55.442401306640306,23.32823441231686,29.24029271520422,-33.78203808474089,-97.71258890114609,68.57676131211801,27.298204454766363,-84.4267655286254,86.97279931545515,-35.61338418178343,-83.20340502963455,94.14912162203734,-47.839678281404915,15.776614609881221,78.55383939949792,-97.99244860293813,-13.83040640630513,-82.9741727197439,69.56944956345811,-1
96.73578505268273,-53.85308195858924,-49.45146625030938,-40.467098814137145,-10.05309978600522,-15.735560322511105,-81.28822763292042,27.494187004782702,-49.05274447249741,-70.19115394791615,49.416181370713275,7.979293247236896,36.388036048196795,61.808155196917255,87.9422561326059,-37.520015900135895,-16.589266730565754,-20.835375044989064,-94.16259279985546,62.18790340380724,61.563210462046726,12.14848567743276,-22.75571953386755,77.2600336289027,67.44041843982919,-10.092035243049253,14.381335300539732,-24.563202313786547,-15.424909305681837,-19.410244506297403,87.02523012050531,-59.49442101730593,-20.875269462311422,89.42277431216903,-75.14563591876258,83.29128299504708,62.80025012243456,-20.48553751350086,-68.61643739478262,76.24082568505708,-95.40747078669544,-9.354851026684514,2.605817380197635,-40.82330647663272,-78.98646740081723,-43.948369018738795,-96.72373894423689,-65.52556111091471,-36.55820593778583,50.54229223332064,1
51.462041426887765,43.891993533994366,-52.58454248875708,-58.34045538306165,0.6388145157931575,-35.669652339417595,-32.90065593381432,43.88297595803974,33.15663484597255,-96.45329502122758,1.7476952536610924,-1.8985465343815235,76.56047369480873,-60.91909294489324,-83.06725579325366,-57.40049068457207,33.990850282416915,53.745923625109214,-39.791034200349415,87.87286218427286,93.40234371845764,6.398157395552474,-48.83417294743255,35.404913495287246,-20.33674590629353,29.10069836394996,-31.217213016634247,-83.28869136472127,21.991925741072023,-99.18092267120753,-30.205243014736553,64.74682272886452,-95.92473499817984,-21.350245810359155,67.16447086360614,99.55126726051685,-14.25087200715241,68.28337442238595,-42.19602888802412,8.271848418106643,96.46864376487437,20.445832359731142,90.01116947856141,-86.30698431434445,83.68097854430638,-86.21257772357522,-80.84231101046986,-58.58342864641557,-63.30253871947744,31.021379377802702,1
-8.339871694268709,75.6504935464693,-44.44719010454898,14.550651849632516,60.30167454669518,20.440024666556653,36.12727848934654,-89.49816678418787,74.24554853219468,56.44928606218099,-74.63840358872649,-37.088118157417284,-46.69717091337875,5.940125084590591,23.88129873461699,36.163301891814996,35.475345425142876,-31.83024295177748,-21.17941313941232,-85.74511402466484,65.09561389068804,80.18881313209815,-90.51264272515536,50.20196276673602,26.855306546554274,85.82584581182385,-1.306681426058077,-21.56160820301271,50.92514888662697,41.917836815579534,-53.82924557710109,-83.01812531353106,80.11529183778842,-51.99142444346958,96.69732530423803,-83.52009717493527,39.29531809390602,-22.999940727069827,-72.21207212454435,-80.9328526452755,51.754956408350296,-1.5519972415110317,86.73790318062206,-91.71984519193417,-29.000001889589157,41.016733652991775,53.950024572573284,86.18449071305454,47.707216753617786,57.01706996724977,-1
-77.76050353876974,40.806290518331366,62.883839442935,-61.16758451709807,25.004599786298414,-49.34582086650596,-12.106852137210097,-38.80241405203317,37.0004824600548,-14.82076756572566,77.21598315832244,41.64275296569565,-15.02182537073007,4.899053606766543,-40.66088888270967,7.782024579295225,-78.77969487884926,-61.47269653629066,48.36186250116276,50.3944603635542,5.678113037423714,-98.94231575210497,6.156823319646108,70.39696417771927,37.12083255016498,26.69807855859345,53.35088729490556,48.58960798826217,-35.55608972344089,-59.357283189598654,-53.152456047746675,-73.41527719615699,45.400255469214414,-86.40971920227847,-0.852964139960946,-53.31510663465979,75.16351235966349,-86.97544038235043,-23.57479044860591,-31.211650075118968,-26.082021392471816,70.27439605440836,-70.50459096086279,-0.9861493695276096,30.0500307671864,-31.414519103546553,-25.88712876333578,62.34692426229253,17.787763482801395,-19.21736054518928,1
-83.17863877700051,19.228529909979386,81.57812008256656,-10.936076355249625,21.84926207515558,51.36985310032938,82.15213714939298,-14.927825731830069,-19.18348000774735,23.20790084178053,-89.07674757020942,-13.184900398454786,-5.666754389467727,0.4172310362218923,23.115851734457223,15.872210137123716,-97.59318321899168,-67.33149131269865,-13.529044779189746,-94.03787026925869,64.72040005629876,73.1914803684032,-83.50653350884679,-34.00407916441148,22.931017264748846,-44.52126834043215,-69.5168559120329,93.93158658685545,-85.89693874793494,18.566006778100046,80.16202732795176,-52.10938254546949,7.254685381695197,-40.30437810048903,-30.07355532477753,-93.37478334296985,33.456194272793596,-6.252429788001066,73.68981404680164,46.30636982845752,-9.10365834562495,75.89769222489821,-18.620346614105458,-66.21581880961409,76.30339981520083,82.46819057203857,-69.2341778775166,-18.66577589181651,-40.83614472380697,-8.843209824161008,-1
93.12779505336007,60.840581459556205,-29.011607102151643,47.073529946505346,41.195155024980636,74.93629063079251,-76.64606185759742,73.97382864502899,-81.0522063474741,68.6806859666338,-28.214700739707112,84.59763411269782,60.46417636318111,-43.461272795379394,68.15610378957061,-63.37723190304483,-2.32091011422375,52.85993683249188,-6.309113818627182,-2.1808797447102393,-35.441427133911745,50.6451673781788,-98.42526467884912,67.52911985470874,-39.71819402628496,-98.89812410323077,-71.16227898416292,-56.77768597729871,16.56880512109784,-78.74192201836907,24.62413151287619,-0.29112360666798054,-47.14021810794839,-80.94092570624332,28.44401156768339,27.629260224037026,78.72571768734633,45.33628325477741,60.02410761445299,-72.10136623179778,31.02672516746219,-30.374736321086843,-86.65134316134235,-45.93838073704764,-64.67433199870551,34.48965056655558,-85.24157175195965,-28.506024876488482,20.950367922889114,46.05624196190752,1
-15.490314337611082,3.6799253266130307,-73.90930256452783,-16.29672266946322,-74.80664473906273,41.022452267068786,77.75884863921527,75.99120838631214,-17.58781566767557,-97.14376708053425,43.54146520766852,61.98834159780836,-47.45455474903446,-85.45680170244447,-9.016016942657373,-17.951374566334096,64.57784057920011,-89.46778740739587,81.28118102681452,52.08262106263152,-86.64752920857426,-8.054727040117427,63.26588967707815,-40.48450678671569,58.41387190420028,-57.1582353038298,61.22378815291253,-74.3645935633041,-7.345394936089946,-72.36610648610353,30.299120510145684,-68.15138392971514,-50.50112163012519,20.354174212018165,70.56024363991162,2.826349255223562,-8.653484451172758,67.81039763012285,25.32128061576131,51.94598488525014,-25.84516192596513,-28.73751242485467,80.28298861659903,0.17031645707912446,-14.522396850193147,39.73706688717604,51.05502729012471,82.7903014973339,23.92911816293821,-74.15069521081996,1
64.49611272687218,-38.12628758399743,-45.76444285775931,76.99872267900517,-97.4126215449288,31.914788374363695,-24.528383086941005,-9.935082370668184,-66.69215358003359,-82.79088696515949,80.11125414982487,-70.18336677602106,75.36917226793827,55.79407952381885,-60.521104996674424,81.4118187992529,-94.86045023077949,-24.85757575990131,17.58524739867397,-9.670422211099478,-61.03422651382304,-14.048893681013809,30.84833959173403,-66.78108819284782,-78.48991680752741,-38.96216013171523,-57.421646777359726,46.0019464383829,-9.296053658225475,-96.15460639966801,-5.283972140688803,-74.2545347364887,-22.74405072194176,52.80361052225598,-2.3129233345511295,44.653888935582074,48.94655800726781,46.74419582411187,10.894288188159322,-78.71798252706293,51.79241984230066,21.320222603481497,97.7306209658006,92.39863718677404,-29.453594415359305,75.86033718826886,0.3613225247275409,-88.96023595317872,-37.13395455343837,-90.92992596262961,1
-34.23547643027814,87.27051156499707,-45.359298789953506,-61.44191283617884,-62.969662531333384,-43.46900715450717,-48.85447630656137,-39.585182402543694,61.51521885142253,44.86286994340483,-99.23867111979628,-92.8733261106593,-50.43292813392608,-5.921368576966415,37.98085172080562,66.46543558576198,-68.66469256814611,-45.444892157903396,-0.1446026194664114,-71.24956215664828,65.06678945896599,25.159529449681557,-47.860395926243115,13.46695963182232,-36.33932950915446,-19.56929268599464,9.744981863968277,-52.82723664464668,11.738455979391333,-10.616487097000203,-9.140019084099123,-84.80786309166115,-3.7115337170423572,-8.929915466054325,32.0347356583338,-51.549496449816345,-11.642611530369251,81.16145534051819,-97.36178409614604,-42.69752963379243,-82.56967507392497,57.326551015368494,-14.938329398635133,-89.35332497630257,32.24255470606613,-86.67049151203716,56.901967984136206,-10.106068865304124,8.044363828060355,-51.69776107973709,1
80.84865828151302,10.864519616731073,-60.94661296178921,76.23401769483488,64.05485878194929,-84.37379141218884,89.54882761363575,-65.23053741771355,-92.6707552361742,40.08457348452646,-46.17356122286556,62.142977684046144,-96.87176529675203,-18.809611692747794,73.88137329503633,65.6672331167992,12.16047041138448,-19.27609291599414,57.77098603832874,99.23137013676921,10.754543447902478,-76.13187504422534,80.26979931778874,15.704482991585806,52.820724785810626,-21.224477877470548,7.471129938735459,96.76237355493797,15.443500690050143,37.495637386857965,77.81187365600326,1.2749782125548705,-67.6030095107241,80.01527188562991,51.835440614113,-33.090353775303,-69.6792474425103,-68.68792492510039,20.121208992642963,-87.64186046236546,-17.562213597818584,-43.10550951289598,-62.64032007108548,98.8998051721762,82.40456317072403,-41.42874633657267,58.100661183224986,58.790477887907855,23.798173449404743,17.413654262138806,1
-82.79356859341135,58.38130768444739,85.20148352065013,-15.606123878251665,-85.26778559658811,-99.93112640309178,-45.2074161338768,-85.43760157502783,17.3707613353602,-82.0075651323648,83.65428666898924,-68.03841845884797,-97.81112773703546,69.97834321905992,-75.19730072169217,43.26401343013933,-56.227805187992466,-22.628483551077295,10.638320909142848,8.480829834806642,50.36688138314395,38.91305868475254,-95.96782531048986,71.54690665424098,97.42955744754263,97.53147275105749,34.3505584168158,-32.9530513129277,0.13813738571246859,37.41636480690681,17.04116051090017,26.513198198796715,-9.659602582275056,41.63126842098862,-74.79910359466311,-69.91758788330198,-45.714701779353106,70.91783181429619,-11.39202499067244,-21.932432114196132,56.0011780761796,-61.37216335184177,-17.283991818450545,-86.66315222259814,-7.454573125009389,-12.99420377040417,31.210101054551814,-21.19531223584947,-34.08752236058017,79.92286389898416,-1
82.64811051129425,56.009617408008694,-82.27340505008385,50.4621941346912,99.46890985669964,29.667264030504754,80.80714794774758,9.906491437844878,36.11896892412,-73.61800145525794,-52.84835259519169,-5.00661996387737,-47.712457567581225,-84.50917111939269,19.89329781336353,-79.84253297696765,-51.68291645222249,55.43639317532555,-14.859053566889926,7.5944847550374845,-44.27928405117687,40.177263531952406,19.038266265922204,6.484994117574928,-81.28097225160843,89.7002449637389,16.512606157899242,-32.92890339422402,13.376371509493794,88.88554836949982,39.30451577537531,47.01088610745572,0.4269835386326406,9.428959922867051,26.459852368975817,20.27516973925971,73.45882813617607,98.7497536203185,-67.04181979459598,-93.44242420904972,34.93332061764863,69.25385114703485,-87.50194382804888,-5.665526845768355,20.812101173785095,-99.05142000473519,50.68797544725851,77.98170342078862,11.724303444180961,23.978958247343172,-1
99.08750323826197,6.386595510558294,85.45297404139725,-54.921221136634045,41.81733628476991,92.84976820724583,91.80140213735501,49.067782488612664,40.21916188764777,6.372144488615632,1.4413868220227073,0.23157871989998569,48.45903041709394,-58.06308423410278,-75.10269584523192,23.757319669350323,-72.27170116866654,41.67291016705741,-33.11148758936824,-64.37078498227602,1.7605022930993357,63.61156145484762,-45.91315621292964,23.584382960489677,16.40214147277112,-95.4513988909554,-47.61532562945299,-51.58108069024212,57.470627840959764,60.265594006191435,-29.189527040911173,-88.17786659687039,-74.52922633367021,-20.351331044431447,19.65241688815989,14.290956939522175,-51.11275335365934,45.384497209001694,-43.941191305008644,89.37559008189513,22.9989225244356,82.15588300334562,-99.27215903261938,-90.5199296446387,-51.46960593332959,-6.931365386386773,-18.27795998350814,-60.03422487723205,37.2420076130806,-48.06078846512343,1
-28.62280496577796,-51.80074840081641,-52.871533600062605,-86.86191413187066,69.72767959061187,56.12490903274039,15.993758673087783,-68.17899216947019,24.172237279532055,33.564570847725946,-61.13651527375508,-71.2369676118586,53.96694379317759,-80.05323103167643,87.10614780270578,27.778305132084327,29.90071441920165,-49.289384846333874,-43.661747751010374,-49.96318732909914,-96.32631284886024,93.71146326548745,-79.67278516686041,15.410143545860805,-70.92730117380952,-62.12741185721033,16.425695345877145,53.11827227890012,-37.94002418448592,65.60718460842406,9.728637356071516,-50.57315135492817,-88.89077146045403,-23.620740793388293,-31.853883389238334,11.47231621520777,-52.3231325298753,77.35702970070514,51.245987130593164,38.094930183441676,-67.03293640993553,78.98170128463354,-29.969933337798565,-72.18640828594809,-51.226532555166756,-86.33602627670936,-28.730527651328373,-62.99061105194714,37.20831264463018,12.538788153997487,-1
46.560308953250114,71.18503791825955,65.1217345015188,4.200434589671389,-6.271720283289412,-90.22600825858689,-99.13073923847753,-93.94316143180174,-89.09570220970349,52.26128235344137,-84.37308324259723,30.304196188046376,89.36975411473284,-88.58067868650926,17.686532393742738,-58.38178850814324,78.97738952734147,-98.02886771272934,30.54871352340527,-1.435442624018691,-98.8702501185561,-66.10826359787323,4.426449395653947,-82.26776131410325,-59.27688419960735,84.07179631852307,-60.714713094089866,-48.88661117839701,31.18926998356838,58.686519156348965,-15.109373546786614,1.987802588907499,-51.63024368697122,96.80603222261573,-11.752735590868397,-94.2244599854892,98.46625818339908,70.96854274825154,7.7955799230424105,25.696795649043878,45.127801968621725,35.07940551716712,-33.99047166424194,48.325189456556586,54.39077682778978,-77.04708678011116,-9.81079628393627,40.56963702544408,3.7159167988276067,-62.85239731501251,1
-89.27304169583383,-42.53393335447011,-56.312351002263924,-40.57013626220167,-48.99286607270798,-22.219405221700356,-64.35631622603171,86.79425315093968,70.84192181734844,39.35529094167359,98.27655435314699,-18.01617661384634,29.82544742744514,-69.80149521042816,50.82984562201622,72.20045940968112,15.860608768247147,63.36149668356873,-83.61227739882634,38.68432804382124,16.248008388221848,10.949506067328343,70.35229355291631,14.656288476618442,-34.91069228601013,3.761361164564292,18.50459749523256,98.30204945520794,53.17389784544838,88.47572262649933,-30.188098526076928,-58.721953245210216,2.0863403795755318,-27.34185373850997,71.15933299183402,-34.84355999300095,24.81206875992281,24.30471426600222,78.1492399956033,-8.789280819946882,74.16261580840003,7.459775190745347,12.304113349894095,-31.47940736696104,86.49675443837904,-33.26094785416953,98.01106319998766,-43.21486995634562,17.660181409124533,89.79655665928001,-1
99.37485036918946,47.20708008521311,77.81847964979204,54.703838048420636,-55.87733366329148,-95.36117191463146,-76.56929998474544,98.26692684496919,16.731598525083896,74.68653461737512,31.621932465638054,22.01151086492476,74.71822094066616,40.640752998887706,87.87385442292455,-31.94393858050948,-57.58655693459789,-3.721403587225609,64.65217191072747,8.073761933290285,23.28170899243922,-33.469078238902995,96.54537021098628,58.93457356024402,-40.468365233889415,87.25930995806891,38.32362735949104,-9.603582209125932,89.53722040586857,1.8505665972634375,-73.76837059976482,-66.03207669302797,-34.186934142531555,-33.88129273644421,-4.310087915313645,-99.25348029201632,19.45824640015057,21.76400376667624,-79.22965383004825,-81.45938804777768,-97.78508865039323,-21.271366976982378,39.41400726719422,-35.940609239933835,-97.7504454251305,-34.590082625881635,-60.13824586332852,-68.09668862300441,75.34000460483097,23.246568904625505,1
42.52426661970256,42.41439844958609,-57.30769677220624,88.19132425178697,79.77715077242905,37.716857781503364,36.73085689271497,-12.798333382833334,-32.91093341615026,-53.44328573998203,-69.38618782374746,-18.04312125095626,59.02599183565465,-79.82339252306116,75.27657217056435,-34.809402689368426,48.290585398286055,2.393384898122818,-53.20809484231954,30.900832166607472,2.556991970630989,-22.319460274558736,-91.26877575481869,-68.6505443663088,-60.23196448978585,-50.87534044443001,53.06462329388549,-98.68956423603241,-8.915084339999837,-20.697543201793394,-92.7596123029482,-81.24924868299952,50.57161735453454,10.145650610439645,38.394806712194224,74.21587918752687,-68.72761857115601,-59.196289501707234,94.78455704108734,-51.64090117832407,-37.48865282847578,-5.174660332917668,43.090292856869866,-56.08573930618208,40.111179477088854,-43.84312851084686,-18.97120319725161,-26.471974132984812,18.393590307416517,-86.51527142678216,1
-34.933933847347134,-30.599532917560012,-36.656575594956784,-12.323820571813698,33.79061549146073,-78.23153543449078,60.38845871788968,16.28972755853897,-40.05768609130953,61.86843499500324,-23.702921104335843,-41.75044502468628,50.708026097365945,-55.96244146487632,65.47852946973174,-72.1854160503173,78.15999729864441,95.43457836298822,-96.3099150310586,67.97135013285964,-88.36647029331033,-66.68727726617297,-96.72244774163725,-48.723580294287004,-89.44116159143746,63.48640528337708,27.57346916290213,58.437719273892185,16.677218543599935,-55.04302858105024,24.52529212464178,-45.9091617942815,20.120096837000048,-63.61853229181869,-88.54729025199262,-63.99676976903655,-88.56115004369359,-77.88690693961664,35.374649174702114,58.58014547056308,22.666910259454596,-0.902065831627425,46.431032988983986,10.950598087098214,68.23316651564213,-34.19770309107935,70.12731106400307,-59.35124878519531,18.746022421030716,19.42699591650978,-1
50.27501720580915,85.70155038875572,95.52646731009443,-24.500458172495485,-52.92299860933842,-24.309737503203152,-14.254315885889099,-47.09898202703027,-36.79403710074911,82.8061546404225,-90.83210506814802,53.978154822779715,-35.403107309650665,86.88440300002677,-47.382979409318,-96.8484712744636,10.625907013315754,-81.82607985861925,-44.68685710561389,-64.23025978284846,91.60599070198137,7.5786263470555895,-23.09693252095883,77.83074042238957,-91.15261979890288,-80.29949844862905,83.8973354145827,1.4891403999315713,12.581176066103467,32.70545307666765,-91.30004053375313,-59.21260170107836,77.21939226864907,41.04987076512239,-68.42758978771354,54.69116887264164,-15.266792515229994,-98.70693881505599,48.63915469219012,81.43458632090696,-59.88094518008202,-75.96881060797463,-59.38005367903785,56.686233510852304,89.6582417845751,97.19265417917549,98.38917352609772,80.08880811093513,-29.464170844902142,63.55857007366669,1
45.29234302260096,-70.12012230924555,12.075972027353671,-49.20672033755557,72.61479971811471,6.818012144752899,-25.655400418791217,56.65756197567225,-71.20199681712656,54.23287363639844,-59.75093758050163,-7.657870438028596,-99.3025006974486,65.27957956137442,31.216114766417974,82.16588849610665,45.51486197133315,59.25304804938625,-68.96171665404556,-5.356233240004471,74.98208799303916,9.619689299667854,-53.40528145800511,-95.58560841225763,5.482020859802091,-90.06578000612313,-1.8265185851568333,-87.39966874168634,-5.999848061899641,43.68989145809738,45.87579142759,44.6191143541088,17.90665145132526,-75.14061909705178,15.312132904574497,66.88454617641344,-56.25701994692234,-8.224292467453552,-38.64775849783597,11.69424835174135,80.39633448099283,-23.214683998160822,-12.892874882646694,-70.42413173172521,73.42045773701739,-29.24372546582832,45.37861151449738,-43.20834646414746,64.34788323042807,-31.621564117216366,-1
95.17041589250692,7.10849461955965,44.840982561674025,-84.78212573008474,43.45433783746719,-68.18723187636333,-25.469690126383455,37.67353230384521,80.17122538665433,-28.387621380974636,-9.328109769606229,-30.457193536582693,-55.58522107627857,-47.80781078378642,44.547027189524385,-66.0916082551237,91.4941854767979,-24.270064091453094,84.00567876773312,-58.80375861977563,68.05332112850314,99.75226061777894,45.827901333151544,75.68534506068227,83.65878695657071,-16.556750843918792,-26.59856490703052,37.52812509885999,40.59038150225183,3.666283858222741,-70.06422469084181,-29.21053375704213,-47.14198328346279,-30.717204096040618,-44.74754120359463,-36.69371277164635,74.9572368323654,62.770919201527164,64.58316922327458,-34.91894646085103,-10.721362483971646,73.26613027800215,-58.775066090832915,8.591199090286167,34.10512710293696,-87.43675067402702,86.37910315618535,-95.38825620758864,68.45791140257433,63.19139583768484,-1
86.34808066330163,39.4182276521517,31.89803421753038,49.03033070535716,66.80888324429645,65.47297424092196,49.65656335180674,93.40670171834614,-72.86248073694239,-89.86929894915583,2.32599997694129,-89.0858899893614,65.25850378430479,-18.495546366544843,-52.68734408195761,-43.84033234492679,-82.51714778414554,13.086928464195125,89.88147039747369,-48.96049732158474,64.02817649166948,83.4508966570763,-80.12647621270315,-27.326794590401434,-8.589194470207701,56.025363669518185,-25.54809608893538,64.22821922994643,-83.0160461433253,80.85321971034514,72.02041009245801,55.8831127141157,-9.056405623866809,26.26224155772124,59.42769200580048,-8.16814150491787,85.7099303235691,-11.93199175627231,56.15015429546759,-73.91249545264898,-68.64055844962388,45.68065779085461,95.4651223736578,47.24770645703197,-84.639605863979,68.4867127159578,-5.170235399361857,-81.48117661071434,1.4713833724108127,84.98091097979801,1
-30.48569515220359,-72.32048280637508,82.15036254762944,21.224877776595548,46.26483533488761,-71.34337714388693,70.67664295339685,24.277079752375414,2.8802319735370787,-97.86596014806908,-56.59308586092588,-5.798354450962478,41.165046157189806,-18.227791152583123,-60.15319331702522,23.364443323790084,62.084108747922215,-17.220703793645086,-41.51260578521201,33.55148978170652,-96.51444399612001,53.42445692930943,57.73749096086641,-81.67035500807059,68.11615590487415,82.01978376629717,16.33021622838511,24.312749666237195,28.46734314039179,94.86665604726366,-38.86715101115781,42.19103256137308,74.43178480239726,-86.33921804901492,-34.62960297976845,75.25491563137126,-99.95998044359673,-24.49254520805762,-32.51745236932723,-9.167259791031213,18.575756756905037,59.92528966218714,79.29517583486194,17.359593940128207,-48.58975219321948,1.9859053994918412,13.321941970971139,-41.646532755731045,69.07660404010298,-20.69575367603356,-1
81.2174120962521,51.30771669906133,96.10806080627083,-31.584640805785853,-40.66066047438277,-19.246581908837882,-36.25496401233692,-4.841360692759622,-32.07062796087408,-40.120019780824556,-78.82290315603538,68.83895511752362,-29.709176312323862,-8.43455772390567,-23.463646623826378,56.408466717077005,26.880556126773627,61.4889730521256,-72.68625731486051,-31.77826839271151,81.13477430928793,-74.13308989644467,69.80042482929377,30.308181690382156,-90.50193597070184,93.47539713870287,68.01517897562164,-57.406598582871695,-68.7583214635878,1.9849665745726952,21.805285151139245,45.09962426748726,-89.73536712657884,8.384748207413992,-86.82079604454916,75.84015356087451,-58.000022155353406,-89.05385158655939,87.9622227400111,-31.575689159104797,-9.481400089749911,8.728697585860502,-77.38453866713424,22.922139986753947,32.27286269485427,-29.019209603452765,93.84500864697748,17.34941003456791,-99.45199498570429,81.20157929824083,1
-93.76337298774307,-42.16993310916981,48.02987873951815,40.14637607265303,-41.19405236897913,19.103881975686846,35.585981263219736,-62.63822586007717,82.26330555721171,-31.38525305240813,-35.410679864462736,57.91032931829611,-61.335124179745534,47.00829708453708,-20.124215949315087,-84.42362645011117,7.123845077243132,73.74452417019558,-84.24907487658501,-84.93065115133898,-11.571948467641292,-11.8628053507162,25.484084311485944,3.5400164588108964,28.845179270112737,-31.046451369361435,75.8001059509152,45.46626721313004,78.9028865410549,48.46099266412671,31.71472448642507,25.41981133718312,-9.925569734727418,-82.1171621627454,35.713054203361395,-68.17434911755433,-54.61027786501609,2.8613558052555987,-52.76674580494167,-33.12796895836368,31.74720869073667,20.231164137808435,67.92788154752708,39.82106291370667,-35.67913117290638,-83.58165342985998,98.93038897570611,3.1327327314447047,-77.3551430881932,96.54386243790111,-1
15.118685728016402,-78.80881773119046,-57.42984580801724,73.33138480578128,-20.179612125836854,44.03738686383417,34.794362345222964,90.33967469443598,37.20189896629739,-56.36595109533715,-35.460840643938624,95.13927605464599,49.78350405531282,-57.511948736572926,-37.9274682816789,-30.065410551529737,95.9114480904932,27.744905089752777,58.62942085857205,-78.30462574328422,24.567334033984295,-22.64556541221468,81.82811236899462,-3.3529863789671737,47.20943223831705,-31.49081021789135,-98.3656566492459,50.66155746589368,-47.86546336302124,-84.36014327584533,62.83912796484137,4.257037772687539,-9.702235198249383,-67.31470453006327,-50.390371066970594,7.348015359644847,71.41917583111638,10.91232089755492,-45.19754357352037,-63.891253385430666,12.070193416711476,-45.675836905841734,32.90095103507659,-63.90828071110428,-14.734130950351343,25.91268260919766,79.67987168854415,-97.53870672742141,3.858039782867536,84.1183780833563,-1
-84.62758494476729,5.716840287488466,76.26497789299034,38.144578845793774,-12.685775338281786,-12.54909986338157,-80.67571910773219,-17.48020063071425,44.43487428287662,72.94179101227266,-86.34847328003703,35.806241044102336,37.645375761546404,-92.08869301410523,-8.131406288341566,-10.242033514883374,-90.0350357948456,38.87912086309814,-44.25441892718871,-87.27420603238811,85.71430090312879,44.020934243884824,-78.36352484150922,38.37021393429606,-20.907309064880636,-24.72093458805564,-63.12966633503627,48.95157694519875,55.72030099535243,54.676395834872125,77.05893387418016,-62.29360804176667,86.91749291974548,31.047695840841186,77.8276087486768,-12.594482413919934,-26.323790244012187,53.37690412947816,-5.622849105603095,-50.23679667472341,50.874674465889285,-97.44615328242365,-50.784971399259796,-8.715150519224935,72.73078902966674,-52.84098696246886,-51.09478656134261,-6.989531700817125,-32.349786320884746,-53.211511940668046,1
-83.06233162493864,-39.63306782142097,-51.69143745680442,23.607496112354866,65.47378227323765,32.614222382845156,-61.657533908541275,22.7136940704261,97.05598948580877,-36.367732281685996,1.7063213222604503,4.268931646956446,-77.94587380882312,-83.04973253839252,70.88590088063401,-54.080027859370404,1.1379073353133577,-79.91111781989841,41.14456002709704,-59.718574881659926,-21.17205983849766,-83.54787218054878,80.42516291151449,-45.287387837796246,-60.35916103616692,-91.66118998845243,30.971949580691245,-31.858962511679522,-47.81165132802108,45.7604841440301,12.572990524946889,-5.94069367042556,61.85759277916068,52.230893440626545,16.023961926559835,14.20035414397465,-49.01803619266407,41.52654445336776,-8.008094184160882,82.09103153680317,83.0932263829313,62.87738044734422,79.04031296589525,96.15104977281231,35.5468333999365,-21.912102331298527,-7.830250303663348,1.3017449447995801,-80.27846017927303,-27.032754963499258,-1
-74.3348275622471,45.6941891117184,-8.216695140252938,62.47376057475614,-90.29762599474256,-5.732551935877183,-5.778227164889515,-41.703513791653776,36.74889832657095,-41.12411066912098,-61.696160317297874,-1.3263707859388916,-91.56043543519321,-73.41832047553311,10.665059053787203,65.11535816493935,18.118589302874938,-18.51644483643014,18.846334507824693,-4.330881617910151,-32.631862919130356,3.9596985106106217,67.04210971022769,-23.05919230262117,63.618444165258865,29.71360802377896,6.126851897483149,-32.65189537911644,-11.423433489972396,45.23466368080406,61.05656292370196,-28.165524261813687,-87.70413783472873,-1.5935520097794011,91.12353879670087,-83.8370947607181,1.3860043391003671,53.65491116462428,-12.241849716625126,75.64170605030839,-57.17328672209876,23.207756541536213,39.638943187202756,-50.84409184745211,31.26011689405445,-53.04258128204316,-23.526044023982024,81.25246247336554,-13.591415243371003,-65.66876395938942,1
-94.1660472709471,-80.98869263348712,-77.85029843389819,30.65804895189669,47.882577879592304,-64.69911818208303,17.880722640509305,8.073472423007644,58.44351841879532,3.0003279897146626,-13.989581644569355,2.3181371298971953,12.419522097553369,22.690271250764553,-32.40227167233721,-74.33380607223742,-58.197910559054144,-38.793618803904906,46.492440986897975,-87.86359603055195,-44.810231895223126,91.61697756259139,-72.49799988516001,1.85309091352633,39.62823671106298,-20.387498604207536,47.59693465914364,-70.11609636828011,-78.80687645101791,34.700902155979605,-5.43141098906095,40.7500717950721,-6.79514218937598,20.219799249394057,-61.893524290158666,-81.57674908386386,-67.44140603572089,93.63934626631959,58.04138090005492,-88.98901045679206,-36.05611941790321,64.50674910198921,9.470249283387915,1.2075916137521006,-46.75671902994656,-43.50534381124132,-68.08793682967263,13.45001814615108,-50.235592312956825,71.99121272410846,-1
-69.61946129754114,28.217220716431882,-72.09464388806614,-93.63165109038043,3.074866148935044,-18.523334839113232,57.537680450198394,-22.559036425576437,48.60544876436808,35.42675556178409,38.25471629888665,-71.0373855913123,-86.56067629604391,-45.75768619402587,91.16207996516869,-75.25512654579694,-74.86099152620207,-80.21826330082735,33.28908513574737,-81.10756910113665,-32.806373403774785,-71.92166090893457,-60.91474964979844,9.643943314100213,47.28904810487521,-76.5044159456747,48.1946186022177,-5.612598776702683,19.808368969330516,52.86471609067647,57.750555155793734,-2.8819320822619687,-32.69435709225823,-57.395101827897335,50.795326554219514,34.30900607838359,-2.029374245525588,64.92814416982694,-84.38168758613071,59.81631834752318,-1.9984946279303983,79.04784600019067,15.021710436488519,-37.42131555252279,-18.3570633586624,59.92725071691629,20.133529846078673,2.204809245532431,23.21447843599313,6.57798942721179,-1
18.712187075757186,-99.85662825868404,90.48413895069126,-94.99273275251123,81.07864658580107,64.56978110448881,90.35762129403011,72.1438696718348,98.8375532646935,29.150418434822768,59.11236323408238,-79.62451164451974,-28.46202824726612,-3.2624867154880945,90.44842347460644,-89.42882296404848,-22.901668703021755,-59.59980509555105,72.60105311487351,-9.932357863198774,87.63204638290335,-1.042313010734503,40.6270394946649,99.91527911418694,-82.36015340160048,-71.67382629336547,-16.679961170881953,-29.24240755166724,-52.63297140877863,18.458331840431327,48.55313441866841,-90.77530267851816,94.24221967534609,81.44557894973195,80.90831570720025,90.14302656630969,-10.012970081521132,3.591963483460063,34.523711446598384,-81.4389269700849,82.60055986829096,24.262276544665752,84.9876530190304,-95.30430951605351,40.77096867055744,34.27871383610966,-2.3279449703086215,-2.08628129033697,-8.771088421396783,-52.09533058384845,-1
33.77530620813707,-5.950182934249142,13.333490750032922,77.11981896996707,86.86105372729469,-70.51271273549355,-93.58177108410281,-76.27634512402992,-57.40688238168359,3.2004711678074216,96.05574781026644,52.47135848429215,42.72684247007453,-74.64078322330106,24.814994292316,-69.88788154393552,24.495596656042707,19.52020209511049,97.19183352355418,-47.15661497493415,61.115460368130414,81.03258602096341,17.05060386513648,81.81650241140167,-36.92269647955766,19.580643619983334,32.00024601783261,35.856155527831476,76.4527906636323,-5.955357673099343,-0.14302094783842279,-34.081136984035936,-4.065584217107769,-52.69406895239908,-55.466040008289205,-69.65786671408851,-56.88590804723774,-6.5281784589321035,22.714421211950125,24.91639751136063,69.39851062933661,-35.83598017259844,59.02083294504865,-60.94430169137066,-70.09872805301586,96.82791439732426,-69.50310644189439,18.704893804634764,75.93134650338231,-92.36413253621278,-1
52.9301900769747,-85.69939513367294,-30.720136047429534,4.9667027602753535,62.993467603969236,67.34683651053217,-4.994419847584638,-53.27809474188785,10.784209747172667,64.39145134457854,-75.32379365743242,81.45376115382618,91.27860150452898,38.41143097420064,-32.16820996142951,76.71749932144729,-42.04726091272284,52.32828523136661,41.45440320210918,-2.794273921774362,-90.70939686772385,66.30016972350126,-17.985333750521207,4.787851467152862,74.31852801549462,65.85551201731917,92.49006599346893,-47.388650175412515,-23.55488939038979,39.488262592215165,-92.78487292507012,-35.39955299063675,26.035529039797623,-79.10643702496607,-53.94370869316896,10.150959077564735,94.54586460406733,23.393853739694777,20.749679967145966,-67.70453982371333,66.6615308700271,93.90948948171959,71.68360161414776,-12.559753898346855,53.17689911887078,9.250883418269254,-3.4475129538131313,-17.851058390450333,-2.4895683989484496,-39.232959252746745,-1
74.30736123047527,-68.82969268971131,-46.96382497393543,7.471280954577409,-61.93575536879648,70.90647391715729,57.217245836689955,-94.58629646415359,-14.494514527417948,43.224178037319604,-5.832281254606599,-7.1873516202366545,44.88383722048002,-26.222220268029332,-1.8323422933156621,-99.35224822943994,-79.5582951562493,79.8666639318532,-49.61638446851635,-5.306486301260804,36.910635140950575,39.52532087362974,15.638467051330693,97.03138382241124,82.80102468194187,-68.13496314187461,77.34256423833835,-62.24562786829877,58.978169906098145,0.9169823936644264,-33.39169641592288,42.77789529104555,-24.953736232711194,34.798186148028066,-49.10022935293983,-77.6673301500889,16.13791597250041,0.42476488767950116,96.81347101223253,-2.666372916704262,-79.29129424219725,66.19985492918914,-3.6106269740628676,52.86528032473947,19.950909216682675,16.070481803018737,51.51791480200637,-52.370506894027315,-97.3065730759096,-31.438938744361295,-1
93.0053821333025,-39.25299075498012,-60.9154826723302,51.56240637842319,-19.016457326238864,-16.761498465039097,-21.328090703370293,-45.07672043307718,-49.78136858719402,83.79041201415686,-92.02106885559276,-42.85342406968042,27.07260379659155,97.61887239781001,15.201369284786665,10.862355790891542,-30.852020624698227,-96.26384393493362,-75.8276070868213,26.48334044306577,70.55475344491524,-68.19929718007731,20.784259186000597,73.68202360569819,88.5624839856637,-70.61248632702453,-85.75990372449769,65.6789197216653,40.37816835235074,-90.78125025173675,44.70563921936716,57.37795583052534,-88.96153151164113,-74.21392916561621,91.45090169054629,-28.887263590375085,48.46170486820694,-33.40010379532288,94.46161712824636,-37.96381048676631,-96.44154650031527,49.084966282719876,23.81696380311699,-91.64557995276188,-21.705607472981313,-2.476176328310814,-39.48944873015168,28.38892159373401,-85.02184863724165,-79.19091287257736,1
35.205257610509506,14.132915796157803,34.888214273373706,80.24174716832249,-71.57072590869664,45.97733290454937,-17.662475097194545,35.73404002248725,0.6986171145968001,-28.456056092476018,-80.859122767857,76.08564648909305,59.937060427122134,-31.367003683177686,-14.166815376480287,26.74219651612107,63.423746772285966,2.21443607847678,0.2809513319192263,-71.5706336106297,66.58344626591662,36.94953911189933,40.88502288101458,20.524903005487616,-22.197102319097837,37.28997788175397,-63.8748648691634,53.12442431136367,20.103964669490765,-11.250982047254283,-91.10796602514509,-99.1332939714874,14.182401167711262,-52.04591533488565,-14.479909836156708,-24.293752032475197,-58.21049315846374,3.473328716628913,88.91649956692763,-9.005113140223344,-74.82674650086634,-16.983046035407767,66.93259481273077,56.20038764778988,17.4206993620798,76.00796688963513,-85.71656266952105,-40.328250982520395,-51.18731195877406,-69.90578827640721,1
-97.83246970394033,-11.312179432791197,18.117931547716992,-43.06892130128159,15.280938687078361,83.01568036340333,-53.89066395566964,88.00530440621102,98.91907120810919,-86.57669234791486,26.016575137327607,84.81087213626208,74.25470372785205,53.31873190294286,-94.01423954977739,69.80337188396504,51.63100303815952,36.676697789455915,-42.93722063074541,-90.46869361948109,37.56168612928715,-32.660637249535455,44.744818041735726,-33.526571320280425,-53.54620909928472,-32.89912977806064,99.20924732682923,85.28639051785888,-96.82213886882718,70.72458883195665,18.27642550775306,-71.32253737070731,-99.28154216620008,-13.873307264102053,18.842552188277523,-38.7246216469193,7.130831561845795,-77.96148704866695,-3.039347519821206,-41.063575889278184,-91.11211695896873,14.096060654522205,-64.07201072852817,-61.77207569114385,-13.395096129979336,42.943213955435,-94.93285393407595,54.88454465074838,-65.31350478014986,43.69312222088644,1
71.00604032398704,-8.553916076091127,60.75039486081633,61.50231926102978,37.36607915030979,27.262568015250395,-77.87083038133058,-43.76802505330615,26.636896653730318,-54.70593519574307,-48.52497433193581,19.543717473001593,19.675836479823744,73.3883652158357,72.99436690159914,27.70427440464603,99.26158775572767,-62.4651270844786,55.33575605523643,24.46215547261103,-77.60408951247327,0.9423046288540036,-28.076677807403968,51.47882702643258,-69.1049832645077,-73.80741234349561,-55.53700081934001,-8.55135771442302,-23.562602253503044,37.3809053454533,-36.84711089405983,60.204977937068975,-70.17916118588568,-95.02655161640017,44.16802208415015,57.453453383799456,63.47154238220199,76.02585401420237,95.58954533913317,-39.357752230973595,-25.348018428205577,-40.33508681554727,-91.88712113240899,-44.124080791101946,-51.75730581801743,-66.74198799755742,31.563263310000025,-9.129135980153592,-98.96668407133112,-9.724759832712621,-1
-42.223012218166865,75.31209815774352,-16.495438778493934,-5.671380579655278,31.559253005149856,81.36212099625658,67.93679409440665,-34.69774539397963,-71.27611114507366,-47.16209784687131,-19.251647304549508,-14.909482704370475,85.75896136785695,-63.49066097784317,2.5113237132884763,49.8899752896713,54.2753227301605,-60.47126469685264,-59.96296657338276,-27.214862725529557,-5.815968082399905,-66.64742882604145,-11.3875518201977,-51.087722165557615,86.66052636424516,48.3198814578916,7.530985248974417,1.4916677507553118,65.05914475133287,49.537909573193986,29.65238844108896,49.437220197390076,-7.3984316544057265,-53.804535893171156,32.24939311071665,47.52528639987696,-20.813849963354514,-65.58641026527727,6.9469499870611315,43.85347387526102,-84.86096393140743,65.43559721834905,96.70986802813641,9.687105816242706,11.94610507546399,-0.58919456007105,-48.635100882418335,83.30021323419746,31.616997701652707,-7.2566191935109,1
47.28040301312811,74.67222356828759,-15.76172403492184,-9.232423748603907,5.731166435371264,-13.129696030805931,-0.44401760578939786,-34.4246383064323,43.224159426198895,-7.446795521765964,94.1614089285388,49.7528160275493,14.46875505609151,89.4410643908256,-83.22371050294986,1.4373983033407285,56.60286480935386,56.751877453540345,94.9771760692035,58.35932899000048,96.22001153457796,-51.461885363954686,-81.34547225320885,-95.4192361960353,-5.188302468340083,54.348729853970895,29.784353476754774,-85.65010794131956,29.964266787617674,99.66423987546875,10.26865766853517,-32.00760004719787,-97.26252975382809,85.10419216412885,-51.67544075928036,35.88471460012943,-53.721466326190324,-28.130773695724457,-14.791017616017015,-90.07108477807857,-43.78024706304411,-40.82153580143923,61.15833526608969,-26.677517544898592,90.19309053212504,93.36323502032644,-0.04751753947056159,36.22614369223888,4.165433150976924,4.262285712447536,1
18.826143070427023,66.86495914987972,6.837978361723842,-98.70209572260056,-41.95990089868851,5.031791755583441,-84.62435734357496,-18.52792926327318,-33.863842888704625,62.71648660358696,-50.19154287089147,55.26619834135576,-22.61281579642103,94.48976682446789,-39.99782288911764,-85.87345720103028,97.73321230360719,76.41540959258265,-97.22368238864819,91.3871160159843,35.550087782846106,78.53134490796097,57.45352124426975,-98.15636087647019,95.37620740101039,-31.436916152841277,84.03956956917526,68.43670225746874,-17.253564853138997,53.161164977655716,-3.134037640379276,36.3460283153147,-54.94290828650645,68.48789235333726,-58.39761769765277,73.726818621857,62.99481178789961,61.37392261949691,70.11702732595322,0.6473159162775346,-88.14760514688764,-53.74148000909258,-30.231103239220175,99.79184217031263,-9.5856945530129,-18.000413124120684,18.33501639255499,9.029453293134068,71.23363305374983,80.82684702850216,1
-30.961558301157893,-14.928700746003273,-89.11797444996441,-16.88800111257156,59.54078605995369,85.83802730586604,57.58367188295722,10.004328351084098,14.017061904323967,4.105027602820428,10.319094473243354,-97.30139976129131,-21.254285975952698,-46.33971390521259,42.88103754583611,39.44447559029962,-41.57225917518219,-86.60565974117551,1.2785883349770018,-17.93800001303309,4.388423599049943,-21.10802117280066,87.33156455807179,-69.1569719289143,-24.283425217738653,65.87894753720991,68.04460523795203,-31.269205323779417,-45.44173676902075,-67.58961773283316,14.086267281347247,-54.16546413572731,-34.587598399988835,48.87424731547415,-93.03155288312021,-18.021142267070573,-47.72684934030571,15.42281282519835,21.759062970240734,30.30761643616978,78.05226213082926,69.38552816512478,-52.18061334097084,30.873455310821583,-83.93960300784511,-87.04703902253277,-69.03959637107495,8.40321281346992,35.475048356376135,71.9444196940907,-1
-26.33055724112974,2.9855017721344126,-83.23831330256715,-88.32075518816922,69.7172378400011,98.23960206383802,-60.63177973468712,44.61467469896169,-98.68487845726877,35.66531101157602,-28.6636232247603,-77.22070406155935,56.25151937854861,47.439413345434815,2.12374313003842,-94.29485143276683,10.328970281508859,-12.645331786037062,11.78185652971429,-81.99941063880786,-97.05470563078096,23.970883963861596,-81.42910929391496,23.044116646654672,9.515796050019858,-60.1523132657894,-80.55554601487816,59.34124864268691,-96.07045636526126,57.71376642836347,62.172468376051114,-97.1219573561991,-80.87774791703191,81.93416738735391,45.94658925274615,-38.776045110317426,30.67318980342884,67.96928086829098,60.64216389859703,-73.42161515185863,22.345147489351504,53.68959058123269,0.3102825921199326,63.083350195555056,12.676431525351788,97.73936350116549,-56.0303087869102,84.83047565251579,-53.10818035028107,87.23215349507083,1
-22.53549640493719,-82.61208786154917,96.76918456950915,-71.65695835048551,-4.977808303328231,58.09548982837137,-60.371023780636456,15.752678660427023,-66.20689506565358,-80.88318376664994,19.406646876496694,-94.85348139620433,-21.52713286266119,32.78372380508418,-20.347126197985617,66.44081688009607,61.77417530115309,-70.68139650488112,-6.461701376382393,98.66194969823476,-58.03993841122761,55.69606687347866,-39.44836839484363,27.79702749542747,-83.9063071263321,-61.88881812399072,-53.609048193412036,94.47260717798167,2.546577301188009,-88.96378948921347,-72.48937718941085,-61.182421516296756,-28.89165855147023,-94.37451006833435,-66.25814713262508,54.30108319768442,98.89953359570495,-68.13406884941983,70.86905265935789,34.338659488510274,-39.33720874156255,60.53908712257822,9.355407285958009,-83.77316775630963,86.08194770574912,-19.405925191745737,39.70418442375126,61.05839384843682,68.79592014991835,-60.86069881642611,-1
38.52519044523291,93.7629381155609,79.20567306499862,65.33726073429028,80.93468750634733,27.620601827452475,-0.1026453018554605,14.635398963099206,57.389405643485105,-50.70643657629497,-3.8190295480399357,-97.63946527631096,-11.263139965695729,-92.91366317834115,48.659378055468494,-82.86892819129692,-19.949535599975363,99.69287462088295,-81.60604266401911,78.9887435448708,62.846198221882304,-87.24521327721644,-56.63571035895105,45.14877327751165,-2.089511591558619,66.53032115753899,97.4883123371875,-53.96265680448779,39.94057001102428,-30.512699783216604,3.4970137690116587,76.68970707068888,99.43358996682753,40.36797009314847,-65.01509981601012,32.49641855885744,-57.95461661526535,3.762973318279279,-22.50311774033588,-40.49839149161998,-35.71002989370662,78.07619131496907,-90.10201738839933,-20.877703042924423,-79.94292268627494,42.21124466326302,23.47088740352612,33.124711406001666,-25.845067019252596,77.997534712381,1
-81.2446947485967,-42.16136960682606,32.28816769015495,-41.06200291212498,90.1499212084517,-73.15333388101155,-31.97355783130979,63.28307681625461,-1.6662032113035252,85.68494025785859,-38.34508142191544,-42.506424703714174,13.276269211334409,-35.255993834436666,22.150783499434226,46.16860633157259,-75.94226903900565,-63.46186500599052,-21.638939083322924,14.536183310133538,51.12728850043163,-33.62388387920376,16.673512727055197,-18.823236878516497,3.799938379719592,68.99796762950564,-11.24613930140687,56.29314966893952,43.51099148180154,-87.60793664720555,81.0073891410043,-98.715536692319,-55.18898987684546,32.59229654486913,-71.60888387722758,16.806311440769647,64.53908380605137,88.29248311772113,42.68029491632862,-29.136872257595343,-12.444393022543139,58.3299638184597,40.59534654532365,97.7726081141484,71.91932723437066,-31.936760891405115,-92.96791421191786,21.172245846900807,-28.683329655697804,80.86273814599804,1
-14.700050551627768,26.84861819550852,22.306318922954787,-3.6589040311981904,-12.746143991482157,52.09134790803918,-79.97017233750579,3.227087212984344,30.17232542273956,-70.06668059712572,-86.49998967854236,72.51954339116753,-63.58157093139063,43.57118524423541,-71.93578113865664,-82.37432306740924,52.06006586648098,34.95541134260256,-87.00762178512274,25.0856317041644,23.161510590913622,-29.929000227515616,-44.829333363598,24.48579055590166,90.5292129074328,-25.692729993931792,27.477192660255085,-8.404479211850386,-86.39348460785952,41.39971707357546,42.337910744449175,47.69726860567749,42.487048945404325,-57.704133236168985,-33.966716397974594,-5.478174877872149,-92.00325335804102,98.70347958532557,-75.38022460062584,-29.12179265150519,-37.323378095770266,75.51017228726383,92.507385988582,-11.448723148529353,50.10987229581866,-44.29264903203938,-76.21404095049266,-32.43042325265921,-64.37429203402401,-79.19989927829761,-1
12.679070142528019,-76.6242478818122,-30.700987364634997,19.70068281033599,-89.70665896480618,-34.64009904010523,25.090123711790028,88.05666941644768,72.75702730903956,-96.07517924770575,45.71830965011847,-72.68302251927747,5.223668683764444,99.19165590546558,70.71883515422812,-0.16359678442725567,-29.326712749058984,-79.69462302548291,65.20749676484573,-57.34162230226516,-89.54548504379842,-78.40620315835997,82.54307744065923,-34.09380894945133,-86.92951302702816,60.435229269271616,28.316285971150393,-27.439040682537325,-42.21018883422438,84.95329774100514,-45.855968422144656,28.90540141755619,79.10791268217145,29.642732657853685,-91.30278874682539,40.64660838834135,-23.490963594775565,93.9009719015711,25.93964939949585,-69.38231181757202,45.056707413795806,57.06946800923882,-77.85961689662898,-11.928551113894699,-23.085557930768033,-25.066049116562937,85.26747972555856,1.0526745803557418,49.80962930562595,6.538926052893473,-1
42.81738642648557,-24.76190624607557,90.85168830306199,-41.29440916641008,-75.94964530268464,-44.864600464810486,-36.4757578926544,-20.1636019625371,69.9066478656764,-76.98100202070486,38.734748645622716,93.05999542495917,28.252577978338024,-26.507720211625113,27.4845944605417,-44.65405542977135,30.316560010058367,-62.229761694759645,52.35061811146579,-82.1385993807223,-33.53104969398788,24.333286910673024,-67.356583161585,-48.3189862361793,13.648757496085466,-88.94883733828354,34.881379169533034,43.15555836472723,67.2474987940218,-15.917346053958823,-77.57722445921335,6.722377261355092,-10.67255513853722,63.69557504577941,70.79271293129565,79.8236456708429,-61.33258756728526,-29.874345493778833,94.45876375859248,-86.12026894880505,-13.22054065439724,-97.4493259988253,24.817610713291074,43.143777573117404,-21.24590478966752,70.01631775458554,7.60548053101428,-74.92089607032797,-56.77385733715925,69.79035376301198,1
-88.60425460052635,31.22921836948845,20.215359801278538,-76.63753663757547,-22.406733323235144,-61.37455123545603,27.58699887295009,98.1501465679004,-23.686261341993003,-21.77913209743663,-16.425996496666897,-30.8287598359597,12.823454016832628,26.496193221313092,90.78427383315523,22.420335466060237,-20.3067747812389,68.04052496969868,37.82590356346114,-99.38897787812073,6.097610734848885,47.762877460296835,-86.79490326203538,-88.95788153573143,81.22748617342035,32.52838882782828,83.27321584133617,16.216215410117883,-81.8941223727647,-46.00379096272058,-74.9375687276872,60.73103922386426,23.734346841850538,-15.623343336648631,-99.53354954241821,-26.555283520634745,-53.80030801853983,27.72353159460424,52.14963339868285,-7.244998591131903,-24.001901315941467,-98.45004884844046,82.79295449891956,8.181161351646011,-17.079700257793505,-66.00107021072381,-92.5478048874492,-34.65332610183398,51.3409036444512,85.32359144611794,-1
-93.68277103487159,56.58472285151447,-13.429778640865806,-16.903582660079337,0.7487390749457319,-12.308543891717292,-77.26300374633799,-50.36661972116734,16.278219839566674,-73.96126353871301,-64.58924686397174,-73.10733800921152,6.150281607093035,-76.61371695354964,-26.06094485254083,5.761412545100583,85.9029417096784,88.18218636918175,54.78540925452381,-58.57989591022979,41.63843760535647,-54.438396766812616,-36.37300938547876,89.97481899674199,-2.9677300573490726,43.262710930479585,-36.40355697662565,34.33041810513794,-39.90285038367145,10.3164602564311,37.35596735222154,3.993711773728023,-29.641596493819662,97.55216808396193,-82.59512903027147,-82.53656404941844,-18.16555660440929,-83.36662897955726,-99.62816014765666,-88.66059079991282,-29.98039371749502,32.21736035236182,-79.62465349272429,7.354100258331897,-20.832285737438667,-95.347425384061,19.52625560337988,-64.57746039696939,66.90652468366702,-4.222058512001965,1
87.61282791362626,12.107870483354176,36.69054868421006,68.50541025752207,-78.74102790007171,-85.55568544889856,11.706158816205473,-17.626270799899004,76.49564551950075,-39.576843656743875,-49.19586652324044,43.61194763680888,50.68818896386759,-3.5234927259224236,4.7384177988455605,68.53093029892128,51.82604415335612,-14.255522362016322,-64.30667118798485,70.69129759170286,98.80602579054778,-70.52983594514082,34.64959811267133,-32.69069869319014,-96.95629509186432,24.026484658810006,64.5089402989143,-82.2867775479657,19.814680305968494,5.197206096493005,-94.3864670518563,-91.74817596049665,18.62229395015764,-91.46472997595563,-52.54583336173941,13.588780640154312,40.43085126250364,-95.08994894564313,13.66636853742797,10.56663454982845,94.44913139301667,-7.016893020554818,-28.48139091912219,39.91265557179281,15.509994041210959,58.839656138963136,-39.19035025190407,88.87723164465294,65.04662412989936,-65.54847691797272,1
65.18646171000324,30.239542419069267,-62.73330473111854,35.48693688926011,35.00101771647141,20.16847593108477,4.2731517888360315,41.45082101355598,-83.25575327034396,-27.5452017455098,-50.25734052013486,24.91706594211894,-47.17499158845291,24.608836451238858,20.02804003949916,82.88152784001869,51.04022964537069,-96.22971905204219,-76.37008840047493,-39.449573185804866,17.66996567920262,-65.25312247640528,1.7042474738201037,-98.73106230109315,72.05195207328478,95.08980633566566,57.24765897720977,80.34585847337485,56.488981061202594,31.35742367967694,-61.59771678309387,-54.07954042738956,-16.229159761691562,-94.1493236480778,-7.0772700715824755,-74.78112964606132,35.5957072938493,-14.443372789085672,-84.41547252008523,-98.3320661038716,11.690283823299268,62.16430942554908,-51.926260321685746,39.924803908597994,-88.69228713262653,36.0376974993066,58.609949480095594,39.92515780225213,97.06366389274584,89.05666530930628,-1
78.08190344386568,57.16169684887001,-16.66598335872591,-22.318433225609624,93.85384886970525,-74.5762061920583,88.73603812748917,40.87150352401636,-8.412072135996837,76.49787606940427,-65.55254231256124,-61.81486540844296,58.16049844265322,-95.37707898566417,-75.44027068744526,-45.00375363172391,-42.09281244384873,-37.14511206631339,34.56922531620154,-22.266320894841883,16.022330680709857,-19.457594806858495,30.506516303875514,49.01439566613854,99.78416743720061,63.77305528426223,-3.9956485478591617,-69.67546850350301,-80.04761569435132,-72.13099384096844,18.230679832089436,-81.23873633117917,95.08593862759162,-89.8821086837923,-34.759810280711505,99.57623080830493,45.49614716295744,-44.79249201184046,20.59302908244669,-55.89088018744768,-98.67369597660856,-85.93388034685982,-38.2524308511637,-82.2228793684078,-58.15779191083625,52.596154223363754,-36.47246617788029,-77.37060746536719,77.58285267953252,36.98934204319241,1
63.42562840311703,-56.055449977920624,84.17723156603901,-62.646316745998234,-80.31402620213194,-39.10521967685698,-36.601154711394045,-70.50113718268061,-63.813454433051795,-7.989584174244328,19.591891222365064,-82.66645255285312,92.91439219820052,-28.32551146328801,-92.26763763687853,35.52002809861975,41.622968684374825,22.949433053121652,34.87862746804487,-73.28845053494678,-67.52497298042475,-2.856120687433503,-28.139730043051173,56.5385245117094,18.877143485096838,-25.107340558707918,72.23204576777911,12.83275054259417,59.21727605197779,-56.12537188794886,91.47330117575922,-8.017345817443015,-16.08458866829264,4.113213708712266,-87.76210958066962,33.551575826874455,36.80528866689397,52.915854066039884,58.836786534083046,-89.91930400995713,-7.240144815768872,14.094797502712026,40.92073924158066,48.4709980681977,-16.270226642793446,67.99411950241284,32.63995896956499,24.520402852716572,66.38149582675777,-94.57349029455568,1
46.04434355144983,85.4732818923107,7.886871097587218,-67.08742467603592,-67.21655941128301,-29.75491912516901,-9.246872154318524,-56.01131253340284,90.04927480310485,58.533237009927774,-85.3420376825995,6.752972695861175,-65.43835310287969,23.812503477940638,8.80839645243043,-18.384737293960555,-71.92584808924245,49.9512400719735,-34.82562435017316,1.8758938614687395,39.338576366800226,-46.761797036609856,22.687894067034065,-87.8700955087329,55.08163336747248,-50.57044144725682,86.79501540134063,90.01168956292514,-61.243084857513885,-66.08554817870724,-65.12171019542171,-14.02711315893292,-86.58645731688772,2.217679829795287,42.30698108759688,39.909504613876436,-93.39321464864379,29.003058774980246,12.984621510538986,71.46052882287506,-8.834777719751784,57.7517076405984,94.28977705058992,-31.17799595408117,-83.52985723504926,-61.2383489642204,-73.09445075455145,-36.55683595283949,-80.33750461696896,66.80030615054696,1
52.198152005618766,-92.44309868086407,36.234510087900986,-10.182408566284579,72.04112744134531,-50.701494985943874,14.042061214644576,-67.98953645863,-3.5472233374248106,77.48013805128878,-77.57522404297626,-77.33318016557276,-5.886257514931643,49.91322771313176,-5.1742219743014175,10.874901227826768,-55.660113335190545,-51.17285260024409,-27.82023621774401,14.454960094526498,84.46824079460859,66.8361896652404,-57.88511767293814,18.301635148654,98.17851220563705,48.371069938572845,-99.54523690110686,94.19683209023552,8.521410327881256,98.46227464776493,-16.000471174346487,-41.42588858230187,-93.79247910474126,-15.166640805896932,-15.254540509421119,-93.4980967198819,-45.549427957383884,59.83791239649008,-10.522131245264575,-79.02334252802339,86.82979726936571,-32.269016781104526,-23.947955920473547,-47.58456891021257,-37.92175825367976,-65.18933506175846,-3.2998156689247367,24.07224918123576,-93.17883634939518,-26.20576873194858,-1
-32.23530351543853,-13.212950073725253,2.5957683828683713,80.42677368940099,-7.655416366661811,-44.909405550705216,97.41276084697489,57.55554820386175,-71.40265903342573,50.826295158984095,-42.41408618642222,-30.23782042575796,76.69979977614949,31.91859950911936,33.98299449434032,60.74708336825145,-97.8689912189119,-96.3357340712693,-38.987060574907176,52.676854474754094,56.25865544381821,35.54911188159565,-67.85794934557751,-88.25773910913885,1.2354438605934206,-24.6945241622045,-74.68824452692111,-87.2975233437092,-9.746169376658443,-43.42562862282981,71.74557166223855,-20.068200567110722,-26.461730403353798,-43.27879209777847,35.92390093776558,-3.5638752615706437,82.998954605628,-58.99405808673386,-2.5990608222306264,-45.47743680693055,-19.876361206387287,2.6260381012577625,-76.8256590758718,-34.103818981423515,-87.24948523628142,50.19567685859121,89.43784818877938,-55.002500103733865,-28.19842970723556,26.781112044486406,1
-52.02517744881106,64.5520486064664,-41.107180231767956,-33.19706584846915,-21.568668951754248,59.76210397310035,94.22182459642349,27.21099228243287,37.28724870788298,-96.38012558209479,-5.569757224877776,29.857150038681397,-69.88829360888333,-24.486762648811606,-99.13513228112387,47.38833886246147,-79.36825854033849,55.62011913088074,-86.81028463578258,-55.254192822894964,50.57035817109133,-80.41325963520931,-96.43565486731791,78.67570742235665,-58.21493188592519,61.149150473123,93.04162778305158,76.00399339645688,73.21867262518691,-78.4434166720102,47.842155343072704,6.298502799356925,-23.179354077870755,98.5962813759667,60.51120074321125,54.83294166905611,-28.57042537380177,67.50660781738216,-81.83556508368031,59.369676861702885,62.35229973574246,19.147476649093377,1.3928770602506404,-36.67090138406153,47.83073697363818,-29.753531439322416,-8.607676641835866,-35.26412009235233,-59.28456847420571,43.71602035216742,1
75.46787067619621,87.07889793355974,-24.808018071867252,2.771471853824494,94.46574206207868,-3.4695163374246505,-77.08759132079038,57.99296134795651,-18.24674273689442,-0.2914095104848258,-87.31608641416173,-2.582872909535112,-70.40555111927604,-3.287289340836793,5.498641979158407,49.80990880668122,96.23407846684157,64.99087119103092,-29.035747465033054,59.681971707041924,-28.653264178163923,2.299711957277111,-66.63256403753823,-58.554930184569784,-97.26235156187218,-31.128848534444458,-47.27959640009103,-46.014128091704045,26.047441016628554,-17.440340986517498,-56.43814848434607,4.5756792512155755,-25.576226097300633,-56.859993236226835,81.37506096067213,-40.835945246005224,25.689055318660238,15.493381498128443,62.84581475363328,-14.562365726035395,-71.95775589285455,-11.095343922754708,-15.288074134857553,-1.3214735817221168,54.755381779904866,12.273013218956393,-26.4742615161216,-52.20409616589201,-33.582238459326646,11.571041164959638,1
-0.7267505597527304,7.516227610302863,-8.415084027820427,-64.47603610895956,-42.7775953544274,57.24996564974555,-52.01866961557471,88.65522015392764,-98.73901073616386,-66.85193330868549,0.4631615196269081,69.77156724252896,-65.99859656792368,98.0803136313275,-59.375325275290656,13.852177075986134,30.73406347683988,-75.28287493543333,-17.920880718325094,-48.86434162236475,59.754683412502175,-1.3290843020436114,-42.094883842556776,54.97694942446236,-57.29788751609179,-24.8508866676095,33.04662041171861,-76.32976687521577,84.61339256917725,95.86839021804778,-26.720088327073825,-77.92101150901567,92.64159605388645,99.61204579072941,93.00624367465679,-92.62606823230315,49.75334953478355,-5.063490144137958,61.667054086067,-51.364999914570284,-98.53732258297518,9.441198467773532,63.14468671074266,13.684003699595166,-77.74612932774623,-45.5800074944126,-14.909168906989208,-6.669287094407792,-7.024383594250864,93.51147515454264,1
-18.253165780380726,65.98791864248867,-43.82334538648005,6.980956837958985,19.166979380144483,65.28870285495395,48.291893768510675,-31.779467255632298,-87.39422942574501,-59.165750944204845,-25.15491561635359,-55.802461385029154,-64.59618302035048,5.437404681805575,64.36646633364163,-62.2373210767732,81.82186592893075,-54.24429680176872,-19.40139511160035,-46.654435354651966,91.73847778822471,17.182513226032285,55.972637918277684,-37.40058096939922,23.59835251355061,42.01097769135268,-5.988848068911295,44.981296963371136,65.48353628828016,-99.42664143393142,-27.109492512780363,-87.41159890695087,-39.20242766986783,-62.102717259737105,11.79811354291627,65.07382608668405,-13.439396694348858,74.80440231695306,16.526434814660988,-29.72490262434269,29.881101519427716,-10.955736129236044,67.67864818246301,80.56593924053283,-16.13804509898513,-61.40932582369987,45.57151861343266,68.80021247914178,-90.85502406344006,92.95732133627587,-1
-37.56205268617412,-20.622404355016215,11.140708144060255,-85.82289883817478,57.93890254739756,69.89360519709498,40.58724537580892,26.969546837914194,-18.24967485776341,67.21797058372286,98.57108833050867,-50.221002474038535,16.929936537270535,-59.377799474516024,66.28953352483828,-64.07912965199911,-51.15677130044407,-8.90687778342874,-85.4142466787246,7.885437325392303,-79.88168879100238,90.08922661344954,6.698559899547973,42.532399229653436,51.273038997972435,97.95667316365078,-91.81377736849947,81.83058422699031,-47.63123707704826,90.88229289577453,-44.86177336775749,73.59473987869293,0.2159592153919192,-78.22285885614477,-25.655271761009857,64.424768888986,-80.26852326147798,20.7385425020786,61.04497776649421,-9.385100478067201,-42.896996344483874,5.40547921728465,-15.439328127223817,59.67645951874141,0.7613034049975198,-67.36547504930289,-70.50685441340141,-11.343544249854403,-70.91283934908631,18.375698802066537,-1
-21.81880081889706,88.38111745208403,-49.85363479958911,8.589316914368254,25.128413710375554,-68.84339041212675,23.920664083457098,-1.464832181298675,-15.91358805965855,57.42766770700595,98.55319419994456,28.713377177206155,-87.7346038775555,22.23256963224148,22.616227823983465,47.93020508572002,19.727726082696734,92.95891937272256,26.025278647766513,-8.284221115155901,-57.34259993522679,47.27864550662363,70.37140333981114,83.42440977207431,83.45260662866099,27.716216021858585,68.422368136653,-45.568871696085075,-72.42498982070124,83.41198710126397,52.860135405519515,-96.99614562017705,9.405741953485517,1.1420935884152357,8.477201298054254,0.2759126831357861,-79.17984335552805,7.957257176527023,34.51672424420323,10.893337981652877,35.310024291927164,-55.79010208031361,-22.91463639642859,-70.63514725324369,20.205459237763762,-7.16022688427806,-77.80172748729252,48.46309460481575,21.633596683479723,-75.46864888986369,-1
-97.67589201837987,68.50764587972739,45.34696727066853,-62.57831541654939,-21.145793043143883,9.809539503545466,10.427357569204403,59.0731450323546,-31.2585565789673,-25.981557751466426,-76.96966494105979,-43.23527302960173,-82.4163736709885,49.71621005867323,41.247551697124976,53.660372758260735,10.41528465844705,-16.510184504213626,66.25742309583816,-41.99221158483504,-68.47631863838174,77.74966979359877,33.801085064148765,-17.82010414360144,-2.4728397185009783,33.437553661026556,57.12635351921608,35.33400589009281,-65.93493674837424,-0.1025416335242113,-8.031386017337951,55.83212202626697,-67.22709980527502,-92.73536812303563,-64.13183422135656,23.60930827563604,99.11574910936827,-22.464585881417747,18.120199710267542,-79.02755082214905,17.210825889449737,21.64632745977441,-9.706281707041086,-4.902049755057831,48.40720936504323,-9.517555052271746,40.33647562949574,-37.63842858773958,36.77243529573627,46.47610796312051,-1
75.33072053166902,66.99475713659245,49.99739687599504,-30.226655640964537,-18.12418364595385,-77.8608808608617,-98.5857967323992,-50.37499419154623,5.871445498790592,11.097554988406188,-84.24495642606003,38.735905538546746,-14.488883787168817,7.010436583026092,-61.45317470762966,-13.077444901835534,37.08676494758461,-74.33194567602473,93.74869256396394,27.398825873565542,20.00874886851203,85.41377363911579,-51.952361635593846,62.11981719216024,92.72086424174393,15.89863666590432,-63.801735120712365,-34.3073352339222,31.169072586974522,35.661541954245536,-61.293049697534926,68.65198019862794,32.687269195266225,92.9832023594868,88.34625054057423,78.85970169876185,66.09059472551658,78.03553096741479,25.913776081908097,-72.61920649014434,39.68820740487462,70.28194813411167,-65.43497525159883,23.155307453825458,-58.83130057950652,-17.329593123462004,56.28545837948877,-61.63194075008067,-93.25687515795582,54.67142671004578,1
-89.08691834346021,-57.747416612360716,92.31579420778317,94.20582624901994,33.59452193385522,-28.162489316686987,25.019637686224755,33.037520177987574,-87.95910761002025,-61.06260055177128,-39.91623201325689,-4.341863920453321,30.17039105766318,71.06363104900939,-52.02708026654557,-84.05215105736272,51.7324736128877,-16.428451189257657,-38.46890819551694,80.3925105057167,8.949279577032797,75.18992874188751,-50.5881977138511,-62.68929521468358,78.7153793940835,-59.66508412531783,52.20293039901861,98.86312417345013,-72.44212004154242,-2.974164051331954,99.76903989658382,68.37133326590791,-22.38852180930604,-27.281816418484198,59.17664366769483,11.32402929904353,36.14403596261516,23.469480507989132,16.63049966288095,-48.033568178951015,36.65885192679045,91.09220845316185,-42.78400855574558,57.23953109808798,64.65171636178351,51.18388481077835,-32.515683163771556,-98.68331261714569,-8.269083302794101,8.957793674904522,1
-86.46632761999969,45.904284395287675,-20.795130739530762,14.153759317180288,-67.48273764737729,-92.63350169704938,42.0590942930767,-36.95579730585381,-2.4780900215199324,-52.8512667699863,-52.505832168496134,97.60983204330017,-80.89008939250346,22.183767415974003,47.90527859389752,77.85461794274394,-5.408640084908882,44.47538932970147,58.23654996008182,-2.136600381777498,-69.64159223197018,83.2502008070482,37.03285760038807,-82.21442795901963,-78.42118925264108,-99.44095354003943,8.668755081333217,-85.91598752210655,12.649938921191534,1.1087072499156108,85.23384678940457,-83.83772824614024,-2.8161105563820854,-84.61836662088848,95.94739799967408,50.904232261859306,-11.182749058189174,-95.17747178561982,91.49937234702602,-24.24705020273133,-90.60597405536114,36.12805115947117,2.2493095940691745,-31.64860716542873,94.90094592853418,35.066086136789664,-10.93917400814665,78.89458489338153,37.87635650478518,14.283317978653145,1
-87.49474085143085,-76.4122650251533,-86.71671910371302,52.6493147028346,-64.11344557290357,42.734437401897424,-78.41674942451245,-86.25435968552004,-29.270804797457345,58.84886351884634,88.33958468410097,-2.511642842478949,-88.50474310575098,-85.29375613153644,25.47002841541041,40.85231541350643,-71.59846648268248,36.99201375405099,-28.586558164969958,12.298882352095333,-65.16343913041644,13.112693167744453,32.61394467824829,-83.13393669907963,2.4145571813814115,33.66410006360482,-67.03901544820827,-8.878774388892111,23.89295748100963,-97.3161167938541,-16.475600715782292,39.10667302610901,36.804251161383036,5.276465166741119,-86.50736901705854,-27.204613094013837,-48.77580836602344,71.63290353412913,58.722971732769025,-66.28751699446781,-3.1372109476847356,65.36760308911946,86.29890645129888,75.82305447590491,-8.88015221211414,66.64622751086804,58.15587392359447,-36.08914628920776,96.92023514619152,76.56304864785511,-1
-86.92676848712296,-51.75113279239443,-10.208912504352497,86.56240299405135,13.276360122041481,84.83111732160685,90.5873398503453,3.5309363779754364,-89.9781121917865,-43.003844043947396,-46.5068908330674,-61.45569556006036,-38.5579766896194,23.070067863102707,3.3577814668938686,75.03826976845986,39.65429278289565,-35.32491578210907,36.39831784773875,33.36778156325812,-30.10903338346324,-40.46548618312544,-55.82378714248178,12.735325753962286,93.47879721249873,-93.3989531039191,-18.56754786471346,50.81580957176138,32.34160708693861,83.76835452931547,6.762457461242548,49.71729106665984,-81.27810884522208,28.90391397813724,43.63864295931472,-89.7615913852963,70.08853924464219,46.54235333436452,39.2811692954229,41.39539958191472,-83.92435360585336,-37.293002495306695,74.04690235833363,-70.55909473387148,12.756231634981546,75.30087480050355,-32.229858670997984,54.366858909493374,93.31782220879555,-71.53901667493048,-1
-72.06974904873742,54.930523958603516,63.49965130513334,-39.875888028871586,-34.89640367374696,75.3908577965914,-0.797090948908405,10.83584928452565,-89.23239160661001,91.42299526711821,79.13675175983127,74.7318063383859,63.914721078467494,-40.652912242613446,8.302394650279325,-44.35140774150263,51.9101698981182,9.584101454333023,72.00588558725428,-23.63245560607649,-80.92582537204515,34.52500222778528,-63.165123315374515,67.7355783227894,-80.21750492398252,-2.624451802276525,24.30029690900419,-57.25663007535546,24.356715869172675,-62.86310643041424,69.87532084644391,-56.405907676296316,69.20460678929174,-44.39932667876296,63.75033282032072,68.80007135639309,80.37158346266105,-53.54947069015119,-31.76881729088403,7.18455806947,31.33916110541014,-43.94390047569463,-47.911103700387756,15.466542377768988,-50.191356800684275,-93.6705682660332,-50.85453606937098,7.561868502143511,-57.956308687877666,22.781075154725585,1
-58.71574564787936,93.1219662761768,-32.101216988011444,-48.121678515828826,47.069064362840436,46.87415765471877,58.495369542074485,14.493870848342823,-58.36262619947614,82.07942453765517,-44.01949155135161,27.404702456448234,-38.32369566219855,84.04769163673157,39.672324231157546,26.886360218560284,76.9871665714551,-94.832120382775,-21.453833062888236,-88.06961078855585,-24.32278717419898,-71.52776032801609,36.806461297795295,33.13094120591222,-91.95840369235499,70.78691447357673,70.02786092116676,-59.496619094346094,-18.563269110306393,-4.94369839554345,-25.50013048465412,59.02596939619983,81.77740587998912,80.90094594417226,-83.20431513280697,15.026752267098558,26.81489187716089,35.41411749685054,36.87728789480698,29.98876022739404,60.765221323069056,-95.5116689021166,-32.70112617144656,29.754895110549825,90.66607005373305,55.91153132119044,14.341342576601406,-17.529328345375973,-32.52574199076636,-20.744726519030905,-1
-67.47661213102174,-63.647280447761155,-13.653435231430166,68.86670983986753,42.508853057318646,-38.18896850547648,-70.16505710914889,39.89807491943526,83.53870996977767,-69.05438496972829,91.611153809206,-18.425350668452793,35.72387096866848,66.70861953484851,7.194431652160716,-87.92049019728236,-3.3869991319181167,-73.86026891065048,67.40310320475709,-12.340861558420826,-75.3338060355582,-40.57959037881351,29.367155152610565,86.14744097312962,-59.52886153020056,-12.86512331990022,56.36407442034334,50.0174958145777,71.15775357575146,-69.59642001651767,70.68680872209009,58.66050720453822,40.474036348087054,31.93789581405818,-34.684534972422185,90.75104130973384,66.63278201484658,6.463020916359994,-69.912778892526,47.90162938932784,23.387907151729024,-76.3688229767726,63.97783795175607,19.6882024007581,35.02526016565321,9.963055364292345,72.1054045786189,51.908906051620534,-23.119021298860545,-68.56332522397246,-1
83.84160621074503,78.69181083342318,-13.45901707469001,90.03366815261873,-51.98082074430248,88.23608186985336,34.23247066152001,-29.313940342023415,-85.55034747446135,-78.52714092182495,-43.60309783140197,-91.67052583144822,94.95116809584536,77.62569535434636,90.00926161277548,-39.27670254571443,-82.07170886746277,60.70196952378154,94.61653270666486,-37.030893278196885,54.670251192965765,12.634271618116344,-40.804978574986194,-52.18179457817411,38.20353882176266,34.01735783280046,-11.756421105654951,40.51363240242506,-12.522815048868608,46.145206938228796,-50.86202884116291,7.79609708036881,-75.16427816250825,63.94433299410173,-67.57148926581884,88.51840216740149,-51.641656223868715,-90.64459557214646,70.47634949992408,71.71975412388483,12.926258783270512,40.69836579865256,-68.3623155877569,1.6508557130082409,13.433781052994775,-0.7607089527625703,79.32811302066008,-69.73579123987936,20.267982551243932,4.699704767242167,1
66.18983421101368,-1.6248081078352499,-7.0745858262910986,31.933186338149653,-88.01391337622164,-9.288474056852564,65.54289324277204,28.339077423890757,54.624198380183145,-34.13742899840706,4.788093358630505,21.764794520729254,-35.41688322686329,-74.32106737197807,-65.07677375936689,-80.78464121418492,0.38483599185146034,-14.858689187847247,-91.29992835937087,63.3916114540074,-58.295467807687615,35.64175183368312,94.87150629376916,-50.15954222893082,-30.95738308675662,-65.58974917315292,12.450014028938867,20.874939060275977,36.437749312733075,50.27202995291731,29.723435963953364,-71.76207700549335,84.9481088281845,25.891290210500244,64.97121059278123,92.15633531678068,-2.8896013811670542,92.55438671545426,-84.99575792208212,87.53466672317111,2.1491978999218304,-82.50790810150977,-54.59706962920414,27.814213894656305,-28.62199968610453,85.34555838236486,54.914463442734046,93.86023370367676,-94.40396172369493,88.60585384421344,1
34.20259610658195,41.24649970635639,29.74437603098113,-65.90049564242116,-26.476806709733467,84.10459552121705,19.619268095350662,94.2727716269051,75.1803852893093,-85.29253334860181,-34.18907697733205,79.18570901410754,-91.8849938422999,-32.28380481646134,43.325605070560584,-64.95612338046672,54.99861620456451,0.6895165688388261,-38.17622871522721,8.43047029176347,-5.115602874460194,80.52770798230165,69.65319749110168,84.58839091381358,42.850932639454754,-13.610973478993714,-11.573347375826131,71.57836778585366,-16.516811748089452,-66.67525236492628,-15.112554432832326,-41.96251107728936,-90.15263151947775,-23.16039714725642,69.16026371879337,-69.8650904276574,1.565108805214436,91.26858508297587,-77.44478339487601,31.65148943438581,-87.32348679092125,-54.92974373600181,-47.91267488468345,-98.6582015346988,15.384328638437552,-37.20238746343178,-59.11750879673119,-34.707706453907264,-74.96501565526042,-55.50615097953806,1
-18.91543497216901,29.706831806668475,75.58831279992123,96.09232702196613,-81.4727262624388,-95.87736823282707,-37.34153037259935,-38.163320180992734,-44.93353988765736,-20.278879818386116,-39.08871683076924,-32.666185387646166,11.475118575268567,81.53184841557453,-94.31182050604217,81.0646177983277,-7.7576864582165115,74.63317267014247,21.73950402079616,26.074329708425495,-62.0778072477179,-23.51134231473229,61.700573426101954,13.710534614637808,-40.720399096746895,-48.13878889390146,25.303628011410353,-54.28732142546839,-25.339658214988802,17.58530990703045,59.52997091298852,88.80115491203071,-69.69967004925883,-24.004968193212832,-31.54919872701703,-61.32978471415909,-20.04282878515724,-50.94289043051945,14.698300637038301,-81.88599938918128,51.81795467642374,-51.16240299200585,-0.1947266973335786,-40.40375432140553,90.07688093037481,66.05461051585408,43.8326081870467,-36.391813350118184,65.20953607724559,-73.79017180218796,1
68.02161568783998,-42.62662500344121,86.70486254332613,-72.61684150462189,95.85291960664364,24.534316825730727,73.85528079232353,-40.49735078967478,-55.92496350482421,20.172065767496946,65.54975189369338,12.493985584845618,53.55518929972459,33.72257225162991,-68.605567555789,-78.72637898836348,-86.27873896538529,-70.6825740357813,-33.65208141619773,31.624849797581504,11.13335336451145,42.376350866059795,-72.19309303841834,-83.96142132040285,-23.69291815914731,-35.80222511993618,-89.30813188522617,-94.20301801891537,59.0015970926664,64.26168596993276,-66.20136972094912,-55.39460949651034,-0.6247420457828952,-83.38477432873515,43.97808274792658,92.40133791697693,41.58285085671304,-71.45126186988062,-12.318161978346964,-62.83386919148464,53.02632334180174,91.7781756556308,66.78862789249106,-78.92574051606552,14.80492669399456,7.459607956705526,-54.9557583984795,81.51909846207613,-71.51475810711041,51.850130961191525,-1
-73.35801517267427,40.41943767589822,12.379620600285278,83.8596876755349,-24.438179913513267,-89.31477451049005,-2.330118183861572,-66.28828745593918,-93.8817744307253,11.60012338805035,-0.32069559072405696,-27.204786429462132,78.61606501393058,-9.300577228959582,56.7638891565372,-66.37627788222792,-8.814703847207554,-56.82563062395734,72.78999278369287,94.25305553755086,21.94187360808428,-82.15809100529823,-90.89408854861284,-35.50097364889386,-30.23530759269113,99.72523501469001,-51.931516518193654,-18.895221964563234,-87.78520870862899,-6.652829070127481,-72.2000690580033,-42.019263264828254,-42.20495700819742,-27.48990953400228,95.58553769536866,-2.3049886158386954,-51.381368431730046,-26.883291885561448,-36.19285048709824,18.72759280780201,-94.11901123082806,93.65416162390042,35.54812102003217,13.956063179793361,-23.99806842549617,-34.27026517269415,-21.89049060587118,-3.7071058105708374,77.39076535365726,97.37305952441588,1
65.51061045480938,-54.44433167643972,-99.7163559732169,91.30174924694902,-8.25333457265161,21.99534434703203,-14.081287155961192,-11.944095317035249,-81.79981886305619,-9.086520577362435,28.811095352937286,80.67221071362451,-19.906222118543027,-41.83444656388016,89.54803723956587,56.30293020344351,27.181047072531456,17.42908702418306,25.67489408162453,29.404294273380685,-25.513295307873832,-85.33133015665621,93.81105610279164,30.97477906680888,80.11577382419154,50.462962748792194,-93.65160944459399,-42.113722768690835,12.295770885328466,30.792527715292152,-99.49854124693745,99.17923810255036,-82.84119156543,10.814929160319636,-32.27143480475965,-63.0968200107461,77.7427729856056,-2.9631672063499934,-82.42509012235737,27.86710821233025,53.52793062407301,43.54916822147865,-93.69451010359664,-20.73637417620111,57.40656326898318,-27.61136766546541,-98.04991043154865,49.53321585628737,-0.14885951538768438,92.16279714474464,-1
48.78925851453539,-65.04374302501324,-54.625896733701175,-87.19998344952262,50.41588750591583,-11.232835039496749,-93.74359384566411,39.8151269779396,45.36225154012746,-83.2096778260359,66.58475081978375,-26.135307450091247,34.83681849604301,38.72728724908137,-13.324363312863838,-36.200558639219274,42.02549442267093,55.28193830527974,-54.960211188664964,26.702287614995896,-47.30058499608229,-95.74612764563093,70.72171014140133,-8.037120907186932,18.637122500201286,-35.3760369805606,-55.610751292624514,13.767770387800681,78.17538707966759,53.46182784034869,71.34875417767336,84.49078781998858,-99.36007590416922,81.40547203732592,-37.757767013797206,-76.4391582523146,-62.25865512725732,86.97760054085634,61.70618711436546,52.13308400593942,-82.37506035586107,8.602946724204386,-51.43350930331809,50.11034176381361,-70.236087331519,-65.53931826245902,-46.177731627239616,90.08637067380258,-61.48202023638281,89.86401482441173,1
-88.62372044447069,-96.22382428475306,87.81626097740403,5.118997965674694,52.84870308152966,3.5083610687818236,-24.36688406046217,-22.220559441965705,82.98163413525683,-40.88881588870501,86.83080519143692,5.042668227548745,-4.646417317323753,25.568041820256823,57.3167918462795,89.09143623473054,-42.805153205132164,57.647922671032234,24.21154695129009,72.24347438362378,-56.54084625726226,-1.701975527309017,-85.06840427758509,-37.980262498720194,80.29377266971386,-2.276312589904066,-76.111795795052,91.76662401499647,36.369992360113315,-77.40211946486279,56.930783372429374,-72.02818515053602,78.2724225259472,48.86024292219372,76.39880192164136,-82.25885157659103,-48.024506926674015,56.610621663150425,36.81669288959122,63.9093480812422,-81.08096710435468,-78.78485867608715,78.00980263891222,49.663690934153806,-91.5023933047402,-54.48186861162823,67.79895824119723,54.1014063974155,-90.59545823231707,-88.40709820224117,1
21.417915743750797,61.17823383937085,55.36627388965772,79.7413659149586,40.16049626038878,-27.156591050344005,-68.80657639643803,-59.86349141978287,-19.62583959989057,-21.83191821341603,-20.499724628566284,-86.775314584516,-65.72034579610562,-52.074326301000106,-35.98348464783416,12.804105897554123,14.207523333016653,73.532019452827,73.22642023414681,-63.3442218842635,-63.411746507254385,-33.97762658596196,66.7691295886055,-29.381745713602342,-3.2609333446418987,29.895892290521573,99.12701339551569,45.43909688390059,20.488606400844418,-66.87837023636604,48.5341976031429,85.16173027136244,-16.95951976047742,-4.599334318393659,-60.445950143253135,-6.856278566953307,40.55287408824205,-16.37854085499613,-27.383279526280816,-5.538680870032152,59.20443896044776,28.39211370741765,61.521967873774344,-74.06455838926374,37.20769266429244,-89.80861198893437,88.15500021125163,40.97027987360673,32.72816996999691,69.80325155819597,-1
46.88878641511829,81.16987799986114,-35.36204303364133,46.76602388429117,19.34445787347248,84.35822086477305,-49.824404179210326,56.72214711867355,52.17848992482885,39.9320754609864,-98.31877323834051,-73.47920984738624,-57.23237418725711,74.01248356908752,67.07151719336767,55.09116407995322,-56.67261230560814,-21.114226210329747,-1.2858476644783394,40.39912373520934,-53.92407689466718,-80.21426846130228,-10.719778649453417,58.3405418385685,-12.32058891901606,63.862666056203665,-44.42403532774666,23.19291105253494,-52.87750596920364,-71.89079285423816,2.5046819212145124,8.033578874419888,-6.418848121057351,87.5383225037244,65.18922711106748,-80.63618417517745,62.868499756741386,-5.864913457121617,30.271453040692734,-42.06551176275715,-97.60884904833071,94.28516955215395,-31.629070893702632,59.661760904887274,-1.1382500484962321,-54.87617896170007,34.60986169273136,-87.06498773233476,46.05455718573123,98.02728005863509,1
55.28948929994493,-85.61865653671089,82.12250147452104,-10.788554867111813,30.31852129614495,53.06258457839331,5.438414217555689,-11.628075237875208,-90.48306687243218,-53.84255542463028,-55.8905852187046,19.59732130326887,42.29121448960751,58.00475016775829,-91.32965651870242,-27.8296068631484,-80.80684451958508,84.37368817496798,44.32455253135586,-35.40919641624963,-4.590461195540698,-90.01423793369273,-76.16518338247167,-47.73175084899874,-84.75953090056734,75.70681456379668,-5.2748657115956945,50.944698022904646,80.12048896062694,42.38958975488799,66.00316855802143,-13.653833295656455,-34.0878584928886,-32.0352675266046,82.3983343666921,-75.05762930149346,64.69204903191644,-41.44840143372252,6.464514891706628,-84.92098720322335,50.09420908736223,76.51962647041537,-33.04103114176296,17.8898889901605,-99.46967838682308,-51.13452237589193,65.39249945231347,-82.01224863511771,-88.53517717541013,-41.52353370441237,1
-48.707387796646806,-72.74988698160442,-25.029545440639083,-67.92817887921996,-53.02525978249992,12.524100242822072,-94.81232875026224,-55.03758184437044,57.5238699352272,-18.70703471642237,-82.03923968519142,-47.1387170298865,-65.96991060294262,-22.194112957104167,-22.082657177909113,91.27623144646645,-33.685304344742036,4.833995868730611,49.24739083372444,6.574649975079865,-27.63322674392039,-56.992155440347126,-63.787211266137554,18.16555932284068,-31.102826971173542,42.62891370905896,27.650435654105493,65.7869104007737,53.486907874389374,90.23123404145889,-15.485378422696215,-1.1683125841408355,9.97469284031996,-71.21613170144445,22.250551967135564,-13.665457883239611,57.32762297873592,87.30050255799819,73.56202614572348,80.15982495818687,-69.982689090509,-19.583974521826207,-26.959378935949644,-25.052824833804436,-0.9133203956888565,-87.91387966643707,85.74818313159514,68.53475258076242,-39.057219077010075,39.21252444094242,-1
82.75768877465185,-21.00194589019351,-27.234991840455876,34.12116194426909,-68.45847105760974,-4.467271549018605,52.50585045007725,-71.96357815909124,-60.995657067860655,13.330602001030272,98.64864311536383,99.56351152146974,66.58916476340261,6.742549767386791,-72.65975174377837,2.2048410144013104,33.386676292224706,71.37463845811806,13.781626493397695,-50.522634696512235,-40.227508169253134,89.61589777553033,43.657466978935474,-96.85529216223759,99.25844122221196,40.0805252531332,-6.300148336316241,82.27255680657865,61.82077546972843,45.49423210790161,96.0803471109827,-36.24809051411677,-92.99005209674982,12.12073792144892,25.907714104321244,32.90691840572782,-42.564838616765584,72.38699464709478,3.9427054367524192,-83.4760810798725,-86.51804631695997,48.70227499295416,-75.72849422864753,-84.39839511126797,-2.2234541481631425,-59.48673727965037,19.086517368692597,57.89134937661572,49.12829224366689,76.59587956199678,1
1.672109383255986,-61.77887546177101,-14.665203876839044,-13.477013425590869,58.07364497301751,20.47340786965593,-78.54960863530579,-54.248713102329575,-2.4147710685890473,36.5171108564671,-3.3329593938612874,11.650596973511739,40.821151945784095,-58.80814278389182,-52.372051616270234,32.93740737487775,8.11453103526756,62.89595321380011,40.41138672600863,88.66912047153451,-32.39399822032918,-19.057684343245683,79.44978535834224,25.769377894232903,80.48582404279367,90.20026646824499,-72.77141685582775,-90.0237793906178,-36.34952323506695,42.60217830542413,-42.23955636457579,3.020319653339044,-54.99396803089742,49.66469996708048,-91.11627290531439,-98.69710011808837,-18.561555628942884,-46.528650351068165,68.80092691399614,-40.760080190261164,15.910483642025497,74.91185789749142,-79.50636980596148,-16.26148558635714,-32.589070377872815,-19.467183960263085,30.79944578374375,66.14022034093364,-67.76459237190333,99.55283664035278,-1
54.08148356155863,89.57131345073213,83.09459751470303,-84.88082496767974,-81.89602041015735,-9.495055155456228,68.64167567991271,74.42408099774588,-51.228646116057334,-56.56606860107725,-63.083066594584295,-91.08603821838967,10.501632049342533,-60.23422453354219,95.42999372147699,97.15884759662168,59.19302334497095,-44.86967678002998,-1.0042464104767816,1.8317544746148258,93.52770584599705,82.20066831492852,-85.58541769436056,87.87678150743571,54.38612085994407,-26.360740105438566,-76.34568416840585,-58.783018754087934,-19.95214108640235,62.82491281294426,98.79474198006591,-92.6794260654624,-3.2402317988872653,-27.938195693023758,8.714805301737755,-69.3309216831054,-55.188416177048595,-93.53586730713342,73.86532207899313,-92.52718924779131,15.67507970639457,36.856890190670015,-32.368939076687525,62.03756069757699,-34.2016620778888,-69.3528060404714,39.29865572135856,-42.69677564471861,2.943963596723691,-43.26280500898703,1
-50.55378511936459,-58.13032012318025,83.5049454460696,-82.34350028301671,11.234013609950694,-64.01716067786036,-85.10450336219289,26.581782988101395,-39.04157317040844,-18.490113982783086,11.297876524559285,41.94660311812919,18.451826983313907,85.8685244857516,1.7355849514902673,-2.6216926545540957,-85.13239989856898,55.3463016846749,67.3098133095688,64.38803119061228,1.6098111921300386,-49.965235730529265,5.07977540694084,-16.400685376419233,-73.34031562466465,39.43029949247085,85.19244248042733,-71.55394699007343,84.40277249955696,-39.85957662995159,-99.34870041109419,-48.5424243870435,86.87354173619556,-8.27674095813218,-15.735207507476574,54.76943152597505,14.220175100457453,89.64889251597273,-15.531298755997241,-56.598965470439346,99.86428134301758,39.67310475166062,80.78427018764117,94.62287772622179,-17.125583582363618,42.38682136102591,-56.39462545019305,15.61554886691387,74.55103295294055,5.782619485938227,1
52.73845387006412,-16.150150136206847,31.919365411762982,46.08725887073825,66.34422509863717,-88.09278689316989,-86.30306711111845,-32.75730118563038,-16.23940281274558,-19.495442233534106,68.31684442528447,-38.15912322182076,9.62262578040638,95.9539590753717,-66.22283889050829,-11.151262569775227,-5.654919486239777,-95.37358011630953,62.00913590772532,-74.13404046832348,-83.794332309607,-50.84732528267632,-30.872157078837475,14.756135074446618,45.94135129430447,-33.59639481346028,26.89857337734216,91.48984235617462,-22.233711244887516,52.42283941815049,-48.092873988663996,64.05354886561517,-77.81327922937223,40.26215343751775,-30.035137096263043,81.26047622487289,50.67338504755645,32.45727273512776,26.983416009741433,2.8497259643225306,0.7594982363965386,88.56014812257803,57.11351696684869,8.298748400475247,-1.0412714520964528,-94.44862536511167,75.01807710976928,-12.164313392201535,59.31383525250911,80.51258220324411,-1
40.81595361984472,-31.807605271402295,-76.42797826404598,5.4449503200791725,-72.05796187016833,56.00602151866747,-16.18560837613225,-49.90665243690844,40.96294484629249,20.614940820848716,97.29169894438837,55.033304685459115,-56.71426082534554,66.82747409555597,-58.310062450156394,-96.26896648192755,-16.01354355353007,-58.689030955556134,0.44592765809754553,35.03633153208864,6.868729559150282,1.2706825846100998,94.84847964262843,-65.75564990774234,-86.32548687543,7.796235690563563,83.6842029641393,58.72654739449666,-74.08134120869036,17.396220332653158,-78.75527963675653,25.30366243510113,63.01475057192988,80.3925692183904,-63.6694910346782,-51.11200602231343,-22.00287671981529,94.95528626551166,66.46257079113366,82.23620054072146,-56.266800281992644,-84.89450985363392,-82.03670044810193,-20.83928964616814,-48.8685570739019,88.41120285322901,-8.214687491314038,-90.89499305296995,-27.695600821255553,-90.13011433349448,-1
-38.74927584267767,-8.07344912870795,42.02900751930068,15.62813475242406,67.71207267960352,16.794930457653393,13.523964246453886,98.48888990143277,94.81138257403038,57.89040019867406,-91.89521198853868,-9.129982318375667,47.974134140904965,53.02048388920332,-72.2691908614614,-69.93540630100705,-87.4013087569961,-82.3915756921748,8.411811440800562,40.924234085919664,-37.430071600676506,94.74076594769451,-80.38251907185278,-67.1549386670471,-49.169653132155354,53.26199828685995,92.6804474907224,88.19899044608675,43.47277675190554,58.89271598577852,-26.31186860372469,48.2089894412679,-78.40046772319639,-51.97853253210975,-33.25072757622583,60.37745382454375,-9.546322635930139,4.168864595979159,11.504458624290635,77.94624240025081,6.374636971724428,-66.35143081020325,45.71385229126298,-94.42725215589951,5.561285705605343,-23.698476793177264,-70.78250168288511,-47.95477878690539,-14.275228426735168,-68.09134022800481,1
54.46367834712785,-72.86770656792444,-68.1433925301083,61.74307937708795,83.69033438542445,10.573363907375636,88.57775921128083,-40.18738035666394,-49.06567289057615,-33.8416060567599,79.59650642992509,41.15218002595353,-16.647670844296442,74.571178876466,-4.45777418347906,12.081468741892536,-62.03668044068391,0.6696904041587146,84.27299586852274,33.51920761825289,-13.971661206584756,11.290587651964955,31.11747239571133,-66.4230420446691,6.00208838590504,15.448506651480628,-69.52596296648919,-66.6211057461853,-22.636540665594936,-11.66354080884264,3.0384394231465706,26.073623823928088,2.792874215756953,39.91986883380454,-11.06498416329164,83.65671159916508,-62.08349389434606,-28.104632477612796,12.364816012847896,28.458885800936883,73.31803948641414,0.42465787163885693,-94.45145973783819,25.319987934680867,20.865940935936123,47.60754226317218,9.81295420972721,-45.64629106910911,81.20712869229067,-17.33652878032126,-1
-21.288932778736893,-63.86901958176594,96.50975230791988,66.64585279756113,-39.52692152198662,-39.93107434967771,-26.774400666082386,4.211193726445472,74.94098222031738,-27.832552992285827,-4.908779398957748,-1.9860578824515898,19.38291781243622,69.09611558686797,-3.460988021281537,-84.0036161124683,7.2121924795950605,15.590744623457994,-13.124347733484782,90.52498712990342,-60.09020165849659,54.326473685829995,-83.33768770254156,-26.049910437216496,-54.52607066662778,14.152895897930847,-78.2992223746876,-69.38308135409483,-97.48000972982649,-5.769854389824133,-85.8348559469193,95.07385182159348,71.9390927389006,73.47394748674165,-10.80300478399488,85.81746763241037,-43.39216758075282,46.34909729864907,-70.9488745719849,60.14518746998522,-52.957822691010016,74.50192756760396,85.11939545705627,27.352118146249026,41.985150483192996,-57.17234235026814,75.09511669864816,63.816273191859636,-28.855998220458545,8.888001387887783,-1
91.61469602387604,-53.804137894387274,55.99244047775588,-27.399710003487712,-36.029392214057985,-32.431876185030475,88.40505538181966,-43.638955377221244,-65.29216024296872,-6.280298254232932,-58.51781112453678,93.29206746582295,-20.13950217988112,79.71166594617384,20.55547139290279,38.72369005708916,58.39724147154078,8.642303312756098,-82.37815193455819,-63.939353204278014,1.9085432313018913,-98.66483100930192,-33.639897235078806,-2.1407443465913474,-34.929524611793084,-93.67395683484654,1.0477465441857134,11.189469606900488,-6.794229769279752,20.484929664470258,-57.61302994323088,-17.53883570420811,-16.777050756560158,-31.71044488523745,-71.81771984501997,51.15966592467811,29.066860233651823,-67.26801246470993,86.51537673640425,87.89913147000405,5.571160832476551,17.433586649939798,67.34949693993838,24.61730902553117,15.574623191339711,92.84852727865737,-54.83866142368468,71.12046011742183,-39.3128851091991,-42.52427310288027,-1
-59.629309575410325,-74.77246839676958,77.99317374933631,36.539700955167376,-37.84867835928844,19.901965884378868,-4.526529230681618,-57.37100235893049,-82.1417754069872,68.87912256787848,-97.72647582106914,53.953116717839805,21.44936324332727,9.32907882383256,31.184802179895428,-13.3898618417347,-33.52577934257938,38.82210578667295,-23.009625882105993,48.11281084666251,-28.388573106125165,-59.36689355494265,-65.6338353088411,-95.58579571763168,-34.72324569111875,-31.938787908701187,79.67297492493196,-60.37953493587842,40.05125940550985,-44.02157401040998,-35.869906786958865,24.788578078442683,-57.287142234831734,27.12197643492425,-0.7914405659048782,-92.53093333377413,-64.3864010314021,52.53839920876368,2.476235662722985,-99.56009601624032,-49.654317859136675,37.093006207966624,98.44115621114253,-88.07047473326834,32.754443089304374,26.297675890104458,-16.359482224904795,70.6555310805069,-43.039978171000804,-57.54903305237422,1
-76.68338508886066,-65.96947177109662,-61.85654939905094,68.72760256915888,-31.97159585044858,-90.72636623726997,-42.00198391726453,82.71861630905937,-47.92709489956226,97.18805395562737,57.498809326780275,-35.87159729007374,54.82407651881093,-39.640738433241715,22.22555611319686,13.55425856517951,-4.511099023817948,51.96351956637889,-94.42932788963188,97.30669808888427,53.22878011216639,30.070053505165674,90.11308889995675,-33.31730134015626,98.21949110894309,-34.700127424988764,45.28491991071195,5.8138416622164755,39.503872091347404,-43.95951058813354,-81.52900210197917,41.12744726693023,48.47258942331828,-62.44636829201819,43.46354173559007,-66.33496252306963,53.7310034355788,65.79243620056647,49.781387516360326,-4.6519830472649915,-4.725877694902664,67.94295106624989,10.160670189312356,15.854452908878372,17.06505901374149,-98.98712763713924,-21.907522409274264,-47.42785595117211,-54.856367509560556,61.90433562377004,-1
-22.89761905261554,-57.85866698501876,-3.329139388220213,-18.765597417702807,45.044632557027086,69.34222446650381,20.389232514552646,-9.481994892089858,-15.035873412907947,77.05702360240448,-58.96863707487816,3.7077167289671706,19.208534771950724,-94.05897379249947,47.25298882169827,-88.13145916164339,7.270268407864606,-71.7018427406831,2.7972164245000215,-46.07881093404023,-12.976583548276182,18.503541127348285,-3.115224847199059,-51.155161016312704,36.142210894376404,68.68963288926815,-14.70905466420784,-68.54667830994913,-79.57763979202781,-98.53656983651355,10.613557238318691,-47.47054940642001,-35.90903941027541,-24.89583213119559,-78.83151840923225,-63.42002512437301,27.71110025033066,23.74556970670166,77.27094038691766,-63.346611977600766,89.99674202098706,99.21794043176774,-40.048049150257995,-92.37276158792969,10.92369969246208,-38.17372589309797,-50.27977940007165,44.499224997451904,-62.942354560142455,99.08901311904415,-1
-22.434782016613752,-11.74513264998626,75.81240091045004,-90.64456996197734,-75.34070672575044,33.112431242424236,39.54264691441952,-29.66878883096409,27.179783113769318,-90.77274824299262,-32.710754045464554,25.99592232258587,-76.00076616701826,73.3535174778408,86.40259825532073,-32.93604345243422,-87.60163245979476,95.85623725018394,-33.96940391514012,-23.232016941008226,3.9877755298792152,-90.05814177892677,25.015121444220398,86.19421431013481,-53.98651324505319,-12.362795708069527,-56.106851165297215,0.9142244110836657,-4.196738749697886,86.74147369427985,94.727681797857,-49.925164503791365,21.008265779423112,-60.15954904918574,34.257036383975446,-79.64953309584033,66.80724509681718,-30.382422144065586,-7.5409264303219175,43.03805658120413,49.62127598390285,22.96806542534162,-48.63058877391391,0.5337599880489847,53.692961763605126,-31.667660579061717,6.313413469523027,-98.58959028773016,20.798264773834177,98.78313115717944,-1
38.487230264873915,-9.208233390428049,-5.439107177455057,-24.018091035175942,20.68597169895341,78.60298670252251,79.01222076979707,-11.126810441005162,-94.28894783269392,15.488536303055227,-52.191908130821794,-97.52005443362266,-49.945877523881975,-84.30093372190485,12.421038980291542,-32.12010104958516,78.47692053429984,66.07551673585729,-91.25401522122438,11.707791348578027,38.890005601859656,-99.82036826443507,-54.70595291838738,-65.62679791685322,98.71109173771205,82.49632987921532,66.17707515211728,23.709557417366824,-92.64077338639385,54.828281962427724,-92.29607339783688,-19.967797068414228,84.97316921660868,31.25739953286879,69.62058786113857,-52.476850615528534,89.28939972595583,-9.670276941324431,-2.5338598187360333,-70.43671692193189,75.71168169401997,15.324938370935428,-17.267185689507272,14.21214720435215,-85.16429876650544,21.986474907401373,20.752679382501455,70.22550130050811,-83.25910249728679,-46.42546843475446,-1
-4.0122330565752975,-80.52465417839916,-59.1066559604849,16.046257411991192,42.50821110872303,7.7263295064608,-10.117594140710693,43.546344256973214,55.79416380336798,21.511576488498847,-67.08308145820598,-50.00356681660516,-92.25623073260665,-63.911216425382044,80.11896283903525,56.665548772244335,-8.404880490171337,24.77757601147708,2.368026320733563,53.29119854933387,-19.580436377122652,-1.0633541691435369,99.14978144790183,-25.924334127907287,-73.95091431451334,-92.08362895181648,8.6123775777113,-90.25268323796128,-63.069624068828745,-57.50664563787746,-8.49648222582043,24.466923032384088,82.87298049049002,34.16404326457646,64.55165795846648,-7.958413277909642,-33.723380474337546,-75.82413267719625,-90.73526696317829,28.62293700924792,-82.5457796142266,51.809129958966594,-93.45662759732976,-34.21025323267072,-66.48697025733279,7.300878081470088,61.14340262538667,-63.8240178090085,-2.9208721993402804,17.131156504117072,-1
-5.2380343204106765,-71.77477634013563,-34.559995592214165,19.7933272647751,-68.81296973678434,-46.326829032350744,35.595466669195815,-74.5246552362665,-6.840004300405695,-24.965444614348414,-13.475018345170923,-32.54590689104451,30.41398357425672,18.12134588457586,-91.9953923571151,7.225898714717417,97.19691581252442,-6.0078490813477,-5.014452134165495,-99.22290130192862,-99.38572405086323,0.8659433636190244,-87.15580288865897,26.323735262569144,73.3531634410717,48.43717365981075,66.21930041876502,72.27741390587386,-34.51078879904699,61.73166303533631,82.5373368817894,-65.02982859841475,21.602393314300116,-65.3440431616292,43.242628445164144,-49.35002374273581,-94.86223894365553,13.223572364493606,-25.263618261669208,70.33449449627867,-26.05830556655826,37.37419393441294,-76.3977524009369,29.96592543249446,-32.54496887320768,-28.69960666991416,74.35054390741104,58.61940999681366,78.33883358831304,-70.024601018362,1
-19.279799527681746,41.012656841075824,67.92489917231214,-87.77940870267929,68.38772612849715,42.75809009832224,46.03220096866235,7.322064659340327,-80.23150166628146,43.381519023801644,99.92990686810651,80.69428246632563,-60.20135531564226,4.062953492800219,18.41222703174506,59.14803617470403,-10.654863036479384,-64.69111305739037,89.66703973340381,-26.467291460431824,46.2914884456691,51.030436621707196,-69.59463162258001,53.01618886523775,-20.454781957044773,78.50136036317028,40.08865654939129,-94.57643331745618,-55.80991058324116,-44.44789728384897,85.56879170898014,10.646709031005969,-76.10438340977963,-96.83531389252673,37.75962194468744,-39.7681272160662,-5.7790878225199265,-33.18723444952714,-58.66649190518294,40.92575849338175,-22.610305306047906,-93.53586269075318,-60.984807458622356,-76.84577023081474,35.92222257329814,-75.70737018795344,59.49134003966691,22.589004564511143,-20.424320460664163,-82.33950463633502,-1
55.31937055834834,-81.03016134936878,74.85037533686722,20.872294992240953,-21.921125386119144,22.013667706673516,25.826921266194176,28.997107368076428,53.088649689796995,-43.29055469772622,-79.00328771149931,47.102661616847996,3.0497411563852097,-27.632902838721307,81.25421562798508,21.86267225309244,-13.992590874367508,-25.751749033079534,-11.014965818801585,22.72896650931426,11.268487165746109,-97.72782680660596,-29.571050845551028,-64.94649609936349,13.062682240697526,12.566621793926828,-72.5784929486561,38.74251911317651,-77.68625496480053,24.650727862949154,-37.54720733865222,15.772797618797966,-61.20839009962668,-12.048689113567463,-67.56280945042013,-71.09448584134657,-69.6196146607196,-70.8860347035116,-43.361729451031565,9.501358765960816,-50.772891009776444,23.858933337419487,-24.110475709366042,-17.21203529716358,96.0650583738078,41.603604939780865,57.728746810951634,39.63854186355675,82.08181498966627,20.76317693115351,1
-74.32114210917496,-23.19618520700837,-32.76806700298023,30.62613405793121,21.847671114384454,47.380402318192324,43.40348027295323,-13.35371578099118,-8.565900141963184,39.97415649624307,9.015565135185753,0.4922151374755117,-9.160389553638097,84.96980524910401,14.940782428586402,50.77731799924442,-71.82446412333421,-7.745171800343414,14.726113114916785,-16.3336004221718,83.22725036587309,-12.816287952569866,-34.587993176043355,-49.14870796038937,-89.47127714453245,60.737447618849956,99.50502563041192,-15.83118759783568,99.62394613287117,-39.74025655414659,76.04846494872172,-90.32365371308481,4.0702806273197325,-4.014506586325936,-44.75971147058713,45.8556872132003,-34.29048247494835,-8.110845984523323,46.73379853571615,56.16700798260885,81.84290092919443,-62.764418057403134,-22.026254447160113,-44.21441253581153,-12.828767131066016,-83.10476432063115,-80.45496615274519,-85.41317338963093,-41.3595764120861,-36.23441763150137,-1
-15.029831426382614,-90.14526928344571,-47.83296743920473,77.79045113812802,12.139563492853213,30.806601396314818,21.940736952325096,18.541548660076984,-37.835574040021605,-27.117545748869503,-75.029624589934,61.85006351144273,62.000815150781506,83.6796369968549,63.58640437548172,60.74742084952288,-79.47871418121252,-94.10697879860427,3.5091254613470113,-13.876125035043785,79.85076880116628,-38.73891613812353,-83.17352250685053,-70.44120196611796,2.0976541488354457,-88.58855382846622,-27.676810230974354,84.45636808103117,-40.63063213218368,26.875326529207186,97.46164430019522,-33.34411555147156,38.62289953458051,-34.53028895661883,62.136714550376155,-31.423346154789925,-67.71674678766826,98.1022519015768,-94.16346055091738,-93.5610477978136,59.35821363282065,74.06526270551495,-60.43227760220844,-66.69201098301176,48.4065273544461,70.10639315346381,44.01226468514682,64.42730070902871,85.52256304961719,-62.90537976095305,-1
62.987945708107844,16.147427959470377,-8.418118607056925,-58.599833688390966,-68.98805571751731,-29.37338497131752,-48.36100666879122,-89.84954177530444,-10.116882362683484,5.5699031599543645,-95.15482307772247,-66.09472624798123,-85.40925208337143,-60.01747076469306,78.5494546570718,18.341027071464012,-99.73906390524627,66.18900308429247,75.83723421704056,-71.90250367887354,-74.51242318795268,33.18195526572816,32.271221532096206,93.40032636265911,-37.287675357202566,-32.2974555837461,7.473059949784272,79.2340813539432,16.625497647314262,0.9792749387508479,65.48841767236397,-34.365340594963456,72.70914156344651,54.37785081053488,-5.091318267569321,64.61255703056293,28.513923580547214,-44.43570405500192,-60.39737391849786,79.31391518005285,-63.30921468532937,14.439013553330142,88.46163602447953,26.64275527763222,-35.12034291915329,-96.77737597928994,36.87921059911733,-21.30961001758355,40.47861410596957,7.190577379175082,-1
42.79052650131797,-85.16476088113755,43.36744134678051,28.297494161117612,95.85999948348106,72.8549520681417,-72.51151482856429,-32.54335283510876,-18.92550591243294,17.96624795557888,4.960219329996278,-71.08562591718264,-50.74673505333751,-76.91252942704543,-40.380760014070916,84.18332814083854,92.93256247231625,-59.224572100217856,-38.81225618059467,18.868490524335584,-56.79701887391477,85.42487586956312,-34.892055972656564,51.41690790101441,22.99449304150596,60.01496277064308,64.47197830137739,-4.142233749544204,-90.82290838491139,97.15442426406881,32.483613025175885,-94.08320539555434,-32.07050853496361,-21.783444769907263,-77.30628978358723,-49.99730479034121,-88.23755646414067,-52.77256772376009,28.773501940640557,-88.58513707755024,8.331407213863898,-99.64331735950773,-68.8827749223808,-34.892179148746166,51.932597304620174,25.405465773100673,35.05580764707676,90.0739279500547,23.55724673934583,88.27271020251439,-1
46.44497728191223,22.62324781384831,-37.04287525660841,-94.14125899892586,-85.29834463946494,-26.369953504924965,14.631502343503684,-36.58499372472872,55.38203047686662,-98.08980090674496,3.36287104650512,69.169752311297,13.08731790179219,-96.15293239022753,50.69326144452444,37.60803254184492,17.959621093552997,63.38750706670368,38.876832641744556,63.7084090344276,60.18169838016007,-50.03510233724002,-71.99999491696256,-39.80710303003483,-61.97025422558837,-58.95648401394731,74.04073352502002,18.889241289089952,-88.40641537301353,-13.246722952577983,40.26105014646399,36.45852025637882,9.073164478312634,-67.0888676103718,-51.7748276887392,-96.14624708930464,-86.87710670076301,-91.64832379098802,11.619018034541,-44.216200197475565,-59.25767731355418,-46.54305655763898,-59.069347234155245,45.03213664935711,35.123221542145586,-57.90981670354287,70.47892289682608,62.33686512028373,1.9906403123099352,-24.97720782290193,1
-87.59171660868914,-97.62573066612813,87.1310258819089,17.82796317554471,-53.79476483114141,32.967181273746945,33.83263802234234,-29.384564311363846,26.207074516934313,-18.484957673167884,46.38840154001372,-6.9797577677195335,36.906512043452466,-44.92846096198115,60.25070376582485,66.35985745398779,41.86698608333535,13.002149862286274,23.470822326448527,-68.78736961704506,-48.02747035004269,82.41229292405819,0.5901881456642712,-40.197055268114966,51.94011194943701,95.42090887669372,-5.686514144740656,-4.307267369882936,-55.05324867743398,-2.929334003224838,93.24856507382216,47.73721786601993,-90.9146424642367,80.87006963602579,85.05428806679762,22.188421510336383,81.29665113662062,43.67875206604927,42.04567273067792,-22.36023472728826,26.563251320977074,72.84061803893314,-48.81543096656997,-49.816616536389205,-50.250622818421206,15.54664313592373,49.80974073993542,-24.042279455436415,-61.12096163914116,-62.21175673902388,1
-49.64018821860945,19.208719095529432,83.39574980370054,-49.43275938504199,-66.185639488647,-95.61389151292074,-63.29165524687011,91.09762609345208,-15.529298186223414,-1.617642444980973,58.340452322657995,1.892906041524725,-71.09034195534949,-8.53638167048068,68.80135124548704,-84.53442835891411,-45.387921854026445,-75.72251867229696,37.660018425961056,-77.36684169130797,-4.138920029067023,70.83195749675284,3.7161924632277703,20.94650626045076,74.25852147556608,65.81821188856563,-72.16708396365698,-9.327149265672347,-64.25578330814497,-30.109081574433617,-69.83144997167976,-69.47023511469882,-0.7138913521541639,-24.017016941736742,-43.786453075063456,-36.39998030184064,85.67596338070084,-29.031826535885457,-55.785437751087194,-99.34630554914057,-19.38594619552694,-34.665310159911186,45.76600664279118,90.0762403491041,49.28710226728373,10.303907519046703,-63.257433073266746,81.71384537877586,71.58436521334454,-96.6304948532189,1
36.65907532130103,-48.28854727195082,55.3280148745246,87.28928456235144,39.91929056354701,22.077436097393743,-47.70110225602566,-43.41730205015024,34.019077500167384,78.47087655399781,6.796817681370683,99.8151910402353,-13.151015601868266,34.59076509252273,50.62207018212598,75.11419750758952,-75.79252362053195,-39.634511502411286,-71.67515081120305,-55.457181966835755,22.391678942422928,-88.28149704323025,16.74647663747895,10.5086183228714,-18.604018546487367,-30.162736677290127,63.03399981226963,-70.30116821859637,-67.25538605690575,49.484467943312666,48.99618732198803,7.728209573629698,70.8000618959158,-13.870195539135636,-91.64061933314495,-27.71090260920161,-18.920630293586058,-88.87453796251845,-49.31168819393865,33.29579817615419,-97.96730932800735,-67.86567219004753,-25.298398075954267,-96.98463370567099,41.28759883128734,78.92028875193085,-5.798173940996392,-66.38060123521058,47.56636972683407,65.94155374671229,-1
-5.215755976779462,93.61450058193569,13.088699913068538,1.0315837256333396,57.26342893985242,28.357259540960968,-34.18134676171903,-41.520137275224855,-93.02978597659421,58.57311289548929,-47.54360662765118,-0.050362478579302206,81.20341897681084,68.65500200201805,-4.274762368864543,69.97251928010851,51.97105831572057,-27.528537545535656,-18.950534206715048,-31.49050446541777,85.98637191263413,70.72283209662419,39.35968964597052,10.909454299625637,-67.34668120020916,-7.3394973657147915,10.12975135345701,82.02363270049219,90.3392815808331,41.15499024604975,21.912226647036277,71.8181189183619,21.151236388458884,-5.25733708876011,-43.538735009493834,23.884169151579272,-86.04290125084826,14.406715321992536,-44.74314472915775,-67.52972525882922,-23.696892999061532,22.035998220451987,-0.9519297996778846,-61.25897423883131,-82.47255840674612,83.88535232653695,-46.36381607039362,47.93052506122598,93.54076462042761,-66.2292889156082,1
50.18795967266365,-50.8736851902371,-15.892461986224689,40.10139913577606,-70.71469167021999,-3.1347395012986823,38.034149949420595,-75.34203764899439,-62.859870762924565,-1.7222368005094495,65.40545983234122,19.112260877341797,17.443073360403602,-4.832651346819986,84.70984661307907,-47.85404290346229,-48.29814019035257,50.58636173427672,-33.959623579800706,-39.89786103641093,-94.06087615730088,75.84731394222428,-64.99345022245095,93.42798629995295,23.54322931230351,-85.68918597852719,98.25049571313141,-20.88171306402613,95.35872046281409,-38.64536659662099,-38.572844430137046,75.25203156823065,65.10593217976071,65.35836187494525,-87.22258462097318,-17.02248917993208,-3.6674013656340776,94.43036877068835,39.363310421438655,-65.69620270883969,-89.4927623817245,21.422391436472026,-82.4771121601227,-33.71272122148498,5.375654416874781,-45.280760560187126,-94.59649262708957,5.276529232143318,-0.4665943184580357,-20.078414345676407,-1
-43.992534089902115,-49.44682800976719,79.64470376643243,2.9004329714183967,-21.786224169716036,83.9762045057573,80.65154826812363,41.554269781748786,-55.87807147169646,-58.84567254570201,0.9704112254326844,38.62236762919403,-46.764547483369135,85.62554491775126,23.032091166967035,31.140303122844898,69.93671008644117,79.36814181410404,66.14697375662772,23.098301472650334,-90.1144561284884,-28.792098322310267,-36.3754641174298,99.92996492948359,57.626991973757896,95.25989622237029,-19.089421582297376,65.12935122614815,67.39900958462343,14.419921135232514,-94.51908470948747,92.90763137651425,17.861715641975223,-19.643622741491896,-56.36334423400668,-67.08133256063093,14.149415764649149,97.8449684906085,87.27366468285695,-34.7169666381959,35.28018445584695,97.36387553966509,26.73187841837587,10.122657503823973,-16.275430387179753,-20.23070506666484,28.213106737780492,12.981973848895947,-5.137855268431338,12.800582430451414,-1
-55.23647703547538,84.65720420278714,-93.92051703769478,-32.41971484498738,28.52675469717093,-17.577530607046384,18.384028075453912,28.831857158679526,-12.177761199882326,-30.335473693378475,-48.90475282728413,-34.429882850759896,30.59551680771304,11.232330208480306,75.55646455422766,42.122584972561015,18.01422423045898,75.14016562441915,80.74391751579014,54.419598225323085,-80.19975962374738,-29.719664905906825,20.79149087952132,-82.0608717499093,-45.8681511880618,8.35358364877763,47.640404023641395,98.67832061727418,44.37593242685867,-79.80099097229328,30.09182671313647,-83.42139068042371,-19.304331624443407,-30.83391564798403,26.794778966435743,95.96113429324811,-14.806197769303523,68.6556161009666,-49.42070448225313,48.8255087587402,90.56444975122224,-1.6619242819040352,26.65763826660516,45.982303124831304,27.477311488245775,-41.157818028103236,-15.716959753740838,-31.287454177629613,-39.03403542115349,57.26327195170663,-1
-72.67981926976547,28.560410032416485,67.18481460556268,1.2340171310405026,50.76525233860565,-89.62477880060166,29.034013870906023,-79.61990983860798,-52.66819431107594,-99.8945829907263,-43.71916886922678,14.372462623741455,-88.03244078007111,-46.28193686885784,-41.40034252668552,55.12278581794189,-93.58209587974898,-88.83996228998718,33.3257297753359,-7.972041158594067,-40.67267360025877,-87.36409466016175,-50.651201063541464,-53.42915667993719,-90.44809620427844,-63.542096138081746,96.66158644171591,-78.70955740997914,19.05813102068268,-8.607040428367014,-70.50332347475904,-89.30578734641313,-17.611684843220246,-83.62395464776145,-55.58498677051511,73.02460450711686,-30.240390150120618,51.75084189178108,-27.286958308129684,-49.142381454561686,86.10438677052338,-8.927990511201173,60.663151185832106,-89.89625491722595,74.37810517335896,17.15104912979733,-46.24695938762227,-6.053678271030876,28.753768859523433,89.44538551230141,-1
36.09986041494261,-26.68976252415476,33.58674709114848,43.33248362673939,96.8353285789764,-32.79876738023755,-36.051878694702765,-61.0378600860149,-47.948291920705024,-46.08914633540928,-21.749803674132707,43.42927348097106,81.68824856098874,60.49760785417732,47.84348349329787,51.075402458951544,71.63830381451058,-85.27642331223188,61.139517237782,92.84244090519206,-49.53025883785867,99.49914641651526,-58.766099089722616,76.80729680441095,-7.39207002019991,2.386444424821562,20.457408155528654,-2.951991540666697,-26.0898207658298,-3.2309654705953648,-45.52034339565698,-22.151628112389105,14.723330936334861,96.33299701539855,-9.07771493486895,93.60975276836342,-48.28731884049853,67.5450630605186,-68.25017540774297,-6.863171129860007,58.991941233638414,-37.66852721317944,24.25906613483552,86.24186430426874,-7.477750109174579,-2.157213530516117,-31.738338693531418,42.76936829187642,6.106844131603424,-30.77379482090545,-1
44.68873247098239,-86.07082645034687,-65.50963202470692,25.82262869608607,12.677786119366246,36.28805309277939,37.5201766114881,-87.55273444123945,26.07837228044167,57.486193742348036,-74.25377766238104,14.29542364781662,-30.41610873834972,18.762641528441492,-26.704710157056752,-30.72833242393665,-21.990489073755597,-41.95442817449566,17.071927144843073,9.298267172679203,-30.508437834378356,5.596745751887028,-69.16134110715227,-70.95955208982569,91.6211808971766,34.92090805221372,54.939523939492034,89.69750950740666,25.46858220487249,-11.841202934788853,95.27453618760165,-31.677209516304572,-1.8451665905482315,-83.91651801894761,72.54297336083687,-88.45519869353006,-59.571793096251824,85.15217255845073,-82.47988484989277,51.90464579672721,35.926883461247,-29.566075071469868,0.26579534211525413,75.09404738742614,21.047204378835545,11.280539572655485,-73.76499350404215,51.86169331483464,84.8398057648264,-97.48048313234425,-1
85.82894344233748,-36.869274603535196,14.644591511248734,44.87138696596713,-89.97891469900563,-0.08266937562156329,-78.85297269877887,-80.1531352017038,19.52076182613054,-4.731351543056121,-10.042793359070686,98.01985896753683,-27.97926352006148,-63.74620846512562,-11.923415206857996,-42.81671007247547,86.04283547112158,-65.07036105581578,62.507855761153536,-34.752069673055246,-56.201064011183234,-91.57684975839841,50.676151738025766,48.25152222733658,84.01127519395496,-8.738698834279006,-91.79597912151038,38.498943843503156,-36.590258041146285,-55.585862739450384,6.636015527007501,57.09228491734501,-68.8182542404406,36.09757348985656,55.71465720119562,-68.52156623511895,91.16329006867537,-56.750748307576046,-35.06124459922553,23.87497664335261,13.349663469386826,88.50970987171453,35.408811797857766,-3.3782431735980225,63.7401946622515,-98.69337723696965,-36.10797554842324,-84.57937817399281,-81.08521886137079,28.017053681904798,1
43.690789464510004,58.43798765504903,-7.172962560253595,41.72070486813374,-19.75416380387884,-8.594528995914004,-63.71203331373438,-10.939025070882664,-16.676756596534574,-42.37068280360512,14.711066658886125,-14.847044635207979,-36.05820684312286,-6.364630017529535,-3.403752775355386,-12.95669708694001,-46.56500815295115,52.86368234729483,57.543079608160326,2.056705200873992,-6.938185612233269,-17.1950631045313,94.81955051682672,48.233365497597305,45.008705939680425,39.89126586507723,-86.3454515094956,78.67589383473995,-69.2296349647459,-73.14040562970641,57.328492963087285,-99.28954075398183,-37.5568984587692,-0.9854982521979139,-45.405281452988945,64.81003848370673,78.68034853469985,45.87351973945405,-80.73065922508542,21.739351214322582,48.84164184450577,84.02210118801543,80.04367932436202,44.47013015023339,-5.55315034533254,30.141085326889026,51.73007518553254,49.488817513182624,-0.1732397223781561,72.95225260031765,1
3.6154996080689443,-30.81009642735941,19.638775703578702,14.341930391692955,63.48705384677689,-17.406681447072003,-22.338771784112367,-92.98723326880962,-51.6083078926612,11.450776366050803,93.87656888057191,79.52085618741211,-15.71127500906826,56.36214676723941,-60.958757637199824,74.50280309463352,-43.68644033157305,95.81738258599543,-5.350911737266557,6.90901089171696,82.92565968167054,-37.62351996062263,96.72794223500048,11.629486917078282,-72.64158616607482,-51.443716213979826,63.18151079960069,94.04809715013258,-17.61054878327903,-3.1881428242734415,-23.173034388459087,-42.325340743964986,38.844948845135974,-78.65432316369066,-44.50610350297492,-30.26895869963444,75.64817540281771,-34.78208139208603,73.40583334550527,71.24635178646827,87.21501460041154,77.80792191865731,-90.06841561648555,-52.993720881244634,31.858239274021457,89.43422928901677,32.85929642025718,-77.53255206013682,19.377961989335816,18.53357792402828,-1
-38.44083366385087,74.67829158184387,67.51254693526477,-26.400067710380796,47.54414723363786,-80.76006123954068,-75.204401128,84.14060024072012,-59.812255970531304,71.77571267094518,51.3840725504609,74.85826976976233,-61.74541698267899,66.03099541993555,76.71721194157982,36.700946354634425,53.218690659004295,72.64875512017625,-55.99267384872515,-21.02629621571583,-34.83751490602502,-67.95766460456063,64.98838681922493,89.57839133333448,10.924218147752768,51.062478413113865,-23.63495302327763,-58.4872281141434,96.9170796226189,-56.794548234782916,-68.27358444099619,-6.587766977728364,-40.906191223317315,16.673295383857266,40.695155669837135,45.41861030234057,-37.87157574825424,-22.895923075299507,-28.731853073786823,-51.96714415522435,-4.656210358435999,-97.06076370435686,-48.355817504726,-15.242291027944077,-83.47223961419172,22.93502056767933,-14.505698738517324,65.10099825182922,-91.36976603142408,-7.676961275395897,1
26.620291454653582,85.88069676983076,77.72853387259102,-51.400481427834045,33.05258486449202,-61.433766857331705,77.51106018927106,-73.81801534845624,52.4022195230562,57.273633868881745,29.61575916223933,-98.49303685768585,87.462537879682,88.35694600939493,-11.922002266984123,16.112341340272323,-31.74817740482203,14.513532251401202,12.34499608483992,-60.74872801967332,-1.6489174272999776,-63.31880511795796,-55.97130887525468,76.03144079184665,62.7054916365411,91.10503247655572,-68.3248157347885,3.7748679508422924,-42.04610954427677,-62.85115276440618,-47.04595675279486,30.235166734476252,-2.546185440425532,98.72341987532332,-8.966100729024788,-16.143119802189673,-0.8732575784384125,50.09698528359047,92.68198403042874,-22.467688202781957,9.098831471328907,31.511422919182024,65.58962955522841,69.4313997961874,-80.1514245138751,-92.6193269364876,-2.497104557232177,94.74627971622809,15.194059629010681,72.85805934961007,1
74.13380682510353,72.4669832879463,-91.91223375746773,-57.573985825877806,93.0000418953438,40.51741131039694,-91.35993982884997,-33.36395140177382,9.384958196454306,33.04798983071581,-96.89745179310354,62.016239254235074,69.25565090251712,-81.84410662421868,-61.93931289871235,-65.57930846402398,2.2989639041918792,-76.25356146491957,32.17937464507776,65.50530337367638,-62.10521390360755,-12.965753357613139,-78.90164103505121,-33.80445141551223,68.35990419285014,99.80917187293716,-12.206032658675369,-22.068058597140222,7.530658235105264,-4.356191702773799,-27.25116345588185,-83.45342256231108,69.34117291083294,98.41608757261383,-91.34116216559795,-54.97641921886958,-53.92921424323676,-82.86624849398518,18.88754856524386,-94.22845749439072,14.34499948822203,-6.469962059823914,1.6764111832982707,32.27240634600267,42.689370309227826,2.2736270000641525,-88.11144616567799,16.5723573385677,60.871503653914885,99.60250142701142,1
-76.29947528036969,-58.75945681964423,-25.33900197542252,-98.00927485732713,-23.209309423315588,-8.09354539480141,0.9887261235670621,-17.365426950696047,29.25406222254378,-92.30900336979127,-49.15668791313905,67.49357485197288,-72.31199295319222,53.4874754278014,-83.02979767786795,47.68916727274694,66.2423502293417,-85.06574197340977,96.48760690206439,64.45758391137565,-70.65214914826367,99.51201813034515,-25.01235068637439,-32.29194954699972,17.31472661982778,-61.34850502938966,-91.2434425271194,-82.8039372590013,71.48274153056892,-20.663490738258304,-15.090729903807983,-24.162307408941075,-0.1135267798376276,62.69666089821243,-36.90304067170589,-94.17963263709494,-84.86099165717937,23.024235152254022,93.80410829185598,10.027315531338601,20.329661554508178,8.56813045371014,37.877660707589996,-15.225197116144187,47.76920646670118,16.492697206939752,27.543167750766244,28.401802954838985,84.26448610564822,-77.38037388590844,-1
75.3531273523499,-86.54307741569708,-29.29022915913258,23.157959796024883,64.31114009159847,82.25643444069453,-51.807029756056465,-40.36738956664523,65.72800779721939,13.099461041419119,87.16562526764619,-97.95899497022683,62.17763839541709,28.50714489643812,-20.639002520510275,89.89500991696858,-56.85471204927018,-67.13906461813829,52.335726267364066,89.12205929302243,63.284786030489215,82.12872137104705,-15.590747690239652,38.881325670247946,-99.12209291106839,7.202411332743978,22.927821228120166,35.88383055367132,-75.66872622039668,-97.32352914825037,-70.38952513996611,-18.231865055062073,-28.337540751546413,8.134821160848887,92.34269563999803,84.6927097388421,-9.109070898617517,53.960938228463846,43.648389479911685,-79.76919336838624,-75.87854245687349,-85.5685730843488,-47.93108552065735,53.874137429211515,-83.67472750807774,-58.60374805790951,16.46721221524696,-10.08812762334263,39.67433249806365,-20.66871958255399,-1
45.19598199705911,91.59587064977813,25.93453037197746,33.37905417406844,-63.53424748898575,64.20413425432145,60.46363620542732,6.298259772902767,-15.042052500655998,-67.71916398118086,54.425253805262,33.82388297723327,28.78524399811738,-37.45790592667406,36.410412591515296,-62.79477844523149,-33.95400528812722,-7.992410676483246,64.83079898921432,48.13350951277417,-0.9567661156878842,-24.152538112169267,-10.425767070004355,-80.01078897232618,-28.139233902883106,-33.278542374216485,94.90205202278801,15.96636506864752,87.33868206772829,37.17398295843253,51.222219926833986,74.96205872782332,-48.664775386727975,5.322907127896585,-71.10746452850995,-95.485707343699,22.380523376623955,40.933581259993105,-60.220261881879075,4.9963107133036715,3.5040783951291843,17.63569983213023,-21.827622190888007,46.955904613402595,96.11448504279917,92.39429191574499,-78.6336937525609,-63.7538465662618,11.160808498253871,-99.25425501132355,-1
61.647042001844426,32.39396789012682,-42.11897385911747,-21.31728472991516,48.615226956535196,54.03743022096495,-28.99091257540421,41.985313339080534,81.4622313973322,98.006951272924,35.870856162356574,93.60379218928915,83.05045032538155,-30.30265554251808,69.37673713371444,45.27187971477943,-82.79702664297801,-13.499067478658787,-39.739411253198774,-23.0082440162398,-13.912024727136554,78.50800749857228,-56.08361765754821,-98.05402333948605,2.470648034735291,89.82891174757498,81.8231485800282,10.727595164507278,-45.71035145222726,96.28787039319124,-41.14923859948851,99.73074529313942,-63.93344972873181,57.7754555184944,65.15130859638504,25.30552063126609,-26.435255333494,-39.54869975718507,34.87907028577243,99.9955546287197,-50.64884368565199,-7.826004457720643,31.487305154695633,65.02077899652758,-60.75241594358987,-95.49624041737617,13.251651907121811,79.98629749990894,-20.981820085880003,74.77551165575494,1
-84.6483876222524,-68.52429702622649,10.916134307124878,13.672551769518762,51.6820380854125,-99.41318843946469,25.317810334446804,-95.46710509561518,-55.580758414129306,-90.79584125318125,62.11002076514464,-29.910066300940017,2.882897657889984,77.96173961248184,95.15858856666736,-68.14733916153399,51.33039518612543,-53.42594849763525,62.095589033804316,-61.362022912175405,64.54807940383807,-88.1887686841771,-27.36383092241826,7.372012073276039,41.38097629839868,-27.438178189350566,97.39058039088187,-82.76097706037811,52.415001291091926,-50.60568955422777,-72.34915966957587,-59.73087939277888,82.42001093109198,-82.42246467819257,-1.698607129835807,-23.679880967150638,-67.7085961392784,-32.026582298796384,-6.954768277927556,38.000280432041365,86.95157345520315,-39.04261524406962,-11.984425575275324,21.703888628056433,29.433992676740786,-92.84609087368929,-32.30601193202736,80.58447805830147,-94.82327307210181,-70.25241778792208,-1
22.727580597876766,17.85346775133341,97.27971529706,98.39127416063042,88.15049052900125,-5.00659232195315,55.928213617246,-52.90374140270173,-2.296059868909282,-85.71225704953883,85.08268745850643,-78.49938019678883,-75.37232291743435,51.60592240572501,-71.60845268407436,83.93597285314416,-15.7747289495382,42.97722435683329,78.92828395255876,-77.09078739417816,-41.11026623981526,82.46944034907543,60.537644762468005,-4.2807336563903675,-73.1129166604957,-76.02668071827017,-78.39904714126027,-80.19812013724139,99.6105833503949,31.07158148808992,89.49136031996397,-70.24977626434874,66.09450866527595,-25.535375140279697,73.11379063034806,-74.96438833363834,10.925074721889658,-43.38404719135951,64.96249835297886,-24.100668225918056,58.36476691875424,79.82201914673277,44.73124884144906,10.087825198149062,17.991539975581432,73.08117827587719,83.50968722989515,-8.541741144127798,-88.67918250622328,31.078938420370406,-1
89.44971547677173,-60.18131601281487,43.21869649799231,-31.84730213022256,35.331660898996915,-53.40060238940949,99.75608114974472,95.67689289174464,-1.7417154909551869,96.90201597295405,-24.322768779559524,-91.09231335456596,-65.7506393009839,79.7039353757585,-40.449110710518866,51.493281409022586,-98.10283356360657,34.83955971472571,-22.914632771370023,-77.55006805399407,-54.88253934158933,-70.34613967203613,-91.32030186198487,-33.978765145246044,47.972630116555706,-9.53991434735579,-5.9882129213633135,48.321358692124875,61.276986319348225,-19.788336228969342,-47.93850124742296,17.74674253055646,1.0779351524759022,-49.84487610754724,-46.085647796592234,91.57089880508599,-6.350168770920334,50.40448577398337,-86.68481850166884,39.5398375026399,-47.190400241395444,91.76792631848886,13.43984018082051,-19.054214348215638,-57.681045447570135,7.1656477398522185,20.94623397202986,-39.214169191561886,-20.681544257705426,43.311498575149045,-1
-31.41406744816082,78.2565329655501,-12.52774168747706,96.49376915733876,-54.03220084026093,-65.85461365150587,89.40666243847818,-37.325054343786434,-8.57347101747348,-46.44212006588404,19.49718695369546,-37.78106938040915,-42.76954434117728,35.580480143200646,7.184091180394375,8.30087071913286,-95.12292107689883,-42.38238251013444,90.01020714232618,41.97456681282722,-63.67576630513443,-41.86487486819057,71.41748315075719,39.46720924053585,36.38065966136253,54.15853253929549,-27.322592525203234,37.97217396882411,76.05156256101407,-63.47727596333068,73.33148456551356,-28.406727201984964,72.9813806262078,19.505586816666593,-60.50391186979438,-23.074605443381174,22.35039980234042,-33.25967513369346,-48.857390898712126,-0.20801967867194548,23.528244113060055,-61.483187253603575,20.457358658171017,10.491425608237932,56.30430104393628,68.51977193852429,98.90317719229373,-31.841562029142395,73.62485405690035,-70.6949754417881,-1
-57.20106426033729,-30.406266768956698,-63.28741837601826,-79.0620863432691,-80.40618192098654,79.0703734424524,96.77459690896214,72.91982927965546,36.5616155637334,21.68684702092645,92.8265363541831,-59.55453558545523,13.728641828874942,89.84179726147966,-23.035676893332607,-18.20588696650502,1.9573740768848609,50.63126477680032,36.20402914172587,93.39238021576847,-69.58045818864062,87.77602955387033,-81.43733480783692,38.855920310709536,-47.69436240993996,-59.95248556585684,-3.524564734800933,56.22813074339575,-87.54425111919709,1.2127274878952221,-76.4381320717199,-19.282040344739883,96.90425047824729,-99.19653037488523,-15.94163987778569,93.59089588867164,-56.94340872340722,45.425208331546145,-89.62255126420173,-73.38458860078856,-85.0679341050313,-68.61548144146603,-85.75869750567612,-51.85261204889211,-79.03029688275025,-62.94165780645662,74.21196077442053,53.57193601318443,26.864507184576027,56.72625078306382,-1
87.3211384589923,-15.041163733717639,-38.92370360630726,-19.508964344206078,-27.78806034436097,-78.97686434021331,0.8972377663676241,-30.2654485660687,19.35966362669089,48.93658361601777,68.13006494822505,99.77091717934081,-5.0348682493414,54.11536625301085,1.339205154887125,-73.83601690895682,27.446438894514742,72.27222896539905,-33.895302597054936,22.849987242966762,48.068174215730295,80.37205043840589,-99.93095963906462,79.07891626597063,-81.25424325699491,-86.01829494067444,79.40228581535692,-6.927219833104374,70.19126922217856,64.84168118380359,49.39788327209021,-52.42336460429018,-12.56240439260796,49.546311345894196,1.2096009847613516,11.25905078084952,68.30479918000688,85.98731210061342,-28.111585003582903,19.72183983516271,-26.694165646283153,43.905175209191356,32.60111771749288,12.731943892317005,-3.0213574644774326,16.20171723692991,-37.812675365683155,-3.854312946339661,-41.696998934032095,-26.965588642447088,-1
91.25837630267227,-58.92636306200294,2.793302504529123,37.88234168610256,3.917855666851395,28.39031418086094,85.24553143946099,91.70121392382731,73.0057367859315,51.83428042800878,29.518415610726123,96.66348390171072,-38.78266746755394,-13.12076505898132,-13.833348481775602,-11.050119358921194,-24.893098674559695,-18.89477946415063,87.6914898064826,-21.39457469266756,-14.967353774565836,-58.21924070635846,73.83941240020494,-47.67317974595564,1.1582392738897198,-7.255339023240296,29.148770148946937,53.77406143133908,10.38838855389082,2.732113822386225,-41.678705747569445,-47.264029028554624,94.76551652133864,88.17093924888408,51.59176672419133,-97.11917916165199,33.900418050044834,41.649126955649706,-25.272277154098546,-40.43065789696456,-33.56939629681084,68.63082772564354,-76.00640484709724,70.95010458274174,68.40049179708947,-45.365325303826886,73.28817303163908,-6.658839285444557,-77.17165236668694,-45.42429808501116,1
78.105456147979,-45.1574221751706,-85.16817884519385,87.83948656515241,67.56311816202259,80.63678298262795,-56.342822045851705,-45.69469648378019,29.2947128243882,2.032556515630006,81.76707446383281,72.75625814890094,-85.76637241519676,-20.253583275104447,70.75002955601059,60.60328598455746,4.275715393042631,21.819933396598316,11.633189943844812,-52.775763681611146,98.38501033497465,6.09642760877847,89.41816408306107,-2.850040146974294,-90.32162370422014,-29.55097302580363,83.64903007379502,86.08305996242342,-13.294173694449654,-81.4254816861802,27.301727289038126,-41.315781553271336,0.21119035195336266,-3.459083846008838,-34.420691439440375,-13.922839362752242,27.25510105851457,48.557556925560135,64.83759286461671,38.97438288053283,-53.912331893693796,55.67785138782392,-19.477053655038247,-79.17577092234167,-69.36111352596794,-55.82916877081916,-63.56215778839518,-52.568618484696,11.577325910091702,-85.93623425555279,-1
52.03218595803182,44.982054367216875,30.394742784592125,-87.00194793224631,-88.85862086131517,-32.09558270522908,51.94416061249677,85.98744064948119,52.580166517858004,-27.22145393680593,82.69200480538234,-49.56742702187598,-34.58281202586035,-39.89760113546099,-41.46310224689478,-91.39790941072594,-58.91900730270443,2.304440557730004,-98.83987558757458,1.8675517518980769,-83.0890623665091,-92.11123681447022,30.83247133415034,79.95291371444708,80.69233553896541,-13.495790065746817,-87.1315031625618,41.336675026894426,-11.163572323576304,78.26419238218332,-29.418922815461656,-27.69545211562668,84.656855482597,19.442523091266594,-93.1133868132128,-23.819368508523382,90.35561987058429,-99.20346132652267,-18.504170926735867,14.632103009109201,27.318177221843328,-21.88761171238147,33.239854284364185,-31.107704777938523,-83.33810346895949,78.77767401970485,12.450903464932779,-29.615525479884155,45.14898993461739,75.13715492057992,-1
71.30744474958536,19.66121513920376,-87.84614632075183,7.817801041358763,-90.9245494439355,-5.773136305715568,98.75042918507819,-35.00863443010782,-23.206276408721706,73.10811651994916,-81.97194817681091,65.65147735810464,6.391179018528462,66.10856144367298,-54.75865200585328,-53.37378471102674,-77.26879306305725,32.4738210230592,58.629119806386626,74.14003594547586,42.644473256234306,88.79520501217854,58.30706005650029,57.989885932425636,-27.82246341315286,19.12869102613803,47.29601754583757,39.58031323842371,-94.0023745402075,-8.319963207624355,68.56308365707582,-89.72116736959164,53.318740465657044,-63.348544752568394,1.9993143463675267,-94.04766637732868,-63.014724191128124,73.52521968320409,11.739064237757106,95.68392264745202,3.877241078853544,-84.4585877313502,38.23884974050168,-41.77848308305063,-5.129601555366833,44.35876943314793,-87.70921443106543,-85.27486611913633,79.21191701925355,-45.881221861412705,-1
-38.73730024435746,5.462179128478667,-87.21536716161225,-28.165469888139953,-87.71939614092878,-85.02627411546506,-51.97410193070049,-40.952578130564675,95.78939066077322,29.53343933896707,-67.58720196409041,3.9604732291258102,-13.78720091882657,-4.944190233681624,47.94362759396452,-82.06935418000188,-20.550953853512468,85.48896545313974,2.543610825239128,-7.546566596989095,-31.643587452861226,14.744160922364813,56.85107010758114,89.00439369484744,92.43506930850472,-9.938122335472713,20.468988872302546,56.93660704773623,-96.3947170193707,-46.94906469884697,73.15406740056994,-61.44613222610778,-44.100803628806595,-96.03092258579231,44.970560402064024,-86.74430617860713,34.78176992746148,84.74817571999031,86.1302585010875,-13.973282877903188,90.24848590883633,55.37069161961435,13.4374995589869,-59.79686235795163,49.66184110622888,-80.43651478001712,32.53544228458222,-71.5916751710961,91.27002325861235,-84.23607712481729,-1
-28.158250603461937,17.236470817668277,-48.20030909438007,-47.64199977945851,-31.430978623566276,-44.01530280015598,-86.3104612598405,31.505065567105675,5.7823465930895,-73.16967708855837,-62.26205459519905,-57.944251851727735,-84.68942236365666,36.91346667419856,-79.42941496980538,-73.41921334845465,-68.70590860327583,-63.72845721902212,-57.74876272912397,88.87613920268458,-45.45020926192913,-44.977950332956325,-25.219979615953832,-95.62742895585143,10.709196823353835,40.32387336961341,82.37692695577263,88.46850539055163,13.931201531312595,-59.18047928531218,-52.706645399724565,-69.2911605338689,-76.4359882419458,-21.04166408544353,32.515679002047364,47.90255421283666,-5.128185500642758,65.2094960666501,25.237961730798148,-50.13222259662478,-68.19731245692455,-39.93510404359151,92.83811346120882,83.59765377777802,-6.487042471038862,-41.631815353384425,-99.99954036347638,38.04588910243825,34.69368973270869,32.433392892487404,1
-83.08692438055243,62.060659824666516,71.21906644727673,76.45390331390027,51.78420758125327,83.78921509442182,-98.20693279341887,-45.58516879531682,-24.774059879999967,-41.29115422824583,97.3125060170498,67.39120915404834,48.878674123498485,81.1612919447434,-53.41738019079756,22.270040658385255,90.8681527414114,-89.69111048864853,-6.166436810106376,-90.05125623330277,-30.071324870402606,28.3794174753439,-61.87864516039514,22.090723296718394,29.812009032808902,79.3904047370579,-42.92594577936786,-77.2231895504712,62.35972630030892,-49.04313797227109,19.32124858875204,58.786216649709814,34.088723458533224,-68.22446107146425,54.47157214034232,28.08034425952542,-45.74858763747256,-43.625304045702926,33.95724467606499,15.493128735003083,-84.89141040063082,56.04757546609804,-97.19411617250093,-89.57026075178503,99.16261416556537,95.07600214193224,41.146691390806524,74.86269974404954,99.02583363361558,21.30731059848074,1
-24.191902923392988,82.51684358496462,62.72557604459604,-1.7923060323754783,86.30392551938354,9.754502752353943,39.07305954031591,1.073536564073251,-93.22777092654184,50.7827022401471,58.382568341478475,14.478108424626129,23.578993573047185,7.219512306723857,-63.600380740923,-62.695602843532726,-83.80732173314765,76.32298051317798,66.57808670345821,10.732895766493968,31.969403992167713,70.44200880386381,-46.15579750396761,-78.0753223560476,-41.237123075150194,3.782757880868644,55.15979087975069,35.338152552636444,16.658321121474273,84.526854239664,-19.088846635109107,-5.4097301422106625,-77.85607677363772,-80.43115818615074,47.707866891045455,-11.99671782262348,-13.836752529661283,81.23729474176463,83.41372260072512,-53.416968748745845,51.67363315554036,38.00452121126395,-77.23128275935507,90.65591302663645,80.08608776224887,2.843296318781128,64.11577628010252,90.52380398973449,-71.65607664108038,26.259041892306456,1
36.43833785101975,-77.21094611109129,75.03744269174578,80.6642210538509,-10.824531617031454,6.862883957079163,50.699707517240284,67.5436597050167,76.92981947952265,-60.80422772642606,-80.34896424559155,-66.15937593483602,99.19225667074934,94.99337533507338,-52.506633513089994,27.315144199814043,-58.45168651951192,31.68188584468149,8.294857773357094,-56.69053996648283,-54.145930040615895,65.67589075938457,-43.12408212727592,30.14080910398144,68.43125702468797,-68.90082877232038,-87.50820299408619,5.5008099270400095,-3.293765138123888,40.81321207535942,45.38883275745681,35.75298151990907,-6.182487355221667,73.77360437713406,93.9348166818256,-81.34189402876102,-10.809904298127321,7.059627463607072,-41.74399099780657,57.91992967308508,-70.8201252429779,-26.871738325274592,-45.322967001478375,93.75006646467818,52.371686289809986,15.585397464812289,-33.54605188600546,-3.341069206955936,12.557014584741992,98.14519760220139,1
-37.41609039423548,0.20947555888363922,53.68210862280685,78.50229755570587,-67.81932838948529,81.76280864526282,72.15946144357181,-94.59223332866318,-55.46666644385356,-47.89043699975719,-81.935728135566,13.078063062988178,-85.34475984454562,46.39338185424978,-60.814563487626614,79.87405424190575,-50.299037900852795,-41.536414357558996,60.701901823484945,-32.73252563533535,-32.79957757240852,43.334956438835064,48.08345948515796,23.128330259178753,-26.014169379866786,11.844482184564043,-50.32119327690214,31.287473994539653,58.12297187828551,1.4979574623410485,59.602017403355546,93.56466522470501,89.97544622362216,-96.92462527107489,28.700194917239514,68.12461140012306,65.82122133155576,-51.3593549519481,-64.48151659625366,-52.245466237879576,69.21173622244117,63.77905887198915,-96.71308646240921,-40.50449420436584,4.8030501358653055,-84.86935291768516,23.781795639207644,95.8207232956211,40.90406350747969,-53.086847353077495,-1
12.088126196087984,-64.71761791442276,17.758905836045912,-8.547839081635871,-47.28722216289651,-59.73710981367293,19.412300891930386,-28.880007531993783,66.77312852170868,51.2659957121229,-18.906883803122355,-68.33249889208986,-59.55124403736143,13.612052922344333,-30.81379065249037,-52.00407527468056,14.14526428989214,20.45032944420815,-96.32182781517812,23.066620423414477,-18.086923017039652,76.26973861215257,62.59801265456437,-6.042820640237821,50.82503161648623,65.79122307848957,-55.01987191835455,91.65502048300974,-32.783390741471564,-98.6020790961758,-5.074915608603575,17.25698089300903,-26.095293000936607,21.914360719587236,87.17717267341115,-79.97555122025047,-14.520515772184666,4.374655967217862,67.80343726819439,-51.50732317810589,97.31490285164682,-64.82342678927051,-4.192590509834517,-38.162207939323366,65.15971887168669,-24.29940609146979,-59.99240528734049,86.12360650878205,-64.23096328137439,-85.19457052900377,1
-87.97153147984295,-18.72671894450771,-45.189158514090444,62.95373626940497,-61.1996371169574,-56.387485429186015,98.17547737479188,76.44876011378918,-95.75817295069216,69.67150852593386,61.296864493407156,24.42854158482217,-43.95586824716035,-71.40145601163911,-31.138611590224798,-75.12075950788267,3.4624229852622648,73.82946050175235,78.47865065981185,-14.792469183206762,-52.59759894176261,35.58110342624727,90.15307042646327,41.148072759186675,78.23415584387035,-25.141466223628584,29.268776415251722,-62.021212773959824,41.25820824476486,1.5937555732103306,65.30803000211475,31.093448138260072,-51.35109833390488,35.15117572731981,-36.5747692876142,52.93072564357627,33.80350058153101,-63.429494090530916,-0.7471185295208471,-57.65713351229091,26.12827128801969,-4.939087841483868,-90.33301155509827,24.570326344250603,-8.469446807919851,48.356942015821915,-57.4003845283088,75.18137717039573,-81.77331729411989,-23.183214833749616,1
-99.77758116076252,90.11840261518768,-44.002490109180535,-40.73959097614319,97.85334904368352,-82.95426791501235,-13.920934625136837,43.0495228097364,-44.3615755669478,-74.86885030945444,-88.16969896509266,-65.33293841426791,23.161397593894947,-3.6277611465976918,13.146524643485733,-64.0849362334749,11.478900310584208,-18.3114320302263,46.92016370323054,-30.031179913533464,-79.61468039509128,-92.05977460579908,78.92725991976798,-23.73003103572904,87.36699112461059,-66.63155941007619,-32.575341297930166,34.82312890082838,-68.02925951927226,65.92581950417645,38.88644384212111,-75.59183858234061,-92.8603687875189,-59.444341044401774,-1.4606643644139012,-15.24431102558026,58.42788997989118,-12.140322061750126,83.06207287181309,27.732710162025825,41.47800672523542,35.12535447249567,-5.623873705804286,-87.5206154995009,-66.73092095545148,-81.6056527235313,92.81998057472606,-67.02221871548872,-35.217540130465935,-96.56055640761845,1
26.362705403333678,-89.09814451725609,88.72673412969897,70.28527888300121,-75.21839388061068,-62.099604934723594,36.907948101017155,96.69950217389055,-57.747678701006386,-23.787092282321638,7.541078215874592,60.62049063896859,-14.980173713787039,-74.46033057575532,-55.060251429364435,-65.53728164637607,89.81061389389501,92.58614324173854,-72.60035409120509,6.900891811544966,67.29384888163429,36.277950320317416,18.661577241167777,72.42661617245139,-81.99977203731478,78.27474328380771,-86.25151355378662,-2.976734165996689,37.945789190749394,43.45035513781676,96.24820793907617,-3.506611013258805,-63.088092272436015,-0.5533907493711752,-27.310165254322754,17.96320248737358,-73.45686253556063,-57.289813178652516,-27.73027436591417,4.062989588473727,-20.828906362706604,58.19063086830286,-22.900549660452782,-27.650167628867294,62.99856463226459,0.5005144359483609,64.45496255470184,-43.26269295073166,35.191278711359956,83.59378631826993,1
98.65100308459282,21.13984809197514,83.77041025178193,-89.26956719806185,-91.42264803211782,-95.1775280904348,-30.31746763415437,-36.327917371103965,2.8806729904578248,45.69971532815427,99.7666475266422,-5.621650470102921,-92.58421216899124,60.690487757929105,56.19372085158736,17.152527030681085,23.557829327831143,-6.834278780270054,42.77127030572703,-70.07666443237378,-30.056171821915072,27.88398284138607,-4.298665898171919,69.8835708050143,2.5128260278754624,-94.09016979768697,41.40018972618179,63.88296249926964,8.423674016066911,-31.442904042514243,-88.89610768245171,2.354551061536725,91.87173498286364,-56.03343754907435,36.39474175578238,-69.22647115399532,12.20256212163919,59.15559977941953,80.079530462897,-56.62318050107291,-26.405433815049875,-21.07899591711812,79.68021652183262,-83.16816114456036,98.67475255502524,-4.567012080124982,75.9733240665687,-62.13161920609671,-74.39068135992753,-92.57557767048598,-1
-19.094522885226056,23.54538481235886,8.013143056834366,77.85800441439113,-13.27081505359402,49.4537976366868,-48.136383116205565,-65.07682999852071,-15.615430064354086,-48.405194636577285,-78.27468147491973,47.46275892510644,-71.99123661369114,67.4761825900226,0.15941409810938012,-81.9003560610182,-33.05110533630338,35.546197003087485,-10.629065671448728,-40.71049944203173,-2.762883767700771,36.53426624675174,10.18457076334957,64.0268048328825,43.751056761964236,-83.7552614034127,95.2118367465398,3.961610302612044,-64.14378826685902,-52.647048784848806,-10.272128325114068,71.23695151586972,-40.437696656411326,58.245365111060835,-6.359884967238273,63.00956659353463,54.22236491815292,10.052440650471112,21.459758302919198,97.67745823773726,84.4152107341954,-98.96750513564234,4.662220355746257,98.61669164168171,-88.97320280748362,-67.65692833669806,-19.33182667028801,-76.02761830187934,-10.212087086837272,10.129782978592885,1
-85.53670494841228,26.117739461708695,22.62439474831197,84.25728233602146,62.81193488966841,43.2323769213441,-97.63653284435789,-86.56215371601601,64.52404423884397,-46.54862406357281,29.888854857703308,-47.644234147272456,-55.56588021452298,-13.833009384578745,-95.66302763071116,17.40953987000502,35.376794855628646,98.2464932828218,89.85527969415776,19.376324175460397,-79.03184728183403,-1.2002873513956303,-28.985376190011692,-19.151081316635853,-44.05085615930202,99.69685258380403,-78.70282357347425,-77.7849664698854,83.41452196326867,-78.68891295915259,-85.90218823847894,-12.694353368948114,-21.00336697481211,89.93001240812589,-34.79427151066726,-47.984408618246796,64.05919470715946,31.549372546554622,31.858665671975984,-11.41276491835086,-91.21342132164631,-18.417197705638657,41.559100707729755,28.15716335023842,-48.389447228614316,87.03227606616332,20.141306762802344,74.97834414463838,11.326562425872282,12.431200663611634,1
87.59304628677884,-49.55951956813382,9.933933800738217,-24.94038492537601,1.6833102715033732,-45.19142161468075,26.117424294025795,-79.42688343916907,10.146936531577012,-13.514024071966162,91.04484005966106,40.93071112597636,-78.19063970538333,-95.57748324777148,-47.43266632781413,36.96286206398537,-94.14677241443003,-54.701511724560525,-9.295767933398125,43.43976352773598,86.22531146491019,-60.55039656537169,96.27689801880882,2.157294689977448,90.16113146567758,16.602865799115804,57.362511477667766,84.45773963686301,-66.20264813125634,95.06636547900624,69.52392978341905,20.714815749457244,-12.628446765453276,45.33365788357955,-66.52949079737942,13.933052188350274,68.51953920082465,-91.91749324370795,-83.81598651038125,-57.02537839776123,-20.892311316456286,-71.21541569606254,-63.62450507807551,-55.6737670442887,-45.76877227624152,92.83615206299206,12.764978932786192,-51.994829969918996,-96.2371796855443,-78.3376383403294,-1
68.3657553516544,28.685789903466144,-21.07418601879361,-89.80519284166772,74.48530859808372,-72.20834712329636,-51.07876037152022,53.63944964460754,-80.16995837110572,-78.68813571378618,49.385902218951344,12.087543693822568,-17.219056779548353,42.426664724470356,66.88506998306102,45.726858487195074,-93.31541481567946,89.30271059266289,60.567919359257644,-87.44398742652115,-53.20829923846833,-25.40448507814743,69.0949040845556,-97.3882820188729,-10.285100424701682,-74.3857951820269,30.3505383085608,-83.52901052889166,34.19304367345873,74.43631504997111,90.90236413162853,61.45111917400149,63.04751372783082,2.886359175760461,-86.65222399580372,-65.04347235113931,-47.25994910568494,-11.08612633930393,96.55961588934744,-46.98846173197979,-46.21940797753077,72.92623740502796,-5.049056039441638,-63.37173714193347,71.27902608873956,52.18405180558386,70.62802995165274,-88.95455096358063,3.3786316265604057,-93.72073423713638,-1
-92.79623634171472,-72.72577899410832,-6.386907914753763,-18.65152256173772,-70.81420408153338,14.831109086473447,-54.585336663939074,88.59641830419568,-39.92077808126226,-65.70581081227337,6.531897555146145,3.2589666300213906,-45.285957304085485,20.342472695554292,-78.48832788099202,-89.92038733977702,72.65717060680487,-80.48040796401588,14.414036785541185,-87.42090773023175,-84.6063002998736,16.124513360021368,-81.70127221942118,-64.46697467007283,-66.20234384686978,90.88478973487221,-84.6141276383619,14.61973858872527,59.80203330226078,-16.002559920577937,-6.355898684105554,91.29015093148178,-80.31856573658706,42.813622001119256,-48.06854467785482,35.007143976682016,21.120037645611944,-73.05858216780132,-84.32902097606794,-8.107130758615313,-25.637407976713988,-0.5530232911775386,-66.76488866002046,-62.1321270146886,65.05590157243896,98.33185369864458,-4.4048794177429045,-60.61144286975375,65.71356087763667,85.64608141979744,1
-50.19825277818202,71.67467595221248,-90.8295963250597,65.39537544418945,-1.7454163791056345,-70.99550654596167,-95.39609676444951,-18.12268333954414,53.77688377262086,10.295409838154399,14.334936895229333,9.54329099700415,39.16917165832308,-93.19775814901658,-94.7939306206275,-88.21748759689999,-40.46753095474802,-7.681545753840794,-18.732169072486755,-70.48550768848358,42.949688087806294,-81.77803178257864,-47.895102027677595,-27.062420789720036,45.77206633388289,-62.00052736813835,26.427707300111948,-83.85255122806687,-1.6835221410317303,-5.369377821923834,-63.072430317303095,-67.63503310296966,96.40822541709184,36.53027318445166,-59.826908078829575,72.7604257786139,-21.413935174751074,-64.6597189055484,-40.42568098341095,3.0849200931641434,-87.94369477353625,-23.5833491214093,-88.16074461314307,-62.761230767561614,61.31628255600799,-29.013717934939606,-27.465646145137185,-73.81686544551462,40.39929611546586,-56.34986234255126,1
44.007307309214866,64.60071488938695,58.83254176752192,-93.36070277890602,42.33343539713573,31.59491505304237,76.58941998106522,52.1169609952334,60.76321592725901,-38.54295453285928,97.55212484997676,30.635273367102542,-86.46977374387805,69.64393869410296,-51.061511562126796,-55.01168597822741,52.987383051945415,59.346886519129924,-97.64443724214983,93.62672100541897,-74.21629626573878,85.78061671376986,60.7264610829628,-48.90058869112035,73.88860834225653,-96.93471016683237,-91.66796367645472,-51.558774627162606,2.7865719991514624,-31.743277420302718,-61.59312910047492,0.4799071207979324,-76.0235914430352,-86.04285230664527,-5.024310433579046,24.443218255824007,-63.394226166469124,-46.47685010850135,-86.05676131699065,8.149702836924504,-29.934898947704667,10.755663676984952,-60.270479712864876,-78.60648358619326,23.296838453551374,3.959016046559171,23.27190280782527,49.01749428320437,-14.148290519817095,-47.34275954994362,-1
49.20897585308467,-86.39253718166606,94.80624499441276,-26.223075525198865,-28.102453229576028,-15.634239485041235,-70.12933782182566,94.96394702223225,-8.410933045129028,-83.79053760745984,-95.6407063534439,-88.17610543314598,-99.4725830593228,-75.78746104749669,45.55079567956179,41.27528772187776,71.13560334422033,9.251120898850303,-29.644526713181136,17.815378232174112,-43.516045241233805,22.125808031724503,-11.527918186809472,31.91538598142688,-69.21246699071426,-22.038589548238875,20.012046829818715,30.494323742869568,37.52193781726885,8.345658711788957,35.298279881886,-86.10591575303421,37.32872615120252,89.40604136581888,46.75944662920503,44.627851002619025,49.45065263043119,-63.86062135994948,34.46945760168441,16.047107539665177,84.39269763353195,97.87178613597135,13.602796640548192,-25.815493036868034,-76.43912809821434,-76.03304571553333,51.81219293633973,19.500418386979163,72.98999602777468,33.07019441737441,1
88.2241625067347,35.460791859628216,99.19821018922104,53.74584560241627,-29.480264291049394,7.982659372391794,-65.77567554907564,-32.508503528320105,-15.715980772582895,21.566348664711114,-42.84132953887192,29.24645092823559,24.92298828452455,76.63370793772845,-5.948643430545815,-68.6298853355984,58.550280840093166,61.15570026573346,13.162546657562686,-93.06418140303225,-32.774996053803605,-21.00996142014695,91.50740588548075,95.15456733389439,-79.92496872785333,17.37345291940828,-44.5408538368264,-36.712864063918005,-65.64074022751765,16.588257395617248,11.803084427475326,81.19500752797072,52.65915677872448,69.34121762770528,-24.77481748451767,-99.11857913754444,-63.98118398177803,19.593793414592994,-40.55199448398395,61.423289172326236,-63.74944388276773,31.894063866081922,64.96120869891197,65.95272496141132,-53.39532211325273,26.746336857971144,-89.3900590146798,86.28331768646697,67.63408554486577,38.67483783049741,1
33.50997985829409,39.40260278685258,-99.21413571555644,4.782335340879442,21.49636348980222,56.59313256012658,-50.14760854170286,-96.93032504747569,27.540771495573125,14.527341314504966,70.91647905621048,75.10573018657709,-35.14247839346409,-12.002162160314043,-83.63586382219788,-90.39186148671688,61.06084861506835,55.08026575347466,29.290231560924553,17.699870112513054,-8.322509907717347,-26.888058270797117,-14.171424006629167,-88.02012623758733,-84.59747729861627,-2.0400762638711996,5.801951853417364,-26.76205468056756,-81.22306952197384,82.96654266032738,33.25825053258643,-5.103594057720187,3.0331973156364995,49.57236796902532,64.82001554198749,18.9417470807236,57.307473421686495,-86.50940284991341,-80.55885710709425,47.281383763044886,71.99139261968611,-85.03442394730412,-80.60961448116225,-59.66977238235975,22.704850879777695,-9.345475194258611,26.482442218031792,44.13817161012881,-5.913149384163873,12.447311964691536,1
-68.76948052676192,-48.33991417448156,-39.17799853143262,81.5261906669414,-35.002518088582775,-62.20495972584161,-44.786092637592745,-6.310987422646107,-16.910936731555395,-1.5696061752547052,-20.459059008849835,-28.87798928258985,-6.486590004609113,0.09143979087555465,19.723906427013787,-7.402392181756113,76.28471214136124,-45.083802665535025,-49.95441877517774,-8.815244914493121,-76.8381819787866,89.54904136451816,-57.26860702110268,49.030346963821216,-81.48646785183153,-83.59379375280902,-18.87045375355028,-42.73297494910033,2.678995065804756,-2.7058521530970836,-68.43916292496118,94.06275147265862,-53.47059006288903,-0.17027051470471122,72.52404200429109,68.43111275748763,-58.86715727706158,-7.561408867235059,50.12000591261483,79.38085368132812,-17.670916935926357,50.231311030454236,-6.024146381375047,85.05771540915688,-46.339023216757205,39.13279611327238,17.345635315264985,-45.256987046106524,59.70908015000623,-42.49171272796688,1
-98.9373048663308,49.34866155963195,-4.073608760094643,99.78859239610355,31.085500220620816,3.4234609270303906,-81.10142633350092,6.5231232787186855,-76.51426642530497,-1.3944655025843815,-66.31440582900231,39.13044314828099,-2.7021995087399517,-31.786585496505552,-87.32180532259815,93.06404304851893,-69.02100885608422,42.51676447597404,47.28751603568156,-55.36449708849452,71.67326986165756,84.46429518431918,90.39083187988871,-39.09672306885399,24.101520896274337,-66.92037149215486,5.265791586681544,71.14614938901244,78.03398229307015,-16.62283419336572,-90.88126597255497,23.404088717114746,73.33079725317168,-46.88621618835127,79.54032481215157,29.707630556105926,92.50911820720987,-42.176542461129515,99.55100664371378,-93.33504700563797,-43.87016027309654,43.54521407586799,85.24893410659891,34.85312382112511,45.23378783858848,-33.03431747957629,-93.9925653672729,-50.9494077722757,-69.43958063611512,-94.82558357780924,1
34.61842618224341,3.5277871378869037,17.10280849621593,-30.83476724286416,-18.807708732082133,47.2137384045964,48.48566074561208,-92.239394695123,7.99188637561123,-81.96385851582117,-69.33284381629599,13.318216179407031,-40.882225594598445,47.199732331201744,-91.11345686778797,40.83760182522161,85.84994728704535,-17.01962294321835,-88.41572908654045,-18.804894838248316,-13.233556780194206,15.449254223816311,-4.661203001146561,-61.92970880720019,-88.19407244211257,-83.67479761857206,70.18159735286454,57.51378330254502,41.97124690411806,3.4090715532647096,-5.085516140985376,91.12436408952368,-3.000828289340319,-47.46484521111653,94.70849157031694,56.396331896737905,75.76230356418787,-14.074144070619994,-89.64189655804383,59.07395290176032,40.87434946447107,62.46263404145307,-30.79470160193172,84.6267696542358,-50.76552485655294,31.495062319824314,25.00834290503127,96.42838807647195,-28.394720672220245,-13.236711656358253,-1
-50.808454323098374,40.65544554649031,-99.32243040347217,8.849942899127711,75.98934857462567,-65.31392594888848,-72.15624129652463,-39.26684035156234,-26.4861950069686,95.03379043678711,51.10939050431,49.784484555868744,74.64054314563114,89.9966263964304,-83.48537032734981,7.436131243103247,61.02511695307672,-28.07742257170689,-26.614006213801744,79.33033514152234,-86.79229162623594,70.48173835348484,-96.75265084801296,-78.07445132024674,-47.284397075716655,-81.45046796190525,90.42610448286035,-33.32787413190796,-93.2490039655687,-40.556335957898604,-61.866306024439744,-41.02662431214157,-34.43200067887841,-8.642261280737173,51.941888522093905,-54.93270206424678,-77.48631291321763,93.38215101915793,82.80823022748189,10.168692524465214,49.08895609232374,86.11959488718298,10.692461227082532,-86.85106163269398,-79.90893682980072,55.140852562391416,38.070085419243156,39.31054618795039,-51.141301937798424,-76.32279734359369,-1
-81.94204598911834,-70.40833317811882,83.0953762436663,-40.28224874234147,-26.63798104890624,43.795749435379946,14.669124295120682,24.929811803651432,68.51311550038074,29.40768100341552,96.80264702449293,-4.4630579349710615,71.08826370340327,-5.798540364276917,66.30844968060526,-35.23407961425447,38.4880112878235,83.49764719203478,14.994599816290105,13.96576035576696,7.162989843061808,-13.345185528569075,-28.256697369941804,-69.8284145791147,-63.44429249230104,-98.59191301923799,94.14604887785686,-60.315017843861376,-0.06178126425619723,93.53332785748628,-53.36004800965899,-23.241370893713054,79.81350228146158,-26.343090132376545,37.930580540902554,35.88759114249419,-4.643524431894733,-53.90945038237476,2.1129464159340756,-8.629237572433851,32.46576232951443,-38.44949718066961,-9.7518130813137,-45.34111516350217,71.12598890060059,-7.126130115708747,98.93731600786006,72.38729630512267,5.077275648132613,39.468023557772,-1
73.71982563789206,71.6645877757716,-27.893416429670452,25.976740734239883,78.25858534067945,12.593846980840581,-79.98009743054935,-59.13506771259447,14.39717494854662,-40.15450997210068,-0.3386357534670452,-19.3471633720266,-47.06813695413565,52.43188475602463,26.787258500385818,-63.443230953923056,78.46746754462069,39.28466220668193,-24.50062604597798,91.17906497585403,-30.1146622053694,71.32097613026619,-83.54483435068589,-24.424174105302725,-97.62565740878092,16.228647314200572,-36.68629194177411,25.567559000347302,-24.77019308364845,-28.113044409820546,-18.072936625737654,-28.160346785837035,-9.035109211073006,-62.92672016307199,-88.17089466308279,93.26878012359566,18.86851252994559,-47.189875156633754,-42.89261504806265,21.600303438634455,8.952100345605032,59.79197713805024,-92.95515145495304,88.59406896230954,65.80925830144571,-66.29457370396723,45.03557926823626,-96.54050254092077,24.712819439068824,86.92400487319293,-1
-57.118703401367085,5.966777792414064,-58.79651914172479,63.12318306940551,28.772647002086046,33.056278651311914,53.201612760815436,63.557653956070084,52.903633316166264,-85.25458311052267,-55.47078710769413,-78.14041815847071,67.3825350870554,-27.532984756726393,18.108750872462508,90.19022641318,-41.305380399714274,-14.488884837316121,84.22899504737305,91.29956184851255,24.598693888774804,63.55758413570604,95.12979897688189,-56.1305725276742,-55.94391938446177,-88.91576572665412,26.627774969907293,-48.5217029160814,14.724474585886597,-15.623469569353745,19.73239489682892,-95.25473230379795,54.74025913999964,94.76904764297399,-22.53801892647607,-53.29277258713516,-28.998882440157487,-95.0766077179204,33.34286809360913,31.60724538351832,21.619856034351855,-34.34464093696896,49.4426544314031,99.2723863027347,50.41951629928445,-92.4129311139402,42.61474167086081,-73.86585925164584,-29.38701685902494,28.77530238034754,-1
-39.06417218039184,71.74899370591604,-56.039857607615254,-15.348171446834158,78.18345611298062,-92.85825805836564,93.00957994867159,-45.34169741778344,-85.15481371525244,-51.75147327242377,81.06222955598028,-28.3847065270417,-44.3012028163976,-95.80609004893694,11.75291832961922,45.71786174936955,-64.81110901690647,-9.245656570970652,54.40811551937827,50.75772540809936,85.9394380286221,-96.21328399576971,44.99106865552591,29.16884845938847,70.83326507517907,76.8246215194448,-51.23877441334819,-30.273616050950153,55.63419499862036,13.675857137766684,31.571254713840574,-78.64803237133692,61.69323765056774,-34.997907548938855,80.57981502820272,-55.15752705075292,-92.60598329159748,65.1988820648294,5.4015327604497685,65.08755688204289,77.9206862163094,73.42513450425938,86.08296658175871,38.43526638930359,58.38014756232306,-54.076499784488604,-74.92805534367449,30.598475786064796,72.94616844573369,94.48741566624724,-1
-21.27289594451159,-25.271836306660305,-0.06595125418931502,45.99966219799407,-81.52583214482067,27.628913674434784,21.878526197410736,-40.2175917591167,-34.01351882472501,69.44731553928395,-82.31644307698333,48.31104062351906,-6.583935067608323,-91.46777953288662,-99.62313100983388,63.63289049344226,-84.90769466887598,75.43183152413718,37.97773504319807,16.1558086835402,72.37239086451916,-92.27498928845588,-29.110847429733937,-74.04920557728407,-77.64636362134785,-17.220510539548314,58.14317241616976,-74.33602572585308,-92.55033609147245,-86.15766453051086,84.63704694683054,86.02060604139828,49.367466536624505,80.041001819982,-36.31936409086309,-57.18143355756726,-14.094509367398317,-93.06180561278161,-81.66685039304038,-43.48240659844631,-63.40739331129082,-28.572701656093983,91.79471724656494,57.321467208848134,-31.431874201850547,-29.820210508523843,-26.923956619925107,-84.97280170929793,8.397173169352186,87.53664829661733,1
-36.8453697501008,-26.565237113741574,95.17866757917974,-3.6218227885030956,92.35732286171208,-68.25016134572229,-52.1167116348408,41.62959902212236,15.914040632366437,-99.1804931374795,67.08570722889709,-16.737643274544524,-90.31561485382717,61.50294350001286,82.75966927840162,-7.476693086450098,54.419982879476834,-22.408013604974357,-75.11154672684603,-53.43021207139209,13.389818733283775,-60.2350844546679,-96.98652731250068,91.01748796969525,99.8233361114523,47.03614719631494,-30.145948046310252,-22.528633879497335,18.180835709902283,-16.568055291773163,-17.499683048123458,60.370023951096755,-40.975390713944535,92.77550087711518,21.298264215417078,-37.32829167286078,-89.87575410484712,-84.72609407829752,-29.458753264874588,-4.644163565068197,-97.21327633224266,28.232153561786333,-58.35907446550517,-58.18272873268106,-18.372499130808492,99.43380120538353,10.305817350220096,14.191363868611134,58.49807683084106,87.14807497345458,1
2.770892841353543,24.988754081566398,5.581965588784854,-18.597841552535527,26.776768043922303,46.14938336949902,56.76304892604753,-50.62595069377198,-59.0443516764674,61.84483827172923,75.91450264518153,-93.49287939454298,60.87527301535769,-93.14597228404264,84.97032249110475,66.66169422296554,13.741332667580238,57.48566752043243,45.803921113714466,-48.62273689971703,15.686751326664904,-47.89004122728828,84.39508600194495,62.19009742172713,92.43252040596985,43.48111864457084,-28.776719347948102,98.15717563468158,81.7337204542111,-6.443449553833844,81.12232879770917,49.6693803406057,-33.99804752783436,-47.21695351557034,-91.26428646766945,-84.6915762731817,-76.65238381666484,65.65533548009665,45.079063648920794,-10.675743837873767,44.614008518621205,-39.282930869642115,-59.35632226029504,82.69666354101341,-71.28418330373907,-74.72303340408577,2.989873101792952,14.59697323382629,77.69268112929458,79.62691735201886,-1
-89.05345861500282,-7.534300508143474,-80.86275853881875,-44.40836857380302,-41.70967047091851,-74.12815434567004,-67.00353012833668,40.40865042848739,-29.913514841809203,-79.21124486522385,-36.413080969144396,-53.156111902801854,-49.237820194725046,-26.921485802720383,20.514246653535537,-22.946212139034344,-36.24092426944821,-69.19646647811513,88.34419196264022,-17.888772786800217,-13.154527235507828,19.322123963218644,-39.66222373034878,-50.39615555940227,81.10927218832663,-70.19040690850662,77.67072682748372,-50.8906768689845,68.21505099531828,86.12078319396267,94.7601654129081,45.95658956252316,-6.5559017500437875,-47.7690300068758,-61.34948949121792,34.966276303042946,72.92856502807703,-90.45382987889204,17.98447164993695,41.870185600068965,-92.97515936688217,99.40902742873234,40.29143312148199,92.6031327945283,-15.996409138354252,-9.073232974539309,-94.18906725620757,-24.90198399547991,91.14382368747175,-25.634056215903883,1
11.951136727676513,34.260884712855955,-45.16522849770668,23.235816321401543,-16.611596745788134,66.71606377239266,-56.07071382837181,26.364161472966586,-39.93003945265521,69.31011032769155,-66.8659291684834,13.191078763819533,-58.47696892266936,71.47760725550953,49.56687410314274,-5.3614293865345815,-82.48265156034608,1.7378553788742153,-44.08481460271958,-5.505440471862528,-91.96426748560025,-81.45386632135619,91.79373796779899,81.38118631510821,44.842450397775394,-45.75872124664533,49.22975110436363,-2.1920731643539852,9.026049862147943,-50.71050605497693,-71.06577123538625,-80.26060039807112,5.676157698657875,-30.086023814856276,98.74803443567893,-30.931837928589403,49.54412669686164,-13.664746701588413,-47.674517795992124,26.090832923956484,58.49213182412788,50.07640416258789,-48.95231917262968,-57.786555833637586,-59.42747646447759,-8.67902802715048,1.1660273412225735,70.7173219706699,-98.9727414042597,-39.17781332889329,1
21.34300927657118,63.19115788304131,88.46870153427147,-9.672663063355301,-43.57767877928047,39.215325153527715,-5.794551413545122,27.724828427702917,-94.131171804333,-4.016718895747616,33.53611948518903,-47.88977529259228,-65.80905087547413,-84.4646898553018,-85.19173169433793,12.524515611523881,27.50720299469276,68.51750629063466,-11.45886504850111,31.565239960592493,-8.167556417521311,40.635889560011606,-1.1203564260165706,96.74992986355429,-98.79288747144419,2.9872303098280213,-51.45851837843478,-96.60236492775273,-65.35477855779901,-65.17033624761912,-58.72481922897072,-10.885434445496116,-23.696244552766203,90.2753843673973,14.160298636070806,-22.772430254645442,-27.47529894905543,15.773697353726448,-22.300240984886273,9.67774327853212,17.538109223030872,56.20335692248585,24.707289637471774,86.8077111617607,46.95392889934186,-63.180919391695525,-75.35202481651051,-63.28083004579117,-85.72854937462124,54.211078100786665,1
-45.71812391065713,-58.11865721001328,39.09512083781547,-63.472204859640314,80.95396028439026,-85.21432702267701,93.57011102439299,1.589246199809665,96.90559006880179,70.54580455182571,58.28435108185454,-19.173519456459402,-18.277854041498713,-58.513386566418376,-15.817179436385302,-94.20240219271395,-39.77536458299271,77.85363080669748,-36.730370270561785,-5.173249378889551,91.05895991790251,71.44258256100076,62.76835739115401,95.27883378701537,-88.11854211995205,-13.689289806706782,16.03928213992603,-2.490786369495737,-83.26349954208379,-90.14653652066488,85.7416761398004,77.84748930182099,-13.759276127873576,-19.515809718771422,-92.87281286985414,-58.76218454232698,-61.4095079287194,-74.36658299763403,3.7281360668349066,34.26612629081151,22.242914349598863,-78.79518103406862,22.40591228503932,-43.54564341036291,49.64045977552456,17.825334065444437,-67.89985156352697,-0.6676271439167891,-44.424029775789165,71.59217380803028,-1
-54.0012492073519,31.788558786948556,-70.14762060223876,-75.71684693760916,-61.603146487870305,-71.75793814450935,53.77479096133467,44.61274671063734,-95.46573362363422,91.59432494713508,92.90580460778406,-27.86289291976655,-5.560722622234621,88.55195694530613,52.64684717912911,74.11764241356627,-22.17706999052413,97.78360959496229,-23.34797581260422,14.783064262455852,73.4516146833887,8.37265723119829,-63.39715912136674,-21.674825546443287,-21.227208692371335,47.13710389925629,95.16952032691194,37.21917603829414,-12.682975947065202,-11.59555325410922,-4.583326656678707,-4.480679339242343,-15.988995341043093,64.60631614766942,52.09957011545072,-17.671546756256348,-48.90497863257852,-53.376683889873114,10.063763499651813,19.913662450450076,-31.064390347592436,-9.697933369577953,-83.72053521824219,26.327347620542113,33.17152122770733,-85.80712503464791,17.67115178187086,-11.446594327612132,-60.06829500157593,25.464321154371135,1
-92.21239666246687,-97.69479718940295,37.998239270861234,37.316185604257555,58.12546787661543,-6.399859783735479,5.806921168546836,-75.1838638046288,-18.50627395551514,-32.422018245742734,4.7587185363657625,3.5762643040588813,18.38155833912616,77.08015426256159,-82.45425243338397,-46.197616721409894,-38.16782029319275,79.20658712095644,29.29021815992536,96.41332481575006,93.63894799826133,61.193984561289255,-66.3273868257859,56.983822535526116,-57.4154691001169,38.14881924708584,-61.7062647156942,-12.449244607532918,-94.62077174529726,-91.76696649210807,41.715089129711146,-8.134936002464912,23.611090353777684,14.28991373876687,-36.4965568538572,-55.65670419494266,54.78714961923771,53.774018855838136,-53.219789402092445,93.33290715726002,-82.95566474890916,65.30518826017999,49.23377187917245,-44.79075339934777,19.61169945675448,-45.907127370862796,89.08768482636921,-62.42072495109723,68.26937892655343,21.8987877385036,-1
70.23014708519634,20.990002629540854,21.366285782746644,-60.4805230317841,-80.37511736010796,85.59083647835627,11.92660485734632,-18.8221122461714,67.49624012030657,87.74485703525602,-12.494260950890833,-92.35132192661885,-19.467949152268616,-4.1200157409392375,-46.80705895460153,-79.96822325488407,-91.90099136605312,-36.08744834008555,-71.96170543163123,-96.30802019169889,93.11457592823334,-11.337311837812749,57.84889844833745,16.242046957408547,-39.294572980339495,30.265434924583673,89.21182757478877,-80.49179047536974,-27.53736219757627,-75.98334664129109,-70.77505436144686,-20.00682087212755,28.138480615973975,51.78422780625934,-17.413005231991335,63.129661408830884,99.51109379133683,-75.55079310764954,36.439670291968014,7.272486112520255,-52.99851936581206,-9.884744605222522,24.582940189915362,-35.26301932068819,38.42586231816924,65.39850964165672,-28.769956287106297,29.585977957265982,24.6578931110911,-82.43310989416801,1
2.2550924401502357,72.22270401228513,-85.16547394301553,-46.84526863651293,-15.112479199821308,-74.40770767963485,-88.01135838715783,-88.71342385113039,-78.17902504639281,73.22388600597327,18.373400501415077,-42.633221557558,-89.47388241488508,-35.5512075375364,40.948764134482815,17.660103909609774,-34.94289782482977,-34.60183974824169,31.827345138444997,-18.57813506487085,63.85799558211218,2.2439403242271254,-77.33433927470735,-31.075469358839825,27.358897314302936,43.999952444029304,-54.49448188662045,90.03051262455392,-95.87335364595178,96.98914406027143,15.702857226098388,-15.281370889220852,-78.1033143136192,-44.8397150366203,-63.378841272048334,-10.737655104707656,95.36501013182283,30.837702052553595,-32.826996761983395,-49.99921402252055,44.1587254216293,51.03502168656112,48.20358893919217,-81.26929864092094,-60.98065350431201,10.311248063272416,31.71869398369404,-78.13203624483202,98.24507843181692,68.7426394297593,-1
35.50916103675516,64.57761365870041,99.17128583563246,87.66595571530371,23.018673174880306,-70.59381189590343,-87.96119193974164,17.446065652681966,-59.803813591042896,-2.270473910145185,-0.25843883140419166,-32.662994812968066,-32.3485448007668,32.59680411669683,-81.45965682290569,11.45764774187046,-70.42697422435864,-70.6745350626799,-61.389281938341654,82.1714728188438,23.666682703669366,-55.23896874452592,-55.708089374234746,-97.03525935156894,-71.84602240494601,-46.364220095302144,2.344791938718288,41.62777496365143,22.864986168493246,61.14203913112533,70.17431279269027,92.34230648935372,76.91831870334295,65.26118483376996,69.665337043497,17.10810082396455,70.51243171257434,26.88916384075091,73.84247186102303,-94.63671475685365,-22.14160377271581,-41.64136903864482,-79.2992296044101,-68.19233174220244,75.71230001782331,-49.01327537254947,-22.06663643825189,-59.08233368592442,41.06437532180985,86.81037193016684,1
-81.70263252044903,31.78036131497143,85.64335912951887,87.41092671315508,-15.418673629216144,-75.04040160276868,-37.84261908526831,37.20807310259164,-60.233762713878704,56.14669664057084,69.18910679714784,72.96592174758877,-66.34548068314427,35.60534455347971,84.86188580647902,90.34676186033636,-50.71242612612545,-34.32578222278964,67.32417154153,-79.0809101440234,-54.959656731709906,-12.07197710688763,12.492762070630462,8.755681290888901,24.877203662712205,-53.13016203245253,-47.43438830651565,73.69363451799586,-94.18746187486285,-83.61027220801861,2.052082447568253,81.51464394418198,26.105255040269455,52.21630777157492,41.02626260932246,-26.811897038213914,5.588275521510084,70.831411345361,-68.81254910483426,27.396158934650813,99.42588057249924,-49.613991140365044,81.22663546113205,-59.269183343450614,40.53815169034817,-76.04928138069124,82.80227175413324,73.43293943534044,43.21607882435862,87.24363537258571,-1
16.65047846251136,-97.67102009938075,-93.00362529676929,-61.73104745962548,-57.959757109495946,83.1505545363132,24.73143794229668,-22.461461611058354,-7.800562281944082,33.17864157498198,10.612146801120588,-26.26518546876045,-16.18011522080782,-83.26393466219187,-28.11564462055938,84.03082779508975,82.31853009543744,-59.880386949311216,86.69316280261091,14.552273037180186,73.52584063551848,-87.33695825086957,61.38476365006741,-95.36464155592364,55.8064447043769,-49.70933480083413,-8.149729920421223,-58.720250213744606,73.92996641592146,83.70326939419817,28.341441820234735,43.679436257392354,-18.73916116974317,4.277112848890852,-57.38566404814289,66.02977033971297,-85.09832768784133,76.99818438357497,52.546368678545605,17.09264014386507,85.70488487115537,-88.16523042009601,25.1607586305509,70.4593816406369,64.91327553160136,-55.314483008994905,-18.65976814557071,-52.53443346129983,-34.044205330104816,98.33713658294693,-1
-39.51609774429272,-22.37570864630058,71.87204495056426,71.09350582322108,96.51207238529403,55.75610987541313,-50.84960580576248,82.24974196890585,-68.98356888544117,-15.699081230786845,-95.32713963335071,18.568053363646214,-27.078992481301768,83.43703424449137,85.40062344700743,-44.11514185396656,-43.591289255192976,-74.75816069352186,-65.48582620822671,-98.62163421805472,-38.783873196235064,94.54973990328986,-82.91402908012584,57.06095260649414,9.351108991732076,-28.812778419928307,-52.63607406005391,87.84070378555793,11.616097108657016,-11.31574245086371,-98.2769903755134,-24.473573707481577,31.360705861124416,76.87732608828114,-52.455867618789995,71.26864442321096,-61.64872629893026,50.27598639691439,-57.78484203515018,-11.175250202984799,83.0634404753425,-88.85031277604294,35.148404124832325,-10.008805465583066,-46.893906305253765,-68.12230215329006,61.44640260297032,86.89949822739229,-14.47755333458906,-37.08049450537361,-1
90.28596207236646,-95.12180137798066,-9.018679423520567,-51.520424749622194,37.148746466096725,51.06799567109482,28.769135227244675,-23.579320523996472,-17.068251471095735,-32.806018482638066,-87.65104836509683,-95.70419007208062,-57.37991732177996,11.73528354533255,51.531773632468685,-35.90568660021209,64.40050398507478,65.33662210121943,-12.682654519754692,74.73834244021404,9.40983697190876,-82.02072088730586,46.72502527176292,57.38053153621868,16.719983199749564,2.915452400089265,-66.94908026907314,-26.515350150999524,-18.604810697685608,26.719955355357428,57.337403193133014,-99.37269031548803,-91.1770346337517,-98.77701459168522,-50.83454114461388,-21.590436176587644,10.2989624107624,24.531685363147744,52.92795439842095,14.695625918738457,2.1567827493500005,-11.392784347083477,40.86219569060802,77.83803663339611,33.312538926691644,-59.570309337872686,-13.175387541669139,36.22745811600538,-97.79777407188601,-8.837947819359314,-1
86.88660775068828,63.821465235537545,30.686384834872428,-70.2909696980038,-67.89198267964804,-64.51264314531682,12.99090080993821,-5.952975292801227,-56.773871499736,4.19173123197794,-45.53968782680195,-44.065770926301084,-36.59915662776414,91.99216188678366,62.81313640854117,13.199867529902704,-0.8715283863464549,-65.7022864851101,59.57121856353788,51.16451179992342,-51.65642677623794,63.86450136388325,57.43759758705181,92.31684717356416,-79.46341461699515,-15.253926272775999,-77.83328981174027,-6.504523792551538,-42.59411153423256,-12.630095189172707,20.702911804079235,-42.06936508761883,99.25153855704323,-84.45520253901779,-52.307193145231714,-16.47399817662773,31.936417796982482,-45.46786312327964,-29.269031490655408,22.873359155310325,56.71458898597598,13.186314233735928,-72.07438084004195,-34.478531065525345,97.43123648300224,-77.85370312833228,-54.1284401443007,36.88936387396245,-4.142965721568316,64.69413874400004,-1
11.556683474004984,0.33983320128496075,83.56050804191673,-90.14395971045101,-96.85187777665641,52.05355526479241,-9.451637032053185,35.61455631234233,15.582921970436018,-98.065127739434,-74.30627895089654,-98.00415798826852,-49.65344031699601,53.16457253453339,-72.83718011839738,-36.252880281199104,91.22068762856122,91.96630203990728,-45.92106178067692,48.07937856890382,51.198635601897706,-79.36141724646033,-38.05941437767786,-6.9764248192103935,-36.91361028974216,5.769877840760444,-31.624208873988152,73.99851401903695,93.88696088245817,43.33342696994566,23.64891882759936,11.53237685283672,58.749537446764066,61.24246876095904,-4.644303493961672,96.09613288386569,-24.596849994626908,1.242211349946615,-45.54233289653469,37.235459431545024,50.29254738260232,26.142494479695117,-94.5676614427686,-89.75061844201622,35.032918011549754,32.70555252007503,32.89569014098274,-85.66685864525661,17.76069268478342,-95.9535370318443,1
58.101958854977,-97.44691469642052,-25.132769260652083,77.89799807990602,-13.866462093431963,-61.346154619367034,-17.516379090225385,-1.4389488423819188,-47.74839807797831,-83.4510474591871,64.34509435466248,-96.2579065671592,-18.374514655127967,-8.316212798196233,64.17930047375958,95.80497353063873,58.8438320450183,-53.706790613922514,66.41230358189904,-11.342683520470004,-38.15561722737411,-70.9405342222604,-68.40320290941091,55.38772186810402,73.49136602600785,85.49023946220072,6.843546564753751,93.14370435332467,-41.92495068917326,-34.27909983064812,80.66336397931357,-89.76691796607325,82.72342072855056,22.117379781405134,-66.11811363471811,90.35219152635781,-56.468642603044,-63.035183876178415,0.8934400378202128,-9.205605416189442,-85.93626502136236,92.10739403779482,-93.9181029146394,79.71662770982135,-7.682665844669316,-27.76107742464579,48.15703247312578,42.953918420277205,-94.63847935395613,60.38919473866264,-1
6.458375190290894,-72.60667309115283,92.97659883277063,38.38628393461843,-34.77353459676684,-71.28182034337021,-2.4060628376822706,-49.73825521495074,-70.75073282856894,17.142443212711328,-33.998793743895334,77.00079856661694,98.62647126298708,-11.438890381535472,5.208165818786512,89.02961389589413,83.6037383074009,-26.900698151787523,48.55472234645711,-28.930507868076447,61.40909788217809,18.769489415794666,19.870008528758703,-26.766803935485,81.46373584386504,-52.212112759551644,-2.4305296342861595,-2.752180557664772,-89.08130955348128,-18.72736361723122,-5.078594424878233,-60.66217234160809,55.758067144735094,39.51542972887114,93.70746400706591,39.30351608747981,54.033125563333385,46.82235699618141,-37.99596163362604,34.17413088728955,89.65920502828254,42.39405042306862,-34.64708524489484,-1.6789427037556095,81.38490197201708,-68.26065046966869,-63.29297711813702,-8.22054941058046,-6.234693735004228,-51.23967086027588,1
95.15576370978653,67.11414199291207,-25.71320987065353,-23.870770660508526,70.2492247011752,43.76585735437257,-92.93667828102328,-4.872760538144689,-26.626311089149212,44.46239625268905,-6.21652720483911,26.556216070503467,57.140171355802096,50.618784106252576,-25.247577472642362,71.54520707252343,54.127325776903035,-83.66528251324237,-39.55710715497391,-77.53288400722747,-22.85811375836981,-59.763674161876466,11.60247545479065,-34.585151855053866,27.751848825490796,98.07350925773468,73.52729654530486,-13.132807450740742,-93.25776720940515,-54.17393866385538,47.41438898226389,-54.573924984390956,-70.03985595023208,-23.246388553315782,8.089416989753559,57.84635655410034,97.03546580787622,-24.184326271015394,-67.71181871254046,77.80656917124645,-89.90972283924906,57.69378792033274,93.38572485090887,35.307208426904936,21.971322248562046,-5.446212631528454,16.322879133344983,5.899307368583436,17.187449694170695,16.899605955835753,1
-61.075497635846986,-99.23394189993549,28.87923245637313,9.09484654763952,31.510975166667777,23.679096885091468,-8.578132360736632,-37.24823794631607,-28.491619314802037,-55.046934077509555,-33.252433127051745,39.70805272167982,89.92150850317663,-77.99726829177366,-43.75299175263698,-49.24203908445357,85.44421137441793,42.85232191990863,52.06304249482591,3.088166864394992,-65.1570806517969,-42.962989909714366,0.3106579245744143,91.78022121479074,31.56183358187775,-4.2995681500622425,-92.41084902392936,-87.75046589421194,-57.87058206816942,8.445840460584279,86.55072328088212,86.98252686306864,7.305195268300778,72.36566630073477,-80.49770198404107,96.06514239130587,18.766653011790993,44.49108225904109,-71.97175254263988,-64.04891656653686,81.34966811108828,0.448637098984463,-56.311770479944286,76.74842886337433,-25.389864235831965,61.157220659938645,81.57367361908206,61.79762528002098,13.799328366775129,66.41242859813596,1
-94.69355922523606,8.58808889786556,17.751892713001908,-53.4440631125042,-70.5032050525465,-30.907645387344246,-22.23864337025816,-56.35742296685255,16.89424065732554,28.75681508971897,-30.91311354011026,89.20010238474626,-9.660607650884188,-36.654175285358434,-83.79377808439665,72.13272882831353,-65.01664423001387,28.35309236209963,86.32271935506935,-40.853572088431164,14.617911065831834,20.29015701313368,-2.3615978039717618,-24.998689346813393,-3.6849215926473704,25.352369917374546,-77.70905570355615,-33.942460122963695,-62.25225762582802,40.87037968001269,-89.23084639303516,55.309118976029595,-86.70319205357688,-8.8555083414454,-66.64978715783207,72.71548733031139,86.32825771780622,81.08183000518645,28.828833390100442,-60.01409874688171,11.32985352865117,-23.92301103254934,-8.602078996090995,70.97874328577251,-72.66433475546164,53.658194443788574,-61.050744060407624,86.84794088779705,53.315854452656964,-96.13872572026774,1
-54.034654840476314,5.92890540702669,11.001817294970252,-88.2740881802769,-98.83167997569795,-84.45750759929467,19.720047366732388,59.11780275390936,-54.510853692748796,-65.29895150770588,-35.54682751333675,-59.86639076626117,56.93138113462916,-32.74618902544715,-67.69978703105895,-69.53614749597143,-0.3966447527642174,65.51510901607068,-31.1107914622373,-69.84219259397615,1.4803468140087688,79.04407241911682,49.97518656173446,25.68008111777702,58.04730099705998,-12.099794584062451,-40.568666803093635,-92.9376421280075,90.85534023550449,-49.23096416594181,-26.57372910062523,-90.81680171253186,52.795851381070946,-39.48414130174838,28.248011409305064,-30.670053687642323,-29.2571818156475,-77.29555951820579,-6.973325418371019,74.36159064109049,45.64783356356429,-44.85884290455944,-70.85182802295714,-27.98914248395603,98.46703660873112,-66.70868590923811,-3.81454913287385,64.45586544642748,-20.810094078847683,1.5523806841418804,1
-97.8008342683039,-31.685922593686414,36.03170935177573,9.249593520577704,-45.644245158339736,77.75540510058948,56.39014748518579,-65.50722662962349,40.69455442606622,-23.887257322801617,-91.16014651046498,-78.2867212691001,-97.20038143123433,95.13838929573271,13.989092134434216,2.9670705445403485,22.035327828366576,91.13374307827382,-62.49035370388012,61.748376022673995,77.3197404833088,76.13587964295624,78.20793862563619,-36.24300941466143,93.69910057198666,-97.86559591274644,-39.76522847600936,59.22493447861592,62.29019729344222,52.85268128495875,39.87263085302325,59.72484826912344,-99.20116241725789,-29.8962960395412,-47.54382968666988,-88.49727402303446,-56.90637853854346,-92.71042148987563,-86.4398868531661,8.493844993343885,78.67597713311471,84.95705732105813,32.00237985734333,95.44771122338435,33.16367239689609,-48.92687915020635,0.4272123453679768,59.46619884276461,53.153322955569735,23.532154860417933,-1
71.70129091031089,-35.6675057210506,51.58754792123318,6.151835437164976,-44.94197284663917,-17.795119866921453,6.888174954327468,-41.533034985404214,3.4226214102627495,-92.95421802985564,43.064370335236816,-94.76384361922779,7.242804614821978,-54.02941325383901,26.03434155648479,-36.182327046616834,47.51474216259203,44.26131935522557,-8.934499409500546,-88.49050602260408,24.255749787437125,-4.693968182959438,79.52464094732085,86.50933140334166,-79.82852269288863,15.208706475405137,-39.26202606592912,-89.64909253719352,3.8465171109675538,-80.07403444109119,-55.70661788020463,67.4114878610016,-14.76938807094183,-48.72003113570089,90.47663175640508,59.526610922791036,-28.651643931155647,-19.237643147680018,63.33360293266895,22.425827289090975,-1.3751108139488508,41.06880089668127,78.34614046522012,21.055889844324895,81.11221873373566,77.09585371667288,-33.39294916007711,-44.45740900696335,-17.52329898785574,29.90021178141626,-1
60.696186076969724,2.218764294479598,-61.169460676290186,31.11163948346976,-53.83765372801017,-15.820295504856134,-41.57122955894048,-14.820627172886617,71.8000565886741,-50.66453795332433,-95.03071768290935,58.328667306903014,51.2643774844895,-83.39681259569929,-0.21065551143126982,-50.42302243148982,-32.635562728079265,76.01183740386543,84.7019093166642,50.6496621744096,10.346455514180803,11.375741256780842,-18.26880370215926,87.85534628356498,89.52938763818324,52.56918396196372,-92.63460034757907,-91.40427180112096,49.97431563946304,12.766404771112022,48.18439452952222,69.57376153600856,69.02781474563147,43.76030194623584,95.0914717495894,-43.505533089208015,-30.506604293570433,-95.24901635082286,-38.57512781550972,76.03482079106763,-95.68841028658493,-26.731829712537888,-13.032258339913525,23.57886694965761,-98.12207614633772,11.101210872304378,95.02756547361605,45.44962399124549,-51.044849813364564,29.201011577995814,1
67.16518558210319,-19.9689454269202,56.72454848868597,53.782642018252346,41.71231371639007,-0.1102561348714346,-21.27426315768983,57.50462818647077,-34.86343369179647,66.53480343819967,-43.24404757767317,-51.801883782085255,-80.45941984207028,-97.0484315749772,16.17950882166612,60.79781352923115,17.269498724440055,65.68089072982332,98.90195330128068,-51.40294001357073,-28.718305278979443,95.16100792420394,8.827011087940619,64.48398242366895,-91.7467489973092,-51.619689214819054,56.114353351322194,-90.93343572360584,-68.7587307201488,71.4850781778554,-42.11625811561941,90.95622036614566,82.363034311234,5.895850949264286,-2.6836422144610736,5.221263347667374,92.61563970091308,-11.172128541717925,-71.54517189955077,69.43711024486626,-42.837755649798304,-81.39314465263334,46.42514649352381,-48.740784026106155,-33.97292936089573,90.0229909551615,-75.10437033007524,96.77941417007492,26.194092327878053,98.58140319568491,-1
47.58347867080508,92.7635322376361,-99.14364843277927,76.57706132903684,68.14923093736303,-52.74245839209575,30.81288568449611,74.18981726399116,-35.864663929852284,-85.73654158915049,23.22044826902321,-68.6114302440938,74.08837924373805,-28.495743431101502,-76.02376543384841,43.71300616979909,-48.97149023636624,-81.18529072985392,98.48350883290428,30.17284644069946,-49.41507391420343,95.53809644474418,45.5472608950474,-47.60225524156012,-96.68310979948455,67.26993569877874,-88.1009310319026,60.48420379518288,-74.73326234889468,-81.02377225131549,30.973319039433363,-72.68337260209023,15.093259544081235,75.44390836987733,-88.80844940530153,-50.62667869881328,-46.87065248760152,-48.556396256698875,41.874396751784644,-27.248441454988082,-23.207656609198864,28.14417342641343,-22.779063397346434,88.80309674561747,59.92109492693669,70.82627871036229,-59.64278933341358,-9.207432972671057,-92.13303539206927,60.79634347668957,1
23.428997320806005,-11.879377188165051,-35.43710045723134,-90.89915244194077,69.59251825783997,27.568835977545376,-66.22358268965334,2.1436555825729613,-79.29196761545249,45.583212999865566,54.40884719471424,-29.522172753975468,-3.375501809593544,-4.021323986301994,-57.807619868675154,-97.5204641865734,24.287247926432045,65.19469933096184,-86.16203990435692,61.13249905507948,-2.5255619024567864,-28.021202178286202,22.267019118614954,99.63954618388772,13.159495698616581,-50.34833783511266,78.53374986169115,25.55879025306149,46.039800050816325,72.67751052556127,-2.007269868134088,-1.3318483856071168,-28.183880865804014,-29.912450516301377,-34.49180050394101,-63.93254011854941,-66.50930822120907,-19.626941024875762,30.714846308012767,-43.15702808359965,77.75775487067253,36.455348317405196,42.861842865539614,85.72802068077809,-60.187708607058156,-62.22131626912568,-70.4888312852998,2.36421461788629,-82.29601977451537,-38.841128846867434,-1
47.5164603177783,58.79101694311814,-81.7831170239897,37.70243768191261,16.03755266090647,58.790137421030465,97.84685998759102,91.88634725419641,-25.378498636774708,-2.0090353209281773,-55.04367298198818,-85.11029567697281,54.579617519904446,63.77672257222656,15.589886578546896,-32.07378887341312,78.32074779927353,19.23682951592987,4.967796574332368,-0.6189775449848298,8.081108234854682,17.2427545581386,66.08816220183863,44.394615405735806,-79.09923970986594,-18.104212424567237,-63.91531441647154,-15.507188251836496,53.45124971313868,-32.11425620392849,-44.79897156085158,76.40040904111359,-44.327880100930386,-50.73154309450718,-48.533373576569126,-21.49404536466703,-44.30129380063583,31.05144420036595,14.401562472496863,90.06147657560763,-95.55316004103831,57.121025886592435,16.579101477872157,-14.199615256838058,-86.41994828240213,43.89923445293749,-89.25172280855769,-32.3137284060349,38.01582053466126,89.0565478832072,-1
3.339677045253552,-61.256589844740425,-31.97821269942625,-83.67367002973234,52.729726782510824,-34.56461149429121,-29.66229942691008,65.85689914900499,63.01449866458435,-13.355392721901495,-73.62090339447138,-17.597053474225362,85.07908151395677,79.07298301166693,88.86523990914816,-73.63129551782484,29.061383791662195,-24.742637366104574,-10.606171156236982,-12.323678001874214,-74.31655325449687,-9.928998126849493,14.243397858724933,34.58911852241758,-58.99251486355668,-38.794134490516186,87.82253465110912,-81.0014043360313,-46.210446036725905,-42.188472465531724,-48.89281258033964,-16.762722206311096,9.332214696817516,-97.12045032707633,-24.94356003723577,-89.12246364232384,-60.61301420177634,-82.01466403153914,85.82711880082903,-63.994863292786405,-80.33076424843875,-27.298412225732946,88.85743598518096,78.23314845418696,35.92317695431046,-95.8686380518053,-46.284677664244775,74.2317118365907,-49.28834631633337,28.573721090295777,-1
95.12204017198297,-53.36248911567674,-52.640393080776235,25.260218954773165,63.942324550665006,13.60932835750306,-50.67055273303447,-71.42534812836581,87.48971214803097,-73.56677872502806,-77.93225230470904,-70.09611291739452,-82.14474023729083,-68.18218591133882,-5.867721113464768,2.583274699276174,30.369633406399572,-37.42374360878367,-75.53836230900771,-86.271698710958,44.901505441161476,66.50515794575833,39.013369537513086,-14.419796705884309,14.529947819709335,-53.164701054071514,29.977263558244545,17.714097150416336,35.605663716815855,-29.110705549225216,44.89006348515659,0.541109856133076,87.28754059590852,38.18141803026157,10.94770147260435,20.12055366483436,-9.01610670822086,-60.245787029903596,96.31730881594075,-94.80521762817114,-96.48055636143104,19.471630443782615,87.75934081386717,78.29233283326477,70.51417806410939,12.633134455538581,95.18449444814087,87.6546549272552,-24.00496914250472,-22.631893195842224,-1
53.78455642152821,-21.263622801877432,-82.1500496726832,-27.75006108527907,-97.8209053949314,-7.431548593134352,85.63553205700859,20.562823272275438,-81.50969249991462,5.571078220461388,40.43172781513394,-55.66192634901053,45.93722312359162,-40.5550605353739,-69.22322866096366,16.06975060367462,52.10554906284955,56.25808351155382,-51.614617354055504,-7.991123909942303,-6.245903221210284,6.8235614306322105,48.38605269755399,-51.73506553103808,4.045288848061276,-54.13126139015312,25.616691021741772,-54.30997031262361,86.58052807197342,-70.79236424146117,-69.67491033292058,-1.4384190117025213,-91.25497750805182,-65.3429775539908,76.85227330418715,-47.31779666371463,-58.76009164658977,-56.340539265290325,-11.240744938850298,-74.10322867819733,64.15331865766979,-24.31130599062932,19.079258905580417,54.35801592391164,7.673799492636519,-68.50468939336591,76.17910159747976,46.03728861841208,68.59841528978464,37.014701360268845,-1
-20.096243082613043,-71.38372091653721,99.10404565287575,-5.416805804308481,37.24500063719873,50.72985646431613,96.41694801151561,-54.28218214073692,28.636667958896197,-92.76214054626723,41.69725429186789,-13.158747981484993,-7.169122551053491,-92.21191949392119,-81.38533604002222,2.016774723763774,-76.11237185556291,3.003247908473483,-15.346601852160475,-18.528555050145613,-68.46932523918827,-93.8092024233222,26.571880784560165,-83.93040070730262,35.420384183673065,-33.87384359104853,-70.40118066788945,-17.33767466296156,12.98766165410359,-41.257397799191644,-65.98061340795975,27.289272910222408,14.601222244117224,23.62968760438588,-78.37619366223365,-29.08025725689683,77.88103564838516,10.308344120840246,57.555254471751425,-17.300793651902907,-54.91683104980132,50.80650576998465,35.44585224341668,-14.698273009250414,21.042148026411084,15.108225229888745,-43.33494416536987,36.42800898409081,-48.79567346088638,48.68788688829048,-1
99.43647078059007,-48.19297117933057,-57.31042373479154,-62.49439041068783,-44.06099732860467,66.16905601188427,-98.31831382184957,-27.31463439248492,4.658551121980324,-24.768208778127644,-21.74028745851726,-40.83547278616546,43.716695763362054,59.61452517226445,-11.049436789857609,5.0243168145011055,-37.849191287371454,99.71612442087161,-19.414463507719674,-81.14281624730704,90.58619280347926,-91.83346094186228,-33.567893488000294,3.8811011992986266,-37.2880774573205,72.344916276361,-52.92269991222398,13.514545976573686,-9.13505686921016,-68.62267626585793,79.55876738920821,-26.942041374318194,41.85359435296709,40.8809093285995,98.90038738013402,-5.111230312085553,-50.962814375596245,-50.03412858413449,64.84312419099652,66.78963057330961,45.95649594498806,-12.583640889889239,-21.67670604748824,-92.61821138076287,48.17979823150887,84.36009406700876,-98.64737521642155,-54.42335267577616,-86.21655146300667,76.28237363450918,1
55.101059343799875,10.788346770927504,57.875926692384894,-80.79779757726973,-60.97883886543449,15.381180708973957,55.75252166939964,59.10003832682989,-4.080902028883983,-65.2929195703421,62.89675138145091,-41.96534941213408,53.975228575780534,53.76234831108158,66.87048095782916,-79.6894774455271,60.84511182137524,91.06099933286686,55.091345750420544,3.7988525742367045,86.75229697293602,-5.4847996153193606,-35.06803756946108,-19.73890669366685,36.052556165316616,-11.049881492721568,58.2184397541713,72.61824330218823,23.920569018602862,40.351788369951436,22.866353333808647,-34.82570980808268,-82.74573269872579,13.936079059292268,19.20414096356768,63.272742123689,-55.40418867798671,-39.855337547058056,-74.68578926161447,65.19446155264234,-15.670212649581174,87.01736648683291,44.23701685823585,1.7287151306444315,-7.865637876429929,-82.46067819693519,-47.58118885551379,-94.32994471114151,14.232339740461654,-7.302653948187029,1
60.72070708830702,81.4926352692851,-30.20101293961781,-55.752930416419574,67.43511672789754,-18.680167671749913,63.526942565122624,27.065701319391906,48.346805680199026,-33.50058233437498,72.93799749624131,0.586313590830116,-38.91270527788653,-1.8864988242720813,9.621978502601266,77.88709877265632,19.65523309562937,-21.281439357013227,47.08037784004807,25.726947278658102,-87.40107390965744,73.25692844669774,-73.03000513840627,-15.144427455309113,-49.176841738178446,-50.225918440927344,56.32536587547213,-89.22685086287012,-8.805410269282675,32.23080238693058,-64.44826970364034,-86.73590115459308,74.09000539956315,-76.91968418276554,58.89630336307647,43.192460195590286,-62.967112150811325,-87.42126536077117,-67.53523105403272,44.8687269513789,87.39199083487159,27.884104874315184,32.19155328575829,-68.77450256040952,46.21449689089181,-84.52473230201747,26.458336920720654,-11.539419884413476,16.156071234616263,-45.455152187416914,-1
-42.363094808094104,11.368882626912509,-90.04656068228489,26.29982133469953,33.56291456398628,-3.8012721158095246,19.154886971844775,20.949592288401448,81.01887419267894,-16.927382394545106,-70.43214046103321,-90.32356513937893,-53.229841705325896,74.60277940963749,30.608372490611515,54.29243654847039,-14.957626409976598,-63.820198676216556,82.79463696728635,28.202189561670934,47.893653370898136,43.986412359090764,-4.36215662012836,55.18648396696716,-17.020524095048856,-36.52067627019715,-15.720990007345222,-53.673967124257985,2.2417691075592643,-71.43847394374797,-78.41942923294307,-49.20788970340626,-5.462249439026863,-16.083944736331276,18.288999020067493,57.08184679913296,-23.014571469236884,50.34654991129955,-49.652249309064864,-47.75685255183597,37.548813317500475,47.16710277061432,-13.134402398051037,-57.20317701336726,11.26240901481512,21.883596145907575,20.20681173517866,9.145846459197472,0.3479679823949198,52.027331616124485,-1
92.31014642751325,-54.51034918704008,12.255102971242437,-52.244998336088,-46.69803255120033,85.1477975466662,-21.428111393272474,86.68386232544319,14.517610103831103,4.081634313783795,7.41303201685723,-20.635440322509922,17.222999797397122,-80.31754148517531,-90.33179991328484,56.85591598770594,12.311442383861106,-20.68877525140917,92.95027264943545,28.653888551768603,62.94555522968321,47.39347019719122,13.46131556729695,22.786681843447298,-81.36158190460769,44.34703664754221,48.59851609894707,96.25986304988697,-61.263097487362,-15.437811795979982,-7.057618844903345,90.07087834651622,-61.74926121599486,19.97732213759609,-31.65165193609974,-76.44905848048158,98.43656346397574,-0.9470237164497917,8.196008610034625,-87.04796350559647,37.870080203710216,-1.8279625932744494,-47.203157196507426,-30.57442277313538,64.89240965991414,8.608411308856077,-6.311825235069463,61.01914137007901,14.608601662632864,-78.97973391977368,-1
72.40289645452452,-96.77507072555701,-7.226955714230485,-51.246101383454516,-31.577384221609847,41.00149482415057,-17.152315160881088,-72.47440008675936,45.97383521875338,-70.15470368936738,21.407448537292268,34.02079029366857,-56.08519315983849,58.436577691842274,-13.793247655832587,79.28317517070761,81.62048057880634,-5.409126412819916,-23.328823418734885,95.62475234386739,-0.2628919921806414,20.41195517246291,13.850619535534719,71.29590881718596,82.87396196633944,-79.90047108962943,91.71483546597526,4.5097264012935625,9.060926335125458,-41.50080165942802,-32.31153527069357,92.92832019028634,12.389559788686682,1.6237089507252733,-13.814658895227723,84.99386365788959,15.006208997491143,-93.6549456254229,91.11109397799103,38.360141041664974,13.363841712210188,-94.8224678532345,44.60397553940416,-71.18378450904976,-76.17793879327996,-87.92255514760177,42.740645585488835,16.159675174635368,-61.866019717292,-54.644124598643586,-1
99.56417113639563,-48.11016578638474,-62.196586533089146,1.7480578860283913,52.13392763351112,-31.543457466735546,-23.451762827136747,-64.82468184240253,-44.89506442701341,-41.17215101025471,-97.77819380986234,6.214285965776796,91.69338758121245,20.084933608678597,-11.218981920270949,-18.412930575937608,43.14439537755163,-97.73425596663468,53.73694495597738,-8.89833431807871,43.47754217192076,29.657550216737008,-25.385114984429393,38.70039090747389,-69.94378635110583,4.187549967443232,18.258091208114124,46.35291930304163,60.72323138479675,-73.69958553415404,-82.8858948010415,-51.580224189239175,80.59083199230872,-57.523410831280565,-72.4743551917878,-16.98111428331721,-64.30189001230227,97.77881394162293,3.2010308424704306,13.105419839354909,43.86981260370081,-33.87456215998246,-61.290824013683796,47.699854545804044,1.920070974465986,92.33204038047268,84.81767798669617,52.23057235498865,-93.67142179791692,-70.6562948499221,-1
-73.70217602040367,97.86990280840783,-56.89134297909093,45.06211510814009,-52.94611243065863,-76.65964631527267,-40.36171100078103,-61.30135787418429,29.291443655464263,-68.88795990968475,69.16921002147174,-52.6547114202383,-55.9736312094173,-31.157217651021924,91.68666948764778,81.9599653748688,37.783899196126725,-8.613121688816406,-79.61164658785577,-57.253354447945945,-5.476737815466777,3.575421231814275,78.16625402950623,85.2462430108915,-75.79282283044154,-11.375757578048933,98.99081020906638,-86.80319549036926,-58.24127321439225,20.53321795602288,84.0824994051138,53.526003038481576,93.83838073139805,-52.32567522973448,-98.45097064995385,80.08041643852846,-80.27693386465178,12.167115020034032,-0.8677773902017236,-14.266265635226077,30.00865910294712,-91.51896229319436,13.109692881869876,36.074435813348686,68.10545919980214,-70.03363888260364,45.49061142905367,90.65949018731143,-59.34183218988138,0.19064885560413813,-1
-89.6328401760542,-92.05775848555055,-63.750438786769,-64.2076365729998,87.77393478186289,-63.335391555007845,-77.8650041765502,76.32875103618696,15.580415526806092,-57.22569266604487,-89.75764155682928,-26.756032558960314,18.28648251001836,-74.74402918472924,20.371332347414707,89.43906541868967,-9.229006785634724,-13.160077560684911,56.25907818103752,-53.09174323534438,6.0052397240392565,-24.203341093276336,-56.198634790621085,48.40605974517709,-4.478507629509565,1.145646193590565,-52.622793439761686,6.842843279149264,-3.3445238460696203,57.9947845012052,41.13465496008354,-17.9654842641028,54.63083240028027,-9.200870078494347,-53.03407025023288,2.8238674519135145,-28.278449204893732,88.84180561650592,76.49469320659273,61.138433116040716,-81.44411840784436,44.46630637405269,-31.219965697913565,46.28931069612145,71.63638398203156,-58.4448475653418,-44.69527849442216,69.30931365549347,12.962349165272855,29.593060743849435,1
-62.575145917899654,-21.442870734259017,91.24523941523077,24.224520582362047,19.34079463759224,93.43523565794072,80.18049779782089,-30.505809899494878,-89.36557845009496,37.71371623010978,-94.16383452163424,36.732464498481164,3.513973127292516,95.41479495211135,-90.60592566981857,-49.70750021462111,-5.750952109525102,78.27817939508495,45.58722547203166,7.76769550709075,-31.972863611916495,22.092683492937354,-2.95193946914965,-34.02808739782972,-90.60653400780689,-41.053913590114696,-47.579442824952366,31.966330137843528,70.99539878910261,-96.78440194517779,-74.24572374127575,-13.774940042058901,54.80008801462216,-82.0603458575766,-87.15829911939245,44.06343675803964,26.1286477021401,-83.48358981911623,-91.63462342014446,-30.023419106120272,38.257016911351116,-77.87260718239341,-77.23127845762869,39.097718285994716,-36.658806685338604,-28.676386862731746,85.90491428411275,-5.166798239644692,83.15487180012667,11.71524096627634,1
22.658336977475813,54.082357413728744,-65.2721374749176,-68.10798044264656,-28.180723292721794,-93.91479435945777,81.24645482069585,-32.854586435616426,66.99620088728409,-76.49307589261161,-4.375136634561144,12.089363078639636,-5.706216637401113,20.228093906499225,87.03380739982924,-41.923198543468466,-95.49446275646886,-41.792812924435154,-83.21066282626369,37.31683471660162,-6.769044371835321,-64.32861959075962,-42.10372997324969,-30.79402424080935,6.886162277190252,-81.97530498745883,-94.67494863763788,-89.70332088536988,36.914041972372104,69.71481259485273,-84.13060284925857,-60.21569923948977,16.48637997577967,8.377237626111338,35.9680309096195,45.662819706207216,66.01205276134127,30.44484743073673,-5.29577379791877,35.82223210637997,-35.62155459350103,-81.19160357256467,46.32554097393657,-44.59572637284721,-20.382948173212355,-68.20063744606999,-76.33343630311069,-92.18963663897509,31.528390220820285,-36.66084232189253,-1
81.43900614116598,-2.718992892764362,-53.32090965431866,43.42389710645847,-63.00006049960412,-22.527483235729747,-81.05450292844165,-65.88062800825061,73.94616634788238,5.3686071894858,-28.787827056022806,-96.45772142657019,45.36911489482537,33.04074030302482,-51.3326229591772,2.8294419455158675,-9.909443714584881,88.46445604540901,-89.541765176849,22.123975920872425,83.35454029669233,20.94553496722402,31.853496465943834,-13.165883991057939,85.13160104030598,18.39192811076839,3.842111971616589,53.292316097662706,-54.56365384232127,90.48310152183669,-98.46647530785135,-26.70471151578866,-42.770064782409655,-45.97267100304132,29.625672187402188,84.83872990259343,38.17363188072318,-47.17895528945901,-5.806259752705785,45.44047127920854,-89.28093631050984,-65.88962594143803,79.42579606138469,-13.976170932724159,74.61845886534564,42.13522116033346,-93.80063530556959,-78.85397948542614,-75.63021791300177,-24.467671339031313,1
52.88814561510088,-12.75711657599092,12.326506656875964,-59.44615812623218,-66.46053541754127,68.26062991546152,60.31259892782148,-36.12947690983817,-63.99231086222763,-51.97865749022237,39.513235979971654,4.128967772851453,-1.3693864666824282,-52.119740677687986,49.49716967907028,72.06461111920768,21.225946000554856,59.21628571215874,49.8530597890435,90.6685973276764,-8.747383715380934,-61.859694754974036,-97.91582046073573,-27.266651806281516,83.53542110562347,77.70872840305057,85.84087812732619,66.27219550483534,-71.48692624021314,84.35909227038522,7.211841191114459,20.00806482861006,99.41956797544705,-66.05115150158605,-15.287992571423729,-89.4265453672651,97.78964070718769,49.66199748876005,18.74271789922308,-44.25898417113836,14.964066623554146,-44.00078704412272,13.513310490019649,44.260893261565,63.44012645710572,-48.87012228225678,77.32494805397053,20.560448702156805,55.20124657461665,-9.412845303418678,-1
65.50473879076341,-7.030039259189564,47.71189962315901,4.078445198592462,39.65384638954171,91.60690393792203,98.82736271633141,-89.92516571521165,-17.708252581447013,-0.0010106078568412613,-23.558997910822484,47.22521463698072,-52.959277313338625,17.44198722811477,-9.456176461827837,8.8518491019598,78.87167957862559,-57.47909655119228,47.610396579999446,8.753815378320184,-17.1469646922487,49.29276132623636,41.01559025120318,66.56135921992447,3.5625032225195383,44.678539267239074,35.72906687618533,-67.99610800645222,33.406237226071,-33.51325559613336,-83.18146570602123,-35.335708384806026,38.392546468366874,-4.239567539562387,99.24950032634158,-55.00753824296203,6.183344899856749,79.19626208013432,53.17064420123751,-63.09085710137761,-95.18856766988037,57.92318843042651,9.933879406843957,-77.05246651733711,-38.310768056441205,-57.15666021926411,87.21259654964453,-23.72787673697094,-1.8780743117426937,7.922791496317387,-1
-6.932613212102794,74.42121274931623,43.83438456842504,-47.00384541662339,52.401988095532346,-68.62954162072592,-60.936517891328165,34.47758509232568,85.90945686496624,38.107993962900025,57.20377688509171,83.44955181063432,63.0948634892498,99.10310839210155,-63.751597198185614,-87.63940700221707,31.410545689433064,-25.12756054008068,53.603673943840306,67.1045607316573,68.07408121756308,-45.44578810109019,-60.4224309314884,69.73757914031674,66.77387341687856,13.303305731730404,-98.73888732748706,-1.7294861489032058,-90.63079033666442,30.11785375614957,90.13016884307558,-48.46311574361639,-26.806458585463815,3.226725386802798,93.61240021625395,89.99034699052541,56.092889921003035,99.75031636643351,-61.199660466167046,67.46698858327466,-73.6199891749123,-23.406630401040516,-48.78771391482455,-57.78204662042177,-47.609608132619165,62.130166093799374,-96.30948865446993,-80.04201889382702,44.42578287368369,-54.75778616609968,1
71.60465420144584,-99.25606783638816,29.80889345364278,76.63059727436638,32.62574764883743,83.06631671370334,-84.21194430036196,64.1498048822578,-37.34416485830816,85.16572426227518,-29.648880356360664,14.833385275602723,-2.718774155110836,-0.17208927315415679,31.397503302037734,-40.14489794128559,98.16928657953895,-16.879041577595316,91.96032271171458,28.464178393207476,9.279187023515917,92.10447088272394,-13.938413182295989,-19.803327203868065,23.374098943142684,-14.535908095099543,26.340011595772282,64.288002907583,-83.31312333492282,73.16545233605137,-21.506278195262425,-2.062733404865156,9.048901147449229,39.65386957889518,-43.60953167875265,-57.423507246291436,54.58189623690737,-22.751581024232777,16.991736985599033,46.87181524389911,-98.54354877965233,-1.8775665956911354,61.124284942972764,-10.852643485988708,-74.14951582328709,16.97198536843341,77.55426190317618,-81.70664212301098,-98.33605024440119,79.09611369844325,-1
-12.60082286687583,45.426239376385496,-17.271049030920366,81.92275937658243,69.25547449458384,38.1287226279002,32.549537792522955,74.76488869230218,-78.23791256660846,-43.281945212289784,86.47438813843993,44.44432006828583,81.30718027674274,-12.954424861890772,-7.430567534353003,-40.75299993997567,2.493508810873891,-33.14934366534743,4.872634827843541,-15.993035495672416,-14.412541457223725,89.36504775294438,-54.15360881397711,20.762881683720337,80.87604661613474,7.611804970511599,-15.595053307825395,6.096168037322286,-75.56982798972356,11.43556398559167,97.08646267762094,-62.47808214136246,-96.0657205643739,52.15414715924004,54.062597449125434,95.15427026485486,-88.76038931333207,11.003006377545262,89.05414708922791,-10.593938895792036,28.16778759297361,71.81145736923074,-31.163850172374623,44.676665115825955,54.74226590871319,-9.064308673185707,33.32930778716931,-77.08522259323259,36.15159798734095,-14.91034339074912,1
-45.27191642784567,-86.58125347402425,-62.21722871326092,-77.76613344923176,2.156323601416176,11.609648249153466,1.3962423232006387,-11.247339698124819,32.52177283391225,-42.01061942744011,-50.400506447084666,2.2820339597322175,22.242000658232897,-3.2190068011700816,47.431740537739984,-17.1037482681691,-15.219371429222008,61.820957284745646,2.947996750272864,-25.150856018863422,-26.123015942282677,-55.88450623936563,17.004585854409427,-76.42165231689953,86.55968178560934,-41.07583577208756,70.98465895679215,-67.8658593142609,-31.064192159026135,94.49030739840393,-87.508210609422,63.34192140918228,-24.8187232483545,-45.42634338528568,-40.78284571023638,-89.85845496599529,5.047649701936166,-30.595541955842194,93.60002587187967,95.23741256020648,-10.76762956867303,21.08466232410106,-74.41660653303275,30.556445834700895,12.381722026520777,-45.50335252594757,-64.54499329082044,33.53986364533441,31.230889358858235,41.99734692204348,-1
23.04388764620218,61.45232986525008,-79.2252419442379,6.615764464926372,-90.9081548819231,94.14281088426694,-64.67309615401768,62.06970896753873,-74.27296562020011,93.36391079115725,-55.92271219681992,-51.999695346889105,-95.83228569070015,72.41780496271747,-55.23944694450069,-46.73370175114733,-35.91777094997208,27.994614633442666,-84.95750195780236,12.594367432728902,-57.481658923548636,15.211090170671326,13.584946107344493,-73.03908865144662,99.15032181668212,20.51162293811967,-47.53544681441157,-55.254665764732145,-69.76642776361668,-43.04081845368151,-66.90660202580973,-77.7254857386485,-81.15456252315303,21.657928514153028,40.91596992985981,-93.64670093273023,-94.64524501302817,-93.20716289099282,-22.913505834638045,2.8578543835741357,27.66561372128382,-50.86606682119719,44.27708631761479,2.2591580574893726,-87.44384388930362,88.91663302262816,-16.78627284895076,-25.61263936350157,65.00279717855278,-36.989920635440555,1
19.135964832305902,-80.30107166411935,40.96723950346731,67.88066877890111,60.45806159627216,-75.5145402888729,-9.456007901846391,-29.10630226114759,-17.33027190069039,-58.3371398257307,-96.77643415735315,0.2924661411876315,-78.75190903500027,77.76031343775068,8.550917677900145,-48.91175260928078,68.00256865020702,45.56834512088764,-66.9395749123627,-13.979940700655291,38.02455599294353,-47.49015570644837,3.7835681439549944,-36.46830311308133,-83.42689596562778,34.816454749198044,-81.15624464869768,21.826242702720776,12.032460378658854,-54.20568204019076,58.081051939365466,79.62835956013097,47.002113648360364,-90.0656586673035,-6.786079394893946,-15.008891861063262,78.00966909168244,-15.977239596622212,-93.87200976771615,14.345036837193021,42.077143876493835,-73.69985626462187,-22.713199597324447,45.94167558330727,-4.696484132358478,30.569368007587258,-2.9021612243964654,-61.164133148584,25.561881405761966,-14.585520700832518,-1
75.2638866284623,-42.083459065854576,1.631461312029515,51.5626611388532,45.70851973238882,14.763752006749328,-99.69522122333375,-22.304449963180375,-11.933086767228886,6.747869512090631,-52.75872662840222,-10.542312997629082,88.84504043697379,-44.85692057060944,-12.871629888991308,-71.78067088834219,-32.754729798674134,25.76631520278106,60.399109351424755,-48.71203138224314,-32.0755102820945,16.785494986800558,60.696944520847694,-97.66690257461943,-46.36644352992896,-78.9072644953458,75.08454963138738,-46.96545548709046,11.144975284058376,37.57749261941254,62.06937479518743,86.83657124720301,-91.81716005103091,69.73732406866841,-93.93513721749463,-51.800711856747064,63.9422211784306,-2.4779820702815414,89.17323981510245,64.62209341990976,-23.639402493122176,47.2102953354248,12.337291555633072,50.15882871064281,8.6031442598904,-45.696119792798704,-18.925862867615166,-51.17458280261189,-12.98541568993457,79.54618269008654,1
88.34514232378501,2.5152431848423333,-6.60011609335595,-11.132966583406017,-47.83287680339685,23.442595608855356,37.21570237144411,85.38440091499874,35.808446042320696,-69.57613195391431,-52.14689337608021,63.646425041106795,-87.06855471414868,-71.56122444402172,-59.732164233362425,-99.55531331084175,-93.5116555100945,-24.347097136981603,-36.312787274624995,59.814866462736944,22.97843510669493,41.428772026410144,-21.502299321379525,-53.12213709518612,-37.397514545801315,8.354994232514642,-80.95468422744423,-2.809973307771088,49.33582307657818,18.619663925002826,58.666133923291284,7.648298461571358,-6.161249884560078,54.259305807158796,94.6681542758929,72.62967661766723,-92.18304043152328,32.35808717429424,67.28714774591529,-14.688620441919412,35.75844981320057,15.115338219090347,50.08626529477783,45.772856025463454,-24.226766050088088,68.26243281910004,79.12548717760825,14.5639385351883,-61.900275242322,-88.34523146871909,1
42.669917176910474,51.32930987047976,11.016520287530213,-14.329943237369875,63.048388213912204,-61.22081712332423,40.030715747314815,-4.478413474265992,72.73170217525819,6.678663830190061,-36.457223288288,-7.106303705388314,-43.939775883460165,2.6859768362727863,4.81287527182721,88.71311132386558,-63.22361620254087,-1.6129748671069137,-56.47537851246707,3.8924103288959344,87.72666272068653,75.85073841264617,-42.893221056000485,90.33783121367944,53.07831035306981,75.04119208539112,50.6853302358102,30.547435212146553,81.04309779348188,-98.03678363389403,68.25768704731266,21.593968398186945,-9.832732580987624,5.186563138889014,-1.4756804327872999,34.293715280051686,-99.90511615231041,-36.368280394909135,34.130170057425374,79.75621083616727,-85.02609441513643,51.90445771305886,-56.60396419230873,-44.10485121797689,-70.85294114645023,24.96842718223556,-73.7320036128875,-96.5879657915519,15.623326065792156,85.8354199752055,1
-87.94652194208783,-54.86708338958899,37.170898480298376,-64.45910776063718,-93.68809018773328,-94.5366854549126,41.101210838658176,71.11263863510104,84.02374583804743,49.595613752249506,-77.66565522864127,-81.31380208166075,37.37403892965335,-72.06261741585602,-57.89163911102631,-15.447853305912503,-62.6327059795375,-47.881186135627594,77.37341696998237,-61.86552256974605,54.9069358959207,-70.92052189250884,-35.131632554245414,31.135005326119852,-24.239373776331746,36.67684111365875,-83.63829243739364,35.83637240499982,96.84445416856693,-87.90178096340688,-42.681031490445285,-17.901916934852764,33.381965303424295,-51.98629934756796,27.418421947241242,14.741011708208276,-11.497202189598951,97.8358675217637,45.68287041928002,25.06926805502721,62.98638457749601,-74.21323242600984,51.56733517674897,92.14531138646521,26.891871807563135,19.13475071883481,12.058911186424368,-95.23323671570326,88.89037302096165,-47.39530139275408,1
-41.32931571179803,77.82610714097166,32.49937463685569,-69.43436445482155,-39.33537595246801,68.58560250865759,-70.25688621997905,-37.516278555656136,-18.681427937202713,49.78152865870291,54.37611622729702,99.89101591988415,46.730338420552584,-8.8815800836352,2.9158668888400427,57.07558478484762,-20.716506866775447,-72.35715841854169,1.6462223039795987,-61.71389405294154,48.9151758829552,47.09540540662266,-40.62792194975533,30.32511034737294,-42.245028927379266,-24.421739854389486,-16.133597012823216,42.242711997808726,62.478304809728314,47.053357042056064,89.0898973427098,-5.622141782462592,88.0755846590587,-41.41855441884981,-23.12070327316262,-63.42106173370876,11.682691501383061,-41.277260583503185,28.478875239963344,-42.3444547417221,58.86336506750999,37.15549898046274,-64.61314632360624,92.93607259350566,-63.989610127380004,33.07485453644702,-43.20125541937252,-86.08360647563389,88.04766837396255,51.98660346205713,1
-34.94187632765045,43.13253041446228,77.79832771126647,-8.450126523560144,67.45715556995222,-40.80190094484124,-66.10844287019253,-25.09707646829034,-51.216948864274926,-6.609828410550193,27.454455240334696,74.91512354896918,-10.131822747805657,91.47938727302233,-4.044346438204414,-12.863900772927579,0.003955909234122146,-4.3030287471219,-25.586632087443334,93.14074733029616,-43.29114248449388,-79.3686681284961,-58.83505783193521,-74.41719867762691,-71.0479746552553,-85.34153259674433,-89.80587765309616,-62.87422877667683,-29.87709496350726,-60.85977159450662,22.077086336297597,37.0907768603291,69.28782341023364,-75.56128035837004,99.01930673022764,-13.596987959527667,97.12192910035128,-4.739998829548071,-3.007502520634759,-40.83171854912915,-6.5100464894366326,-47.36999010695282,-88.77826237839635,-89.97324124049508,-89.31280243341769,-15.613213321930061,-82.68675462318535,-56.199492502205615,-1.2631456176780915,8.807214555995003,1
72.28360921910348,32.961551716048916,38.80398916491308,1.546192802447635,-81.37814387990785,22.58950567089768,83.84132677932342,-51.56840005879426,-26.28508715087719,87.96205051517094,32.22528103393867,-47.46130895018441,-97.16546361240177,78.18481729516554,-51.7508222554647,-48.71592502568662,32.51083537998042,78.79067250754949,-91.84532670217362,-15.793898123359469,73.23063670507128,-27.815295884948,89.03463216545552,59.80480428429212,17.557907558247138,-58.56578834133672,-35.372309249936734,-99.60697962772133,-99.13482182074912,13.768435010255004,88.3862557687082,26.426611691991724,10.465701422603928,40.11821390296825,-30.103554501195262,-33.104262975949,-91.985179815343,-33.09043150012445,-63.81098780076662,-53.54643702674187,68.1915316321716,-16.889679080870252,-22.382453695000805,55.7733451960149,43.93830100212739,-36.37257171722046,-95.61501686252463,-35.559714515262854,38.92553904407606,1.1405843305892063,-1
87.09690270549913,-55.98674904306164,-55.667231382522345,96.35592065559788,-48.51902230412686,-41.84396301338926,15.126178018343467,-76.16385615352735,25.88873339633075,38.970626974063094,9.409203685070835,37.0735974184488,64.86947718298467,33.32672102005944,43.027768315443865,9.526522315695047,-33.15776056939457,17.8938630142611,-23.191868820715783,-86.29310325628586,6.084707374184248,-5.947252855879299,-9.419000405005875,-44.37181287029153,64.5621799517846,-92.88602864524714,50.29385842616813,34.36025550969265,35.770359288610535,26.03860328240593,-50.187803925902784,-90.39017766998616,-11.122388828015971,90.1745213631448,-87.53005507025932,58.504510410545606,-32.227761021938434,43.46714735470195,-39.192790424372824,22.475634343784762,-92.06766819214674,-54.855397856585974,-38.12520542047295,71.92540814795129,39.03198750169156,-8.824601474225574,75.72546373001745,-87.70757813027437,97.7849132461904,-64.08597756280562,1
38.07896572587305,-8.139262357385249,73.75144610731743,10.526916365838773,29.114727374634242,50.619935954326735,-75.32927736418573,67.54259239199541,-97.40674782036017,56.54830104420952,2.350817238556658,-17.19112262486911,-60.08900470586758,12.37884746191338,99.66152737325189,14.611646166682448,-71.944407203463,-41.17930366936755,-7.363857986677047,81.47001653356577,6.849394728723041,87.06841348613236,0.4501644379582501,-2.0299959905602805,-91.02129953849467,-53.802390923130886,55.73097341598424,-95.44894540691729,49.41936693146255,58.03175058076897,68.58733056267099,44.74009559365908,76.71735770419977,86.51561252093279,-18.049356179699004,-30.899455919943136,-93.03557743239936,93.52006416951181,0.38899323417926723,-22.149976782246924,-74.97041410802343,34.76325940924389,-53.690519965744585,93.06458232844957,90.33096053729662,-37.59803069634169,11.745793714277795,22.81170652603153,83.10689197875854,83.56497949189276,-1
-92.48578192021853,76.98534936899333,-97.80681678871055,-22.971852737684088,26.671582394619094,76.66053274674258,-36.09310513339301,-55.13690500533293,-25.464527821057814,-29.4116401381568,6.62664998072286,26.669253896368744,73.84720479982639,45.359067697914156,85.2270360583235,-17.33009409129103,5.0780340969085955,14.345594986528525,21.485591649464425,-94.13118825128939,46.529424831934904,59.65415260535235,-38.45150783544469,-59.13999057815742,70.5203052955525,-2.916275522315374,-15.173377906531343,67.38972565214519,-30.969590385968715,-90.58064037100262,-11.00668972329639,-58.89946260785506,68.35377144246223,58.171209855943886,-69.24447937705914,-19.14228468819867,-28.792525274872332,56.668931171270685,3.3060518351690575,23.6944380209883,-49.37585948470977,20.87971437999343,-53.07326378176263,63.163142465473925,-89.26548326322836,-96.71189637938618,-71.59866323476896,46.749202110849154,-62.826686305850956,44.77548255400126,1
-72.72570488264606,-47.289704100644435,-81.7976386234966,59.60931656736409,8.265771853960757,-36.28259600850872,-11.39089846170667,61.435731130144546,-41.20468205423919,3.3007753155262662,-94.96752348511346,3.2462892781594803,74.61683660043727,30.343441903093037,-27.261144909986214,-97.41262495238546,23.87171865316418,79.98818102514517,22.16590636738532,-74.76094423214876,63.572656899874346,-64.39326354436412,-94.15482371578206,91.79826045956943,12.884865913802514,-30.37478969592138,-93.85253793407425,-3.253813574678375,41.04895495960511,-61.39167775012342,23.78668094312286,98.88714930263268,83.76540445319932,-51.47582116576031,86.49501795715508,19.066799330427827,-57.924602263186074,-69.8196346271774,-32.100091221420584,69.4120401707763,94.45128295562083,98.2810221324591,-93.21635622590532,-70.41813945946052,81.96307436221619,-25.556251252413503,-70.80451248976259,-12.310894184615236,-13.236295366512962,-79.30191540167498,1
-0.8248529842458368,51.262019396058804,-42.370102193324996,86.05086399701122,-97.25123306180856,-22.577788929528353,92.12873581630944,68.07183485977419,-25.261810958443135,27.858345692154217,6.41151204884261,-31.662682168857344,84.40022062109747,-62.40086162973763,93.88052662218593,-92.93762027322236,-34.69388435682565,4.464678090090459,26.878612162039957,-7.480918778761051,72.85374386775104,22.56220767834354,-11.667872070208034,46.77751672216118,-14.930360271613068,-34.0759356032535,10.18180239668493,-91.22840426538859,-11.910866531104006,-8.856856599880956,-14.873661696392773,14.744613588737494,48.31002974502388,17.980290892861788,-48.241811937474345,-11.6047743705209,76.48273119460276,-85.98153671219855,52.51290566841911,0.8610170549637957,86.49168623038031,79.4460883177104,0.17943171962625115,-73.55688961440362,48.57446466610298,93.74442003078872,95.78186529491742,83.37361543410657,-24.66189327416724,-87.3933331854133,1
-88.36724089890484,71.40580566611558,-58.770767943967186,91.13108504830672,56.40926059259803,-57.317112956620605,-49.41336423881167,-43.86167599521074,-68.4496722243376,78.02562269460799,6.220256408832682,20.77487475071986,-88.91546338051049,7.9934750428369625,-7.879793785617622,9.991683039673703,89.22926518940648,-93.28079238647923,15.652274549217651,61.93165040799292,66.15662724194257,74.76799059475348,14.263748404322541,3.184166570594016,-61.97976555833582,-77.03537111748858,-58.27535433137303,9.995528349718668,-17.052880632483507,52.793871232375466,-70.46147411258825,-88.00783779176837,-36.5668661721817,-27.184300856550124,83.4481714403575,42.668057763588024,-5.346173776735185,-46.798795132412366,-98.69330438270956,40.61845618511691,43.94455681159096,42.024910554380256,78.06240255181478,-32.7017683481652,-77.65403065224363,-63.263888482933694,9.98583510829478,56.93026377259912,-3.232866613841921,-54.275977279475725,-1
53.65468277290364,-1.6143951921741433,72.24987703661301,-75.711476854325,-44.25439133292406,29.699550233821412,-13.438825089902465,56.92405847707201,89.36358364803127,-56.457701227135246,-11.912589908950437,39.131360218755816,23.260944749457963,-80.83447782733775,53.549831888056815,-78.26236369523724,76.96005254408672,7.279668984371185,-86.73058012436938,30.229366093688867,-82.19437151484506,5.2249567017476295,79.40862502396718,-62.33013277001513,22.927385961279413,-91.40766722735555,85.77694275422209,-3.4054176427197262,-57.337125646890065,46.973284207947614,95.41609645612115,31.693601883977294,18.343478823602837,-71.46235860984066,95.39473840491985,-46.87305311905148,46.60083591098737,-74.2358829383875,-3.656201668148867,19.261631258021694,93.09507629550734,31.91893062817593,-48.051750099948954,-56.702499996026745,-95.56616788562395,46.27654819692469,-40.213535769292164,-18.3367882293943,-52.84212723377995,12.74995663991723,-1
60.528661959142084,7.321501852754864,-99.25098105774303,-29.016431927058562,-15.890280175989659,-42.359407335343356,-24.34168951414574,99.8537370392632,63.29183681204171,30.059934550228405,-46.25490293492369,83.87954953746271,-2.1424068431696384,79.05627972063735,84.16604816199603,-26.463613224704602,94.43872076884475,-57.18913977827549,-37.187631586484905,30.888810412542796,38.41584406309667,9.161627966871052,-56.03382002458248,-56.62964951142941,42.56269980540125,-77.97009052293649,-54.31642328947355,-25.517612849924973,97.73215789718591,-23.18749981027102,16.29087220546795,-27.851154885267633,97.81794968571236,97.23368103986809,32.360338088353245,0.3687404129755407,27.828688575792796,-48.58818665872111,68.90761444758954,45.15207400871509,-97.02006028006758,41.183720160080725,-29.96488791087701,74.9462385224214,-98.4176371492157,-94.36397390847307,78.96053626661953,-18.54929054631249,42.37070536531553,-60.92265460493602,1
51.6526391858045,40.656010808450105,-54.57018223261074,55.70285897051147,-95.67186200508306,-52.08247630119334,30.818799692698178,-29.74993392470276,40.73341137658397,-27.665147107284113,29.868308692269352,40.09251738565652,-24.75557055906505,14.932217588458087,6.981866514944727,7.7721023575766,82.52591246280613,98.91088019842394,51.482595775146166,-80.2382676640764,-21.64871150874123,64.49705445372678,56.9553854085639,-17.248687081139224,-27.19062912041494,-95.41889112967328,25.851181299032078,-0.1202744251165484,-72.8276072143276,0.5298598406250363,38.91795741641798,-50.22987504538652,99.06178363884734,-34.19327006718507,89.12612030114792,-96.4663334729426,-77.974491949824,58.684020313407245,-38.53928008076526,30.246602024716253,53.329967067948644,-51.371554550278,-72.58380776993985,13.370328373958088,63.220062402090946,18.71994826814678,42.04615926945027,-8.124206653278534,87.20264292707455,-66.0166693047465,-1
62.1757162015837,-36.67951303451742,90.73129019265426,56.16516668218563,45.34782634592551,-81.47504006443656,14.715514809489008,-55.95934266375237,-85.81276411187591,38.28180927173784,38.981784057652305,89.43954054918777,-17.232590796215348,81.97356842872213,69.81877368638544,-57.46634647056788,-17.164198447817796,66.01888122870366,32.03605226252236,-62.427258150375884,44.62213808006928,95.0809119832991,-46.73413234124306,-99.41014467841562,-56.977063194478106,60.872724221026004,-78.98008917613296,-34.3181962398956,-70.43136366977983,-57.807564647701184,84.71346191934194,-32.04162965170249,-69.58406050729049,-33.01789812803004,-27.102353727250403,23.52021888918165,-5.992020893589029,-26.494106972759354,73.36554282730137,22.675381904259638,59.04822223895599,73.68669699460531,21.481902976968442,72.6271687396171,55.27331588259079,-98.3071120249407,90.28422992663835,90.43010726398188,71.55436616906604,-75.98848909085149,1
-35.843987005652835,-58.18052708207715,-16.310642056754403,-90.53000453463211,-9.146451359475492,45.761239803877544,72.10442789832004,-53.535987964656925,29.634283836264785,47.367091919974484,31.196670338061182,30.031970251682765,-23.995292717029997,3.3741332030074176,-61.397245761344244,-85.02371577285739,7.41866218423786,81.34872343536671,-21.381426850763603,93.48288582105118,-22.60749219231117,35.42127713883053,-21.991642705284335,-60.68660914005357,80.08358419731897,63.18815267876437,-86.98510193904217,48.62155007467996,-17.507895585026006,20.050417925112754,-48.761123470756914,94.08175650162968,66.57334615241385,-31.73272137086967,-21.431710946735706,-67.55148274714129,-16.308631450078153,-63.40542975812413,82.59551316059009,11.499556887017832,75.2693792692458,-23.16302070006806,-21.275769457019322,-32.68324042434736,-96.81006413728146,32.5621982867612,-97.16273129811131,29.340355400212047,1.293179253540174,35.222210522439156,-1
-69.32971937678396,-46.96585176332888,57.330503215269346,59.7226031846902,-89.40564503592641,73.14152110500714,-64.35624682227913,-2.193548537389816,14.717199587762053,-54.512722177047344,-72.6537866557682,62.794635752248695,-9.287498245062238,4.8050688039232625,-8.438776692788338,13.319352029430178,-33.2234709756718,10.343438913016016,-7.359589809808114,-38.04678543932454,13.24328872342599,-40.00277140441093,-55.30634909552037,35.00707962632282,66.72831865083654,-45.458017353485936,-33.93926984163764,-37.83716282330152,-31.19063400187146,77.86495011644698,91.43564504564443,-23.07832157072218,-31.18694995300686,-87.11956107715999,38.4674759856548,77.78132831617245,-41.69693787725799,-14.598054305839625,86.66543975170174,87.29356898990653,10.587804285297693,73.3996519333397,-55.12037578820739,-66.98610980907654,-23.74330960239432,-33.090225139809945,-14.625475251792764,44.00069351251378,51.94794684037774,-43.31701939161894,1
-70.7957961406075,-84.29456281168544,0.8076015257514513,-98.38947567494375,63.04437084242366,-34.78005988206054,33.38076617323475,-34.73478700143326,-51.33901717680662,-62.64199049027723,49.92099081025333,56.12245935375282,22.470738663906943,-65.69900713623484,-31.448218666841157,-9.956603410974154,79.92395291956379,-81.47906603320095,-14.075099591114366,64.8808032537672,-43.372884019184774,-75.98269648377816,38.76136582926313,48.5483624673185,-36.43513929608007,12.166373011927178,-46.67861605958667,-85.9076147807029,37.82287110140882,-30.07258492725353,49.600591084641536,-65.14355801469003,-75.87855832760602,-10.167591125230402,-7.476584332772944,-37.16172788042837,-15.478184567266595,-96.06288094259936,-71.3913268524754,40.72983241367996,59.50174662546621,-82.0087475932268,-3.9381224784125237,14.357325315762395,30.58825771706276,4.212695650723759,19.63862781357841,-28.944125932799295,-33.7665930401358,20.453896574782362,-1
85.7261124230788,44.884468053863,90.83074542383557,-42.433131939697645,13.32934367083341,-3.0925314622895144,92.93951208884076,76.03803886721494,92.9068843615187,69.16701013073629,7.069177944654442,-76.73282372461283,-53.62628279521293,69.98463555697325,-94.29466811673777,24.058236334892882,31.28874803679338,-34.580697525571665,-45.90705610129169,-79.65123807976366,-72.65925053625044,23.01042244291942,-13.225257901839726,97.1269320702672,-91.68540137072173,-58.00120052841362,7.9659292777558335,-78.55267707221108,58.843578254784916,81.08038329052684,-63.242978759783085,7.554281981924447,88.38632231854234,-6.178587021485967,44.477167358058296,-48.068111358406654,5.002459195490204,5.7178672184329855,-59.064923479958644,-80.69867451586566,-83.07222233257883,-40.91269597378733,-35.32512402678323,-60.84001862941921,8.408698149531318,-49.888085454063116,-42.1133649892099,97.32779147025536,-53.322496954653566,-89.20571355442645,-1
-53.78504068238572,-59.14870641272072,-25.09276950979178,-93.34289014730861,-37.08755190769351,21.872742304850817,-1.3988187988867509,-48.9943595830554,97.43919488373723,-94.75110260155346,77.84169725596522,20.420270869967865,-41.077873169692005,97.02111634278967,65.19178693979791,-29.00359420361771,52.33740014032557,-64.8001705237306,-98.4802392539591,-66.92692102692169,61.710841948514485,5.832694140996182,-28.409792111628974,-4.593614807204133,87.72517550041016,2.319222807193185,-0.5880723946742705,29.43509488742876,18.44432454962653,-71.28777123140407,-7.978296321400634,-26.808236472347915,-58.01443501973276,-21.581582654553458,62.4630871853129,-9.233207565590092,7.6434810215219215,-34.23452918354846,15.301356975372158,-38.26941436710851,99.89367192627347,-42.821352111202174,71.726287661199,-94.71237329105608,-74.50232803109502,67.71131688565833,-26.771120462321136,-5.2088409457061005,-70.15978666122211,83.92666218045136,-1
18.17858863764836,53.81222663194484,-8.473625090964987,57.22308956062648,69.3450817579722,-94.94908766176881,-38.19527878876288,83.02925147162028,-88.45866075694803,8.799812349608871,92.43586908363378,25.556762647920507,97.96171546154685,-37.99608986884966,48.338885987264575,-7.607821485711597,-85.40487222292457,-65.21013615501593,-69.76307155455234,56.849234191545975,77.33785515801824,-62.45350892859365,88.42803838747307,12.873342362884927,15.197294760334287,-18.199332921358533,-8.879213919626139,-71.16639783004845,58.82540829738974,-6.357528371573082,32.828884775215585,66.25728549068313,-76.96647527809333,42.223585532263655,-88.7309432792442,44.19471794309101,-32.93032199949364,96.56002465118797,82.45658847021994,3.0730996130043735,-21.06607662924833,61.35144856876437,-62.45007493234978,-81.71102776324383,73.2381207212662,63.82696638238667,75.67682950928247,81.16242559561582,45.00030545384652,53.01272457724775,1
-38.46418210441029,11.67689551404439,-58.981249255278016,-87.55546092423145,-74.51689623968932,-48.13504820150265,83.86822895159654,-10.420167512442504,-26.403443526590593,28.918631423188543,-38.19357168975544,-98.06956014122927,-32.329240382130564,-74.55533896789832,5.694501621685475,30.121446522131237,-78.46378619976635,24.66669691394705,99.10097598185445,-40.17140955434644,53.60828709598198,-61.615283399733386,59.490528562004044,-48.07294262837183,84.57441268202876,35.685802177334494,54.713829930734846,96.32974637027326,-98.57025707558668,43.641802978793436,-94.50287188295347,-6.3552199199379515,-16.98287395397233,-63.48440072644648,43.9334669690119,8.856874308552733,-28.53911116156749,30.409030760215757,86.22037786288348,-72.71042995872897,-5.442353638189786,-78.16297440717774,-8.263710340733056,-81.22881649008244,95.71361829650456,59.85324772292364,-17.974263450010184,-94.59011477686428,67.78257548049817,46.25167122195165,-1
-1.4086056688279882,0.42632818390649163,-82.53452548830617,78.66859056083831,-26.52126815409359,46.06568434521421,56.699118196269865,-82.73902330777796,25.845375746461514,-92.03802247535215,83.73229078119365,76.92942687315923,-77.8821013163097,-89.64386289831398,-16.59438655998673,8.64068765623,-35.42240290190806,-65.73128322697633,8.56623070078382,-11.826415141312822,63.50097090001796,-59.65621174484781,74.7591982933206,87.30564875290915,55.02996626466904,83.40633754619859,84.60358637465504,79.32042195995515,88.2709581947988,-13.719611269284087,-47.11629124210395,71.91011237959248,-41.368464255680436,80.06862804936733,93.52502576434301,-51.54924565280081,-55.68051179878986,-70.43453818346663,-51.72383774750679,-82.13696949364216,-32.90204112997064,-66.21419059017654,-81.7601103232108,81.9162636468532,1.4597170087403697,67.7579178361562,2.9746308286864576,-54.216948834946834,61.446161691593545,98.36014388547846,1
11.352578602785954,51.795366370806136,-40.43053032799564,57.795437570458745,4.608266922974465,-15.225051313107102,94.81362327994026,-29.114443395827465,-42.143973254732245,77.84854237734513,88.69179345282242,5.739499355899852,-94.4861433357431,42.08319987641113,-38.42629205244472,98.85150487622397,-67.80306877475718,-82.27750726920469,8.28746861511624,-14.131264673907936,-22.216399440778176,-26.277973434224037,-78.19776530558318,51.97079050796253,-83.68565793726425,-36.305235485815345,67.16040469147853,27.12468989949383,-53.799366530948724,22.989080411619753,-6.06426335641541,-72.43310910548809,-16.852288121086076,-19.508752249822223,47.78475337145639,-0.2912952984050321,61.06337540304179,-47.05654847394762,47.12291424433624,29.790676534897926,17.82790934633094,31.85520529368634,25.120243734129104,-51.45688251673683,11.714502715329303,21.11243685732849,-15.740018332540018,26.673112886738636,15.113835934351783,27.92891939678168,-1
-18.52689515743353,-62.19654345070056,-65.9786235975848,36.48123239106354,-56.76923447872406,50.76097241204397,92.11331856359669,-61.6539326515785,13.423116848453304,-39.96214359571057,-46.451860822456204,33.873625212418006,47.185998157367095,59.74309055676446,8.192853682850384,-11.981409343112247,-25.942614588706064,94.40930402789587,-98.38962279469763,40.851361962954314,-37.52329438907995,43.74822613411638,88.15151493548225,14.083776518377462,28.7311550084263,-18.611753569987215,68.17996002338072,-79.1470638560074,-92.5587414172733,-54.36330976850474,16.945131345386642,86.74279777333541,41.601846322990184,-28.398800098816395,19.972665605788535,-52.178889582732666,69.54578911517211,94.22449106429806,-70.09979803443076,-0.5375243725935519,-63.48433662425859,19.86962943976569,50.050682632135675,62.880951005420116,-44.832885867748786,-93.90019155994278,-13.717726952476681,-15.618083195288591,26.834784061311794,-10.33801011043704,-1
-17.842238000077643,-6.439517592532155,22.610405173895714,6.933350978576485,58.78545504699076,12.202890605986454,-34.18811717975852,-37.75896521514368,52.97408385833603,-7.556045901529032,-32.67253875334559,75.31502882026305,17.121604107418904,-27.638500348014446,-90.05182726814003,-0.4689683073549844,-76.01016196709327,-38.371335329048506,-23.785884067811253,-12.456980855521095,-35.416020896402884,1.7243931823202558,42.53448346312936,-15.87735795013549,15.706562052022434,17.279474690565337,62.95610503898831,-92.13400352338437,73.11299058356613,10.255365280806373,-96.23620800520922,-9.383181949775832,-79.9606498427975,72.6280388308407,-1.5600633827734782,-66.53654834354252,-32.516743727964965,-58.33891975962884,0.5172951972068631,-91.11719428551852,64.5176775399907,16.328123910508438,46.8374866764087,99.22456263789803,12.75603975754629,5.928079556613412,57.93060633442195,51.93548015722308,-74.64842440299175,-84.15700025405069,1
-0.008201607042309433,86.77175915714787,-2.1338336751528004,8.260263251264362,-14.131452540068864,-7.05124314010699,-81.51135760189186,30.868949827318886,-64.45570523034459,29.678171343812608,60.93154021351813,86.68136860227446,80.39657515109425,-75.97365131402212,77.57653034972256,42.73748677409117,-7.56715348918992,-51.17164258004008,38.43626570542855,-12.078223824378668,-34.80950698606105,-70.17389913892993,78.42239369764067,85.36400901655861,-70.73936693952464,-50.83987360040074,70.2082148731331,96.7721517365463,-67.33503112368011,64.79377831878327,39.17996931796608,-58.19885467658927,92.43797813305571,-40.16984346732022,50.0320961087813,-25.963718764400937,45.57621906303501,47.31315505423353,51.03667188174589,-52.67237859382872,-9.014263043931734,-45.754286822038345,-38.46598907329566,-57.36565820547359,-9.475987173904628,88.88232138274694,7.416340805054531,73.51255553757082,-29.53608301283313,-52.56475750552332,1
58.14463296779272,-74.57790182659521,39.12804314378718,79.08906275334158,15.694184602744812,-72.9518428750888,-53.79303995564728,2.6269680107558315,94.37450698591093,-95.01349306699409,-40.40483851152701,74.28853635933405,19.647872235007767,-67.68801389133253,-64.20852084966967,59.869815329576596,-25.96268186204675,75.7575822129192,64.54931889974074,-63.42177819631976,-80.1677035053058,46.92081740340808,68.41640839309008,69.80273788739237,99.57563064320308,-72.471248346344,-68.12470004933992,-62.76014433787045,-55.91728854770408,-34.444541517197536,-98.80163074379035,85.88074926519775,-80.56639390659264,11.174414175279466,-17.26016651361293,-64.68564118791235,64.45323101923867,-53.92593788850286,-58.40853497131362,33.237082994574195,-58.115756294511066,-64.7092983712385,-14.69632147320847,42.838851810149464,-22.51477773614829,78.41306928412456,48.05743466110749,-44.19576266722329,-41.64290729498552,62.66297510496065,1
-46.264528123010784,55.364273448056224,66.89474869252567,-69.08556970504648,-18.970712328382078,-25.37029260940797,99.54861228875535,-95.10726777618548,11.084750684421437,-75.80052348449868,-13.16726104144503,-89.76028187040785,-86.39826912100955,-39.30512409519822,31.193748172996834,-64.35116777109711,-15.49062941077895,-67.22612017859002,-35.44511834277266,-9.16518578207868,16.298328998071995,-8.984661025593098,-97.08277858842933,28.374734647326648,-78.29589454998127,-92.13332113712825,-25.094938292748097,42.16008901194513,6.093265914454008,2.318500725115058,24.13624909675056,-0.5664708740248869,-47.448227336756865,-75.97867999508787,-89.98953017206033,-85.0493326791455,-46.82558187004084,-47.690420444227996,-66.52700783716301,-93.40875095277856,-35.75501598275868,59.277164278393286,60.91141432375457,77.15829889411535,-79.98179691753737,86.72285978455082,-51.97872087582238,48.392830304999535,21.224145924235543,41.70528875182001,-1
19.579995762217024,-12.750794728568522,4.986816848693508,-5.646569770035285,48.816088821012016,90.5650629892954,-94.58786919057694,-64.37846880831287,-12.365065231804735,-65.88521809964638,21.96284778147306,-14.913337194190504,39.38759276541063,-49.31187580668699,5.518048581602812,78.72482482803682,98.78499962128376,91.92684069855207,71.66508470863693,-31.13817841608231,42.41639547936316,-57.05136284714332,17.68520017891713,-50.34426802120211,19.58586862290079,43.13484024579742,-5.200620869903915,-66.02819083536357,82.50339206119733,36.553896860312534,-70.60456061353068,-47.019262820689974,17.66601320713758,-95.92098922151919,-26.709213763468,-72.13434190756325,-91.26348104967494,61.29483102703364,-87.85300442341317,30.505439337413463,84.8517086302472,-82.97608412512417,-79.13741255413385,1.5792164745754604,-13.081375675473879,-17.1037768005649,50.960067887944774,40.319503609816564,87.46289313019463,69.01094762697582,-1
49.67686993524626,97.65242302863737,-39.71501764028831,16.038980649595388,-49.1222383433902,6.970753509092887,-35.92681593417288,-30.41826530255109,-93.08775623312067,11.266857321175976,32.152274888801,-14.123874835687104,-19.338652404810162,81.06871511883179,-55.693321265653765,-28.682344870741886,38.45416262224526,28.622287574229915,93.8027919341283,-18.66304330521524,-69.41867808712865,83.96059723217658,-80.56562710115809,-74.28677791233291,-37.986510001767,-75.85256930201487,57.870431967288425,-88.46697611899322,-19.55826049249964,8.722555642886022,22.988768933754173,89.96114769180147,-13.089308207575769,67.6486263163601,-7.376719756119726,45.55776783944316,10.132827034585574,-97.28296343751018,-63.27492625976549,48.14295799867895,-53.43061170470538,-31.0714707040364,27.639694790197012,-83.30739128782348,86.76178019574095,-67.08112406298599,57.09978667455701,-57.45106938065439,25.602231665747837,45.479532673135594,-1
-85.90161087137108,27.618545159290477,-56.12638698694599,76.30620960840122,66.23759120328896,-53.001395891992416,56.17281127688304,14.020768518034714,78.6356693379241,-48.64985986515937,68.47850933020675,-46.73323080437459,26.89269603881837,-10.958275453744463,59.74355788837491,47.138340575872945,18.283754851802627,24.6717375375451,-96.51719446739335,-51.21230328785031,-57.81591393524974,-96.88572563629553,-43.81636421642929,38.08081286130158,-29.82176857160954,65.0594088010707,62.240508180531236,78.37141830532107,-40.928078016886495,-31.148736467212885,80.37402914612258,96.27577881013721,16.28265262474082,-43.66154593290741,71.30965740635258,22.035140253605874,89.60861567647558,13.867843702445114,-52.658913668129756,-69.54651561261343,-24.260621199348904,-30.144712246803863,86.62025015974237,-3.398103116645075,90.14077496534355,-74.45101603918204,48.94091693011114,-71.1843282290189,-94.95212091949998,65.03951445197683,-1
54.6283747837343,-93.31469338135567,-68.3521474651573,-71.89525516398282,-55.597893145135814,29.31759010576519,85.55841904410755,69.27361069151462,34.16596609955053,89.84537668542293,73.13966818821885,-26.458194879173092,65.88711107518535,79.72771011077643,-74.11679869606226,34.09438631999754,-38.040718422742884,-1.9043062883984874,28.346844875801338,-89.52133406126327,60.98689004525605,63.55914268384274,45.2454992359759,-86.49648299719226,23.66607369150067,-66.75525579045964,24.198349020616817,-14.372009839863324,51.7200111597777,-66.144463065712,-80.15695513017121,-61.932157395286325,-80.58335246181183,32.09104455747527,13.458990038432091,-7.143060841653664,-3.6362746546050744,93.54871973535566,-90.38572749667561,-29.257829927439502,-33.498650880555346,74.44068253448526,-13.039842135630991,52.40926231525745,-31.297840103298853,-47.2967383784833,-50.83912677932758,-23.049065638009566,-37.05603139874998,-8.926111641993842,-1
53.22318655911724,-87.7566683712856,-14.76969030985525,55.81905116259918,-56.27633374822818,43.93068673780704,-80.19767006369001,-30.489412184777535,20.329311235313384,-12.924954766746424,26.240040359347788,1.8001094907767765,-30.629536815263066,-16.560825075702198,-34.228949373419155,36.18887006969334,45.47315525660113,-84.96919869133043,-65.7611665580967,1.8457964250928853,60.98637821408178,70.94557375771916,95.23376404308627,-52.38022985777582,-86.07542739712896,79.53103876691745,80.89313638727796,-2.070472399286686,51.36579685576518,-12.765331654078224,29.744388359566642,-52.158506894577414,26.89501450521574,-10.871257812817987,-60.49949635309406,-91.58458417567856,48.537328047394624,-6.044911672686197,-7.862470766731192,50.69085737583643,-23.051784889749612,-15.502499646626958,49.678780327525175,3.0086839945778507,56.37374681768074,38.58213120859057,-71.6803015749826,71.71943393599284,-56.18306620486815,64.13701438653226,-1
68.84246505722862,21.34391595644641,3.147237674808977,-97.20384163209764,-37.80105959760927,3.1415934469275015,66.2951132987377,22.70287362222507,-71.73785740032754,34.251947513116704,17.37855245646847,70.23552686083431,55.79546968698904,26.63891407795343,-64.00040735034639,65.66201673999245,-52.397665157996244,14.442179589125288,-28.639973993989514,-98.73545163868671,-60.638073811187574,6.147276620395317,-49.389989086737664,-12.761461073762987,-51.23153985383402,-16.974910428478566,-67.49999800959657,74.16316760137445,-58.53321359678034,93.04377176164354,34.948692044315635,-88.84151622489598,-77.35819132782562,15.755751566447998,-5.902796754603017,87.97163937298765,-24.823292439178886,98.5489769034042,-41.62668295245966,25.56468360983311,-82.77524151624223,-88.77628116354002,5.656819681894092,22.44265057129971,59.318877789808994,-52.97357315540487,-35.17920209643968,62.924415871928716,95.81923911765111,-28.733545713650372,1
-35.064814621988006,81.15135812728957,26.81010166134388,-56.909344608871336,95.63137512736444,-81.65251042425385,-69.15705030228388,-86.43110268975389,89.5163204634593,-79.35383687735646,33.487292627253794,-49.860208891822126,-28.06312503741175,33.24950094129704,-38.465124655412986,-84.87400733178312,-38.260724035322305,-60.66649480016986,-25.98073600758022,97.72604665779878,-76.00723815225969,-9.598048845948924,-44.63699888504138,91.7072553073148,-83.47347113822046,-19.5722738211888,65.25963361979964,-38.30712722219485,-38.64750782152002,36.774371468318805,-7.096860466660559,-74.10906416789398,-99.00348725559913,63.664198659835336,-18.68069364626568,19.64794374497258,38.179317864642684,88.23714768120391,38.95077173023492,71.70948191749363,65.5209098951583,-48.72119651495073,-86.96955010332015,58.241177782824394,89.66551442006042,-6.01682467861113,53.16147864674548,53.87103995898096,26.071364688538992,63.75605530599404,-1
49.930366348584954,-58.13878483315828,-2.387968746067415,26.347235364682177,44.53006693231106,84.26811196098433,-46.667243400489156,-88.17997246460656,54.834429057999074,45.30565980073936,-86.54854111176394,-66.15423177719913,-75.02800803609787,-58.77887733154144,-52.17821012609485,-26.989759745617633,-29.75545452251562,-2.5002402720140253,42.84602316507613,6.21377322288734,28.94220173761431,37.56732210863021,3.984633140940957,-53.26953961967797,38.328371966860885,-69.60033191878621,-59.35485556726927,58.13505777531478,23.210419815181794,11.07587415497322,-34.26938569153515,89.57269202366246,43.49387211441916,-71.13434883349785,-68.26163320836795,-17.275960492212434,-39.24084015439706,-65.63787284177569,93.80098674136579,60.05792552720885,-85.33331802848159,13.556479310754924,-85.29894256059411,-71.20966258055944,-15.805615475731756,51.92352805485612,-99.23266333343025,91.27616476098626,-31.722284408505885,65.7125270943418,-1
31.345896944321595,-45.86507880694213,-8.082598824111216,71.81553889006852,43.39977161662375,19.00617066830263,-84.23722529750953,-74.10083194744948,-73.46182230866893,-62.91145512235276,-6.7728760605610745,-34.98165456646214,-79.44887416256606,28.532101452996642,47.94375993294497,90.59345157742092,5.4099752229957545,19.814816250442263,92.99579251794756,-30.670220048547264,-53.15695383608905,31.405503804234826,38.80687045764523,-45.062268288068985,35.186768600960335,35.44601260736235,-68.58461036545495,-80.01630287348478,-47.768983259526344,-83.3996744719362,90.53378640278581,99.36037750059802,40.525617014874285,92.36536754819821,-30.01700599674342,-18.841696693385245,1.159486065381813,-50.38742016263193,1.5711703111003033,-30.49966025487585,71.74980435026583,-45.53994233406185,1.4588536052821297,30.291664139839526,86.54992018314994,-51.9209752449882,-39.92722441420704,-76.4997763730354,-44.79567214457967,66.77115809413203,-1
23.65095430605919,-90.24673623737192,92.45830833451737,-7.354072518194215,-22.1172914901792,-61.41020151247876,4.420890602380311,-56.22571412296886,-34.453239032022196,-14.282810771628121,-42.139550435606395,-69.2066728048659,51.67354161170692,-85.64066808652848,42.48254808242427,-14.888743306187479,46.493859158768885,-86.2809464632154,45.1027047060785,-68.64096039447122,64.94750559292433,93.21496057070391,44.14660147038762,62.37677167376765,-68.54794957347292,46.96666788682046,12.992960903237844,-61.61242049902172,-20.954014908654045,43.85492314430138,-92.96680518049692,-71.04212337556137,43.40866906430011,-98.12350535526096,-67.75151035107552,33.75819765987055,25.279178780717942,-13.688615038095222,52.36223840880194,7.248173308693737,70.55159256318507,25.460683088609997,92.26761700907974,56.322678708975644,-33.51344740259175,31.510067682618427,0.8398576775862807,-59.93969941125145,-49.41925532195739,-57.22663119008404,-1
-4.529920375519737,-31.54688144205076,-75.73905908696727,-78.77106943572163,61.103325736612504,-9.870350779815055,8.022588560746826,27.411378980564336,-20.0815570624963,-48.794157632512736,40.52754711374891,41.99241612354416,34.08493167566286,66.46111118022736,82.87345145374815,74.10047132123299,-57.690430939784655,89.88864404163687,1.4572727944956085,7.057077555965833,-58.532469199904604,73.11311220997311,-20.261806982057422,-56.857491846517384,-72.91480679979567,2.0963291348243587,10.558920588692587,64.3350056928233,72.77545852601804,-65.59520193122748,70.58300502554599,-0.27436388511536336,21.325732751862375,68.46658122690238,52.22312822031577,-65.17308495075179,-22.69231174349426,71.83052017812827,-32.828680960510056,16.88935255752226,-78.74016749089996,-80.8656141890894,-99.0982582772876,24.167419218856608,-7.144191060695036,78.81694767627133,-32.173833828955665,-8.498952532907339,-32.72856374889837,-44.48487838724879,1
15.371476226540054,-0.836105470292182,41.8247681630458,-71.16798792232608,32.95939820609169,11.482331529378968,95.90224741857719,80.76070323384354,-34.83190660040492,-48.76991154771906,72.23042431953505,53.394163340893954,-10.664003873449033,33.70025696636864,-69.90570783218516,26.61615308434162,-46.98529328622985,49.773576967443915,33.80279973271868,-7.080777928139014,-45.957670371091154,55.87594407113892,41.74460338060794,87.84724385780052,-44.539442086431194,-86.76833742260668,-44.26477816416017,11.729135901692686,20.60966779463938,-54.085947344649085,-98.8262739252649,-23.94049430259082,84.97637593812121,89.28688907300406,-11.078373870340812,27.251644776556333,-28.220375838396933,-8.294875596847945,25.79659662190103,35.3887933734965,9.77576207557071,14.190753847634312,-98.7398060411011,88.81299931362548,-42.82905686022536,66.63355845234824,64.20125692366267,28.096247079855743,-13.32669131532684,16.22626151584214,1
-94.86207102611837,47.755605783719545,-69.27369592134667,-64.5572183461812,33.07784743360352,74.6906267132681,-14.672935070948583,-87.77712752870745,-91.20079398544136,42.42642203565933,-47.405477103359715,-71.98692345153208,87.99057208741226,8.351667273130687,11.632802846972098,20.036749908288584,10.400143001734904,-59.42260453032482,-78.13332765240708,74.04954855231946,-7.795925576702032,13.376023574773015,-19.101905725861997,25.50343884069146,7.704188190993406,-19.07523050917463,55.8531000556585,31.057917539704476,-36.822417052862335,-81.06379147321246,-50.71426161634576,-99.17608672441524,59.30893073823512,60.38190200585004,-66.84699705265784,49.20071401836458,-6.3690843524938145,66.98779858391089,-80.84467340808992,-48.736052209114874,86.37362925630109,36.88974853082115,-77.45593334683893,41.36162159438038,-28.40167569424294,42.37930203697391,-56.004383512127134,-11.387917851544955,-89.12130420321698,-26.71164823283057,-1
16.60831219393843,-24.8357561984118,31.247978649671722,-55.746000274823814,42.24811836058791,-97.75977692235296,81.16899648572925,-99.82365461837585,-60.7502322009213,4.7606796414359,-89.87948346261439,98.59353437633024,99.45418351185603,78.07550975364043,-43.7268193589498,-83.44147755572124,-79.56634768144495,40.352563795883015,-29.023926256696896,-14.8182421267568,-88.51494263236967,-89.84714528026922,-37.94865587520404,94.0602652033997,-56.54888917401313,31.032292423928425,-15.680053724134396,90.46121568623948,-83.97088377934689,-52.91648405420746,-42.51779180670796,95.64777664751321,19.800800807187045,-45.430622076065006,41.068814506791796,-57.047128444718396,-37.15182603163667,-86.64774017640224,-14.088686615312085,49.902984551008046,49.34538573910865,-72.17005737036632,39.093623229827415,-53.04074230533495,69.18586241312948,50.4441438430251,-56.1697714647033,33.1217430569948,-21.13147583627655,12.903251704495318,1
-7.213502662332758,17.155654186209517,51.40237354947206,-32.22362275026515,36.25570606295997,-22.109764301615257,25.376184751708507,73.05436670890785,-17.33115381346893,-75.58098889317641,-57.55222006323169,-74.79685319008895,91.57914583431875,-55.534107388144264,-60.54042110545366,-77.36754224494686,42.46668419128531,-11.60666724950741,-8.359538028177056,11.115505656718753,41.70572990449486,-34.50637418119071,-87.87294687431722,-51.23883655527752,56.86502225497716,26.10916022011544,97.38660398608494,-80.59436336624904,-61.31011755003344,-30.111983787491297,3.609792425886681,-91.75108603764697,-11.337252297864438,-49.65090691748652,64.4369611153023,43.52025208079124,70.31265602707208,49.32088028769371,-24.717010644619222,73.78700125705592,-89.53352044174616,-2.268163874354684,-28.70272423222511,72.01765508796012,4.859713004208615,-85.13402386358607,-3.7667885132572962,35.58874386320193,56.68949995173321,86.29131003093877,1
-35.66600206809028,-9.672200896232425,86.65173351617076,-77.06375152426597,-69.87994531448145,25.45055760374015,60.73179700000378,-79.92266460127672,-87.67724547802267,39.393421415975666,-80.15801446781782,82.1477451361483,-79.88187392490211,64.37281117801155,21.05299379288759,53.98452026959342,-3.105656677409115,-40.5540320644018,-35.10857155877842,-38.439625990353996,95.7374130762147,50.24752463243098,52.78942757571468,43.25281257864444,43.24525988263116,89.80052871066755,-62.70537259950055,-47.31471135385823,-11.348281287251979,94.17745854328368,18.359179086469084,-76.4495851513167,76.29725591327136,23.835583797647715,-82.37342159884555,-21.00627283991969,40.3987420554748,43.92814540267727,-16.880398711579332,12.471009525582957,-57.18385391875158,-38.247585865479515,-35.385176081077404,3.8510178417368905,52.20539988344427,41.904592847271886,-79.59679204671883,36.13770115636672,-59.16619390162274,-96.1572291584816,-1
-83.52379087683147,-69.3174235221824,-13.554584901791557,-73.7888513156665,36.51633442848296,-28.538106118389962,-18.035044443059007,79.94158980755486,-99.5519053852608,-29.40650268759957,20.30469330562954,-49.958777355832225,94.21798496351238,-0.12674639183398995,71.89092594071315,-77.01666302075294,-45.50177605854553,74.97957877795633,42.393858975209014,8.175568264148751,78.08391464127982,21.366346001259856,30.113900846899867,84.96727772366842,45.032771163833615,-61.44567522653468,-76.99393813123308,69.31620833271131,55.5539822280617,75.81820465417272,-26.15341536151321,-5.108449273367086,-35.26104571273743,-1.4791266515507004,-87.4724862546802,-45.1524054898178,95.67290933911207,41.00121931854588,-0.6511471180338901,-83.0907727828944,87.97424745014283,-12.013569419782797,-3.296351778766976,59.96977157295444,-55.74278912001864,-19.214771515744474,23.40510494749995,-82.25596108807873,-40.091623575667,-64.26952144917794,-1
-40.530198525489844,70.65695971344039,-91.59884651623761,39.27516997411317,42.633752600056624,18.440036001702808,-28.812454662295778,-35.79618411348156,88.80148078064445,-33.89964502452676,-12.13023943075595,98.37087572669148,-26.92287217380442,39.45245728549631,-32.921854458190026,-66.47613205258764,-12.213855565018775,36.48156767759701,-30.853015566221913,70.04679401069083,-94.01546153262092,-54.19422487801056,50.6676069391429,-35.66149424264806,-41.776426749699056,-45.031631168512256,-35.703445570317925,80.05888434284034,19.378440915469426,62.13895013407247,47.04673935166227,5.112345108076283,79.11199090828168,68.6728301928764,-32.38824701971352,-25.688596108593316,-44.19376139431459,-11.774700549718787,-2.383663858307486,10.18796637776282,-83.2608015663566,76.68595339501806,41.871858351359464,-95.6003987396337,-9.164776645232536,-6.402256002042634,-79.63310956470575,-3.2434340506581947,82.69767150099418,-97.87896827013434,1
34.826059107212586,37.62353184127005,-72.58641149191038,-41.21668062188686,83.29306124650788,-72.87667629139676,61.44911659869473,-93.71211540509059,11.392242061291654,3.596593676995653,-21.922163019427956,-46.59810869421168,-69.15299823074224,7.653731732865168,-2.8524780969917884,-48.38110723138247,3.2846673093719545,-80.35124487521806,-39.75892111216963,-33.57240363797651,-80.1979206149597,60.68535885436967,43.80055956561944,41.08369230701874,-26.162319647207767,-48.6570181192842,-78.3970177057343,2.983700861170462,80.47371776305093,7.256736346456606,-25.32146976589469,68.33886240417678,5.165543326342956,95.87202287693921,-27.23527405621485,-93.36879859806098,48.17743634433117,92.58621657027291,51.04093809401414,52.34034400993349,-41.16339597673677,19.898612760221994,-36.59421453964309,-6.676673321287737,-52.77582863142669,-73.73277758082158,97.27001847619107,1.2826641960870262,-58.16523638802269,-99.76990998285378,-1
62.37322480207595,-78.52777630986645,-29.272427371977926,-60.878200749561515,59.07663482452358,-29.638555857972435,97.91366230880897,-9.925750210661462,76.82096175993826,-78.49844351256169,35.75538028298351,-20.417369819830597,21.68267721722647,-85.52074170811801,27.85114841492566,62.45418199829743,93.36134765641623,51.31734815936031,68.00823373037784,-42.20328555961432,73.34176653152383,-7.1805242980656345,-59.4337944291913,-62.75720543437888,74.59003051205431,13.836516591651574,-50.718586963988635,-23.4032640311663,9.374959920378217,63.32239978247418,72.13032672834535,-52.214949440108114,-2.8761421350377674,52.65251718204112,-80.35641054263547,51.074844112521276,-61.118352088380924,-70.57802405505086,96.95969707753281,34.52552837514921,45.09556448005469,-61.048298373279586,-48.65391875721716,-93.92576382642599,-23.92820480668179,-27.125825086234556,4.402909505626141,-0.320009864833537,49.13332934930156,-38.73895402786609,-1
66.5859431148456,15.717069718589954,-75.4519890650759,15.564301254322771,31.389347842270354,29.265889099427966,48.4332054200253,58.010453698412164,-37.088708936116774,-21.02674675492699,35.69780565648355,-61.497852276345036,52.324558643339714,46.27807191754002,48.75180792696091,-98.09362281434045,72.3652088526373,42.39719963801838,-80.15451147822696,-28.07628666408624,-25.405920439115874,-2.03599602574927,42.135514403093964,23.19720678392217,-2.100113869294873,-30.105024438193453,41.73717902780902,-23.36939895374701,-12.14687561391979,-35.555031728089645,97.74371404615871,70.48062565153887,-13.13444505304686,-56.217562753170135,-39.63193755009793,44.75785747764857,92.8014595343852,-48.14542502633423,-89.70243684952939,-20.36786211816745,-60.441742696809506,29.826303473787732,6.4683972048405,52.34469441431207,16.509157246178475,69.45872498027376,35.72341220750084,78.16425908293246,-78.7425185039436,-60.646387540114134,-1
-93.80884181613129,-82.8179223594359,56.194880143610476,7.005842553756779,13.498839896212573,-25.894133444057715,6.6678810312781565,2.2548413311395166,-50.7852697523417,-19.979193084613584,46.02474873413806,40.98453481849316,-63.67471684782417,-37.079377313758634,28.014422848587515,-63.11605724018152,-57.97328047564658,59.536893160145524,16.86730191820547,88.18573839656693,-45.98496276320554,24.26042677892613,-52.12791718333729,93.375271587826,45.52213309386531,1.401646689362849,93.20954373320609,89.07848237021327,-14.222379823507183,-27.61705650229129,-67.62187380644701,27.44694200091348,-81.17671483903084,28.532396159256564,47.203713250445446,-42.28671228717111,88.13471561326534,51.27604597715484,-16.635756242200898,37.95831459978359,-19.922083532373236,20.19837922489988,-81.53096550139034,95.3152626461036,-38.41927482496794,-67.57631840140738,-51.55281740062945,54.35318219832922,50.231859886575364,55.38852242229339,1
-22.254730424690663,64.092258031663,-5.458620272742181,56.81894011596961,-82.6327159119977,-26.608577449509042,-59.94810953793932,19.023312989335636,-17.35188489442143,-4.80092615539786,12.37756779984305,-11.867078448290087,-67.47378082446,-78.45663264227937,26.75920904556051,-81.17983443654478,41.00381789082755,18.481359644654333,60.30916986887638,-90.9323986065272,-51.66451243902006,45.44278805436983,-41.00970462423958,-89.59187221567954,-39.970741570259285,26.703985855798734,-3.110557883181201,-10.335249121363589,89.49714656615879,-95.13547187337032,-11.734157074776405,32.37650384522769,33.09291408817961,-98.46246883342084,-71.33254439728918,-38.04054681620026,-3.2000345256861635,94.16582019839106,73.96431919616,25.560336550964905,-52.826124086330296,-88.87007369818178,-67.95369516022637,18.81328489250633,3.7263066798890634,29.109498270944243,-44.07941170386531,65.82480031414201,-76.01664889695758,40.716143192010776,1
34.50145253472982,-18.42301462992822,-36.96254196920723,-45.64389976176055,27.914774666416207,79.41958624128108,17.553728593633593,-99.68183469684526,-90.81323858884302,-22.501902290443198,28.669629209082927,71.70632321079395,-27.162670172874343,19.60777659937149,-60.79472759082047,2.910891669540703,-96.09832329172447,-49.09874107673291,68.91470377884013,-83.14273652899118,58.558498872528645,-87.46286683874553,-84.92333826132999,58.688792750490734,-57.958972985686216,-98.5111500846889,98.95183380371259,-14.364959885700273,50.40173703319678,-34.78389457349806,59.797503685595075,-82.70814803631703,-7.489795631079474,14.665014045046519,77.49184859228217,-48.77600873009244,36.085515710086725,70.0307830234753,-6.948695791637036,81.56092139157792,-31.763680456566078,62.66553126491013,19.166508892433612,-65.7672837899456,93.09667112649348,3.595655639615188,39.76000987722324,57.236497622431784,22.942965332683983,89.97252977103165,-1
34.5405988417796,44.05358478947912,94.86352744088282,29.138133689907676,4.649415047995959,49.17590906415762,1.803209660735419,-46.00263449331183,-92.53074436736624,37.34121859022309,76.41287899378605,27.11486813955524,-89.61510745161112,29.08021154069479,24.984826292704355,-75.9720735346408,-75.86492462687487,-52.00711183769684,-60.18043867524023,-26.730556966068605,-82.58699799142026,-34.072350063498064,-49.15191191152477,75.60466734085017,9.38363899770232,-90.04439652205258,-23.33968285469598,41.71959336906443,-11.609049508529438,28.796931683006534,10.588876273914778,47.14464059084253,68.47354806261953,50.300288957912755,-64.76898284211435,25.454314798927214,39.67723217132067,63.69311242354394,10.32356623486234,-16.737323632416405,-82.84923985902356,49.474694976730575,-21.182172763304948,11.207147432500307,10.155267483279701,-46.22350390919212,-36.904472738151426,-63.710004904414205,52.53277148536867,-56.21635968326202,-1
72.47274174934904,29.468426874618245,81.19038383892888,-66.6052252654892,88.47627294684108,-95.76691047758514,6.827323827266568,-74.07619603101747,56.213907381042475,-89.23600057448337,-6.4158497850662854,95.93416938545246,57.72059507829951,-11.84666206638316,-41.74719448029298,77.43139915112849,33.92386540723027,61.949139382594524,52.64066251136995,-39.73179746107076,32.08839294336204,57.72851781598652,-93.39608806780029,-7.47025445998986,-75.66152826713946,-33.64996204383412,28.045577815215097,41.199369624677416,-76.27410116200137,-34.77119589735844,81.6451345341701,28.077705307900686,97.54906479054458,10.149904451401866,-81.38334171738657,22.295136121055734,16.040749831941795,14.885567755942446,23.717763299051015,-24.039675199633365,-7.1217320871705,-81.17619068816717,-36.793162218263944,-10.13011834842537,30.73601381706797,-62.38628723968749,33.34251491278832,99.49587374557078,27.26751151768063,38.104772698901655,-1
-78.14715793807572,89.27573067167418,96.49653021222139,36.34719041312215,24.11053171897622,-21.740332803386252,-37.734744516013464,-47.801236918354405,16.061879939251284,-65.06318187410218,95.00121195387976,-50.40714606638426,56.59571337966494,87.6200303492632,65.94936894081519,13.634374851578627,31.74662942919815,-2.426078671319388,66.55966968956528,-49.455828257020706,50.95705262472208,-83.92234021628138,-35.25433212169959,65.1954082130965,68.65429180816975,65.98589365237834,67.47342646928237,30.8741019608633,96.82158010243876,-49.549176148461086,-63.37975116231862,-13.259293028758321,68.9197909737754,-95.61144714568819,45.035341281398956,-12.66691132887263,65.35165671852829,-67.0626323538554,14.512927175188238,97.30290755460106,-86.6138428218959,-23.664955606113352,11.92025269632137,-76.5185955045276,-74.72830237142527,-89.11637128856941,-67.05213878022253,78.38218693366031,12.479319263348955,-37.941396082677706,1
-19.701136827742346,80.1520324901465,-88.87226813425946,4.5655054621857545,-88.17211759688155,81.92490588243629,15.502328559439178,-98.8320168532004,31.298054488600457,11.792590221461111,29.69357788016137,-2.3616048486021697,-55.23962278766732,-27.967849012908317,-67.46030033583654,25.835506360082533,-7.994862269408756,94.82753696665895,-81.85980232902452,74.047690486157,58.9865147167329,-32.224142021705134,35.233425446924,-26.600326624266685,-67.7370929486932,67.13530116089612,-0.11964849259994992,98.26763865357734,-65.51506047018148,-0.1194380189299693,69.70163465863993,-29.702577226856988,-29.228332453710067,-74.69849282640612,-80.66304156618433,-50.90148365801004,-59.83875732230439,29.46812902890946,54.30365369347828,69.73327722708243,54.441729122871465,-45.42663273059879,5.962069094690904,-37.06825057338416,53.92448066361081,-40.725948323953155,-6.01004893190256,55.07986784343879,79.57311944560914,-30.234689289633152,-1
-74.22405561787016,-6.195012056423295,79.1302460803837,-20.68725664058381,-25.10662217388932,-36.91110678362044,33.83827776152779,-8.112501307684198,-52.27521009561904,94.184144217072,80.86989334671199,-74.78068121838426,-87.37997549666846,-98.4746713789465,-54.97795692386782,0.5640884659952548,43.91588955251166,-75.77078128316307,89.10684224707356,-25.407670161999036,-7.754675733687307,-13.872197697296727,-41.55700364716202,41.95839884449171,-76.69221040134586,47.95246524783752,79.23901702704126,55.20185988553365,32.219728638222534,88.6321697433051,35.02539799792942,-88.84523419266219,72.44166166913877,34.292931403300884,-25.853790802335922,85.69877474310746,52.29611718448223,71.31126765436738,-37.532251855356044,0.9657131735574893,16.606349720288563,83.32032052857295,43.00776344823788,19.883205372143607,-71.55625914367509,83.43344292502425,68.291327591086,-80.38069242651345,-49.58762474195033,58.17293436132701,-1
-55.829443407398216,-17.895443129714423,60.06497188129785,10.306130586456575,30.33043223014323,58.90684051322492,99.72191802260008,-73.74475968524541,4.67906267224248,-18.586251942286452,-88.34977351702587,39.07587801697892,-28.762882727416937,14.131448247000662,39.072226057362,82.06885052156929,-20.633518533708738,-29.009670641609773,-70.39512994257082,98.57429907985889,-9.420715388987631,25.712409293859025,58.5266889441871,-89.69490641225745,-69.97190458212133,-31.478564305289197,89.79452708878654,-59.05546682981766,1.7631174688668807,61.175397960958065,88.91015128157011,-13.031734254103128,-62.871059698589235,12.6028754968942,2.9324395177916074,93.39718302377278,-3.6321266965513814,5.711354707167942,9.582764988957308,-53.8661292084126,-55.45841659296747,75.5536793573138,23.57347420494473,38.02022920320874,56.682501379698294,50.20068909596395,98.83230388061693,37.164588079123064,30.64886650421451,-86.52443838282625,-1
8.254022188335625,99.72346383287694,66.72151173764806,57.628802793582196,41.1250440488503,-37.949462749901855,75.0536407731233,11.447663572653028,-64.14409806969755,71.13817096501413,-7.629333361463409,-28.32554568966235,-90.64960537253764,68.17309952400365,-40.52900628507557,35.71506889569221,-17.73978911817835,-78.28291138965544,43.448757808873495,11.729448405483694,20.167576593684913,-5.181260274805894,-56.700182321611315,34.00309013019927,-68.19764448712434,-20.505732315257802,-87.70248251089859,56.990148898110675,-56.66742339936446,47.12552465727708,-95.2626536986887,36.02123723515933,90.4196503476793,36.511533134420205,40.24421798509002,59.94106066887662,71.68350090399724,54.51996526358192,91.89446691784488,-45.32830815576698,18.51582588565732,-29.222522972428905,63.48739570019262,-34.33332641555428,37.94565204001924,29.995095718431998,76.22402389156366,18.99383729013357,43.89860917968957,-53.57551641814018,-1
78.17110699662933,10.263478132562824,-53.18475920317696,-2.7428855297306995,87.07389988094582,20.906925216899296,45.292314280723986,-68.04901155640306,70.12850962946987,-34.393603223139266,75.80461038787078,-86.49649659393863,-51.804543397200085,-10.962220896788494,-42.64127076635613,-44.35376251267596,36.85982593493219,-94.76124407644247,21.13922347267581,-81.6386871840688,-85.67727691894365,42.74400970913908,88.1271316873001,58.44496906619409,-68.47394004670686,57.72146685145165,39.613263776063604,19.982777026969075,25.215722639768103,81.19213326824683,-6.926746622101263,-64.82089959665257,50.77556252849962,-92.71953027550366,-26.821081323417673,33.92755985899058,-67.8695958704669,4.122577061301882,-94.57204596261086,-0.8164753087065861,-87.70120516864648,-22.13264298989135,34.26916187407335,-4.098773569884486,26.958316036477385,18.564873632153606,96.49555359914254,-6.567883886601194,-76.68083989089929,-8.56674330056984,-1
-0.3264454521040534,59.27814452394179,1.3382402012597368,60.509660678915935,-58.25991677163813,-20.70637584965327,69.32792635448078,85.73112894666406,-58.9635874915402,32.325482736925096,-25.75981938918386,-68.53155674427096,93.49443821333583,53.29875712526041,-53.65617826721913,64.65950830076534,-65.67058330601323,82.91940862596624,26.341287496942883,-45.52801447442483,-70.464705611649,-75.25330726817394,78.69003668163873,11.978324341794206,-70.69692287243817,23.51998827380575,82.2894209137045,72.13001626553458,92.88082479017768,-53.4619882121806,-28.523403952745483,-85.13121588244074,17.19542720814971,82.14286907078662,-23.101438441504456,40.7080647699905,-60.463967020130816,2.7460144282849512,-0.7349075238760179,86.99234207635465,-39.569490849634235,-44.89087159316403,89.95942868591032,64.60086599711161,-5.194854123741251,85.6983481097705,-87.24219424420004,-96.939794368975,55.286589567363706,30.126164354487145,1
-89.91664527955817,62.246111680271554,-50.12953781865961,-94.21763534668854,10.430763909407318,51.743960454329056,18.57748087135711,-66.62215220418955,-51.70565111711951,46.700499697712246,65.25048913315047,25.311888464197025,-31.61071463417923,7.452651593841438,-29.086253763050337,-99.31614933862751,87.93082479274835,31.54712364028444,-38.605539238001896,56.02109737739315,-41.970367722417066,80.21146742579916,6.28336434956384,95.01349886257267,82.53314769788477,-48.23692141173805,-41.35483022296662,-3.8877953360440216,97.82002749697565,5.232302062139539,10.365369409202273,67.1807234196074,-78.8748898972262,30.78395705537139,70.05682428238026,79.26509211869424,84.09765140950515,65.10741939782974,-0.48448492589969305,24.99724001609887,93.2108655191231,-7.119360059504018,20.970745801099284,-3.219935082025117,-64.51355418025526,30.56789128114059,52.414101870757804,66.52803928124641,-77.30538528357506,29.067739354179565,-1
31.77709404653143,-30.542305138860442,73.86802158147103,34.77307878393762,49.33028656751901,20.899718506632254,-20.721929606862076,-4.857980722640761,45.82698634829322,-72.98935465820169,-35.7028091274949,23.31833260823963,22.464791057067515,-29.547588056712073,-16.766650079163114,-90.04137420352103,-74.38726383145273,95.8003083812012,-42.11048817462961,-14.80019519494087,65.61615701849686,59.612215870755705,-95.25444435950578,1.0006528343149341,-50.85760739400447,-21.64491714452093,-70.7242316743685,83.84147192123055,66.2935094356279,8.256229261170816,-11.867968788810643,-88.14008872608008,75.94086239555995,-37.33923539123965,-24.805971415597796,46.286206920116854,-49.666399086906,15.912618336267556,-86.62564022683688,-92.77351503633437,36.248249770250396,64.86424621152301,-96.62724196610202,65.55820853140915,32.474663184729366,11.19565327639998,-96.17794597607497,38.77701499111123,79.94676998675862,35.20965886397832,1
36.52344424468049,46.135802305678055,53.01268627311279,11.802178519368354,-18.122632636710165,48.18289224743617,86.82788761662889,53.12656297982318,-49.3608643088419,-69.94120488059865,89.7206786228463,-92.41959457223821,26.04901779097115,-19.59985411538092,80.84006023761069,-73.03211880593415,-71.78444194639391,70.92037508007391,73.23451102143056,-97.86836704035325,51.98315205011684,-68.05062681205007,-13.203679487394623,23.735319784058248,32.566705775175905,-19.52295368717023,38.83698060017994,6.400481901591121,-29.08047584172786,96.89259102804175,85.12207768582016,-70.98575329021912,-31.994004732936745,51.09618336130194,62.03912075222735,77.29425281833522,9.267909615313272,-59.469124090967625,-73.97129595701159,-2.676282960063432,-27.77009623374876,-77.04048441105446,13.016897692340862,45.16718823150393,31.4278844349314,-11.98442237341473,55.07611681281654,-7.5508654020016905,19.37921823203493,62.63915768260256,1
21.28581193191799,95.32352746300182,-68.07401334944718,-2.356128160152295,73.54178955657542,5.2087249781911,74.00975321633874,-84.33275575054572,4.579816747650781,54.484127604808265,-33.361999860140486,59.71952961451382,-75.07323761937562,38.536322054586094,43.84944288148907,-97.11176552026355,-63.54062144446002,-85.01129639712333,41.452801990057225,-66.41304910879256,-87.43146165446858,-56.68861363791815,-45.42185958243685,-14.14394472282936,-15.142449514209574,-58.16731562879076,69.32105881374892,-7.440544548670829,-44.035504875214656,-22.108109016927017,-91.7889308670434,-43.76786178269949,7.00124144941563,13.123068038690462,-44.85450815280934,-30.097787721795697,21.40634918634281,65.43389518168476,79.02018780189081,7.079146925026251,-79.79886310953256,54.8907279367819,-93.22158690743403,13.065901257624816,-36.581829034382274,-51.40415883529843,42.867604034340275,96.40104535721437,-76.93168514325922,29.114625465571805,1
90.2846441691132,10.365746706833704,-44.85407260384881,-11.428338084116191,-75.44304037616985,42.13411980825424,-3.2491696648194903,-49.58479827116622,-61.6041194462515,-66.01182788267981,-82.70303039181546,-53.04632324871026,50.87884804063907,-12.140402603361693,-63.96726104480672,-14.02677772541223,78.35710484169368,-6.689980573906524,9.875176306912152,-65.54751479571941,-38.488431130680056,90.89757677885817,-18.35874298156945,-62.433385450009425,14.903099801228677,46.400128912831576,-11.366892863467996,-26.637330499049412,-76.96695250369272,-98.59530896642255,-79.5893955386748,-39.71764396274644,6.798340598975344,93.31657753329571,-7.863406434227187,-64.55134662800006,-48.77766010862204,81.42376507408014,57.82849678011857,76.80864088898494,-41.908640364833374,-29.744693615781898,-25.19405227507447,76.64690935987534,-11.855610758411615,79.96861426634766,-49.54996365651887,54.73267020483377,-45.047859222267526,18.510454813981283,1
-10.043070235735499,88.75482406896322,24.6863586886722,0.08389916701634093,-33.71904705450899,94.2877760073184,94.83038708589558,-86.1255360121066,47.243029770805265,-74.03007681638947,-15.951883464849146,20.21449871389045,-88.97061836593569,75.79041730970172,67.28250680171212,-22.33212168344727,-93.52118399946386,-91.14150360395621,56.76405565587254,80.21686034764372,-84.53424228586239,-9.651483305191675,-56.36751854591226,-21.001957051983894,-86.86691294377518,28.595973250961265,-39.37633036475587,-59.091256947555195,30.68836585706339,-44.59724279649735,-79.5402814898229,-56.00536871822885,-3.1069628503690723,4.832340871888704,5.943589485222375,-23.21512878695127,87.79358958875108,44.45589414460116,30.282073595502624,75.18488923607603,-94.06077602949388,-78.49015602005653,-41.33142041133433,11.779942069514888,4.458463874102222,-18.618156243259293,-90.95168238347485,-2.1573695837347344,-24.79681120156758,-16.476704785076507,-1
39.44187638192736,-87.34746563586503,69.884453890978,6.2934991914825815,7.159813113129033,4.50704711702366,63.635929944348135,-91.72273260180286,-42.1158680511629,95.06876160351169,-26.456695972311778,-63.615125095393665,-60.0505185282135,62.983606707667576,-27.591568992368252,67.15326601151443,99.7541803603333,-60.43580053523898,-84.21602633710742,-24.211852494416576,32.18738885207688,96.18541793006145,-17.50606824555348,-99.2428632464401,72.10647672049359,-72.34154952142053,-80.25439630361247,-85.7826063251353,88.62371409608019,-3.9478178625610667,-50.335218871816956,-41.059584595176005,-77.50423186329715,19.071766971821447,-72.1489119324479,69.08026293965511,-27.175345524033915,46.46158129436532,27.35085988569969,64.93967678208884,-40.512524127792204,21.147022944518,2.723066836554679,57.479632871063984,50.26152269673054,-38.829796471483014,23.458955202345464,99.43150636114461,54.220741912671656,26.006738665670653,-1
19.462475666142367,-56.57191919246563,-49.78419519413093,-65.54703712884236,90.367709393332,-48.52040418392296,80.93836160914069,-2.51526030490939,70.64875863338585,72.34134208370315,58.06341094489798,4.566678665460159,-41.91268570614959,-80.16287810793756,-85.78447716924913,89.45739212575592,98.04865180029984,85.5594170424036,21.185551686227285,-22.01830294458982,-33.98795342309349,-88.69890479834692,22.583378757937993,-9.232066508683204,11.09109299535369,-28.4946582429576,-40.97899096246529,0.6637457950099162,-84.09621744136744,-23.900797688109506,-76.67930728625191,-8.373315109946873,37.77753478077426,-6.2083107961625785,86.24545800710234,-3.8046055715174276,13.943724828540098,7.2802951741103925,-99.48117102956822,-99.68798388038832,42.00103694602265,20.801543616129564,82.6096939947438,-22.891451305473367,1.6201679341292703,96.63562952985555,84.40700451060664,-36.57421509759791,51.040950801165195,-60.7500024267837,-1
95.67095741137132,-56.87204745483017,77.6215838022944,28.835618033875477,-32.29726224586855,69.67542773452331,81.6888705514819,51.85385682611158,-30.23775528244211,22.46372453346727,69.6462216181086,51.16436315994147,98.86126051363271,-85.27349770977435,-6.2387722460268265,2.771492770641103,-86.18060984706952,-49.05192626162549,68.82104428189808,94.52508738683952,-28.65485309565304,-98.86647473273027,-55.93745439490336,-7.155812498371645,-13.5864115599923,61.376399345273626,75.10578287007041,1.2033185044028016,69.9994297501836,-77.23901500233272,-5.362318218675256,-1.187614556069036,-38.77634891158319,39.61367432608401,-89.3354606917951,20.05955251069365,-7.783992686268036,70.97599684439422,-34.29692784433213,44.19621543734621,-24.79447318301513,65.00330072315163,-73.77868187615053,79.44392499231446,-25.061872772867574,-35.921841557846435,40.72213758618906,-98.88992349687437,-70.17132824189565,-1.2716441898873398,1
58.62857479934789,-97.39795731482546,-49.92538985860446,-96.47669857177854,-73.79429883754021,83.78291939919924,27.265245203945582,-73.22922135246893,-4.422301704333222,-0.8606604840342129,25.094162357195955,50.73532069604349,19.284540996175735,12.160236305200485,-17.84121567049391,-96.1740610110984,80.54846256932709,-83.15907633716455,66.33606623311141,42.34351267486224,-8.592474508925491,-62.75421921603031,19.13129080589988,72.85053223587298,78.74454946988718,-51.703069158017854,13.572052934002784,4.534604512918733,76.84294471940072,-36.16128851710629,15.657559297388474,59.155872421087906,91.29776275308976,-10.460241488137285,21.400059220310425,31.544008552998292,-16.159437349688034,44.81359331325717,71.62203343450491,63.87874596192492,-46.393047970199916,40.27738873910508,-17.86368853626152,67.56521392048577,-27.789902902805565,-45.7311282744314,-61.516476645963,-11.975045124572304,16.67935389841344,89.88860331900386,-1
3.453811288321873,52.658982399456335,65.2515458664138,-75.96169171089227,-99.99037522113765,-68.89775144834087,-77.58578988798537,-35.991096047946485,11.324713391117868,-0.18587044006157782,43.283686850097496,-84.27040290944976,20.11469247652846,-44.17679382682203,57.955714383788546,35.02694068038073,-39.60101479600118,-92.89860170100113,-47.29344167175669,90.70010995319487,88.9008375643628,63.101603169714906,11.325959359211197,-40.26158297034819,-26.145776147958742,7.794147145774247,-7.895780004953096,91.41041339305946,-59.85831578381615,94.1041436136712,83.0955006486362,63.56949754343083,-80.4418915141615,-97.59480969838951,-11.677453378134373,26.900110926450395,-20.76142143248643,32.82247047695799,99.57654378430766,24.40870495316014,82.8504327398802,-75.96620946233853,-90.89060709821092,53.08182484044647,-25.87111867368131,45.14600228195374,26.813721422447117,-36.68639561539753,-27.006420868346453,-4.32359416533356,1
49.65193807673168,-61.50136987283459,-65.44206962350736,-12.94173370093361,-5.632107231027831,46.193006317186246,-61.64042683545807,-99.6456097358088,-87.60638781217382,-50.100924154938944,8.550455549953,59.08586633411693,-33.77042256550065,0.5467471535596218,21.90468728623341,32.55988207244641,86.48261462681285,-91.97359863298398,26.71933370646957,50.10613943335849,5.445413642589699,70.15956968787756,99.57945581619396,-53.362050493157255,-35.96190165733928,57.15747799830265,-53.69291003893437,-66.80197210141421,-52.94137421797247,-67.35981499865636,-2.3798811445254557,-14.097759404747293,92.21735598634882,-38.54212871417799,-47.467808851360175,-60.378949102597446,-63.01812580863986,-34.37947343777708,-21.49984422985176,43.84701669294827,72.40937071991544,76.09552437914968,76.48783346049561,10.230053366969443,93.68815346182905,-93.12612435042386,20.95576453274461,29.80318461837055,-13.284851735126793,-90.34437408826415,-1
-91.36525284059766,-21.43218470371953,-83.74417903182245,62.63024019750213,1.8457627696222119,39.5209002788724,-3.281461849625984,54.996099893415646,32.53204298427724,60.15360822347375,-72.36780158420063,58.81351424632385,-40.60001973563527,-77.22339449811994,82.71383217862521,-52.34876366507135,87.42325454991996,84.93149482349466,-70.46274680827082,97.09590662949094,83.60456859696083,-30.290850455678935,58.779384758225405,19.35537520724766,48.48406417693795,-56.11636490652969,79.93572882126017,43.538777923359305,-57.83284598085186,-79.86422440688554,7.745438550621969,62.14473465327069,-26.200515760764347,-68.34888313320798,84.25074052851195,-37.228106601226216,-1.1095119348747176,11.782432026526337,14.5524117603143,-13.655076238251198,-72.90514996824156,-5.369006873931511,97.2036713454932,-12.91013622673141,-41.675450860762076,93.87696558850118,38.5364915331113,91.4864151767103,-99.73858344318008,34.27869452099043,1
-69.57914335554543,81.61673741197089,-84.67603721407026,-20.32893560681819,94.86916499545731,-19.104060938409063,60.09870931902546,-73.39740318499177,-47.4680873955941,22.884624241839745,-8.944724724858474,-89.121828222178,28.4056518627512,-7.017627461203688,-26.68913601031258,-59.19675233979067,30.095090489141683,34.94488228351116,-49.1217162006573,24.48657121639384,93.41265240331387,-51.58615735838432,69.5089298916414,22.185142463330365,35.60597084450396,65.72347554238004,30.875669972394718,29.894321448493343,-1.162761272245973,37.94913093379378,-83.01451853400145,74.7462726681737,-7.556524275851871,80.43871461613264,24.45510682763586,-82.49116150869871,94.8859109274864,-50.00901765375709,28.90947172270458,92.81621686516422,50.57619869562177,-14.89999134293565,64.14654044459508,-89.13766781613568,-71.98305631782478,89.7436532091219,49.64703426230878,94.73994154700978,9.847871343341595,43.89913687307339,-1
-22.652930739892525,-82.65868648087195,-14.511615828688008,-42.09145044125901,-95.37074979458724,61.617917280879624,23.689694050577884,27.39556821447789,-12.444264174928634,87.21261520048517,-23.563096022990663,14.2116077112004,74.16969108743973,-98.17931875657382,59.696764742358454,44.6862964056819,-4.784623567324104,-8.790822491352785,-90.42662874524945,-11.624157701100529,-68.64231955599985,-45.14242258813095,14.643977255130338,-89.83503348979156,-77.50533112912026,96.3668473023993,-87.29863456473063,61.10858035597249,-32.35152619520798,-39.006826740404385,44.67448278576168,-14.65649141725929,41.92131754648173,-23.425252326304147,-25.342835264054145,-97.93609935942204,81.49693971079796,-65.64735532622126,18.27310299832456,83.16786383778904,53.93269230826277,-42.56721326022435,11.666297155063418,-65.80619989600874,64.69708294108418,-85.12535145308418,12.79976186451168,8.097871239062158,-20.888273231875587,83.34913894548802,-1
96.22358157358715,-64.0681421940176,-54.57472688162688,43.53846210826646,71.03916123939572,89.8059084089615,12.875116050586428,-61.52154728136414,-44.969068162540516,-25.958113197467597,-79.92174984866757,76.14085034933129,68.56407763555302,77.03213518280586,71.32219575995018,-85.69017462455986,42.87814577488183,27.92512178663675,-67.36092767934394,46.55591840509095,-5.016182310897619,-70.7413987556218,-86.92363967176233,-54.14858151766293,-36.33848095260437,95.95542840207244,-41.83602968852176,-59.20767224961456,-93.33337669437245,-5.773518985944975,-56.456094991163354,43.58716665918678,-34.45800940738056,-3.7808302299349776,-45.14251778373479,51.27796124092953,-25.36025060733121,44.1714811789235,-82.58526893514704,50.43905385303097,29.119713447797636,10.659811847232021,66.35610036366677,41.386077820943115,43.46574755808314,11.919367385612219,25.858110390977046,-81.93638536134884,-97.40907878050635,-62.98752461463377,-1
-62.455518861549585,-54.63257953490097,93.9851147131887,17.79451777526843,53.355684906648634,86.54621710189744,-36.3325371138256,-86.79481449611046,-73.76726949917223,-52.185812799243166,-1.9678674970494683,-36.729315010577146,-55.13790769136207,97.70768693521856,-78.18046870078416,50.31931406874392,-78.14518912417464,-96.19380638382393,-46.63555027677284,-44.61301203414174,51.33487725474518,-10.709965263188721,-74.41147864968704,-86.86398048237045,-46.12869845860763,85.02682044029149,94.7521329772417,-82.81849299669719,-46.2542484462938,-10.769197639248901,7.436299871412061,-47.58884014621869,88.49302730291771,-37.3965421332517,-84.22667516831224,-2.380855516020077,45.77752691202585,60.247733137297445,27.94504915488119,41.701005595593216,-6.408328342527383,71.53355762673249,-21.511769291721066,-39.541339327109284,0.6630566025353346,-32.09986465539558,86.37982237555192,-78.12695802267338,-19.711472611710803,38.05833286175604,-1
23.438845423393346,78.72972981809616,-23.225009313144483,15.92611404732267,-57.0634616652985,94.24103223807958,-60.574249671059576,65.9549282848186,-53.45217746762718,-93.202971475065,-62.4082257675181,95.55343709066969,58.604513914970624,67.46700294082984,-33.17059273190968,-59.411466607639696,-78.16372391961251,-75.58035581486354,-59.220880052602865,-83.9454463286973,-83.83667680777037,-67.4528029801241,56.9728407726916,87.97324504457035,-60.669428321062654,67.13867492626991,91.83709829875067,97.80586472302932,-57.472235448728966,-4.799307438517147,-36.03369223557811,75.08968020888872,73.95244701966658,26.91177588107567,-10.002707586016669,-79.61086309314709,-95.31638791136103,22.751216365907027,52.60558171437265,16.58646043759353,11.539277960480206,58.03584828100506,-67.20343795920884,-54.73025217722978,96.86610592889829,50.81288398094307,-3.99819759606126,-48.83096019998383,-98.96127857597794,88.93928754436672,1
-25.215790597437277,-18.783573488045803,-99.29782981786988,77.38678594184069,52.688979115212874,60.448643597969635,29.685775091995538,-8.081295451852412,-61.96515480094455,7.640866892717895,0.3963955108621491,-84.70371797679444,44.117215074641564,15.033338224948793,20.6153793775929,21.585303787888407,39.91888217724869,39.38501403365805,15.499403719056843,39.283971309294685,84.06050668573027,44.523906801081125,8.054255352987653,-11.207240717783804,9.45014689653327,-1.8544793658015806,48.71551360495724,-58.80895654857301,1.514709729042977,95.0816089940648,-11.672373668981322,7.217007346094235,49.106261153864494,-9.487048474186267,90.938669551034,26.168487443892502,-28.61999265541037,91.83591323929195,30.180227870577227,43.77582526507874,57.273234079688706,23.20432072245309,51.048127620193696,48.150719237152714,88.31238563878344,85.80552471407577,-9.50726961115511,31.925921796892766,55.22049072351422,74.40929675920415,-1
-92.59847305690147,24.62757074956508,-45.41656793512574,-8.035513818164205,-38.194637475913716,22.42188188126741,-37.68474654839973,98.70902954484845,39.345658887113984,23.424831450935173,-27.470476694821343,88.5221206880068,8.637060274638216,74.59549017996304,-95.12631182315529,55.17605492706332,22.485491868891287,-25.198496085668864,-34.01641860637923,-20.997018910388604,-89.40683157303546,3.3657847890914923,53.007290343908466,31.424879487591397,68.75109030233702,-94.06276338005782,-20.94757191878172,-35.026879022939156,-1.4761738057216292,11.086335550378394,-67.75828240782873,29.407895260244203,38.42497787401817,37.01941596491511,-13.088390637738371,95.32078852715898,-14.305519135058503,16.752209114240088,25.196347719149543,-48.67537471243302,-59.71597568337226,-38.64020225384639,-41.605059412851396,-18.863691253922312,6.666963678660082,39.18210579129871,26.638847999778818,-36.3362061218226,71.0945317907422,71.72450175481654,1
27.219209281908434,-34.13574450349914,31.22994290063309,56.2086242153936,-78.66198589014573,-43.95596927785925,1.529885680407844,-27.259413903584772,-59.87177151670928,-72.28482544660555,45.58247163221961,82.41644349692342,35.173759289757356,-2.1749114275256147,13.574093613955654,-2.502829049098395,-91.33786626996023,36.17533391848633,38.76105450370912,-8.179853040286474,-40.046791473095176,-75.2005519618126,-1.2083914997765817,-52.63239669332942,-1.715414266920078,-43.32903100276197,43.71204228400401,-75.4768690819073,-42.442553371638624,-46.836796636045094,80.52588893023403,94.82742003039843,22.074159511075962,-0.05523523384509588,63.202672648794845,-1.0594229809043725,-41.46811117993299,18.178114232698533,19.76163574537928,-7.295464923951528,-99.37865755223454,-78.7968372658445,22.884734637383445,97.57018789766306,24.063410555273762,-99.12457564335541,-28.09390751091641,57.70901743146314,70.16969255391808,91.9749488398162,1
88.09171687058287,95.80636815833347,9.21976160065816,98.79954668273422,-42.96091474311592,41.38779458437497,91.45712179320512,23.45477369267239,8.873996913476418,17.168810303739647,-39.14456344407591,-33.483510697686995,42.425470924642326,-91.39396669441152,92.51591635470857,-0.07385440773542484,39.52963088101177,26.27194718451456,-58.99524422188334,1.78547076941733,52.22840833720858,86.67650294413582,9.085610118822814,-42.915915088217794,-35.873988472105694,-87.59444572337019,86.19440638785119,8.920425057637615,-33.833449237838835,-78.93731580110075,57.647731646349825,-21.20338004147409,-84.88300542001012,-96.75766722683947,58.24111459431046,86.60790914427909,77.99263129067936,-10.747082038271799,17.515196003718472,49.31327239153816,-84.48445659017327,-22.06488924011896,13.507982303145539,95.06932113155261,-94.52314663176897,-66.84089207832992,-82.64609967037558,-35.742487179576955,55.18549095498477,95.65879370747365,1
41.63441772905631,-70.87427065891532,28.018079317234026,29.13706503484815,86.7258888066128,-3.8881291398488003,-70.99918473164868,69.0203157962051,48.944638285661455,-10.788233666108127,-82.29603053323453,17.77099113939937,-67.12161977766195,-3.2921897805574076,61.17222068887918,38.73803690746948,68.16509624863195,-53.18667605027827,75.0427121063224,-69.13923090984746,48.60581435911001,-52.2729914726245,-65.49669499412967,-68.59141022467148,82.0014278486835,50.644353926956,-80.59664577135092,-9.080554475206569,72.02516945017007,-19.984288327393514,-51.33232407358821,-5.465705337851446,-49.95428161149156,60.08033787311368,-24.840769258713635,47.91432450830021,99.65504089754171,67.57682175746427,21.383090769113537,91.53286285814517,-93.14098261312431,-21.114454476977954,-15.213893085858274,-5.455807104763252,-23.425936372843353,55.50152425522455,86.86494672729827,94.4497709502256,2.651603379441454,-94.26225330904434,1
24.84759918279842,37.33572234482588,-96.92674985305534,-92.41661118527334,-5.840117012838391,-63.75434216324598,-78.08124508662529,-40.60328630900531,-1.6187258879134987,41.06299504436498,61.85342957842798,-80.50532878573921,-51.27206992276421,-87.42033646370002,-26.054902322288626,33.45295126174406,-49.965750528090666,-31.49714361368696,-45.384712638236444,-90.8854870558748,36.61440755716205,-34.92128747689097,40.81311671243415,-12.210318198103252,-65.50778722327617,-63.58210914433408,53.31620097172646,-29.12007062760098,-72.28494116971717,18.023449826327862,-18.488376793525347,-86.74094226311414,-59.18820578287154,77.1135750814106,81.17836609495558,12.900945446330041,-43.22189845277418,34.70668746424573,-43.583975032765295,65.49050869248146,-41.75302126230038,70.40556183184802,16.77117133135033,-84.221164580079,78.55163002031463,-60.320516746560024,-20.618112886252533,-1.3271352459834844,-98.42896015250417,-79.68219842823171,1
59.28811230469546,-18.13101582352148,-9.598342402583768,65.32742955420113,-95.15248116716543,-36.73643259786643,35.22165837316712,75.35298149707458,-15.657359605596398,-19.736057910299536,-0.5607290010051003,6.752871292454387,-19.592724561933437,64.34248599309637,32.31565817329886,-82.93730781232583,70.00502490051028,-25.254821744751283,-43.70526577284324,-64.36631958030799,-65.5416209567643,35.99565869218512,-35.581590870591924,26.112727147517205,-51.01804571819828,75.49909637738654,28.922547272805247,47.210531483525756,-56.33374187947682,-48.40645592405974,-41.243772975262495,-90.7123778687791,62.53683195296199,85.67656267339311,27.88774505395979,35.26633965215177,83.27762712320367,-29.6170116254805,-27.758795976156264,53.148497226218666,66.89096241266753,-54.8727339747771,-20.247787111449483,93.34705004804167,63.278573739906136,57.20264856375766,-28.24192745719462,49.22227180895885,-63.075300778931286,22.753675464257128,1
-43.24481884025511,35.23914927130784,-13.57656487682111,-20.941500409865668,-72.27970038035964,98.89551554152456,-17.698932935613016,-23.93633156951654,-72.97869858021033,49.87613200527022,61.085197811823065,-81.98168351336878,15.31244647722427,-99.69611557780347,17.10001231911977,-29.221123816486696,-88.74326473595984,-70.6206931677111,79.92800656504292,-67.85183519401959,95.48034538871687,10.948313393834354,-85.74847205272307,-69.11131494715927,14.122715538227865,-33.24198134599192,-75.3965265594546,18.628005944966347,-37.920788994437004,-24.093361624469793,56.499199062568096,3.626711903746056,78.93082127903335,50.235252521524984,64.31059490383996,31.140757411179237,83.89748716981998,31.603861637269176,59.6687354146415,91.19968864019424,38.266269901543524,61.23886955842784,19.121773463099203,32.7251567850621,-86.81913151269296,72.21780240425048,-21.003453534405608,-67.67490537246908,56.716759858680916,93.58430414218552,1
-95.58677026354184,51.01364082632503,-17.831364503818065,-97.24706133292,40.51531399284403,-50.18142910865724,68.46171293407173,47.45006011215952,-92.17796332149821,87.53872687763607,-81.32632954589735,91.60110428073159,85.64151262118654,-2.07855718488959,-51.17053611168334,-16.605869664004032,-34.91479092668037,-20.307702948353707,-61.50238954473435,-99.48540372218166,-31.11145490139009,10.249756765233457,-15.739388914722753,86.6406880657625,-90.60180147489707,11.25805218985549,-7.3403007446690225,-88.84617048220784,11.943873977749718,46.909457796855236,-7.909839771259826,-5.062406360794441,-98.52019963425617,69.46489929848002,20.406300245010556,-89.49541258442619,-11.563553471222335,-1.2680674332979862,-31.589439602359136,-45.9095282211359,38.33215089402938,-93.37702265647636,-36.874440677324614,-42.14124895821618,-5.185775722067575,70.90344437421138,82.30911512846936,-10.815307183620064,-19.740661523655234,85.12224998481688,1
71.29796823766446,99.08430258509122,37.845947272590394,-2.271220580248311,-29.956973973698098,77.87761848464638,31.76857999310033,-61.12830611011428,-39.39670863778473,1.1712053548851742,-66.23426944392895,-8.416168908946744,-34.927131185282875,-12.259977734397694,-74.86687071557742,97.38352982504554,30.202983734849056,-3.2772344331412313,49.981277649453546,-90.10345733159377,-53.66623398093362,38.19630915619109,-68.17345523968422,93.62889652612984,-77.33578325279834,-22.977546485549198,-20.939148117263713,-27.89140220192796,-14.112476327405759,-59.08460918440426,-50.050116755024156,93.92645378602808,90.36645936577546,-4.050181793757531,-28.705644196481543,-94.64804312380966,6.1853446431231305,-70.48057705441516,-28.627945016008027,-14.955389307291028,9.29396350461802,76.58628484094254,29.114257317926217,-40.415092554240786,-55.809166231992855,68.825538597963,-87.64589583203855,1.6329788580678297,-73.50883213594437,-42.78145752360827,-1
-96.17102640063267,-55.97415116049467,-68.90954156870855,3.493110730745272,-9.353566980014534,1.7038063225171385,-43.19609399330917,66.1035655497036,-82.93340354016686,95.17911356862248,-14.032914111258094,-90.39919301703321,75.60203056302905,-79.61744316828268,62.74721406671077,-88.55500057314285,-13.89347571719351,66.89313206126775,90.54357824098233,44.703522333760276,-87.83765024739782,88.41786147450682,50.55672515696398,-21.27423460668693,0.9966101898386484,-18.311866881323596,-59.51173367922819,-26.426588684878453,92.31014855508906,1.8269148812383236,-15.208325051331101,35.15121236294203,95.61092956253339,-94.09620459370353,94.12506180617305,-99.69838645769138,12.87070209879262,70.10249699258861,-87.05227034731968,1.1003247093912591,-24.1248599657561,-35.083203875788556,3.822953919790578,-12.669962984123458,-60.617402827735354,7.877356424562535,-57.625389695736985,-12.330016853815849,-18.320259672874784,-53.487756136579456,-1
-23.575301108005362,-42.7879896681429,-61.15341406088366,40.99692769551615,42.86850661089625,41.11995262395095,-23.129933131170134,-55.689636760013286,63.47094008072844,-45.21941652028709,7.9306930530220825,-35.98955639958183,-93.37140404434545,4.7144022280741495,39.767421049577194,72.41259732579564,-57.34275517465337,91.1924395683578,16.59890195011849,36.09568546732885,-77.20951989211989,76.9294558799381,-70.25235953636175,-37.972070568323126,40.907219425589716,-56.57677772981526,-28.883278498165453,2.0087747368470588,-43.04124199723065,11.68529123999096,51.38745984057155,-42.59681776308748,64.30672587467066,9.195129844061057,-46.47157256641097,97.43314744388388,-47.054490809164996,18.545860590518572,62.93516816680352,77.40268534142965,-35.45247418193691,-93.1714833777573,68.9821387341749,73.70407511071119,-13.217674014909633,-24.61540469314636,-39.38393348049114,96.85974181419783,-48.014605209088224,77.25182531330691,-1
63.16662499812355,95.29793222957744,28.323999742881796,-20.407924710977028,82.53847468888316,65.32219327039331,-55.6933988928374,-16.87636272626915,-82.7042791287858,-80.82392496822173,10.38357401265408,77.83688232422372,-89.16846196757044,24.713105977410876,3.4333431243123442,0.6698432076292846,80.1315176217575,2.6054764038911316,-57.18082827650868,-59.93406023491903,-44.51062317050511,-90.99073110525096,-93.17993772118685,-7.29779806220408,49.56976221403394,11.81745600811324,5.751896866939603,-36.54489130984408,-58.62313433512287,-30.54321527490069,34.94572753947955,-47.424477853560475,25.536395356900016,86.53267140198756,-81.212460138151,-6.898794275008797,13.61061116657298,-45.49422255944033,24.216327760520002,44.70805557812102,13.689064087342587,14.098026980422901,-50.46644480727649,-89.34136292954231,-37.71663503572875,-64.91341462941737,-89.68466797710035,71.89068037914666,94.09727973104839,98.10857308015838,1
-79.6215223867973,-10.318431796813428,29.848546567594127,-26.104255273253358,-52.953084005870686,-57.39065064556827,68.82164199743312,30.47481959507047,18.040933487567614,-90.89026718759065,-38.62371440535182,-7.26952062729076,32.09360126938486,-15.689479994188417,-70.74690945030375,-31.72097144864985,62.88303764887334,-34.48146539604522,-11.465826186100145,-72.15820639279495,-79.85525433315566,-3.758291081697223,61.43200977386226,79.15418684439663,77.47329558489173,-9.021253351506559,-44.67903700773586,34.51340822634489,-44.24743431697278,-47.004701066081125,16.71126298524355,-85.93825665139275,4.4531621039764815,-41.321870040319595,7.944197976194317,-46.858456854011486,-49.97332057600279,18.815782759828863,-54.65734332183509,-34.090738554477824,61.261632085053634,-7.671665931310486,-21.62556561377771,75.21683756823376,-23.83356648592742,-51.16547781665985,66.39572658324826,27.189405105743376,31.85855795656005,24.567372146236792,1
24.675913191981408,52.8186000425963,43.39538021277542,-87.59502492944338,-85.58018616996401,-32.874201505176885,-72.46277365601166,-87.22093028013134,91.41252643956122,-1.296217008784211,-54.87753090497445,-57.23797923640868,-18.24476282982512,-42.14070880960969,17.1321071272109,26.89952844118224,55.38677495771188,-56.03486584513957,5.75342410949105,-55.916067698429295,15.488826035177425,48.7204789696998,-74.60544696625509,85.2933204355862,-30.310687464990522,-51.799288295930324,93.14376555385309,-39.27051581835372,61.62452005132877,50.09141120457841,-7.327437117624086,1.5130000198425648,-3.0482573389542154,-65.92477625041022,45.435389649313294,0.5296440386202619,-83.5366594079253,83.65991168001733,-97.24484276816679,45.33650035565876,75.49095528716404,-67.86207077087005,27.50157130506085,58.36821197653063,97.61464840293257,44.71090958456182,11.639105260757333,-73.76136639766654,55.7378020480152,32.13488933826633,-1
-74.09701574343916,34.41190053234709,-12.139345534400618,-53.18750148558502,25.134642477751726,-42.61501161243684,-45.07713303687338,89.3478643348889,69.85193745369008,-43.01455384870585,58.418229169121815,26.922798626561388,50.55169986134541,32.719313048390234,59.206359244793305,-91.32795180796336,80.53742659667449,2.1001761786427977,37.95571606874387,-24.505549959285247,-76.71472275188573,44.05708292276171,-99.37950374012259,-9.556520050099877,49.43233309699485,-20.610143792911998,9.813522275986756,90.14396389665905,-44.81747782989694,90.6868589846512,5.146391175242826,14.137661367643034,14.37023275466342,80.86492507353535,83.56964171641238,20.856734205643406,66.21427746073203,-52.58335697029286,42.031059745910966,87.78425230803961,-76.27815363041286,29.149637190555666,-39.828236950854446,-12.359265729908813,-98.85479653567855,30.484483990801436,99.95903949973354,-21.82557807350676,73.99075777195583,2.722599577943143,1
-54.794200436800054,-98.32905916557229,18.894770982523795,-8.174018444912718,-44.235972750660665,39.54510380338667,-96.2385274740402,75.44315078708118,-65.61419422815172,14.744159539319355,-43.10582122258979,0.8305730467041741,-49.8921785781363,-85.09407910045218,7.043414069413416,24.752496121676586,-39.482082296356545,73.5569255905296,-3.2691185452025735,-85.25530968803665,-29.43634046650287,-64.4346366763962,54.6319612448782,-2.32973834517864,45.49330787132422,-74.03406389065528,34.58895670167942,-5.000496480715611,23.82473651865051,19.333459316451425,6.41412428740189,64.46605163638498,5.476985753111592,-29.784872275863577,24.045527524407362,60.01955269330398,57.43931622330348,92.85346912394778,-83.54618915380524,91.97170229605553,49.46516979648746,-67.21371772057152,43.33680813322482,81.76287183149785,29.368064087006815,37.20739805141315,45.67455208247759,29.739050265078845,81.72648986290864,88.73077986883396,-1
14.354470409664444,10.467602691100566,19.161506477993925,56.476618644710044,-90.39762687816146,81.46728632938724,63.56825776489333,83.83897178990725,51.721170255600555,-75.5081734223078,-64.5514445350845,93.90497365138236,-35.618396678488494,0.5684113712517274,23.05574329902464,-65.1685573668888,-77.15991429913535,-22.00351641043379,-63.812656917977684,-8.126318400516169,40.971225921450014,-15.492352083231722,-27.067941999556865,2.2306621855179998,-31.38911005530649,24.589312996336886,24.376309043371805,-39.30806632514627,98.74388149517182,76.81641822557782,-52.47079444897204,-33.604500723988636,-80.13239547560154,-6.042676982450402,98.48345705184803,77.78865432827723,-19.126135596712587,-12.732702405142547,-79.80416742574317,44.50344558188749,65.040938459638,76.42468073030119,45.68289525276478,-2.004909334064024,22.805925289965117,-31.681381313375894,-55.720513407380224,78.76810846098499,-70.9168896627289,39.29569154693144,1
37.892993827453154,-36.05583013202916,46.14137687257724,68.9611334072001,-62.0822137804566,40.77470661898994,49.641564345574864,-66.17013397520238,-6.592960945092159,11.557840372881614,-33.70244930074173,-13.495416112217612,86.2247016338394,95.22687079300246,-50.53108417466638,26.38283446963628,84.56893192541207,60.6950709289452,32.01500179490583,-62.07547945476095,8.021063388195685,89.19135889413195,25.56791347088621,4.824280423837649,0.3032844942729014,46.95047003652817,80.06501605516573,12.709221095757073,71.93914748924885,18.549760557067472,47.77243760278074,-6.531612677137161,-21.844035740832112,-25.974553633838937,-60.40624225636275,12.24585000228437,8.121342600126809,-81.54488496011598,-15.907321588493105,-5.153951491167135,47.7824019585955,80.32363315672234,-92.82165688634818,87.05486242540226,26.994610755248786,-89.54885215333908,-83.34118411237823,-93.29188040291368,-81.12167396285608,-38.73045377701234,-1
-71.81515500504747,-5.046198791269745,36.24185156430977,-94.19201955815612,-41.317817996121,-22.27738782139184,-72.52052379792585,33.73210470819424,25.3763606460967,68.18449049103893,95.97473037030827,-10.79427860755085,-33.107533124761204,2.762434147535501,47.80299743261364,-32.226169033606936,31.161409325495697,15.85947324043795,51.05833435225196,-50.39029061249818,-6.591585745706126,55.00653108375374,-37.976058158580564,25.469409583983975,-43.72756861719491,-39.61384714339482,-6.562185786259093,-37.88943925491499,4.806760294469996,19.649920873645215,18.279968652770535,-79.90881017456097,35.02633539220409,-39.43069280739388,-80.27633836183539,-18.78495670930124,69.77725242414138,57.63802697193097,-40.59272804628677,-0.0021892828393959007,-42.402011892021775,16.965082575676064,-99.91455139168283,44.37047214537046,-64.64523291655723,51.55412217083304,17.67295137807723,-76.63847715720395,9.54092035566407,2.168506663597981,-1
31.034742904867613,63.206700460413686,6.423972040941294,38.712491194093985,54.45512258292254,-36.01782468767492,64.30579686470952,-78.98411088867923,74.2795042062202,3.6903067431184553,61.60145367531854,25.576657585061668,71.4649101939257,97.01581668991474,45.36515511140479,24.69844976385825,53.70629636476184,14.231533079084329,-59.24724217020072,86.41367773814414,27.125192812547255,-32.293494873581224,3.574297187555757,-15.161286989849884,-25.36678744254506,89.20053351503475,75.60132882613934,94.22523178540575,12.945368204508114,-46.789542941069826,-76.57913384864955,94.96174165978275,56.80565393844955,-2.2245967144446865,28.60671481867263,-58.063720274740916,-51.95724968942077,-24.20887991684826,-80.14276081221217,3.7467438784654945,48.493126294048096,-85.10788242759875,13.039408072427833,22.366296024285234,26.777192944377276,-11.77555317648769,23.8753894584882,-0.9094534337229732,-45.15718254824825,-46.68939622519193,-1
-31.18167643011158,-21.32943225044764,61.43595404049822,-91.4510786950782,-43.35018754452511,34.86514488621023,-37.90390523804719,45.762939476254644,97.74308220548039,-97.11280419313586,54.80184499603308,-61.95598066422969,50.28497403262119,56.773999331221745,5.882637861556901,9.116074717271388,-4.875831279425526,47.578750150991596,-92.93563739875314,-57.754427042383604,32.08315285038651,-83.99027425047984,-60.48410552161989,48.83235033473616,89.01951260273049,-25.469591262390125,29.672660117575475,-16.581962145766724,-60.56221995262439,-34.282236775883405,24.440633485851507,-95.69095567287577,-69.01932159750001,-35.59644980333481,28.148757555541863,87.49432516230789,-13.205487069409429,-9.256750713543639,85.34503582535305,-63.38278986698454,89.45407088441908,73.50404125537574,-67.22993743214866,11.26520627967669,-52.59771037568568,-25.640516028951566,40.12154373241819,-67.20717864269324,24.90133417349658,-50.327027927505654,1
11.928066261643579,-11.461259606512826,93.90530466480135,-84.62657932364903,-82.08473254111419,-69.52774312692036,-55.90513490338325,-55.12874853066296,88.4729693151045,78.08338452204512,-64.49044619197532,68.11538216694967,29.188215255373706,-6.332850966585184,47.23312100566383,73.67081664101212,-48.61889513916429,-66.73908571869336,-59.57517914141859,-44.17816421362433,81.88515793794286,18.586473973382738,-35.854515545627635,4.260028001908182,-64.26584549133469,43.12152881386581,-91.04033091286566,90.07055197075658,-30.57453001035458,68.97495532250718,-60.149064112817065,54.960082319191145,-66.9950627844845,18.016124333832778,57.16325979952367,98.3659460449139,67.11310938463518,6.801425970399549,5.8073376593293204,26.912613493858828,22.168159179638792,-3.81154692416834,10.257228725213707,53.00422344546482,-46.695185570170736,80.95287611337992,-44.47031224804152,-68.66876852151785,-64.73703824437086,-66.84014899071076,1
-97.25088919773096,-51.56331088124646,8.48916121544137,83.02814790347895,29.73660898084671,86.80875852949868,19.428469758167765,25.16674004489188,6.244249169646295,-90.21622566752741,83.2482622321645,57.49226104769713,9.731152727153287,-36.10113332707006,84.56238307534895,74.42952578389307,62.26494137868775,-51.78715344361016,46.01725506905373,22.883940669305787,-42.640155046307186,-78.03636258205609,72.53077369986408,-67.07314367904416,-32.55212993149479,-31.323391353617637,-51.85685350545444,68.96010574175182,37.9379686800215,-83.39417794394146,37.04965818328628,32.072629353037314,-81.85543353837758,78.26851945577087,99.061105338217,-23.530845696547914,-14.330589807226858,-94.8083536067126,-33.04313928086813,-70.69476235601309,46.18268462501254,68.98412104160272,-46.457854569509614,4.492766444007231,-18.97859174495386,70.06953565165847,-73.30173307020439,9.255463255088287,-40.355568805797404,-9.915444291484548,1
9.409069123115543,-76.22948430475256,40.31986997991939,-36.25922019435648,40.18133682589081,-23.541842295845612,-74.6398914292252,0.575065395404394,23.21338473201233,84.66810073735223,81.7445657811783,-86.13867068423633,-10.928539571975165,45.70361072796683,39.40084990223923,56.16313613668382,-63.789454013595545,31.98937172881321,-25.446969878211604,-55.220990698037475,54.400515437458864,90.03356373453408,69.92160175120529,-82.80480112117678,44.374571106769196,-49.78496111917552,-25.938614723831094,-73.64035959345662,40.22217992721761,12.040410764695793,34.20255245393682,96.44358106301843,98.65137688108436,-62.38777782411034,75.54223615328314,-19.740357758554296,77.47318236553639,23.546306561434022,77.66928644783505,70.86345031860003,-3.5108604864140744,-69.90874865009027,-69.64397873291115,98.30506271970458,-17.176152896929395,68.36024216688796,-19.29177802145307,-29.829388953471536,-69.53748730717436,-87.6273130103999,-1
-2.1150072713719084,-49.36021859743796,-28.603261571977413,-24.008774970518303,-68.68986501442886,-87.38829488475126,-78.01801205165086,-28.20341239504289,37.72778703122137,-81.64927957277071,-58.03621461428781,23.49134109062983,-27.896421024323132,9.736483479795226,0.3621944853897219,76.20525753793197,35.14033240241105,37.05388087352546,2.4235335962800235,34.7522836680169,19.221545064186046,-39.638038118294226,-35.83931611305009,-27.588996067694353,66.74489203540227,-91.74542185224828,-55.8659175182983,72.13741720040647,-64.57607496044662,-75.15044985529991,21.206511647624552,84.4265733481173,31.62136023641878,32.1648122823855,11.543099106348436,-30.432802003127392,-78.01430410183951,-88.40926822807094,-83.93812663941688,-17.72794624106176,-6.427207045132775,11.986464558387837,87.56542994030701,-97.36665305465083,50.58470037711146,-92.32230720670054,-33.404296606450416,60.89372086210287,8.296970526552116,-87.97207067692064,1
0.30325893743992083,-54.50367926129201,-3.9526573057946592,-2.7993103523546523,-45.26674917963467,92.69173240758951,96.07824091861514,-85.10584022629286,22.79748142632492,86.22066186705192,-52.3141458927354,-11.094872178615134,-56.103213737994786,-79.37783013509701,-96.52013328950027,2.1630450876931775,86.7293673740651,98.63695245585993,80.74691679754278,-62.81077943184419,-11.781801741827081,78.12529272114557,17.122448539259324,-56.9807518390409,-72.871722521109,-36.940812772730936,8.819345391235728,15.180176118438766,-59.92968680280861,-35.229174614281746,41.59444593369807,0.5365229220485332,-95.36281620756948,30.307569394401327,75.46045651705683,-11.983904148713947,64.57555078956335,46.84800667423582,-15.415719909530651,-21.254444702798466,-12.24731155520871,-55.96796495365943,8.66554333279666,-34.95738996424089,62.66604457551054,7.491704917207144,80.04246036710254,7.965926435432166,88.74579503425889,64.54786190984842,-1
49.63678240976927,-9.103453408928658,-46.68997590914261,-88.92417317040841,3.466899695899045,-15.104699630210106,-24.34667566901578,76.4732689744128,-20.401442491512853,49.77912910232166,-46.27584258396031,-89.16580882481801,70.33107861392145,-64.80726932589135,83.96486824311188,-63.21866905527087,34.82003629822677,-89.12558531822243,43.54389537159631,-69.40890522325942,-21.3052390421703,10.874029333782318,-20.603041519817978,21.740801818419996,-35.88321176372067,9.344466988985502,73.70755310867071,-44.313365590747566,80.70507418510638,68.78076474062794,-34.00675567721012,90.47382239222398,51.65356043142452,90.24001670702114,64.16589617650351,-19.300313326527288,-31.980672559206496,-10.571534161510115,-92.56161398078311,-51.50400043400498,-41.36189664076502,53.40350090239713,-39.3876452243614,-73.72428680570343,-38.000092093149426,-96.26123742954059,39.65547881982786,-46.31411202365996,8.419812762839541,-91.12322329210477,1
66.82891940013516,40.25866841767683,16.035273959306778,79.08281161340395,47.28792842265378,-70.24473743055006,9.374177500320883,-82.7226516452046,49.58938791813088,-0.37370897613165255,-6.1472027382027505,-43.1400072413978,-58.496480728671685,57.89371627308657,-53.8841696492745,48.566974842983115,-36.08058698282963,12.380826291611442,57.38343906303186,-17.295155611308786,53.51491705216404,-1.6537845092952494,-55.46997447397468,-91.06656139085558,34.56257166192714,31.040493257668345,-81.64659404506756,-34.1610505632634,-55.993020389556094,48.69189823364931,3.1302610073105797,-38.85715697376657,21.044976978530386,-70.52745828712257,-4.869190007406729,-38.27450880014802,35.37867770432456,-40.47941565877045,-0.7671472801533241,-62.64277935907712,-47.159194566072046,93.80649846773849,-6.055837121969617,-44.31165354989681,54.872840364588086,-21.12762232773504,72.13774385769594,-94.39090856870682,39.76674047660421,12.774907254864118,-1
25.580077898181557,64.25188407456909,-71.9870881282127,-45.99950377576094,81.02842992915339,-4.303520849425709,-55.142592701408134,-45.57430578516626,-13.680233272313586,84.89565435887727,20.583181350014684,30.476337504567567,40.72844039022766,-87.24284731353482,20.136646176438617,-87.97509806394166,10.749627840050493,77.04533021849596,-90.27869056283313,-18.18500437887043,-79.01822671136412,-23.182820446120346,68.96352010758488,30.116198342425605,26.97350711549788,-63.130509754350726,-29.527759297619042,-81.02395113481063,14.816566274942659,5.597844791472667,26.071807254290505,-43.69609385036224,75.66807852685514,77.67524277513138,-94.5067757154875,90.58727961556099,-24.364608412150517,27.944615836034288,41.75574184233852,-16.398728329621704,42.91307473683432,-94.32259365706616,45.341630925166015,35.62024712467266,2.1207101104354393,-49.512236541855614,79.47918888096115,24.28341585960132,-34.27419716880928,-15.611399788734673,1
-29.015067824597992,-81.70340841407058,6.239758848302301,-63.020520955360126,-11.903269732064373,-63.70702934799346,67.56788246177109,-38.34777621946166,-68.5991877132523,-22.323321565524907,-61.11086467023554,-23.681141521021544,53.047593043335894,2.0054751001477484,-52.775832933897426,11.603340439084235,49.748216662128556,28.148274515091657,26.40016541721306,-63.831586799304915,59.84341108644389,30.035139753147604,21.064520767422252,43.900200427114356,-54.683326729943005,55.99332575052273,67.47983154887882,84.97577926030709,-95.8812640600934,75.09190083430951,47.80584654986072,-70.81647668255596,-33.028635156281894,-85.16122888972822,71.78834933844087,85.84759741691778,-12.23576801965514,24.538656451303396,-14.096171543025761,-39.791433965770764,70.89685309030804,74.61029550549338,18.269691532655457,57.35944826639775,-7.5702376285435236,55.75032969533308,63.927048530756565,-82.96833478035754,-38.17201710356879,15.841409981684436,-1
-97.79374711427056,72.36876465896597,96.98757379417268,81.81450527225891,10.415339256249553,48.58072057647988,85.14378803343266,-37.15918450715989,-75.77769226133964,34.41254284224624,-49.595605055166445,38.46479490021545,20.550349241331347,-70.47271306702669,-26.274280129487153,82.9039317269046,-13.721355642049772,4.1073169872135225,28.484810499454028,-75.01173557284446,-72.28455053873921,23.22682401784391,-85.59374212744805,-50.00077102455547,30.98749341739986,-32.881958307872196,-86.12750738981887,-30.33656946020271,68.91350313939446,-96.86658830561316,82.61352387630902,-72.91297421779012,3.682737507183262,-93.40582021748372,56.40219090855169,60.5926273591206,56.23111248457545,-40.93040660837808,-58.17041023189083,80.82656528826882,-87.38778647098526,62.91226060384909,-77.23869747826926,-9.623770269087032,10.859225880027992,33.950429745145556,15.425037399836754,-46.35033770153753,68.56040049186535,22.206974340375325,1
-64.69439359889834,48.39907822523446,-37.09648555817895,95.96063262083086,-98.00124502828584,35.39158751310251,-62.58235376935855,91.13245800389743,84.51127809211374,-3.2100072948294383,-7.8057750550567135,62.604467669675444,63.86540648117597,-11.638038336518221,35.79703119075259,-42.69189851135575,27.82298709454696,98.01899581111138,43.59962514036593,17.777684353935413,98.83562562390068,8.753902752211175,-73.77621285287736,29.31096838508688,87.57702540355785,59.33947647111529,17.537247430739484,-41.50060818519661,-18.287516357954956,-75.37532529392767,-11.436986285438365,-28.36584589871856,99.22310700539941,-95.34777950066508,-28.683327307688927,28.94643430334915,30.895894027554164,75.74632556404157,69.16337211734117,-45.283655593041615,34.09314910108938,18.00113903503768,-14.00882460422767,-87.52311301722312,32.08613484191332,16.450038744772982,74.21082642597571,19.98858919319848,62.909309039502574,-14.114512534029018,1
72.59936627177441,98.85759715221181,85.54645595660077,97.91265636582796,42.87303238946572,-55.03661188210691,86.43322298849984,-22.538160388522343,-96.20389698041927,2.923693308219754,-42.39084425347701,-94.97643461157541,56.919870516552294,-8.643761881799406,80.95795075844038,41.03875563851602,-66.17917054304925,-90.1517641028273,74.69770534306406,-25.020066380224293,-19.476326633645158,-28.120228477562975,-67.48800382103073,-49.657265199197795,75.99701260832813,-48.6564110795169,-22.99178698590299,23.939765982520385,-13.975913136169282,90.72313320741253,31.780849481342955,81.5315025488893,-77.71592623568588,78.88840100502793,44.617167891302586,-25.982722561710773,-98.2638075173712,56.83402223992016,68.92336976720324,87.7138377498431,-3.121608268041058,-89.49200625951634,47.731138469245366,93.66506285465823,-54.30881644500334,92.4891941725582,-30.854090893764322,-78.53823686018339,4.794380425675726,70.76760906273023,1
-36.611475646543724,72.04956219549291,77.04579684223452,-65.44892120185546,17.05084524763653,-33.92590534623699,-21.509897219705138,47.557177870599645,-71.00441091464864,78.17350520065503,-58.38540446445304,-93.03481169463181,61.81007544348515,22.20910407164149,-35.68131506253833,-28.475296102251264,58.34288936242345,95.12280261589646,25.968898278016226,30.790418291320293,-72.91950278730708,-28.4848809310013,51.333059104961336,17.10608858085982,89.9675771692672,67.36752466965748,73.1933237429063,-49.575244392599,55.88609251575309,75.53290349160349,98.37053974502112,13.363817637675353,54.88708183644454,76.53655264063283,-72.94904415294205,-31.488468176302547,-29.051323567440875,-20.901473020792153,16.24132099753581,-49.211433015963934,93.77867694618263,33.32139439471004,-38.63384263338921,3.2553466126296655,17.22087814684079,-94.0250008026849,16.637885508939448,13.929256099896463,-85.25910725551222,70.95964923257264,-1
61.31222957228994,-68.55922328860915,-89.53024663807952,94.90651073247491,-61.68120641940098,-17.817541373429307,62.97519246866233,67.47560589304538,68.79993948539925,-30.128172086124664,7.540890795732608,-12.064925695617006,-60.64410039288761,-49.04155543394533,79.00786172688501,-24.06438004763598,43.18455123187482,-31.759167359892444,32.67001087950294,-79.28789789798995,-19.77024663586991,-5.901098906899719,34.31981907544761,-50.49047967898701,-1.447285603261662,96.22120341785208,35.548387002776394,61.390457936996484,15.14227992148038,28.030889807779715,-63.29469922285793,-76.14576509175347,-17.477930576284322,17.03020218045141,88.66419952317543,67.84895033186314,90.78650851329729,-95.14545851607257,49.601075207775494,69.99952961651391,-94.37926448384634,-49.7580929249914,-54.65324315084854,-78.29203502572639,-1.671359978660007,80.29743082178334,-59.005629713348306,3.2338384014055634,53.83984765939883,46.3699565194884,1
-24.052519035670244,-31.042614269092695,61.46286015381045,62.546009886317165,11.415368394886059,-32.22131530427279,-88.99515288573335,-14.957086146664949,20.071110156633253,-20.92185954977586,67.0177863527727,18.144136922165316,-30.406954085548918,-42.99324338347732,9.89911437834084,-8.093052384294495,38.651238328374546,-59.52725364313258,-46.62728516429861,-81.89353856015593,9.464778981451644,-36.99214720709081,-89.72970374451697,-51.511376549906274,-52.39277263542561,-99.84494531058183,27.914391844062976,27.326800498456322,52.26514977263,-8.077508806825378,93.88032782075894,54.44672748759652,86.62452862904811,10.09838124834532,74.73573485137354,-92.93248171480826,-19.721805926022327,-33.07513201815884,90.73738188549646,58.04882619805278,57.797530901345056,81.41053875150263,-68.77188613948712,-95.8355661049423,53.76208475931182,-44.93753874245348,-16.972429361659465,-52.922762449898464,90.74600576594742,-83.66146783252933,1
-51.604573936590924,-2.1567502623818626,59.802074270471735,-43.04160218665716,-47.63568688384019,46.32256386267329,24.931105057710084,-90.99290053869626,65.27602565204839,-7.820928634369764,44.75029615823479,81.91665439356152,66.73454989571499,-28.28347236533226,-9.349808768985682,78.30646534479538,60.34442164213971,67.93515583861668,39.51505781390051,-47.878862324710546,-52.95873347861686,11.73183134485258,95.45131944086634,74.7932679704708,-76.72229014003833,95.61654081423936,96.57481615716853,11.741391896759424,58.69670434462145,-56.578233667686526,-26.636441609909994,9.249047061005797,48.814330713928456,26.302934078300538,-20.93415606452629,-29.883265621216353,-36.1411154621079,-43.06899187408302,95.36990897125429,99.01033437915416,28.378747981139497,24.344292767388083,-88.75436517354754,68.33422458571897,-64.57108406790735,35.3959208517135,-73.09645811945057,-39.230538426931915,-41.93002255904563,-12.681755070924822,1
34.75124595681797,-49.73846257156864,-33.51045635047234,21.154367324474748,-39.45718798536786,61.91196469535146,47.34658917139859,-32.79975047331317,33.52856464471074,-39.315411246764896,78.67176522667097,-50.505836661358636,54.42085803000046,-23.888176606033113,80.48438592931285,7.6053594714215365,-86.75571469834055,-28.68090418317351,18.321792780316756,59.48102991505135,74.9536399095177,-57.44935993874394,90.56648015609028,-72.0634850612164,53.1819908372824,-82.33023725086386,-27.91923678806498,-10.656107402595154,23.780488622210385,73.77158828484204,61.401911767849896,59.41811174331633,-96.66777587145138,97.95261851254475,-40.646388141212356,29.19090277700886,15.736262846062374,-12.008558260891462,-22.69392006826729,17.58550216446426,63.74929701041313,-17.494169053095817,90.71685558898002,-38.85134831693047,11.23244422857914,-21.25443119881257,-61.17880256603478,53.98995202943274,-23.083151363366355,-96.32937427028838,-1
-24.626623930562303,53.67998578975596,54.96996930681982,15.689551170539275,-12.007370098461607,-35.75674022072755,4.957587230219289,-48.67951304480598,60.785780686019706,74.09080646475917,27.406245102181018,-14.0707229518257,66.6417726200325,-91.98383214108605,-93.5426545201396,-41.29659874874161,44.021341361927625,-6.1239932782259245,-47.72508599497871,-26.93827060445571,-57.73721325764596,78.15306527964191,-80.21711919665593,-91.04518766684777,22.895102447474883,4.999415881970236,-21.95575769438453,19.709446702735846,-46.22370780460554,91.11096683708499,-27.222535183002904,-0.8066338155510095,-38.72053927832986,63.06762463375085,-65.31895281764312,56.3481257111643,20.752557430450366,-62.162643951094296,-15.11621904141198,33.651126015270194,80.96740752640827,-73.76169448431497,-20.640206517713693,-66.71964526763756,-37.310019288887595,78.45919506589439,13.638810093824944,40.018397929276006,-7.038004711448281,-62.455473216893424,1
-52.5033389661232,-58.027064544175765,47.67832738721148,-13.199996680904576,-39.91596251387355,26.433032967984843,74.82973758755884,73.47969450765052,6.7857939915070915,17.76729198162701,-99.33542214316557,58.18504381426314,-34.15420021687143,46.83286115924798,-99.38671610337741,86.67116687994195,-92.21680473259075,-19.72106579842783,-57.911367021736496,-67.03003624846558,78.542425859248,-85.51633729297778,-61.409346849846955,25.460976296100085,90.9460164982861,92.82683268470797,91.52991675686371,-10.902878862665261,56.82493602540967,-47.18558546112202,78.42147170162215,-14.744191101499254,-35.180437376490076,25.635416927718197,-9.462594412233784,40.24839418031573,54.41436001848919,0.9875004827189855,-91.55740774458843,12.612964059338069,46.441046090085905,-46.45922768032291,88.21176929558783,28.859132639571726,-76.71761446594112,70.83785636802227,48.23677026796639,-85.27021440555909,-98.85844349601047,31.48109952701836,1
20.004109623860742,-39.38684776497967,86.53638047210043,36.39948945614671,94.5715458969483,-69.19942529354003,-50.49088685657131,10.094978945632093,-72.22960830995962,-57.6998470371068,-6.330910319044605,55.66543130737668,22.778305015859004,-12.585801213109349,41.35613485968531,-72.40447292909337,-13.838161052487123,-12.148352195677631,32.32859102031421,20.41323613002797,-84.6234224332417,-5.544918383315348,-89.17098144078781,-82.36750276409353,42.11086914311099,-51.349682057990734,-42.52416307221167,-77.29276980628961,56.7956677325017,-34.14538713208049,-93.31314464989842,-66.10585071679454,-90.50061856543066,-38.20814016683034,96.81864893254667,94.65945429569047,-54.88257851599523,2.713605446039665,53.674898791369,-76.30901691105842,61.883759315390506,16.560639476201032,-75.37233002123904,34.02201421371751,-79.25956148800037,64.46774658796596,85.23113143331551,-2.732143039078011,-23.7897992520643,-51.92761086138435,1
28.39430008865321,-45.86327913965378,83.48517056090023,70.1044219209949,-14.00149199513865,-35.10530833537777,-8.261956589696155,-28.651642190818023,-70.16978127964887,-13.163561852067332,-1.4186343018742775,-72.25150088108406,92.47357448117293,-74.28453824601127,-89.93513792205464,21.504071145699527,-52.763724933525104,24.371351399292337,10.558182963143238,-30.898820452546943,88.09547121539381,77.1778814682398,-96.5233511908443,-95.45601127207743,15.216983325091732,12.12778257129439,82.36298248112203,63.655856613719095,35.86326259220064,11.42807956248663,-76.89128492559661,78.58337481163201,38.62073883389647,-36.442590901436155,36.26708026424964,94.23397710235665,-56.86333920454616,-47.70785014235219,-84.53660516285322,-84.39755799618227,-6.56872315804668,-0.5603369317988438,-60.73667513655887,32.91613264997645,78.54221802530691,-11.347917535043024,72.19101671348608,0.5409881142821149,32.579261212848024,-58.42816187815472,1
58.763620781607926,69.22383711102236,-18.19845265274536,13.161726837234838,-88.39407458114385,-60.154511241995976,13.297511565363962,-83.77706574977532,-22.288940672656324,-97.42046751921836,38.563911985839894,-18.753343524606024,-76.16482413046306,-97.60856874409036,12.39459846948452,72.40931946998944,40.181674514824664,-83.37345772395665,-93.08862580921402,50.35146251602691,-26.834293240003532,2.4161428402378817,-15.607178255062792,25.319131766025805,66.3806272586045,-25.926795832234802,-59.46904204686041,3.0682469953561764,-26.164420056175146,92.10190410689566,91.4602274956284,29.990173016738282,47.12529995836661,-15.061378311887296,49.827192011164186,86.80906315300916,-54.020417305490966,-7.9081989902455945,24.225549348164648,9.945971070956986,-59.04503057312629,-52.63640812952814,-56.34249560316833,-1.015479803755781,71.25129307066678,-11.196950080465868,44.599724910911476,-65.13861334932156,97.90478419131452,98.79116751869091,-1
73.40629922448971,-98.52843407491709,-21.447816215056164,-83.99173518171187,-61.31408166400869,18.720671134440963,40.40467763780876,-57.01910101241188,95.82953329960387,-61.664628730768186,-60.969173583555246,18.021305970139267,-63.59177762548587,-20.3580682795901,68.09937461479512,83.29067583616768,-93.98294675897019,15.909329635708986,89.7609175754495,60.547067868260115,41.42701486960763,-4.2494514237629915,53.66907493365292,62.937396682522774,-82.08339672102642,-87.70230520864627,6.125794516107419,-95.33223039147258,-15.08592426251765,-64.29885159476818,30.76843131905423,16.15306686464666,-63.04713215462361,60.21057043763719,-35.99211040706611,-86.8326663790077,1.0272266099384098,76.78979315626793,-27.755050020078258,-84.95896949246288,-59.293177749728976,56.383302248234145,67.49902637810615,30.420118083387962,-65.34856907951016,4.58425193387238,-86.12956389724079,28.00224988856371,54.33758911986999,45.93822775063009,-1
-13.261133735923991,-89.22034192124224,-59.78330231879081,15.076340721988373,-67.79633343515272,15.575570650010874,-13.703272744924135,-6.817567449278243,75.77384703730078,-6.39323551758126,-63.07533425247869,-3.222258178794462,32.36259547475052,-90.64286729118503,21.876205654727542,62.34775381681658,65.63802824525999,-83.37141983634619,40.57799326919948,-95.41276104684484,-66.71929851260742,57.345164551299774,-78.04417055112371,-19.355464658046458,-84.86320458805454,91.5862804421416,-29.593540866842872,23.28823780775224,-86.15666636572523,-30.550913191998163,-96.89473277637602,-57.072922101420744,13.700572990901904,-59.95386366730604,-73.0500272499842,-44.08468795164821,48.85946157907114,-46.56459783151152,99.1663579781958,-64.6432108628909,66.33999635014064,-68.78965339838194,-62.75093454845848,-47.71556581442078,-16.36309211643716,-46.338312879062805,-92.32880114894613,-98.37421577940013,93.7123146999383,40.30402775596477,1
9.746757873317222,89.53723541285592,95.19662387848999,81.63078864550059,-55.85929588981886,-23.8328239634382,64.99094284332628,-74.48031863341238,62.0172167449858,-81.1968899412831,79.60909753874719,53.40007561003682,-1.273851809907228,95.22384271272713,-90.2583373019601,39.25058299551526,-34.211278541401896,-86.3297073705285,35.90879009812636,-96.18971958668412,63.045046920709325,-44.187176172959,55.24271930337622,-20.153396953235372,7.183655973002615,-30.18781573865465,35.83458536066803,-43.0240649350061,79.58407648525315,37.831433796184314,-30.452239437409844,73.1891928598589,99.5497831770981,75.76098048225703,-6.4762804666278555,30.093302326842746,24.422581613857332,84.6544976112427,-86.1040768208939,95.2850697606415,16.487977821800357,90.30959188650144,-27.246737345370178,-71.28114308010007,2.8883241727552615,-8.379718298515272,69.74762340525703,33.44936981485628,56.44436098586837,-29.27462661695823,-1
-18.68189252810555,97.19831443413187,-87.3361506055358,-63.99002000664291,11.760166870799253,-48.256879562332244,-40.671741614920734,-59.458088339195236,-4.195788689405873,-82.19166679093576,69.13062806321648,8.163496159231727,-89.31961575665726,37.081135912389726,-16.4054783057817,9.354437958612976,-60.181216976064576,-18.474404674969108,-24.576827910074144,21.886130933046672,69.32942992855911,-67.06858449400816,-29.415039910167522,71.53625737510788,-93.78213644459382,-96.17527758903346,23.752629346884063,-40.607046443147546,-20.577034885397865,-84.39667762635958,8.406764170752098,-2.8621365462126107,-5.111029130141787,40.54627896456353,-7.603161448477962,99.34075117712476,92.22745337014436,38.30779267295961,57.17706386574028,25.056068561438778,-36.05032588303199,94.7457510965767,-80.85398134416872,99.85886541229249,51.756635028844244,-43.449220456438134,-75.9725410734476,-91.9246491496614,45.626213720370515,-62.89866017613919,1
38.4553129035705,3.6730926670641253,28.298073812857552,-5.467054127031062,89.417664950539,-97.06415298645294,24.246398095157957,61.50174669643056,8.73881349327199,-15.654640862536937,-36.626015071953844,46.430210456311585,25.73824622902046,-61.33628112092882,-71.57893193953373,-74.66762414350055,-86.09905908037783,-6.510820267019341,0.7349149311167054,-8.35636860070592,47.22631465567176,23.086249406495554,69.61352595459027,88.49139498013872,30.910472124660487,-92.97867020223774,33.79319641072931,-66.9751067114841,50.149744363878796,-12.339972086564032,-60.3693808090817,74.6505241405157,72.1231752315282,-60.19376479918896,44.63576816774352,-40.82484835472111,94.09072653110456,-53.3382340418713,-86.04014431050294,49.87467066162671,54.448477392215864,-26.70090084147529,-42.411515553271805,-1.4163029094927708,-40.586698503177864,23.216571550862724,-3.8522111322985637,-72.93487064564816,15.786450621685503,-53.752716842378504,1
-93.46818784310082,70.7259857055914,2.42077109275985,90.78049222585,-84.03221372991996,27.828131195884282,-93.21203405531595,-17.143585055318766,45.066829454817935,49.65767315237372,12.146728314023676,79.85298698459246,11.911400784189311,17.354200529078952,64.6570872450203,-29.638957570570895,-90.44626311260873,66.84467504308691,85.43306208085599,7.866103779971411,37.49351494268686,90.13555293971189,63.026056910991315,53.655359457837534,-70.57564663144926,12.789852818252243,63.70161633095191,-57.04116104057677,8.358072003834963,-92.71509910495226,-0.2556654787214683,-37.013069960395995,92.03644457432543,59.03072744504831,-34.36396346213644,-65.30171898917297,72.31118418490954,-44.765769263745405,6.637378355134672,11.70054348729704,-14.991312756970316,-55.504596015918665,-0.2591472615853121,-66.61857894499249,42.25995187037023,38.6839500480113,-53.073767315309105,82.67705501846828,95.89138105196443,-47.345974718184976,1
-6.738048771965978,17.559081013274437,11.503652933455058,71.33964462551376,80.3290846510177,-81.6891545471236,-93.92124123342896,67.12918755157403,16.56818839881666,-34.209985844635995,-8.491490053894111,59.18258861468834,44.26443845176797,-8.011670496593283,-98.74431949070883,76.5573817972168,93.65978824995574,-57.14444309575259,47.67655520617916,-35.367198357752685,-24.1585521877971,-83.8654066234026,-24.74497603550448,-68.52445529454732,93.8582461876286,76.02755480573458,-32.71576318882079,-34.318715531807854,59.61506271857115,34.799538360120465,55.471102719392746,88.68612306445743,12.862239546236282,45.95937329863321,77.2705351137376,-87.2807841685086,-44.9187860975873,1.9064005254014944,3.228318152442043,71.01377788683521,-38.728096794039416,-83.72014445712648,-18.364428963013864,80.72545844514335,42.64262381204705,-73.6385638102465,-86.63670853282599,77.68928284834229,47.606507533003054,-29.23322184579355,1
-39.41381887191415,-17.807878392819347,1.292223753415982,76.4108808557537,44.715642328229876,-73.37118817331913,-81.29534073460054,8.205804174919024,-98.92320247761621,-44.921910049829286,-17.381073994451498,54.42966490499364,-47.95706195556828,53.202909466000534,-61.4980110129167,34.32173460665692,50.78242840539596,44.901260277793824,-69.18585733718834,-5.240645993967689,-45.584892827034686,50.63336502337273,54.598227962690146,-37.43489218870104,-11.6733457347286,18.35670042554301,66.97197186581164,-44.215408781134215,43.52395621010163,38.14396253318131,73.58922799640854,30.658226531895224,11.813023691836875,43.57053780554156,52.26725048929666,-55.4785501027756,-97.72362621966144,-54.721528537172205,51.00995621402501,-26.066965504388833,85.62507192631799,-91.29891626298104,-18.040438435084653,41.32106250197148,-28.122467115588904,95.56411417582532,-95.75746667621259,98.74943188860883,-34.04883188044083,28.825396214122293,1
-3.5735802160316297,-34.19885406755343,-85.17616512280838,65.76445142107636,33.8580476306372,84.7955362731881,-18.365522253792662,26.0096973838899,60.207946046294865,-37.1140268520648,-58.89744076405676,-72.71457163565603,-86.45473429217184,-45.764841296917844,-39.7099490443314,56.522440718486564,28.896113822559528,-76.86696562613005,-14.471711841415114,-23.384120412904053,20.150394031577108,-58.35519126164088,53.054091120335244,59.419836197839174,70.02556760702606,79.49876941862547,-38.95023141909382,-55.090323337597226,-44.084078277083364,99.65291152804187,47.066758060799486,34.106871336990764,-96.84573126128456,93.93182256541562,-67.40736962003915,93.11363108656764,76.1094216990804,90.15277919499874,-19.62587412616554,-12.015951004110718,-68.83896906250364,31.37259438923121,-69.27196279912985,-8.240459579189746,-44.02875181103481,-98.17950602571806,68.09426229592648,6.9157902309959525,76.98401258940942,-59.27707418151505,-1
14.057387746278096,60.86406521943451,-17.62034047801268,99.32018241098211,-27.675937197312578,35.770888766812504,34.86421988632168,-90.99597010857916,71.53793336144852,18.241525971044254,21.030912075066,15.358988705124062,-47.44852538777644,-38.81569548444883,77.28715873248751,22.787970677607518,-58.93039994724105,6.687874779740085,-80.78885671461771,-10.338731682955142,18.662370776861636,-73.13645356651901,58.516274311498336,-57.155304492918106,-1.8883259450231549,54.0258779695948,-42.6432420442374,72.90894129557952,46.42143967698652,56.59851589677635,70.98969475036952,78.77360926855894,75.72860830988358,-3.5876792053720123,52.983691163268986,-15.578090355672728,-17.019162374610247,-74.75180010478302,74.57697225449843,53.080882087158244,-43.25190162915169,-23.03432990944738,-56.76825106468504,-95.27462422115345,-52.58057628773505,13.471877910079428,42.31943205038925,-55.19798668329072,23.49692466158902,74.4324310278536,1
-42.47345419126436,-10.365830595736298,27.460965285664884,98.15243110787591,5.331965222283188,33.90314152040244,83.20630705706807,-25.062395854621073,15.112808312785049,81.31796821367763,-28.32425406604078,-31.346128567172556,-87.22914842847361,7.813479375729585,-10.825221945680369,79.13981909396037,-2.7314041439255874,32.38489158104031,-89.51756012299062,-59.16771511287695,-29.69961795241143,56.969812990704156,-44.97320564309195,30.152429670607063,-55.849258353854566,35.200778970886006,55.54437427756241,-26.961184334750527,81.92303118982912,25.449218678832537,-46.56513148429047,-68.00043585785818,26.431397351989844,-8.495733133486283,-52.71501824824516,29.58464333989386,-20.89882164168135,-85.85592041286196,-43.343203379353426,61.616299689681796,79.5390033647304,80.00859046369982,46.53221543471807,-77.78939698496845,-17.878723593928683,-82.15058074136718,64.73679599537451,-16.21057523252105,-4.123590612708526,23.994673110076832,-1
-81.22854303532876,70.67914670738833,33.57204444793609,-63.87125335506101,87.83184651102385,-93.56197003000635,-93.95882659778097,8.072974514785372,77.42532250232571,47.007263324838334,1.4763333198653896,-38.89842324730903,20.646387271931673,-35.09210354659393,63.62527708450841,24.571456985830253,-93.43029176566542,-89.45633018265802,-93.35705188823684,-82.3907868521149,-20.08070327577356,42.06666694591354,-71.91458176869692,-25.080133215331983,-22.76379971122043,-1.1861421436918818,-31.24035647151547,-51.47406047929957,-43.46864010257825,-12.075398520044175,-17.798831982793487,70.05236679544925,-5.135019879911667,-10.167154157480866,-82.22518252843219,-66.35284612235357,23.097627550013655,-39.876742145397934,-74.33427560629487,-5.72094347835197,-66.41442781084294,24.6542206441364,88.90176567962072,-24.47619014496871,-43.96527855009702,85.19662457355614,8.934013409238645,-85.12569245448465,-59.434277376031844,-55.739175732012946,1
-89.70424975000213,24.70106224946744,71.59038908046728,87.67300303805189,-1.2561591075789238,-69.26126874602102,4.69967685770844,-31.91188677134798,92.87400527035575,16.437644883388998,-21.858917314485367,-46.50953369276196,24.77059492200246,77.6211699359759,-25.196954217311514,-12.218665907008415,18.588166457795722,-90.36736480227074,-29.188861941801264,9.905214276350378,-82.74893315261455,-72.31002456138907,-84.14150628106078,-58.57443230988895,-93.50598115024678,-42.63399967216272,-77.2296245297529,85.34118017114346,-44.212541281838384,40.45621105870734,-38.10478612389583,17.5689036194878,52.61491486204639,-78.81939510255312,30.858312545882626,77.5999067076416,62.35234371363026,-88.15197820922509,-8.406853716065683,34.2856649951263,36.29758485044522,-97.21733559102961,35.85129777066277,58.17733361117129,-14.248958789222314,-57.48066812433728,-80.21574353431467,79.83160568606164,-60.63469184948964,-15.076387717820296,1
-44.76608843582011,24.95907974374505,79.10402407616522,-4.970563968623495,99.70502259791854,39.10624970236648,-25.387494753387045,-73.42949759199354,29.95118996664948,24.662713457277576,17.959376571599734,26.24725393859613,-40.69243551756357,54.41310991083952,5.134500372426459,-2.8151222273338163,24.924546280032985,-18.94460051330509,62.14238942618755,-22.241583455702127,-60.08413024485451,17.309073444597246,-73.6439098841719,-72.40312033087044,-11.298536909594574,59.776763009225476,16.96346735972189,94.78226427357941,-76.40786682328498,-50.47848568669426,-73.0996321084032,-29.59734909763918,8.909540518848786,77.00145342334838,66.1547066806626,-91.52421199071253,11.042666210961997,-14.785052093202552,94.93652132529397,-34.10324000862323,-70.60874182041626,-12.544655817580391,71.34293388859484,27.523175532185945,-92.31644226954367,10.10502890771751,-32.21357575595971,-7.144121950033892,-28.362654185372804,7.027577900356931,1
-88.45356815497655,18.085220621578273,-95.06726234039785,-36.172096893161346,-25.987587426004893,-33.94125248144999,82.55475358475405,96.89240098958987,78.99931779888763,90.50942161260141,80.20563960151821,78.80063190320365,96.42542201618423,-98.08225073862411,74.65172242064259,-60.16851265322132,-95.17795141267476,29.946563656366834,71.83183743414355,-10.07601786992791,54.61116466034841,53.97527796636393,51.58377295741255,51.55774022370787,-67.95260010516282,-43.93669183711233,-86.63391821106697,-48.30227319065234,-87.52672424571819,-71.51162268535589,-62.49567710030111,90.24325959720281,-1.5900287390973489,15.492445037119978,-13.84553872408631,-76.20916783324212,45.38824049855589,-77.11109998131683,67.58568006437656,64.39242728164388,-35.32888518165113,86.16928895824947,12.504542970849243,72.5915311424871,-81.36241660592758,15.704336371703448,-87.42307573653343,99.40785247255351,-95.53511661015239,95.42990557761615,1
27.485980299641312,78.66089875762455,99.58302688245755,-23.628474955633493,-91.97424218434884,-56.05790745698967,-37.05435192083699,85.76151507899638,37.66299945928725,-58.10379167811624,-59.71681516166667,82.62704222151044,91.4588143495115,56.50760058099311,97.7661063744138,-36.98053477818255,-14.74487337161581,36.751685073979644,-3.2494897390260746,14.702179482446454,-7.202141734485053,91.39184995256352,-91.9401601343595,9.262185687623159,-15.51268105142401,7.721824285844221,-62.70076768612252,47.12114262760679,89.77576630692369,99.13278043351238,82.93307811505534,94.13365214947359,41.237794277361814,-80.66508281542329,82.90507592369022,94.24936679250456,-64.2737047729959,-76.8655009551033,17.57689452094256,35.2294962058929,93.61148279558157,45.44341279810965,69.15169346472652,50.923236917195936,-65.66660177885895,-12.855661753400867,55.675913802979096,-88.74442488189894,-50.47057235323669,0.012360509373536388,1
41.88777292679495,-84.07097419304684,79.13384252757862,40.85265736406916,31.535486758526076,63.37920745439749,-90.62784884415926,89.0728598179671,0.08405864103690419,-7.0105170303818625,33.155413870036426,99.88381529063469,29.38842939767875,-76.65885547831546,-6.96674759680802,-47.95269617325897,46.882377738504715,1.9136655980090893,-92.1330897960589,-26.80272830349388,-42.244880084090084,-14.565121410614694,-73.34483026963359,-36.554324862281604,86.47867500046439,-5.874440683129251,-10.627015884177425,55.30700921947229,-71.58985340284158,13.597747311703529,75.0501041601186,47.19154954576004,-72.88975349079954,-13.665222445557006,16.508676614109348,13.739726080129785,44.25707129479605,37.61897749378764,-19.64109653119486,90.66408935797702,-0.21795069552668167,57.110202613798634,73.6441729166286,-19.49312997978319,66.24636137054455,66.06340940882595,31.891305675257115,61.870667797403,-41.50760057077556,-97.71468416044664,1
93.86436245683578,-38.468982528732695,99.10985294791382,22.532249430399816,43.35960586079048,26.445339154326604,82.83930720186018,49.20666288595777,-47.120488741105035,73.53312194017786,3.6920787544908507,57.29483114219761,-69.47016343973489,-12.907859815801785,-78.0726668918625,-29.387760408356797,-32.40179470660351,-47.00717374582102,8.928625826408208,-66.4329297001672,99.95508574747737,58.699010445090835,35.593400410591414,-7.923476684154096,94.65819559008904,-91.00123740169545,-85.86546414185483,-75.50114771218315,69.5008954050947,-70.16860531417748,66.75905541861374,-41.386052431912866,-83.30412385005812,-53.944271335415394,-42.325151841241215,-31.903234645155337,3.9590158956373642,-26.930516955012806,-11.748821383880866,69.02269361435759,-60.93289263647379,67.53688350397613,-12.32819592413938,93.42983728641781,-61.913383197935175,-11.74319946577016,-26.938999017057313,43.11524070378874,-54.94179101813159,-3.7031788388828204,1
33.64255971100326,-73.87312368852805,9.405629284889557,-13.467978461856632,38.6419555963617,37.15248835201123,62.20858836550252,-54.32299265462759,-6.364036746027864,73.76643660007522,73.31503851803808,-69.17660372888008,55.40210563075695,50.03847467785937,95.44630630676195,29.594552531033884,5.342657399031083,-25.241907834045918,85.35467587618629,51.957753458946286,-30.062043384394173,-38.452571285763845,-15.749918434860689,70.60330965772727,-94.6245712247886,-70.70770623156037,-41.66411148191427,-56.77305965658515,19.323283590945906,-79.10510410552835,89.26426049906712,83.91324540327784,-25.44807103751063,9.515578472271002,-28.22963812063317,-57.78024610744601,84.45532837505507,-37.28995204525507,51.112549114108646,-96.48241217712052,42.65011273224033,-98.89886276822773,-46.27777415798662,3.925965509724435,-81.81763332608148,46.059891012852376,9.164721013870533,99.71510705953418,72.401347289977,-50.03009363807776,-1
92.62302231783477,61.77170780671307,80.27737136213142,33.400306536172934,-30.700045796630462,-88.99445720552652,-85.31758128512152,-84.971610086428,-63.90101358321745,-60.43389899184424,-78.48245721402334,-57.66714051328001,46.923396185746014,-33.00659916528055,-43.986439960132095,30.74447870485443,-77.30280558323315,69.51129663181752,68.37130361005717,90.67769488591759,-14.007969144295586,9.968460324374576,97.84745342650282,-65.39936197269418,-22.03392699025663,48.79548706380342,-14.233186432106365,18.64158517851493,29.76527829569642,44.71486748136084,-45.431691718419806,60.02545787632937,46.083250649929795,35.18022460349283,87.83622212527354,-53.066135248531495,74.55291755060964,-22.796530962820484,-44.27491844598832,-99.18133561077997,-47.960602349105976,-46.70226742344956,95.07522459365586,35.85098340388578,27.57800701852588,-28.39528061795565,40.989763873672445,31.465468452040653,-41.768936749243025,-84.91387280427762,1
44.805837754584246,-6.069148609675295,-67.88843784736596,-0.5177241017147622,-0.1632951089822967,-31.125036718931213,0.6169590947379362,93.21802500801556,-63.50027716047704,87.36294198618671,20.206222300586134,-19.648575116388557,-81.16882921594203,-35.443062572419294,-9.929278372483537,-95.56342080747085,-2.2821569445195706,2.2646932804282613,-52.095222040416274,-5.0210429674642825,36.12689639479822,98.0737531663107,8.927560301968214,33.76126130193572,56.924740766459195,-60.52926619492083,81.65332390447315,25.57922172945881,40.01418224809768,85.39251201519195,10.5696629925272,29.418641571898007,73.1525284381666,-72.80124174301967,-62.20830485971551,39.7419086925012,-17.770339690476746,20.160801227703857,-47.105251163877696,-1.4085876088148552,28.638488771875416,-53.46976946704667,79.13464908097416,-75.53040204690262,-5.734942531554481,-66.02292776467466,59.9249879664884,-49.58978121409392,2.4099202769565267,56.948250698076635,-1
63.77385410409431,-15.724611757229013,2.8414348954572546,97.70061398564124,-69.85378314481245,-0.3999520324509547,-23.469687541190737,-21.497726796886795,-47.18885225755112,-22.837347811794544,-66.51945773810274,-75.07910309326414,37.8725694497526,49.88520305800597,20.365251675923332,6.845760042241622,-81.41870446190276,42.113954116719526,6.339716097461107,19.511913316565526,42.97558635087327,9.017256192247785,-16.493051099554435,35.32209960754594,-81.11630833157213,-53.54067225539681,89.22914653617619,64.60324079071444,-0.22103340026768592,9.292189513493625,-99.70157398471618,-43.44936449308676,-38.03277973154764,-51.99082023784414,-63.37800806451077,-45.17251315987172,-81.00491707510417,13.529320890192452,-1.097542797433121,-73.60270304937092,-87.59219046199233,4.600263829459436,66.5159097370888,50.25762106786303,-34.646824337213005,54.28655413639109,5.877372740886955,88.17789350152304,38.10809185391665,-37.535139087039425,-1
-42.11209567610241,-36.74153025487512,-69.43883813634335,-33.93446212668914,-28.703768267889785,30.78084743390852,45.855966768220696,91.13958820008565,-47.77655113567849,24.468292658400358,9.078383241612357,-10.651769629241386,-78.8966348958467,26.663441749510895,48.94817174537408,73.5251508728062,39.402708897047745,-14.876336588490432,30.814106323809796,44.35430535919386,-22.547541073807366,-91.21959789021352,-13.243299171518913,-16.276517401289084,78.51280491309086,96.88011618543723,-38.629835812899096,21.797973248462327,-95.80383122067389,-21.848192887978456,49.797798252525524,7.360970850912096,50.21272456685378,25.61301415745598,-79.73082520207291,-38.65510745587599,51.729684765634886,-94.23458064120092,-96.00573029647221,-70.6405422132141,38.94498343122882,-47.11128306251926,-40.81536757425599,-47.180209658243186,9.819077255438444,-9.652910483512173,12.150317413664325,-12.11462311419291,88.20209390097043,-77.82672812701487,-1
-96.16154463538867,35.834339907598576,-98.8811688236261,68.49442571867158,-41.650966351766485,-9.82326071447713,-16.359011676976536,-60.321809702538665,92.15063338969924,97.80015748254209,-41.66022098045761,-78.95131773341886,-9.099004879277345,31.62188937084477,27.352203409618213,-59.170812030664635,-3.85989117629218,56.284634070760376,34.71540199908645,29.983793295384487,84.00581833000379,-33.48265288084042,42.13560262202515,-5.584613852128456,-93.87735023600703,68.51948456523328,95.87685276960647,68.05726642331388,42.027368108978635,-18.508069751128502,-43.78106720329635,73.52505451869604,0.9660120531665086,25.204613009540907,51.71165838350379,6.456201946553492,-14.353226212971151,-10.5028999275073,60.890943876838975,-67.01818733780318,1.1806431253879879,22.035266838601444,-37.86778642519675,35.02107492902073,52.241428556777464,-50.75655564046977,31.172654549187655,-8.74434390084376,-9.22161335985487,64.35341491100269,1
-14.211133313971146,35.46836921630327,-79.93378935758626,-28.31955226123668,-17.894177210656807,-85.16601024316759,-59.76060750658478,-82.24137851661814,53.18831727674558,-63.38605589416546,-87.51090914209934,-98.74993410311457,-9.223914773236075,44.63753131684882,72.70250918254251,33.116312558077965,-11.195987631710835,-75.86482226873699,43.56828322737232,30.707061673963267,-90.85586130340029,77.92310477858913,-55.52243869752507,86.80652696108501,42.40920344817215,98.28822240265606,-57.77336566587314,5.237544599396671,1.6853811593256438,-66.39641443706299,47.53527443542495,-66.51365251026311,53.99371756126379,-62.23532173641324,-2.127455184890991,26.472613457602947,-68.27422768998004,-7.3249832840992894,-77.39013457489028,-29.620312768742167,-38.10053265220821,39.21105756543483,75.31170920799573,56.21984032859825,-18.924031424824904,-64.59772066792937,-47.07044610897437,4.35950926615692,-49.25636436057837,-96.38356285429717,1
59.73115607132732,90.8895389705977,30.83366239838645,51.03371845906554,-95.87467359724712,63.488757287383294,-95.72736738060752,37.03262442818007,7.970112626069081,42.71945188499629,-69.6540724665911,-94.74523343967947,16.30089577500297,49.52060887116369,25.50548819001841,58.07109690829199,91.71593033349669,-40.11291838333588,-14.66317400123134,13.930225580461396,28.811866445980428,78.79354064502951,-99.46875356557163,-69.4871741401508,21.95321461781994,64.33086820801654,53.335442655429006,27.364692991637014,-48.27392062527005,72.13443313097977,29.43784065810965,26.683525367645558,-13.413500569912927,91.5346660089294,16.68987667241997,-14.438475891938495,8.95155972734456,-50.55969979368926,-58.431957058529704,-51.87697519969727,65.21065605147513,-46.360352207207335,78.39551958501772,-45.345554355721184,66.31543654969937,-53.013961689214575,21.275598131389458,-91.66345990008303,-64.30985689748474,-57.942231072894515,-1
-2.271361919066848,-81.91620444166784,80.33067734254104,99.03642412498775,-57.35302691089383,26.778277978480446,14.888196641279876,-54.42499698540531,77.99313688331324,-11.631888885584203,6.6840981806681015,76.16094500566854,40.69791317124796,81.50800581946086,-93.22042142872766,-90.34606422058218,67.22267298835553,-94.06699659044615,-24.51953362500244,16.203385018884035,51.074288413848706,64.33202346217396,82.554190313421,-69.20235681610735,10.977958678645905,96.61635197081299,38.01161273971269,-60.962355846085714,-81.93701904859078,50.523352105795254,89.01601755474059,-1.4627995199364818,30.535922120205782,46.43017175033131,-26.134362429622954,51.5829822029622,-73.4581536331682,-76.69741295261194,62.24705190363221,73.5231122218799,-94.21281636457135,-76.68629475282249,78.7341605406773,-72.25502648205486,-99.94980044134931,-27.394954499992807,25.978614591670592,97.9360466446889,2.641343893254586,14.73255155740776,1
-20.596991752561664,82.74549880129186,-45.20187990548199,-88.06566886350066,-30.57188058104481,87.61705190323079,14.466122761824266,-70.58209633404,-21.67873869508408,-77.39086218918341,4.9895100341789345,-15.582286964790981,14.435339002595725,62.244677838451764,-49.16377543084578,57.324384343071756,81.28346862104843,71.15285947410155,-96.61525198527994,44.52034176974368,22.507030294875065,62.778431842939256,45.64470085889539,80.54936644617626,54.25472557264732,54.85837576962888,25.677033534764135,88.37057524247695,-84.67047536492709,70.13505270083317,-60.84374581947281,14.767208369369584,-18.313442484135265,-76.24625049216154,79.23052060600068,42.35725528019094,-18.334847858475882,74.19505814521656,-65.95738565661364,81.85373607179577,-80.62898911622133,79.2970694359625,60.66094474382447,-21.458843616525385,-43.04253873951871,-28.84643263121363,7.5733030703374595,-22.207648971634384,-55.85763644173238,71.31536316128947,-1
5.408292782330321,86.69102104997043,-38.64544972943354,-48.93723976574582,-5.50299492572357,8.563472415635133,-25.437309764444024,-1.3726463108342415,-76.35385507783127,-67.36820816175975,63.72122542178542,-3.3809393257067484,-36.811080340754664,-80.08930777576148,17.17807467001336,-18.16215754003329,59.07646982299582,45.0671659366476,90.92210332464225,-67.60372584883069,22.855098746776605,-61.87336154877232,71.52467156952477,-45.562053149064184,-28.855315780905542,15.017505309871268,-13.073917806737498,-21.605944322284614,72.05834615385155,64.35888879347542,87.6239864528369,93.12163153798085,-93.86144004198522,32.14319715342191,81.38880110090079,-66.42228921660423,22.37928569086418,40.20819738631022,-67.05781373378039,-56.60303618140485,-30.459985631689875,-34.42893418189445,-81.24569241337485,82.05316948056804,47.91834056280166,-53.97030880196403,68.35374597517821,-60.10689719811828,7.963423072125607,73.50008569644075,1
2.9866699826518897,74.25539762423142,-14.619582535432556,-26.386058956540253,-15.575688589963647,19.583371680248902,-57.3087825332713,-29.259208380504404,-5.780719141887317,84.78172615148733,-84.18631990922812,-4.956868261560871,94.47127534161515,94.46672276241699,63.02243879686523,89.47689591788762,-63.3219883692786,76.52250748129615,24.384586562449257,24.7974336025935,49.76801163003361,-99.30625417332624,17.790947967671073,-29.209925981522588,6.814074527028538,-30.663042296519023,-56.796550525256876,-29.57684990373552,48.18896350810414,16.15625962431899,-64.43185373330245,-87.28549685593889,-88.69649738276195,-36.88758940088812,-75.614806850255,36.02243964630824,-40.28853398526242,17.02337406366503,18.29358594647306,55.32690559941983,91.9238657348657,-58.741904253926066,-96.96780115116717,-93.53832883273641,93.84008560457576,-79.7535319327391,-69.86922649706207,-47.92967558962291,28.541180259265957,-91.52418856418775,1
71.43585139975059,-94.36173191055556,51.78638972293629,45.30523872198458,-87.39478603369236,1.3298483357410191,-69.2708390023322,63.28095659854844,28.83878512556433,-98.18408161566481,-23.947093351922803,89.6351230165003,22.88324053980959,-94.91619669370397,6.0922709296173,-9.581784066655445,11.686609761079652,-27.502398672988832,66.73907337331386,-13.09194512896606,-85.92562870818747,-89.66945315941265,-23.17480758555513,42.335769255673114,78.43392744977561,14.184853740081735,-98.96389206691818,-62.93271367164755,75.44393650475794,-50.987817903049695,76.02820673772428,53.83855545686217,5.717233361531697,67.49405629837517,-25.682135952724863,-29.514409749168877,-37.949894564657185,77.2638548439611,53.38319517850505,59.156842949886425,-69.21513072763881,24.041527161271105,43.30842058945552,-36.89072866984573,18.835635599317158,-5.499856507629701,33.98344271901473,-39.272050348535295,-57.83100750012649,54.7455397190823,1
-31.453814914418558,-19.017837146031198,-30.11497746124239,94.15962985453439,18.722940876112148,74.95426651231926,-66.66903459928808,9.587303232346557,93.19474722550234,-30.237823275131277,54.66756860362156,12.36871239125783,-88.41206296095683,65.18501845409466,-40.68737644238869,-71.61757781485596,87.78413702439556,7.227412190401566,0.8353593672250099,-12.88433060157108,78.6143443816816,40.82819799749842,-12.40355688925871,-38.78772809462219,-62.4241879822282,-55.06739604902056,-9.712056439158218,-94.57572562075039,-89.4773958488007,-52.44456144134495,87.06417561796843,50.900582873516015,-75.22923056007934,67.60042624060932,-23.666912637218402,30.48185258977287,-27.65452387003849,-21.908941233452367,96.65087206347914,87.76869930958492,80.68017541019293,25.310147774357233,-9.500008752377198,89.09808484065184,-53.883678502522294,64.0161854891121,58.13854628468053,-74.79169372519159,84.65302315517184,-97.18074162033481,1
64.94864746940152,-19.54106438473626,82.97567612347407,-36.84292331202421,-31.942706580320618,-52.5837190137457,-28.651456461372945,-21.235766080480147,34.74050093537778,35.377426165093596,-98.50488270628605,33.03644314692576,92.1760898820227,-4.013426587266508,-69.52259687364868,-45.77954018579411,-31.0197624029269,-40.69955656648298,-83.69090344760212,-7.4712717384401515,29.193823366947413,55.587436749087345,53.757907636903525,42.594388053946886,-84.72047892267804,19.719579975337467,84.95738401712867,76.29613613531501,-1.745386193626942,64.63326467511331,87.13415578428788,62.515404257038796,-1.870561008131233,14.303179914605721,45.98634440105198,28.144913156675102,11.425052443892312,-8.490843950292344,-44.71141524816509,84.00310604401494,23.837106421820224,-84.2865529259099,-8.176070452140905,-86.18715198701292,24.354146871786668,-37.44213493308442,-56.70405067201272,93.94829829782768,89.21665332698919,62.39512560786895,1
-18.93492787060933,-51.618845481648435,-20.69215448710318,45.248517701474185,-1.0968898955563589,51.748178189837176,-22.24090437456441,16.412612735712813,44.299415314694755,51.027132137775425,-49.76121882928257,-28.205614430265854,30.657396015057316,-89.31016255880797,-20.322560282728546,41.21045898100007,29.614972736956418,19.30189154660316,65.41698655607854,19.380493963908634,-67.3570295700378,-26.1929976844863,-89.5568005801111,50.89463058139222,90.02268697872051,-43.80112992936509,36.19183803068097,-36.300777774597414,-64.75295062051067,-6.885039284696234,30.714477905414412,29.687786701075623,-16.651410238189214,41.502494715854056,48.96115493542888,86.01936007674868,87.02252927871666,69.60252690683518,54.05058341534141,81.60332413254966,98.42292044922715,-68.04358736100748,-91.07702096238563,-42.48823924634584,6.5843987786191605,38.16367736000231,-39.03900834421743,77.676725253201,-29.475030591062918,87.44284333653943,1
46.60002144452463,-17.717813647906894,60.59840357343057,14.347462232064444,-26.571368137585253,-78.14251240940669,-46.686788591563676,-58.50136263903085,-10.718560398796015,76.17100564545177,-37.23614980703927,-34.996721682269396,71.0678977129661,91.27221893525973,47.267354460598824,-15.309023222723866,-49.96484441951814,61.438812407660635,-40.80537665509476,-91.67600761912806,-26.287913131785842,-71.67116039080008,20.873901061442297,-29.444691721933623,91.38141272402663,21.350975699336104,-56.02991487316158,12.865219772559882,48.440158155517196,43.58345277260793,-90.42478831398574,-87.93138183008075,-58.61027100676055,34.25866922679103,56.08319110332371,-31.84504520529356,3.5189147924067328,-76.03985073517057,99.6546486725706,-86.76729206478359,-87.56524584216405,-46.9489574824868,-20.646837545573902,22.518062413642,-29.78817188475385,79.84718906439633,-7.42042794477176,60.68029321800671,95.65359151397789,32.32128151714389,1
-20.80590546750902,77.94979805907602,31.879815981074273,-92.83814111645385,-37.38640213748663,-7.172159525153262,-68.11116875850814,83.54193398384598,57.07065661047858,-47.753835895557614,10.491769826852178,-5.61400896856081,-1.270052926624345,91.43692788008437,-7.566301500081266,-33.06115645879714,33.327443151833336,24.456754990700432,43.49586350691985,27.13050081047001,-34.42831730774614,-75.49445796449534,-4.823471814847707,0.6244048022717976,-48.318271895020985,92.6104686309838,-36.54360446958076,38.209346527512594,-55.31585203085603,55.71485794921787,72.38711623824437,-44.226068992597625,58.41036898189407,74.10009012208997,3.5075018654878107,-9.606873974770508,39.1999091825067,86.24861416647514,-70.61750227389246,-37.84969133702374,-96.73623987631782,72.53199282869883,48.56543131688423,-48.8243160727371,5.440633208111052,-83.25011421566724,-87.2709579682867,30.259889363529027,-32.26238105925583,64.77244964260186,1
-53.11487999769706,-97.58601293987641,-66.28617112157744,3.103983182875325,94.75186144860274,-24.483774512929244,4.092650169952066,-72.27375446758879,-42.45605104503183,-2.750190200150058,-69.52665455205316,23.83392880231432,22.763213181522232,-10.628450941317297,21.500070064217724,-8.171241441591832,29.917214416682754,-0.4167749235333389,-54.567732020676196,-51.89216136781967,-97.69937066657299,-49.450293068313655,-34.443672618794466,-66.60012615907164,36.098124847729366,-15.215309500500183,-89.72678314249099,0.5785098905252539,-69.16642221996852,17.48806819752747,-27.248903166574905,-61.47033303466103,7.100803870653664,-6.017349520032582,27.996059387052668,34.81983282534884,15.339295132017128,14.301347020190008,18.193965073619253,-54.04742245270819,41.22977271255613,32.3839833350726,8.20147193130849,-46.163086409250596,95.1361018395958,12.567833745710615,12.941921496168689,-5.540475605518651,64.53097499749069,28.498676222459864,-1
-58.80399282460766,66.03544859991749,-58.95321464393817,-51.29874785228105,12.600952796139424,36.03958017130614,-8.757849143478879,64.19187722730607,29.02284683603392,96.82885343893889,-75.55564102979136,-28.19836557027962,-65.3853831901084,83.14933567693348,21.211900094153947,33.60106920498822,58.49870004925333,27.54784384432112,83.76805275487632,-26.088145425565216,-87.98391681095924,-6.193499228970651,-38.92590700563056,27.656542784716606,68.77155360694653,-32.40943686716979,94.900449554158,-59.99537730363231,-80.74320714953458,-85.32415473773048,-16.66753932790303,91.89147325146658,35.27872375800928,41.97388527051572,-57.261356666120065,22.389300008935848,81.10824616386168,-81.28347468512325,-93.02682078172286,-83.07434214568352,-34.6388722093951,-39.19596669909522,-91.1088107008412,-51.88018352080262,80.24354868751692,-99.29933464959015,-12.275884320498903,-16.123701725664176,68.21046626034266,77.55855051978483,-1
4.902277914050927,-37.167587232605584,-63.6984076757009,63.869229744354215,-42.57114584637372,-2.5616449423113465,-23.54548099200484,49.15674903923767,78.13016882836735,-18.721185165739882,11.317377746128358,-13.831081175586093,1.9544637459460148,37.46212887577252,-88.48306838513973,-16.84311911065612,28.778422916857437,52.93232909319897,-58.20420528792711,-98.54594986143022,-25.138182772352735,75.68360502045911,-92.72677083008207,-2.007038765875066,15.257103848110901,30.991220875016865,54.226129087169426,-50.36803205099567,49.72431754081882,-64.9580778509546,-89.22528453719552,19.496874045126674,69.43807246599204,91.60048022421043,-73.09214550393214,31.27609536553547,-10.24597200861919,-56.184269390793574,9.26578713260156,9.662739594796534,-38.583143383446085,3.414470286612371,31.373947544507416,71.79977404298924,-63.65497648865186,-38.314457802047876,75.13387825772321,74.08809065675536,-57.23790704908236,-85.10730159302473,1
-94.9298513169085,85.38151242917283,90.68716495156704,-67.54383513719526,-44.212938272462466,41.16537905642201,-86.07843325536814,-33.007860538957175,8.301477268088647,-82.34056606666094,61.23483208830106,21.867460610504793,-17.112071762798124,-89.33184584720071,7.5525364892217794,-66.72564038372812,-95.73802049987667,-62.79109814334931,9.650904368889385,-70.51611012741456,84.78073542345342,8.244076991177778,-85.1861503642007,55.72733051278797,-67.49275504200008,-60.202649273309675,-90.01465654880727,33.92102076019998,10.547104698930056,19.333558065149006,-92.04552314184365,-37.374523969934415,7.272524235577919,-6.185895307772668,-3.549339436655032,-35.661910456216276,-16.498255682385206,16.68478160797315,61.93565380111809,-36.306656845743966,-44.47753988957799,-15.936793693037245,-63.679201278174304,81.88359042231903,85.17006576256435,-1.476725174513092,-23.384076418150812,72.20315135005328,-64.31835053449115,57.52041992594019,1
-97.123710785583,-70.02744022268968,50.93650417362824,92.55730176561403,12.315147325206866,16.018387497923683,4.929218098275356,92.86652017782652,-46.21419479843889,-20.535193931442492,34.10288142389396,46.95058868395304,99.09494552949832,-29.87937084169556,-96.54631822445967,45.96322727155032,52.7810735326791,-60.9509464507483,-15.536793586995714,15.874226785806655,-10.126578009795836,97.59844970459207,9.901118327208863,-42.226715909262765,47.507815004065804,68.94809813760824,-50.83431294992609,-88.76177775846061,-43.64863989223995,56.87685653852401,69.19975450680789,-50.76590242947832,34.93378338600746,25.64280821540504,-45.71638416568915,55.132038254112956,4.2004019003331905,-49.323960903015916,8.59705287086146,32.172554385041735,-74.5554565278978,-2.3222618044852084,-45.7667669269557,-52.7768637198893,42.34981446839015,-53.62672805255211,-24.570308366146577,0.1912444269869411,-2.860113351936917,-0.45954771991338816,1
0.055707041552068404,5.554441813775398,20.545960101520365,-23.256930099934664,-50.203346753697154,24.78884335919207,63.43929074327593,45.97730130171786,2.5425159328380005,-17.084698854531638,-11.960335834095702,42.44342086088892,-25.000877607633655,-57.67845553589841,-35.973868127975535,66.51644455955608,-43.475502154431254,25.49305560339276,-81.78255688550414,72.9265791593935,4.682428085662266,54.59481580250636,79.32641951620383,32.37968426779375,23.34843498021175,-82.63533977400476,10.00730456140262,-3.224050369943015,98.07889279419021,12.776061578900936,70.17595512513023,54.78253963451655,69.76711297307853,-77.70006568535312,-85.54557408511852,-47.92230536032165,-43.73447763574276,5.14584497107829,82.59751127951895,93.72865393425599,51.17350743134975,23.11138343471397,-43.92987124334984,-30.204956236876555,81.76679590688715,-5.925171902662328,-5.734943578172988,-71.75148448846704,-4.016946277318851,-11.54498226482616,-1
72.2739992726872,81.6820214537139,76.14971541483789,39.764116248856396,22.584970104547807,-16.57277143792419,-56.6735597948969,-21.606652665781596,-75.41847839744091,19.146452486447416,44.925230431594514,26.890816037220873,33.4457885595487,-34.98350687058671,32.1415514557234,88.59591442666161,-65.42317236029612,-82.49554537636394,94.04126029123174,-88.59068762356286,-85.31658247912843,-88.55449727791485,-33.56670425841082,7.303002611858872,-76.0527055880631,-72.51173954663706,32.60604908103252,67.20465730723328,97.00642704191878,-15.80649797323521,-44.575697627942155,42.48899241880457,22.838367731011488,66.88904405792101,55.62487456038588,-9.835566099339104,-35.96571231655814,-94.10277223369665,-69.17113457936887,-1.5335201012681097,42.352270417476035,4.122410150279848,-50.883129341193325,-46.48242186594729,76.94584645855164,79.23521019628191,60.68944165015756,74.15517724919707,2.181406296817954,35.270696268553934,1
75.1809849999789,-82.15868823660723,47.96432687311929,-14.68619905769279,-10.774398116162715,24.12053551879825,-76.0331634422729,54.470084222648666,20.540215027759444,47.81102216229468,65.73752305130904,65.60302146808775,-91.591167627242,7.799099950992613,5.752867609133801,-15.985117627035379,-70.22161411994792,-71.57819330968363,-10.90457406111976,-24.833642170028398,14.843656967024742,-1.5603764867660601,14.476118146905833,-4.8142157435624,37.433077293899146,60.55992181015921,24.51570154977381,35.059969525644476,-98.12869526242405,88.61148501636873,-94.16399944782947,-12.686657899308429,-34.58784522304599,9.605499113139174,61.69662695344476,26.547980818265174,-25.309187361442497,11.511715030113095,4.27085069260373,-71.72238688113495,-28.38549814973821,-94.06662852244582,80.68490732504759,-24.53505459340353,22.028895786250885,42.93126423361511,92.42794137424934,79.75101225097049,0.02093167032037968,-82.7108203552584,1
-61.59532617273109,-55.02063885391855,-68.28039883239154,41.87558606197783,5.383873460886491,2.4335768335203483,-11.943257272003535,33.61205813979245,-46.02965193086308,-94.48871702683692,-19.219377243251557,-6.277337971081479,-19.79375962680561,-99.23240129540478,92.24621348396767,-64.03840682190184,-83.19204171729308,9.504600839548829,-94.6785637828943,55.537375015994485,-27.98969412679469,44.2654101168865,-20.479095201513104,-77.21347705897543,78.81877916692238,-97.76755400794104,-61.06671330137032,86.10364355262331,-97.15798157599404,58.562409948309806,31.675334148989606,26.02223522229356,17.9214608344696,58.23974618774014,-30.393559859706286,-53.23683004366402,42.01349221043378,-40.51734918450249,88.5279647833861,30.13487654456415,62.417983129396305,24.80844059942342,-5.762169466331542,-8.370714714068782,7.4363993690448495,-83.23105975843394,84.04350397701054,-27.470163646014427,-88.12920452331205,7.92330680012094,-1
-22.103621019515927,79.34930998154891,90.97794200185157,-3.682188978424449,80.03095028953109,-33.013689408074455,-42.66833624149218,12.897147257628873,-37.596699389903954,-82.10252974808634,-32.43949294095643,-60.630606776163006,-18.96963197909895,-89.90719371078275,44.30617233294299,21.804556383131725,70.368151968055,-66.86739984464849,-13.361751110371614,61.98002623575431,77.82470690936901,62.79168555586574,-53.650896847490934,65.76917750409234,99.26967831105131,49.129596531037805,-38.34303047322085,6.181637640545176,48.9954466364114,95.74670941770046,50.58290385107293,-85.18303518147383,-26.654085127625876,8.04934742440848,-55.49371085899868,90.57533106475088,-72.08618579363156,-55.427136075122085,-15.184572458809996,-85.43979048877783,-91.38849265848114,45.33700164054321,86.00879599823077,81.24733160325229,-27.74703340378521,-18.78781288435802,-8.045844755367625,-13.868671083873593,-59.555078089134696,-68.96425868648717,1
-2.4857612653231342,-58.35363827835711,95.84965574039705,43.03294690768752,59.95723829202123,36.64581022363248,82.58644745948632,-24.15828771924818,-32.85456010783328,2.981058900550096,-90.47946634767483,38.64899836671546,75.88214164841287,-41.62319609579696,-45.90183960519019,91.81497676454589,87.49107947856524,73.37534275338535,94.4319951455457,11.034123407979223,-19.32622777008568,31.515579238737303,-8.49493732693405,-98.4825154192593,76.47814327130493,20.567033379129967,66.33028946456875,62.167894776119766,82.24888783594469,4.765892055352467,61.07419340199388,-81.2035574416462,77.28459476649391,3.1537371403590413,-99.9765296804533,-67.37372952982024,-91.39490317886458,-85.55990588682208,55.71786162450414,-62.512897798801895,50.04979715762383,-63.928841593951404,-28.14937614450838,4.503518868076142,96.95433295828047,48.43266838127221,-71.89197439204658,-43.617380259957116,-49.48731223327578,-65.01034100817813,-1
88.88971653886068,65.24347515504402,-91.99607185219881,-9.395197279758733,42.74162045486486,-51.31381499803944,52.46198547332074,24.829524573966452,2.793063713917519,44.72892276916161,-27.367403941339802,60.812860628379724,-13.878078828074877,70.26562399866825,94.19525645308872,-29.22134607066755,-87.02024092927553,-95.73034988322465,50.3152779280918,70.50193329391035,-37.720149133217376,43.558248517035565,11.998602207477461,-36.17355075606263,-15.449028982556712,-5.134137397433648,5.557830800063954,-95.71316517300245,-5.758567266447187,-58.321861959907984,-93.32159490967366,30.580330315962954,-31.240495216569016,-18.536400171610268,75.78333134679849,-18.369913177933043,-75.30531957175137,99.7701563541714,-82.8626550225957,74.57606488078613,-22.67166869618265,-10.153298911444338,-34.19709786278433,-76.04649074575912,-83.5187503030696,-50.66275316646078,-21.49599825475373,-71.56046890713964,-35.94841858067224,-49.708213005486954,-1
-9.891172937981295,5.637852351271235,12.530823934261832,6.963632988628831,-96.44102199743496,0.0449561871091646,27.687944355965627,-91.72723983613858,-46.52314951280634,-36.870677451356215,-53.073157150934506,-85.49511049520355,29.022506423457827,23.772453162023282,1.7249665478529295,-96.56572624506406,96.31306708316541,-60.35237421616717,-31.477178276962903,22.084986062615684,41.679022898323865,-56.41660858400827,78.5350621974116,20.6037490402841,49.6087452759769,33.858158340770274,-48.42359156415801,-67.30984326671619,-19.942155997976883,-21.93102724982961,-90.00580551734873,-0.7392946245227989,-91.58596821255465,76.07468350366327,-25.22718837525251,75.30201709166849,-19.033505895784813,-62.89753547874219,16.56061379125488,65.92331392938442,-6.6854344671506425,13.675327673074733,-77.42734729094778,99.66850113319211,-97.57724496577156,-41.67101909978213,77.01573618597831,23.63576376046936,-42.0423834907224,-95.11523420605104,1
-59.19287307422023,-23.286521798541585,-0.15769929334665278,66.01307443915587,71.5534185732817,25.96883537590034,89.4593926785717,-82.32055061567445,27.32279594312172,-89.84745823729145,12.909197326756953,85.24248720537005,-68.77936003111434,-51.65212897020681,-25.51824925016375,14.145088114269,66.0332428149182,-27.144971512334564,98.65997525599641,74.6498213202893,50.16040800007687,-13.730599289909478,-2.8790144705611596,30.461715965814477,91.93503003781055,-71.88490329697817,89.74254983781464,1.8643738845257332,-15.328642688308733,-79.80684093094577,8.64802592962019,84.04486316251607,-44.0035927359193,83.94918297032038,-65.05681093421134,-30.44253735112703,13.293970985457833,77.97812926255608,53.47593852442043,-94.74559750685026,-68.92278634653547,-63.55950353141677,7.8034043359760545,-41.69606095173497,-98.41140881813892,-71.96527130666503,-5.425612612541201,12.57112125592512,87.12955073263447,-61.76420097305433,-1
31.87078444115653,45.84804981951359,33.307691059537774,-1.1371503899880793,45.88399865085137,12.703203841391968,8.742052672206626,-84.69869205609184,13.991422643417934,-38.969924464255136,-10.42725925388153,-13.167455887284802,9.367736614530457,29.268709459570545,75.36916650906323,88.68335003389919,92.6392477023376,-97.79692224712406,17.25891672500002,55.683626343164235,-24.1425577157312,51.435293999038066,16.676474508884013,-5.324940256600968,11.43910249790072,-51.13381828794079,95.61625447377003,85.5099738224358,-30.86511650229204,-91.69986671913682,11.071484675542152,-87.43248171811973,35.53937560643817,-79.68603006736234,30.35621163026275,28.42766487047328,99.53303761640214,-74.95771203003825,55.7635830259417,-58.73627916344111,-58.234249680654735,-17.51284875549392,16.370036371978472,59.6615506013469,-97.04751492344921,46.81708148109993,52.31408383591801,14.784850493841077,47.48298835889781,-1.2427991849965707,-1
-30.931609551022433,-37.0133545082135,-94.47404883831697,-98.18116393951615,92.36663325826393,-14.883127971729863,44.569901325127006,-79.05795597922611,46.49260635027193,-16.808903663331364,-66.19935655260814,-20.604804895940745,-14.756907092734139,-34.04317157097489,-77.34567260726627,-83.65337600200897,-56.581803585333176,82.33456768971934,-26.308725838561003,53.39314775356718,54.98440264827471,57.189919945735795,10.014909800310036,73.37567770696239,-39.52846903250957,52.32836493117753,2.6763601468113905,95.32858682628438,31.783656807640057,-16.642152161137872,-71.09613603218294,71.2518649839777,-25.01146925098692,-34.47435282645938,50.15024506212413,28.309257972667183,79.86020766481127,-67.27555060105539,-25.88440319728808,-72.12169840776886,-48.40749300402531,-22.036920540411955,40.832904652474866,64.98639177004137,36.0819942217085,-10.613924196482401,93.13847672798238,-4.96474364371619,54.071930200736006,-8.008308192391468,-1
37.726325861575106,39.20628139782275,72.45434587058784,28.54670905406087,74.63681840012646,68.90928385494149,-89.08608443304922,-17.11743384226945,14.978506196338785,77.58576083197113,-91.38342625094411,3.924326866144682,2.458252285609234,-39.6373341699035,47.25221520213091,-5.0572404153540305,-88.16263731110546,-20.588160843239507,-89.4926038103995,95.23199028200452,1.3853082664516734,6.028725647209015,-88.4625999409715,-14.825721617044337,-97.12115371552427,86.89820006322876,-97.60892682513722,-64.94590513506225,71.4715854616318,-9.05051676812873,-58.54815708001264,20.014746319683297,-44.15320504213764,80.96824055157904,-99.66524316561191,-90.85073708948978,92.29796643089443,97.02335380650462,-6.882226880291682,37.710206750308885,-74.6580264717376,82.40069856820503,-77.43434858796783,3.31395038462243,36.58332826026819,-84.09846115386267,22.149665064093952,45.25526082430548,5.734537884353742,-20.50816278451731,1
45.191135774047865,47.7092106793927,43.48689017565073,63.621956948833514,6.724917545323521,-95.15553231637259,4.3055677108742,23.410249557550273,-70.94655041457443,-22.166205028558238,-93.22517002336268,-5.743043782827016,-27.51796495822944,42.53610220046835,0.39442763725570273,49.54897646851393,8.492549014249832,85.39678749206166,59.231006613603824,-19.888709304938445,84.79084234087122,96.37353139056646,10.85604256634194,32.917556590401375,-67.26573341642094,49.10346091677792,-15.054848567239603,39.372358826116795,-76.61170223577001,-27.166609398837082,16.01656206045689,84.89107222500243,-67.90310959106196,81.35727448449853,-5.150319595590247,51.17738190015467,12.288015608922606,10.778269782945998,9.307273425745308,22.66839250485387,-64.11895157892366,92.70784422768222,52.12180907580591,-4.144809321993307,62.263318382209945,35.65170103101488,90.57810628959356,26.239369105663755,-59.349461546264415,66.41878530183473,1
-77.18084302241333,-47.006587688911395,-52.34751733201399,-78.95630517163514,4.357882248893176,-11.464425091171691,-46.84074772795632,27.732815431935776,-61.81974066406512,-48.59025372004109,-55.7301060748163,-80.81814323141454,51.97506680799279,-11.95601093494794,61.783857586792266,-69.62197903072985,-20.585395444075843,93.20591256880627,59.72072431798895,-3.4590342510209666,76.89577091792245,-33.587651246655284,-35.45148069550825,81.08148962904644,-8.83028814956812,58.19084587992043,63.77265675460961,-67.50428644814161,91.49525301885811,-93.23700880481907,-86.14742345682889,-82.22920445277704,-51.55032348125053,16.684824687442898,-0.8167146286912015,69.13584687540387,19.158305863813368,46.122342529560626,95.4173965396366,77.70032239644499,45.92835066926057,-37.315898348478946,-86.2501721310347,65.75749560883568,-83.1616118229615,-0.9029777137573518,-39.607077080558504,-70.47447047815965,76.5351062478197,34.454596333957966,1
86.77500350558097,1.023111148801263,6.049505273248542,-31.003430860824338,8.562179129621867,60.22774165975298,-82.70873698095525,-11.999574424849754,-89.14872690368472,92.40319539735876,-14.770304080020466,74.15320552228229,-10.304700301606019,92.20840585652095,46.55083913411184,-60.10755329633457,-43.5073790311483,-85.5433985892874,74.08117873353865,48.90123831110827,97.12658309970473,-67.68749552525307,99.12910453432931,98.54093063649952,92.05801338862943,-92.17769230822842,-14.06212067368277,-36.229164935663924,-83.47001120851661,-85.31019436384379,59.77132335685559,40.400947602988765,46.3615233073447,72.37633285559568,83.3803814792432,-50.968455751786365,-63.01616869725039,-46.159323412521026,61.85003480631249,41.780887581809054,71.3779450681536,17.910419709065366,24.43864939895623,27.128853731003687,-30.668590027967497,-20.273045143886122,87.89265989609203,32.417347954975924,75.9305862319396,56.516523819129475,1
-43.50425120459467,-60.373851635284595,91.96868534770371,-66.71611241367945,-66.20859177973628,64.05591213417989,-6.853627797084357,-83.29006456182906,-14.109601514202595,-42.68815642765959,-4.345415168892131,75.31076426285887,-69.86855478583492,10.089046139101171,-69.79260725119987,17.558148852450486,75.81311543990574,-94.59392974416924,56.21851300412635,-25.664973546904918,-1.1571480373013827,34.47688095828266,-55.62049834435898,60.8541295925464,28.232246218475098,81.90723311905333,-4.976214898034655,54.41009037595185,84.23707621715636,-88.25888016307186,40.39750599502469,-40.11331994800496,47.67945694782091,-28.15762058363083,-25.949891639555545,17.13591391501788,-34.25485788150584,15.430059144328041,37.15353477978684,-74.77610573851703,16.00975092218009,38.53195983768177,-40.149236402676,2.57411418845615,28.666895931996606,-60.881008302942476,80.72927969400394,51.80127916988212,49.01906869529523,16.135080505613203,1
36.30054444478586,81.39710368764875,-76.76384499762182,9.936851170647245,80.10309849262734,-32.88275796236324,-11.493044374105835,-52.30917674691009,56.661397596190255,-45.88385745493086,29.672293399612556,83.39981573876818,82.91789698440809,45.23131035115199,7.223305732084555,48.73388282116525,-33.84890373363676,-60.329892324835676,-82.65454127761575,-47.906819589002694,29.45737129419959,-83.3114043316074,29.77559235351316,-18.797547974397673,-25.620654237925876,10.944885069793187,67.43878884863702,-6.099122232454462,-6.864243414458173,-40.06975281126597,17.68255931736617,-6.71475426631973,-9.243619564951473,54.41707113865684,88.22749375520681,-61.347925952954,73.33932639969319,14.68817011194696,14.903571154643473,53.73575667085916,6.165888364187438,-88.9090591051177,-22.043783839685545,-52.2005802518023,97.29295588830033,-50.151634546099366,76.29399903447339,91.19922508720725,12.22214623060384,2.209458091858181,1
88.61516754894151,81.88873280732622,96.4080175181964,26.68640625639202,54.97205373933036,46.94769515301738,2.9327077483960267,-94.51417961080854,88.5200546717364,-94.58242194057402,13.354880994065653,-82.34436731991437,-19.464364812566103,23.937591175532518,-2.6615452450805748,16.94649193206787,-75.13307699943144,-18.00396747801358,-90.2538968095008,88.70667760257956,72.38383193367466,94.80353866857806,-84.61041903453948,-60.10504392886722,6.606452987961319,-13.528260837049118,53.92219620922981,-27.692793181042745,69.52091637963883,31.176631782931253,-17.81512633254738,-57.993600675788755,23.1656209171327,-21.27477917369076,-0.22426075205805773,-69.90436233679331,-39.238790478552076,97.11476594589362,-83.43773527823919,-87.92277945999257,-76.9607143739299,-65.34096193862817,-9.095371067022896,60.503416371897714,71.12790290957076,68.16755701070093,66.66601816565023,-52.365805738660676,92.71545492829236,-32.34800735960374,-1
41.41729545333962,32.7583247882888,-50.25856880670643,23.415306001245256,9.521597216935348,-55.305934864884335,97.6561636751058,-38.99465122242924,-90.64705005264646,40.03417783413926,26.300915528638185,87.47637827358764,63.82229296829206,61.56271965692096,39.38795103699849,-67.97295681836033,85.88207934738159,-60.49727812362961,-54.97202946409865,-20.757871822496938,6.13672153388913,35.411376342360256,-1.112726153431339,-7.2882276493195945,71.55991584844924,-76.51823929794247,60.55783030169289,-12.011268107098914,43.52076523480508,-29.335700454135804,18.06206789375942,-72.84747149280544,77.48422214738494,61.486253817877014,67.14224801047635,53.96546599836822,-71.80275163433292,-61.3399926208626,61.88896508101021,4.536712844753993,-9.654359270932432,1.7903834302082373,-46.56648508196453,77.08240405428629,84.84579801405854,-91.40134053723156,18.574126758201388,-15.332427479412189,15.50531233695449,28.580343035924443,1
43.020032256739995,71.73441098589925,15.245882355586858,-11.594478313915246,-18.749146714434488,84.30074541845883,7.67143136015514,85.55307973773708,89.1754781414133,-27.780218073064162,-36.91411976383632,-2.5614583198711784,62.253151863221234,16.461621790657603,50.71054292365119,22.94593126237436,39.72174695420304,86.44409055194274,11.520241459504874,-17.913874940696275,71.90543152437306,-19.913183250467185,-5.889011412729388,-14.428718715977709,81.74425328794649,-80.02195256720853,-98.37785078166128,53.7683421971081,-79.2132918733069,-29.947714211253967,-43.347560756927294,-2.4574927335248304,95.64210412753232,-70.17699990273798,33.19709924769373,36.758283070888325,13.682605675921295,95.51374006786651,51.33232502449758,-64.8063247370687,48.75182252658473,-30.37147445494513,70.11112220073775,-44.93207364991987,84.17554542064397,61.108374508736176,-58.3987600876549,6.687585827520962,39.43573492485274,13.779126278736811,-1
-12.028872057233016,-11.759779557413523,-77.17704856264429,18.214141929541157,55.15115812404093,-22.36954238220548,-17.706786749829547,-49.876328332821565,43.98988735750896,-13.933999492971466,-57.317960091326704,-23.300812610286826,-57.770977253494,55.150924018858746,-95.86794651069546,-99.70951497545431,75.55609937849474,48.33931441286299,76.7023255410734,80.75930738994,-66.67856702981443,-13.050778396609374,10.956956174119497,-64.1448910955254,-32.06465296576002,-90.9540446821668,33.28992978985758,37.78216591264135,51.22561388313525,-99.79334276550784,-31.425161475824908,24.014846056024666,65.7313231631689,42.986452898042955,72.96902909323029,74.01044390885022,76.55652391555304,-46.91774652249079,-17.16997585948971,-20.292897546101813,-15.462662956721076,-50.80094207751182,83.2300358971261,23.198237072956985,-83.3796942766029,-70.03767372416041,-22.18970037463734,44.952817706436775,-58.02205683247288,-29.758603251751865,1
93.77557105713831,68.4387461746229,-34.58169879967228,-88.75808842675556,51.50987142877787,21.88995167605472,70.20251524349274,76.34130820037097,-83.85983572858092,26.449786887289278,-45.590004408931705,30.60730146537486,-8.505453859290398,-58.08012695661502,-66.18833677800673,50.935947212135545,-43.01579859486873,-57.701757240599875,71.3999272518949,2.5265740901894844,-52.254842997181704,10.86244057796118,17.930932193900787,45.89615414499798,59.370522180405516,-3.459555107493429,-52.258705967950014,-3.672942116932191,82.14919942025767,42.324530728205815,85.87282835760001,85.92193887231804,-34.28310061269096,-91.60187838668527,22.652976535259995,76.97276922277425,-11.596356960778692,68.81686552739518,40.02566575729364,-84.93820681877715,-97.62597140138216,74.38171579721308,-74.00969173805755,-36.944731183783944,0.7499699908807287,-88.99138447622421,-76.34661320184316,-73.09429877300433,27.462053531331293,55.11016653606964,1
53.303009906516934,-58.78524401256495,14.282278608846852,55.95221105582439,-70.91676998147702,-23.9782106395173,-91.93725852909034,65.99132434924465,47.926153798916744,-50.943028158085156,24.604661915205966,-75.7830450001681,56.21851134687134,-63.26353994872551,-98.32813685872762,50.0775131120233,-13.44340156220369,81.41218556989753,74.59389538553663,-38.01771357356063,39.527191162456745,-96.39659537373011,-38.01159686330953,-11.956108349939612,33.29996662048015,-87.71837136705321,-63.9931343076024,-80.06837969952292,-82.9068500473873,-33.90697350120284,-85.04872856558963,-89.27258808523709,-13.471937317392332,64.24537686471626,87.53232923275061,84.3786113008575,-39.122905812598255,14.62189007621349,1.5082136027760669,-15.264693250761496,7.002165935340756,-57.45164998843282,20.05182413415072,63.896778488782644,-26.73455050318671,-37.33586621728933,63.955444100596935,12.734295058981957,-86.4288718424394,-46.15820365830869,1
29.183448266320255,92.54651677222782,-10.77713857496245,-51.03765374317288,-50.2568636042275,-81.3475604182142,39.609208459866494,-99.35792207959464,33.461882877331334,10.092749690724645,52.74722831215263,93.36858205924449,-64.56620111229101,-52.81301282337474,-46.04969621382005,96.79072247876036,6.590710919257603,62.710537942869024,-29.57201529529388,-19.959872135480467,56.629892507567604,-72.36018916105762,74.4267597415901,-2.9236341697293398,42.87443402627201,-59.38600722378473,43.947812322838814,-99.67707751502861,-71.70722148285085,-50.82755866332636,-66.87091437551796,-82.72986020223058,-88.33141788249534,-32.05518217679213,83.58395094512468,-42.98149563135194,25.075691314877233,8.141925603351623,-92.40094278627615,40.6075786034956,1.1902797989140197,-38.91635556558963,42.24873754962539,-91.35306664631435,53.783943059542025,-88.95975693633089,94.63343605067601,74.09932201265659,88.84692005331206,79.55052876273172,-1
-8.335281082484912,-93.04016002632997,-71.28450731028096,48.373372017318474,-7.759505573572795,-23.445668891194188,64.77523501952084,-48.8634519075229,-81.2836161784926,84.31727844497664,-16.75166129279235,-86.95312258002679,-49.368884187136565,-11.993986137441297,-70.08882279636926,34.975625986811906,-97.89429911758118,-87.54873753471388,-25.55066683674272,-10.669245359378891,-86.32206710649282,-26.704064017164185,-21.897619462077245,84.44661510636337,12.160931078535441,0.2584375695201686,-72.92671396040365,51.021294655991824,-37.49578449250998,-39.831020296790975,-27.393720394129744,-60.35594750607227,6.971331927094113,15.10075086256262,65.36395219729599,-19.25377903398588,-97.21670993146118,90.58337653859911,-72.05415995315909,-41.47620025562016,-60.53344375186154,26.951900027148582,43.07650743884946,3.9231859577050443,82.56792503304686,29.221000402381435,-91.17793531263601,-55.617105457806495,-40.723662777442456,-36.1421882549181,-1
-62.779716430744536,-61.17424591080556,-71.63423426246503,58.217144305605984,-61.77871238130421,-95.63858749697864,47.52779520390476,-42.33868152479816,-19.097684243569233,86.44351279220837,-88.80592447272406,24.231851789836796,-27.584654981663476,-27.942771123881855,-79.68805800019261,-77.18512201408305,-9.746593541846906,-69.12252587193875,-2.3638364645740353,-56.95017941876736,-71.77248235271689,-75.59465523148955,80.86284384175812,99.49749748125376,56.69585992290857,-97.96345963513869,-75.29400451153265,-17.05090122882946,-14.36149303720218,68.46179955694586,99.93206318321,84.90712946213856,-20.130938912672207,-37.98001165378122,80.98147333858017,94.80220684610953,-64.98672139844106,-37.517643156700764,-75.41947411863234,97.55355536541518,-42.52357657777082,-86.03597649164814,41.63009572051632,65.09767038699604,4.239599369797816,-80.54154858469948,-85.89593473945585,29.8581176321091,-11.82954161370644,49.5242017986165,1
93.33096380873391,72.87325329119466,57.465167491479065,-47.83378399499825,-53.29762828134707,8.128649590470076,-42.1983911318097,67.05111884174806,28.82478402882043,-81.57531703424641,27.752914133681642,-83.33128837670141,-80.67420371632777,-27.264726941373922,0.02962044044573986,-22.462278523618323,42.76483578081752,15.704989054373428,-64.420127089499,93.96829617627333,79.30519462890936,-50.435190063084654,-88.52172778795367,-70.31864284288818,-96.98072830199327,-61.75448112496134,28.086605138362813,36.27618903434791,5.353104102294765,98.95563119829711,-6.860352100799076,27.97476307169336,-44.91838282168656,58.86184493068458,39.935042832044275,28.420690484547777,83.22150543278798,18.469495442756156,-43.09109273625828,-72.7735415198998,-26.28419185855651,2.6465647678050743,87.14375536280829,-82.1721964166853,52.97823709791197,45.558722503648596,-46.348620888010196,59.23051006719024,-72.73246501888697,-35.10807544134191,-1
-53.00531900080945,-57.79866165849479,2.297353841766707,-70.26013634049036,64.028813590374,-23.864702951706334,-88.38574085662789,24.042359940764072,10.800028698484624,-51.5658719325504,-11.05676795169785,-57.97033221215322,95.82012473509945,90.1291492393922,-2.946384784728977,62.72078738208981,77.46150842055013,-29.322672412343493,-72.36101452784698,75.01773032945039,-8.16509154366733,-53.01597017331534,-11.97560215386848,23.108068752885316,82.82976545669976,-91.35960051359102,-15.295163304345067,-91.0441110221071,50.52552708082413,26.232560135071225,-31.675376576823552,-56.66786714191645,78.81489459010541,-93.22297786817273,56.171513007328116,-38.66100545405882,90.05806256527896,50.500603714676004,15.574211182153164,69.49585954961037,-62.11356862233441,-81.233025740536,-42.195470198897425,-97.19586252667231,-3.1662434009361817,95.94884802390013,43.906275870823634,-56.452156105492705,29.82780442048505,77.6280659431358,-1
57.79703198415865,-19.442893190701,42.93748988699082,-4.008701307337461,-50.58667091515823,-22.44423609855373,3.3037373648906225,-14.732480001968014,-66.47090392738116,-79.98382101930599,-41.831643964388746,13.601906945900794,-99.52572060912183,85.53274186326055,-66.89198435505054,37.23023049199395,-60.101165816645484,-80.43379772981918,0.4690130738246552,-57.10619056352875,-67.5052945563026,78.61593756399444,-22.9018781783693,78.17647550959856,-45.84515582218807,27.033018817287143,46.020348931853505,22.24415946423271,-70.07057990426907,-99.99684585079314,-60.31837370179267,-66.40094694683853,-72.0950525796312,-18.692559253090508,99.7459413199301,14.066814227672737,-63.31449353599756,3.733009982917096,-31.225541258911278,-66.79180949896381,75.71194597279191,4.977441045267696,-95.57382964881221,65.7897267135067,-32.22534207426288,-73.03717134526133,36.469569477766186,-78.27197666262163,-39.03553950649934,-44.821516845963025,1
-51.86589704856939,43.04737069652663,-31.93651914036171,76.96593902913435,-19.581450117800642,-36.29719249194427,48.66620586312459,33.22449698240558,75.61184486004632,13.0331951178336,-6.8885565122487975,50.72987029886096,2.023655975528982,-41.7156182260551,-14.816276666659277,18.977639027199757,23.682161772567696,59.49035054118684,-36.48874797657344,5.659883650620557,-13.226563423763167,-95.93169622238457,-88.79841882407553,42.55843442154219,-60.5175657615223,-88.83342725923626,93.18140297328262,-20.1243305275504,-64.45573659514329,-69.7426730812536,29.37847810444532,50.803868684860674,-24.113936607610768,-38.04932653756774,4.582056720103594,-89.72154981537119,59.35799427185552,-49.28167068364282,82.70092287422958,-45.89837097803604,-42.62758548366148,4.978756806695145,-4.375930346894833,-85.12734304784229,24.1148392306022,94.98046974590747,55.25348946870233,-88.68026026100446,91.89600736397011,91.15650480184706,1
18.25508714898585,-75.92437009889323,77.94706695661134,42.59176311190521,-4.194608204853239,41.93646461146224,44.12540130520526,-46.73296512199035,-81.32120009011095,-25.002937412723327,-10.32869974248338,-27.317658581112767,-35.05044770303887,-57.4443301113339,94.84536737967412,-68.75806868482776,-57.89059446285207,-97.44813584396412,2.2664539257585545,-53.52680765472051,22.688372072873264,52.156779664670154,-57.64653167505402,93.24584818611433,-22.975642473726566,20.606653957484312,-42.5610718582778,-63.281540500986736,87.1051160757292,-45.81394878793263,-60.46103263990212,-5.303991803119729,-46.80470179718503,69.43840059852138,-3.3809968089580025,98.8273603935616,-91.60785751175375,59.51698698009943,-5.68068191779723,-31.260441129334453,80.67604629651092,67.3511450089839,69.47648954615994,79.26706938864189,-5.946468552786996,-97.6545590470518,-55.57614768900101,-32.4850748104855,-86.20330875532834,-86.44620928038272,1
-97.22757281742798,-70.87425229490971,4.975443601116481,22.09510227073575,-19.56591459151788,-57.07631275826166,38.190528642603425,69.86087945071515,-7.867476985772996,-98.94219892458358,60.015278059867285,59.4888520392754,45.00478812370784,-56.65636392524485,-93.82919893955182,-82.92420175425615,-79.20115659058686,-75.77116759257676,-82.85247169989624,-20.873139780378594,9.280947329672259,-40.487014384661975,-48.562707390982965,-87.96474316481576,83.0875072781102,-49.53370824047971,17.29425086151018,99.6031334671597,97.23469052180809,56.437957883733844,-79.63871593709833,49.67592738316523,-74.9368998440909,45.69413314174545,72.19917621497777,-29.988536936926266,68.2288055138751,-1.1787796983975056,-40.2946127681947,-86.37578367641396,-9.566736682957526,33.053036333221115,7.454340568894764,0.44812884450193735,-62.77977765230223,-61.49979544953275,7.224550741731477,-91.37575599852347,-67.20883115214373,66.04189488729966,1
62.74466874444548,-70.79661888157835,79.65594150875899,31.093140295285906,-67.8892114715651,-1.3577120856021736,75.51965882828938,-65.73161769545406,-57.51693983056869,45.85960803627262,14.113862150643499,-55.13516057687773,48.64957057239917,-23.178327981550012,-76.91244739340392,40.24722188369529,-33.49008066551262,-75.05480227258725,-91.51577879350761,63.41373409602747,60.24815991115466,27.307596625921775,39.299161479252405,60.89011007478362,84.36148843729555,-86.32415378900859,-88.8780598376931,61.37423267642731,44.29928823851762,45.2371313052511,49.86377958089449,0.3760297125413814,-71.1873823737644,94.34222676371454,99.06617477046785,-27.501457303795874,2.0549968525561866,-96.9491938422664,40.00463919939915,9.909707442597295,-45.899383522069485,86.778940907769,-71.49875286344196,91.26391497659765,-43.04346670035735,-53.67689539736698,52.74358071086834,-28.028989150696162,-35.61417239263969,27.24485869184852,1
-29.895893142767633,-59.77269148192455,26.757683909000434,30.915302834827713,-14.798984116731148,78.14080547718424,26.48701030499099,-4.323360472441706,-84.25608172492723,26.236732343338275,-40.958859723286835,-65.37897211785989,-8.282537559269628,79.83581898491244,-1.5757229317464834,51.492126260367684,-29.40981983609055,-60.84318958292787,-88.85009281058356,-61.16118199614129,34.60650987361953,52.0253615629955,-90.78057982581105,3.9551559950137545,5.9563942166454495,-45.45523644944025,-63.0026039480295,35.55843988219024,-42.27827091446037,35.17717709665612,41.69069450674044,-54.82464246098695,-16.40237389103403,-65.98165495879178,77.84975409932454,46.56764824636426,54.3406718131927,98.47916902814518,-18.93050326639323,-5.367975345038673,52.803208286966054,-23.323047985717608,51.58816728311683,-97.5561216547901,29.200992807286752,99.79657710394244,76.98980647974207,-50.983165753732315,0.725911518023679,13.17098837131185,-1
70.22733430337138,39.43325085807007,-91.90243513433911,-60.662713174627726,64.82988103997826,-35.277406449708764,35.508263204482176,-86.6153874953416,-47.499026155856974,58.742450074534105,-49.1608007705701,96.40548241123665,-4.9275109245368895,42.54502571039433,23.76628995174508,64.3207586714123,-49.07058907005031,14.711901031584262,96.75218364677815,69.38391122761212,-94.99527184037466,74.74483986609624,-33.157258207866036,66.70627535132249,-4.688917184174542,-82.54054104349467,15.138722593165951,63.511500707843624,3.5234712085028264,-84.49273438904687,-14.182587813028903,62.21998867718307,-72.4776458147096,22.358489255935467,30.530923656849325,83.2183799447528,-10.582896015749881,-30.76654136872807,49.192913532190914,73.22542947746541,-58.77009291972435,34.120908350410275,-91.97441038038417,-76.17201792615118,-89.41409107328231,-35.34255941858517,93.24281635836974,46.119957048827985,-50.40135304719424,-33.13469358394153,1
-38.707306391435935,-65.89392212124494,-87.22484322762232,56.040699371352304,97.47204090706686,-93.43266387397533,25.409883479529086,-29.807245789859692,-47.08715451703491,8.714318301228062,59.42066462235317,85.22623430371127,94.95496476852853,93.06742998688401,-25.231522886463637,-5.701900808991127,-19.834678242182676,-97.36739243787049,-68.2065115741765,65.7676167813822,7.229165697409897,75.76193291988324,87.73921454810406,-0.9947368897402953,31.54338801129407,-39.64999384567254,97.33976108620294,-7.8257556332960405,24.366155008735063,-69.06666454851525,39.48852247089954,81.68070331566344,-23.14206543556803,46.26704252282835,-26.5776297711229,64.66512249555521,58.60985437946155,-45.04514554894526,14.007479461473025,-99.06220420224699,83.48144241983954,-50.844924613636145,-61.532475940191866,72.46353051825551,31.4336086009786,-74.35997487708985,-33.262534881622074,-54.87153211714566,40.705242229722586,-82.81659760228195,-1
27.440295361656084,-36.812835522872646,45.620898473548465,-0.31163191300112203,89.07359496240053,-91.92220181750083,-64.60796639391219,-67.65361266469041,-69.47934179814229,34.94100863662965,59.09087843923794,98.72730816790525,30.040239074295272,-6.743771111948533,56.04692589603977,-14.509151715483057,36.08684456191554,14.010937478801736,-20.541579737058086,55.80081846624776,39.37918651495784,38.074300570581954,-89.7653306759961,44.99325119894206,-85.295800490487,10.870120028413083,-64.58401699542398,-78.32933382504802,-89.99397903140687,-30.959336026295986,89.27696059242987,22.650911193850945,94.99289612986487,69.74874441610879,-96.55546765153038,67.39314657554917,-93.52028948514376,30.262028919966326,-50.14967134291177,-18.280507205701298,-84.56455506558518,98.23879156116439,-31.033596148001436,29.584864702224536,-76.02193516474105,-2.52585868592962,1.6616021811411343,34.75023220723514,11.891040274684912,86.24639876947623,1
-80.92014453735787,-32.810769324213226,-95.29951543633518,-64.6753147950817,69.41422753822738,-40.42710255498232,-7.4348903901576335,31.63754249252787,-52.31840829761227,-62.2560402037698,68.75688638358653,-78.09695053207224,-47.295663299447035,-99.57882470614479,-53.77267200505973,27.51643502963546,21.103791337106344,31.61000700218605,-56.30998155627669,-10.27172783935491,-12.400434903664532,66.27817464226464,4.134824002408365,-39.79113452963239,62.0190723022362,-16.339329067454685,75.65756442529917,96.27334040812971,79.03830128210521,-57.31443706106452,-75.63467179796812,-78.84820924715427,49.15403418496501,-78.43612365602655,14.893558374804499,-89.59126488139219,-91.00836215955997,-97.07527176855366,-67.0795725068744,76.58313421509985,-81.29638248803508,4.152847430957806,-26.192830892857998,-40.132820106830366,-83.91267135923894,-79.41469705032327,22.355139037611593,-16.208525913606138,-12.710062342154089,-36.480381010251776,-1
-2.42919121472751,14.463037126015308,67.82432062123297,79.87330578418539,55.992704986333905,55.81428971975518,-18.872109902894778,55.08019652983742,39.12098087689705,53.95598894172315,91.54072639571135,8.35619151858802,-48.31105472240829,-59.65796886083356,-3.8974197287458168,-69.82046272582865,-58.73229862999416,-51.370777554054236,25.9623104855619,16.932825956810674,-7.58138635302214,14.034987632061686,31.92511008581181,-20.26202751809491,-26.164698429815857,13.435807685702358,-16.145868775801375,-98.63071717885789,87.21859557736693,82.9678539571845,36.06058313702752,-87.3591411980871,26.646305353784044,59.49673502234515,-27.24893789922342,68.68919908587253,-68.60841876510342,71.14531360493751,-88.51990461102449,-37.36790465964035,-28.963452889773805,50.63164308242045,74.65580332146683,76.10920710545057,27.355697036186896,-24.45363750178035,8.794879784181518,-40.99091600891644,96.10812258815673,-14.594301068734524,1
-66.50178218117846,7.483387719961399,11.655304880783163,-37.317882756075015,-80.8376840686406,-76.82005615144925,14.87677499509094,23.26753344722536,-48.862976638672315,-70.82940934782977,31.39966303112928,11.52752282258733,85.65300434889465,-52.074966499584605,-20.047958237723677,62.775113476862714,12.817646990200515,-90.56053957438515,-24.2586472333348,84.9173250433513,-55.36503864325197,-11.764804669709704,8.304313152096256,20.914528589049723,-84.27169863139432,-30.26049290415544,37.18980089297881,38.58417117038647,-95.50483319765293,-47.40759909704235,-8.77559180375718,-9.612660262499489,30.46938674650511,92.25326453581678,39.60915485060406,-68.17822176906843,-34.6971781246979,-40.57558267065558,49.798657004391146,94.3522437482288,-93.21753920417383,-91.44523818343131,-42.48483567600216,23.977797985365385,-80.29403763322253,17.7332301823496,58.85498141366341,-45.87883750034916,36.759618201917675,-36.82508135400096,1
-15.715089881500404,-80.17077754447521,21.751665025910597,-60.83499022896846,72.11904494319026,28.22235529393592,82.31173620141928,72.54800873156819,-99.49412064104708,33.904550712729105,-7.196313554838056,-69.11342458745473,69.67151568137129,54.126353441308225,21.874653229461643,57.53708065577109,-89.34269992070392,29.957952509901133,3.2283666178796153,-59.69877457640469,83.93307874556626,-69.07589122644715,24.77361139896334,35.931735919038346,-86.89641221822575,-63.43388965599681,-73.56134841935067,-9.980768474768809,80.40900666552403,1.3141959236523633,-21.812106073049392,18.80151893741278,82.0475645063475,76.52900083900877,46.25700876509683,80.80122516110868,-95.59947411600001,70.69306362812443,-37.73439414112709,78.6956723690297,-77.24113310769904,13.260116523770108,-42.43043059411393,-16.533006137761447,-78.45399828551511,56.30634980467792,-27.648227346386633,-51.38909695359843,33.049775154782225,29.39022483096153,1
81.0597998021031,-57.76839251361461,7.628686016290871,-85.54275348993663,54.88234231738085,68.21138720615093,-53.00728531614152,1.0308189702366661,-16.02791479470804,86.98577788967032,-73.39409080136143,-18.293453495601312,76.9912057684007,78.53642372106154,-72.58104402929786,15.73974588612559,27.019721178320324,-33.61604101015408,29.917651427878752,-54.70610871038068,-47.25685504309776,40.98504616779513,74.73863988697894,-15.526112568388513,11.31397174611135,-94.36169247138417,-90.50423906038142,24.998305891043998,-14.561740425513833,49.635649772567575,-20.864110790801575,-94.51700789387249,36.728962168196205,67.28212378698166,-73.73247310370974,-4.692072074669255,-28.613393394277935,63.37056544934549,76.96643118343053,-54.039820352341735,75.13066587178164,-65.52565428554581,-8.030413112846318,8.451983671181836,-54.76225067297473,74.76099245568159,92.64647239894194,-88.44083859156271,97.80205561896841,58.62726610582132,-1
-19.59455662235186,-18.567140306575,-42.20843617185657,78.03127251467888,-91.49130301401982,85.38413846317798,64.56943610646434,23.460040482771745,47.527684283391295,24.61834113095378,32.9094090945205,-93.5669189110366,-64.29216763230198,24.860821013625923,-94.99274335403804,-84.26808734965745,1.8697245258083512,-47.4680741933581,33.40898671767974,55.283891600677975,99.51749281867544,13.530399264863348,-65.38949438204627,-68.43377352259274,-72.40984445001467,-39.95369637261788,8.71952238886638,55.305048015562846,-19.69597600294719,-71.41625930354999,87.74813403112225,-71.57350473641708,-85.61691496566229,-59.27234261533414,13.077037916309834,33.628608791726634,-28.36426304090334,-87.5582853279752,-43.797216684262644,-20.229508960617636,75.17072892148462,-66.01339894481934,7.020660571482381,-96.69611549325194,-11.784511039357596,-44.295571622953744,7.628277892508748,78.60585432272086,-70.87503141581422,-40.94777965701317,1
50.7923807193568,-8.73663588980753,23.377156652163222,50.15793498970163,-3.775195326057016,-85.84526597193891,-47.72383292472735,91.59916421124555,9.749393901572702,23.361660248996955,-40.98983911783372,45.05671546982782,47.09745241262053,-6.943381864696121,-95.49430120749219,-57.09212338582499,14.80859437732191,-81.02667768642976,14.763447479492385,-16.478486680250853,-58.043946463764854,-90.16221158753555,-53.844556567371725,-91.47148535986045,56.68604017339962,-94.65499090371728,-6.45873620541586,-10.877420027086032,43.32967852992434,-37.647505123438975,-68.63521027515029,-66.14686006765837,-25.865034219758016,-26.008508290028146,-37.853395077284134,-17.96900349457215,26.158394341571963,36.96525754251667,-71.49723888166308,16.731705268709973,-94.87748438546,65.65274964825844,-53.04717577801705,-62.830079101047545,-87.19111139212173,59.0004541542466,85.81115945845042,-95.13370755926107,-28.36913059151658,24.132460812978394,1
81.2944221929094,97.12014679056006,-9.784785635028072,-80.86728271623167,-19.338022401417703,94.63065862905054,68.76782937266799,-59.022679487715955,-57.393568380615115,47.95042219768504,29.73167809892567,53.945460728950934,27.063384152794185,73.95500376717479,44.504899957627174,-52.57164981519749,6.2362660161555254,16.17088837937095,-58.343476619495796,15.536643036774493,84.71019227214046,81.92044406389968,13.089497804088452,-76.1557645302345,40.99836254784998,-1.2112964137402713,-49.884898753148164,95.93957235204215,35.87408213126426,-73.09284534655359,48.984982676679635,17.05537508176039,21.93248745578245,-92.82420346258695,-6.506018697855765,43.39970946149313,-82.29910872390022,21.95067641105439,55.96135506377675,-54.621189416774875,52.44451154589632,-87.0419913153692,-58.015965160872774,90.70847220290872,-44.01928931030139,-11.61783053081058,-26.73123386546456,34.72046235628332,-65.28048937121866,-53.223685503689325,1
-34.43143242283635,89.34158300677763,-89.75209177071505,-39.260306174210655,84.65481727070988,-96.10882743709068,5.933383265903018,-46.08611364613138,-29.31840405381132,49.79901693291299,64.50544770314951,-39.06502780034216,23.3198984064136,84.18370007671075,90.78989775580922,-23.659652767062738,92.77282853111876,-71.25266927478988,32.25913582260981,34.89068145925728,18.30340727932706,26.35338089274822,12.532807296466501,-13.548042446602992,-0.5611385978498475,-4.924576664532438,0.2908850760094026,6.050195413153858,92.42480691877364,-60.7769621732744,95.05596121932157,-40.86295883899318,-57.825974865767684,-81.78846174407315,-8.716212101084025,53.682583394064636,-78.28348484973225,-24.1477950884789,0.9148274175002626,-61.559264649297106,27.36171597200068,48.20368515577897,-51.953359320456435,18.532829457897677,-94.04084350259525,-59.698622547346794,-78.52630144072279,-85.00221045476806,64.05871548742198,-74.34926211269635,1
-47.14474736827214,-72.26949417733925,3.6630230405044557,86.87490807650028,85.96849872674125,45.69533682422656,-31.316852547622815,-3.1780403210915864,-32.75157438928393,16.516772619610975,-5.633411670484904,-88.54459311059419,-99.09546834846196,67.38417589571247,55.63891705979901,40.92391175100906,76.0364445083579,-50.11456630869673,-44.78897654218261,56.45183335746049,-26.781146867472387,3.2470453078743446,43.125762500835066,58.601433494753024,-19.48637043860535,47.82962224537016,79.1221536943537,97.24704065068522,-14.852243445311487,-84.62972472264445,70.05759164890586,-20.593975942123805,33.52932198027872,57.518470883539635,95.16559103874181,-72.09601281791218,50.470708274896225,-65.35769519370555,-48.53860218274739,-11.222207033979316,-37.420838467498506,45.8441350319533,31.67092690571917,-58.73061007767269,83.26487541279062,-28.281822209629453,10.390869362687909,39.105838151533106,56.97302062712015,-18.508625891686734,-1
32.70471878269046,-70.09013628861109,98.56289245110773,-99.21478860214692,-87.36439000923613,25.442383809070492,46.88663774959787,6.178324903615433,-49.429880064589014,51.92512687862495,-11.53281639663139,45.33509832075103,55.106666812836494,-27.114723633227996,62.452990526633045,-74.30495153744494,81.28642416370667,74.00488607838636,48.96441504992001,-67.05698512420355,49.051112658483106,34.156021983253595,-70.33079904079382,-78.59089100837144,-21.104943463449686,13.496418092464268,78.18603446778417,-91.16914038891603,-18.924424680505524,31.378523883338232,-51.51741964594152,-87.55329840764534,-47.121443371116655,-1.0290020048272481,-61.756343002039735,78.01130419830562,-15.10706629098702,-11.236192748549612,4.552197709577129,75.81768252517728,19.671804094189383,28.470113943844012,-19.750548110139164,97.33349146517901,39.22527484930737,6.285887004579479,-90.53384013521375,41.13616115741391,10.652847229027287,46.702533957469285,1
84.55143810267887,-25.468574021170554,-88.24079669107259,-40.58180624393584,-53.26199287239082,98.4930157555518,-54.3861358734081,16.095918888326693,77.60396884929503,87.80668083329681,7.0529741709571,-13.446097691094664,49.688298777374484,-51.79422416245016,-38.78681789630387,56.43246314358973,13.530926972062218,-33.19558990493887,52.99937250539634,-31.03400319496383,-35.68745878567627,-57.76589358048967,12.041444439847965,8.680450843231057,-54.85946921708293,83.50342988986304,-20.110102127030885,66.62255514989221,-97.20678574665014,-47.63437024287476,52.78425664427678,17.824838567378066,-75.35402677800111,-60.71926923875144,15.594270182090781,82.31644036814578,47.239142478696124,-47.53204389411665,-63.10714193687825,50.43185688045256,-34.063578189020305,53.28589389735728,-54.72268815523669,-0.6150904695205099,-65.3993593341222,-49.88540224994517,-40.47708466785895,-55.58188747344135,-23.113541370298492,-73.6982380615067,1
-6.998096494714474,19.236533880475378,59.26915509592982,7.90071809000122,38.63740075747887,-66.08550869363161,39.05784445412587,98.81103747394997,-61.479086138507014,-57.39779618419316,83.71383745732649,-32.18571402997932,-54.043741098531626,84.6261917135665,30.55766191178742,8.355233782852338,-99.07401038347383,17.218233691368056,31.51576935381442,11.375385362642191,73.00914392235237,-89.53855765759913,34.9308972994433,81.79881054756459,42.93141524852601,-86.79078545983046,93.1228340907387,8.525376984251082,-64.45867258150713,40.96644696879707,91.38092050009888,-42.70821126887725,95.59589685235488,50.80363936853399,-78.85528884098633,-0.053405838781174,-36.55574251288738,83.36596678303513,-32.9452495461001,-53.901288524122435,46.48603042217576,-23.953065278058247,11.128418638713768,59.082971783801895,47.370868519942235,-11.89259923298853,-59.0075032625474,2.0077494337629815,-49.26609550581893,77.9652109873023,-1
-69.59028651510164,-55.701290228072,-75.92340704507606,-39.22770720225559,-69.87628797735252,-13.348687262155394,-64.21722725739724,88.8895264076651,94.47116294686532,26.63443645390609,73.21540487302943,38.34865186015841,-97.09287411969947,-41.521572494520775,59.82582152642411,20.56619939576221,-85.7698279746302,-99.62711748529549,93.8760429629676,-37.935205030286376,68.95868640180896,-70.94317567306109,-98.35714525750205,36.495566454502296,-93.82297883132777,-48.130552523331275,-87.28988347967986,0.4403807146416483,-51.81637780327482,90.37226929533071,14.930849139537216,-66.91855089806708,-70.70846069892951,76.86887737806799,7.8570421088939355,-1.2949321003316072,9.151411364327316,32.97681934411855,-24.621207376951688,20.838042555007092,-7.25470175660827,-97.40938866140247,24.183341325413693,90.72152207736968,-47.12095933920173,17.23117859618523,54.2189111591515,35.10205967620374,-44.104888528668496,87.1126038829149,1
-7.4754086521367356,29.04752891066633,-66.022665038676,46.35440501739748,26.506753760887932,86.4273634615057,-89.26933825203443,-19.54982233662544,39.09935018012743,5.171435846390722,16.00345036802311,-68.34750507712155,-70.54212664670456,34.727093346172865,-8.710763715966351,62.571863556301054,62.824772402585296,-33.70281344715255,-9.039650482936338,-2.475617418146129,-81.88391991450777,70.8847259919869,58.43942687002928,-26.11383322245804,59.15750559132837,-46.12433532638875,45.09495062303631,72.07905980329053,-61.904302014152535,20.33746082529528,14.386677027755738,16.99115961089619,48.880743757180795,33.837150533270886,-72.12084279981308,74.81478290766239,30.558895136885468,73.16909883797305,65.72095303071893,-59.80094246374526,35.653183205820284,-93.53677256003441,-53.55633851105823,-44.65744385550963,-91.2541259934626,41.29988487140179,-80.20344768825171,-31.56547743445863,31.039202539798225,47.61987341256415,-1
29.749422779003623,10.98196676508178,-88.79417335021726,10.632655934278006,59.255675659565696,-70.60683179829176,-68.3693313591708,-1.8660562616571639,-28.721396473405164,-56.56662998436586,-83.1028505303571,5.047818316730201,59.905645025352186,40.368257502817244,88.63857798094173,63.602559364752494,-95.26449352688464,66.26877323719594,16.43206821352274,-48.528725428267784,-51.84188559025535,-48.186997238698524,46.11954073009343,-94.08653405914467,63.467786145029805,75.21493697481444,-98.73919058148452,44.735353967276524,-25.720073038165083,-94.63381488825236,5.0394269052873994,-82.64115201139761,-71.21405384264213,-14.418876960747951,-30.912151428256777,-3.1134907761717585,-82.69403419957393,-96.85753060423667,63.73820288624131,38.997456824966065,-67.86846758675162,13.118787214719859,50.45634377574808,-42.05238170284971,-33.696858082707465,95.53321066689321,-75.67751400543905,0.7965057830235764,-52.09160506577859,-3.5784885159345237,1
-92.93772901195219,28.673945013952107,-16.508785781251703,-28.833924266467818,-10.850275386385562,-13.813711345995827,86.95225009788979,65.3022368415698,-2.2722863692680164,-52.9546093959949,-23.806528098333658,-53.847368235150775,4.304235477160503,72.08207208819215,24.762152863350664,27.54860239042864,44.66532515608921,-68.33510268084717,-75.53784848134477,-48.71373736026439,75.20546182053289,43.812719926069065,-79.40499738169285,90.649918574443,18.55662175830048,-81.24894015279556,-23.225488026378287,-35.62106281979072,36.443293993841706,10.595069812731921,7.462405899617977,-74.95180367091942,20.324969152120147,-75.62240100369809,27.615459967429913,-71.47197411147047,-97.84851177643922,24.485051782028066,-57.684211829071685,-87.61150429929614,91.23661352244673,-61.493735155071775,-82.04616456233163,-69.08616887668526,49.260825304187904,-80.23990722638048,91.51121307661407,-54.055273472151285,53.769121594488865,3.127753919521936,-1
22.794061265046523,-30.746789842413904,-65.117891356717,-85.79446839974378,50.904735312657806,65.04367128058837,75.4121365171994,1.1591248507631207,72.11943547392116,10.989675412355354,-92.85545723712892,-93.51333593200502,-63.456463584049395,55.39632798332167,-57.39495936923007,21.690692042085843,81.5050739853846,-25.156873761108486,21.90314156187054,-63.10239842997161,-52.13245123758592,66.80555089295612,-6.63260831699597,-53.866377968795184,98.78541309504502,85.84911078088345,89.09088525226792,32.03747465924289,58.41150424706021,49.66529046019167,-62.225037791225304,-59.23950530406905,-69.89950666800347,15.785417375489246,-63.12976142679301,-35.48141551696753,-90.34999213626878,-78.92318004830419,-79.02098754493758,80.3944855197459,95.48006802671921,33.06662265660282,-52.95057725148704,-59.89219479284631,-41.08973740173452,-1.2615683317762176,-4.319579957951419,-60.06300635614139,-63.008370515196944,-83.78872341931742,-1
-62.41592383693539,-60.537205884788015,-95.9318337864798,-87.37396793510939,-80.91931315896828,66.67495485087741,64.8688535165874,13.222790502272915,61.23589337050953,60.58706062076163,-45.522979539472374,79.25491840823031,42.86401321705526,-47.54999641621289,57.400631554618286,3.605644354471437,32.45339523618108,10.63618347913733,-86.83888359917916,35.45989228743679,-56.08257307488367,89.02332405071692,75.3031632175352,33.00263608840041,30.340695665549447,-77.58114852391304,-30.672484949964954,-84.86629664479773,-37.644446264476116,32.95090442524952,-43.0911666760617,-44.07504771072295,26.38223478290334,-4.467929471256227,16.155124966477658,81.92781849344959,21.153274014798058,-24.820243394091435,36.06950451199285,-4.8298024801492545,-27.51666288200579,8.37216347319864,21.808447998694234,-79.16014176522546,-91.39490188775224,-65.36335089502543,0.6277157123804216,-14.74040159221957,-29.301442804150966,-61.11247363267738,-1
-41.61776530043855,-3.146760378054907,75.5091085118946,37.89783126539143,-9.23004459071737,-98.08454077397558,34.14376070287801,-71.12405932685499,-58.95961058826011,6.561363421786638,-81.46472025666249,45.66893965145124,22.48551872727282,-65.42544995982354,-48.485228739386166,4.045410207350869,-94.45701578592573,93.67494774778373,10.153698325352423,-66.98650085882375,-99.00174347180364,17.569438847050293,49.352523892145,-10.013673921574352,-39.05737085649255,19.44679624590222,-87.5135304394555,19.86303738347337,-85.09642734962421,2.705703615583218,21.465531295214973,-56.45328640239662,-16.673068261225254,-37.845092456586585,56.1343366206475,32.88063370839981,-45.781566097220086,-4.378517639870154,46.287455814233596,-97.61517653434497,67.67756265364028,-38.051299849513676,87.99931344477838,56.867522222807565,-59.923231555114455,-41.58287813975252,-89.90741167673649,18.49469349321373,59.193860331605265,35.77340367961247,1
47.773335426606536,43.326387340406285,52.43422109673557,93.55743838668985,43.98792886949204,34.08676881254837,4.4202816334368435,-0.7686551010879441,-29.339337212856947,13.35822051576703,-30.50338911289991,-92.27137763610412,-13.135238908142142,65.34061416873428,67.73407127313072,-32.20171437515596,84.71401344014541,84.2157675830691,6.31987814744754,-54.95813692913951,40.66383831865747,-92.1695599401185,54.025231468207465,-9.877672664762954,66.05866816878415,5.83134230781927,81.72132739915457,-70.44082500672178,33.628912790601674,-56.12207268901444,-71.73265403833678,-24.330818310316545,-23.57255117284535,72.11171170502405,15.147490818693782,13.576182756051963,-21.318879129401495,-91.553199154243,-67.03036494308523,79.65521869286047,-36.69007598254057,5.414171788439788,11.63752955849337,-56.90336264925606,-0.43696715694964894,-63.10618907354608,1.8323467654570322,-31.499625276155243,-8.060893353452542,-66.56866441238212,1
-57.7536337054138,95.59868474764693,-24.823209040865237,77.84537831699743,-56.867837319269455,48.19865031699473,-1.8913687686554823,45.40791155867123,-93.15018592882709,93.88437381568673,55.37333138036226,-32.56044982944974,0.2469464065329703,-99.81922667705174,-15.82675373888425,-6.236910935674828,0.31790078982129444,-75.46612007463291,-77.46560786525893,-45.21939076273136,91.5786658639336,66.65482212104436,86.17039283240007,-97.04982851047217,-61.53346431535853,30.441795184813884,23.31897565818994,-14.546504874225263,84.27464293633517,26.524552058167842,-39.10636798575242,-90.63234001407064,-43.22008420134373,-70.52188585408493,-32.05381198527293,43.14416483841441,10.843170044232792,-32.95633193203638,-94.46421052373113,30.11706033654994,-80.52770569092033,-58.80017699634055,57.003234774454484,-44.71672820237498,62.81988554640586,78.79705189181149,-51.506114999564126,81.46613660793477,5.5199463349880915,-70.5467404318428,1
8.707643468529213,-58.9625714190386,61.692057895429656,5.236562020972073,78.17299140715522,54.791615956618045,68.14309174168869,45.91585105691814,47.24354310860329,83.01743911237938,-23.339868048128082,48.742861439628996,14.791717991068978,-72.12831658033852,-23.18138604250555,-53.31005197136196,72.44727473980137,53.99706057872092,-17.75965306894554,23.374684152149314,60.376087091536846,-10.293868872123625,1.952745995865854,-9.727107573729327,67.87322703446864,43.09619957846306,73.46179356367037,52.93432920062787,-43.32190372429867,93.36301761132754,-23.18654110129191,73.00801868707518,-8.396001561245072,-30.605874155003306,-53.24572164796204,-29.002729680688134,-30.356275532301908,-12.07494812786365,-15.675949736735873,33.92843025584321,-91.35066786729746,63.90315805842434,82.6414035443226,50.514280346589004,-71.48174331018828,-66.66016479403183,94.5755530654555,58.90598041005563,18.781976894732395,-45.736745537914004,-1
-17.6318171705463,89.1430216882049,52.41433068794515,70.96683024746721,3.2631977698235772,-67.63358648275573,-58.93927546423798,42.96961490534807,11.979162159315962,-67.714694341431,-40.91003836870166,39.80959521122253,-64.01857602295289,8.901110106250115,16.064754881007076,-85.61925660368198,-34.893620251738895,-68.1460359152082,82.5510820156747,-54.64280876111114,74.04539156748172,-44.66504194718557,38.464886028590456,82.75906026216663,22.75684134845261,35.892974448233474,-88.284313249099,-13.635248686065736,-52.28858016247917,-22.636410075652847,68.69887106517794,69.68211796209246,-91.38355037412798,-75.47278951358318,10.190094185685638,-39.91753448158837,12.304205031214991,-93.2272775390324,-18.195396507441913,-50.844267735138885,5.0262868679659505,-73.62629342731309,-64.2284063130273,79.35803104024097,-39.39250753116508,-45.21999248315105,-82.03039755881692,47.63243054533416,64.57227585635405,-9.549218137443233,1
0.6690261212308144,32.2530612530183,60.750989513838135,35.70596908738847,1.522076655035164,-17.65009419774674,87.09254750156376,-37.721363836496934,-46.82625007616008,83.68023879792165,76.13010646844711,-71.89649408197592,67.23086507828015,21.527825373332647,-61.167371978487935,-15.570622569431919,-53.07498142871785,-18.165341937426845,-90.56408759878607,-87.69142802536678,6.872795894880284,-54.20200745090939,14.204764905635912,16.942958293571692,81.4330099515104,92.51387685804266,38.694483282485805,-86.34257712363373,-38.431497051447664,-80.39346401965517,-28.092826708592924,75.76204213252802,87.08921738867286,92.70370246796776,-52.278902230893195,18.18286215772325,-96.4039893153417,39.919949760679714,68.48198204629935,94.57595008063092,90.08755835755596,97.3972368070506,-84.10980715638725,56.485996271743005,64.99971789767861,13.336666851677819,20.382536919547462,-23.568855244781943,-72.97823626181214,51.1548823596944,1
-65.49522461072759,-74.69093776072455,81.73111226807194,74.82192554363013,54.468195110768505,-90.94097423149977,-60.76170125158327,69.4923733829632,-35.64426097234781,-32.59164765758848,62.95688837858552,-95.69023234579173,-67.89120672747917,-90.42555422317653,79.81209918199505,90.59696785891003,0.8201034238574749,-83.44156664061317,89.80715519448802,68.78297602760136,54.683498374029625,73.25773649536686,98.78711555160422,85.27769021167174,-40.68372552324766,93.1678210269663,55.34551509448954,75.95401882989006,41.68283222578995,51.27277163129017,-69.80985507644013,76.49419575868382,-25.165840287375943,-32.95327078412127,78.280328118022,7.495312839852161,-66.87775470369564,74.26602862676148,65.91454010391584,20.762255899628016,9.487726484127364,88.83208624255957,4.279213486351765,17.947863723923206,-90.85069279344245,53.48650745055048,-79.18656539743532,-56.550768096888305,-54.37699184912701,-69.98824117740246,-1
-72.95653725742906,-2.5967918967521086,-91.9766843422969,22.18552455760576,5.920970813192227,-66.20311808808813,-45.38943823235255,24.393967181400896,-10.690769580462074,-74.84380551561287,-83.74823836827927,85.60631620035736,-89.65767452778184,9.733256503640149,-3.5721177462770584,-44.110864485564115,-97.42098906082836,-23.73120845581876,66.86932964977973,-48.07706962214482,-62.78842922466647,-78.7529948931651,-86.71615003288665,99.49067049275203,19.496284978920002,81.62383712214532,-88.02342934302867,-36.50819459958689,-16.838363813727824,-90.48040435842701,-29.609817333803747,-49.19584676378017,23.579392619442885,34.04411214859303,10.917131395533474,43.001830994920766,6.70491437382465,26.567259673657873,96.63298599588964,35.647904745381766,26.290365209085806,63.2411497474578,48.05590405847923,-20.187933402145134,-47.951288960555694,-8.170505983229233,-64.23786321608809,18.622174657135787,79.23437114213996,80.65920495217927,1
-40.38675976599917,2.8061638951738956,-57.86241659393971,21.371940720589492,41.726139594196695,79.72715093455514,17.129265418092785,-18.85809422352949,-69.66149256430978,7.8259857901672945,-7.669400681755874,69.05153808869318,-20.968821925561926,-99.65674044873181,-59.91175778871409,-28.399368276522537,12.952186671108194,-93.89867321135831,-90.36655547844032,-6.018433466706071,62.7669352439047,2.9402842639610043,41.13067336737291,-42.7306657178784,-64.99101074043296,53.13251742284223,-1.3121227629456342,65.50162294782055,82.7327954070098,30.560242710322882,-46.22032838307793,6.082197853203965,-37.900007888033386,-95.06466223733734,22.65195843121954,72.39109795004978,48.584353580384004,52.76328269006024,34.90332697466354,68.01198603919818,-81.60544027998966,15.020587824440241,78.10536902280921,83.15699849202721,12.298501081484986,-71.41447853194387,-22.229184250841953,50.06382446091396,44.073600880655704,-28.651051125132668,1
57.71944224490616,-37.92582217837599,41.979086676290706,-96.78823546397726,17.361994527066216,-61.90663530042997,-83.13407803216421,-23.323297854528974,7.569185934786191,59.18768336560362,-39.25170710932766,-59.472576896238614,-50.86492057451635,-89.82029141648007,67.62712354629389,89.2928021378348,1.4351939015029274,71.38928054237198,20.86989928298719,86.8614137979877,-21.053798395644947,60.528643976469056,29.048153952625057,89.86188866301711,91.1262374514653,-66.14690648983151,-18.606407306988686,99.80537793812925,80.98067170616329,19.73031037118112,86.46042815914026,-35.78900272709424,89.59714388956655,52.27325461598457,-43.59317012489865,-82.6237941252592,-83.2750089444859,-57.77315229839133,38.16925222977275,32.446591330109044,-21.004777391178763,15.842047425739707,35.371897132382884,-87.29147433839633,-95.39606887785939,28.783097225326316,51.23735947887397,96.58914554168771,-21.548269740454188,-82.4593078108818,-1
-54.309051733740255,7.618932824222256,77.3128225262304,49.29195184435551,-53.464364635582974,-41.00352321553511,8.795251591968238,-50.562904805909234,-6.7369265609812174,-54.07327888381206,-60.11196887790145,84.65590825882737,-88.62890187366847,35.81251972542219,-20.1116093897933,72.33951998123567,-92.25130161163592,-28.709460895138434,32.9424925507393,-29.985497128259794,-79.3058350253951,89.56321414264931,-65.21742661504848,-93.15504559148282,20.49350339854854,86.93198744783885,-62.06162534013864,30.138008957407948,-25.765724649555082,-90.18976229957936,89.73444878315462,-86.71650300212252,-3.6496142024157336,11.269910975577076,60.778871447433005,17.95596677407285,34.56085748500547,46.993334064898704,39.2900085724724,-75.75096645472117,-23.596719860106035,87.41119293593133,10.287342615911399,-7.004016682090096,-15.465302188686096,89.21820916410414,36.43194252134734,-29.533363622576033,-7.289767892403802,-46.10355227199327,1
-39.41685423336148,-72.05588660420918,85.23778428789001,86.16740631198209,65.29678819621427,-86.34280325471597,-17.77877554286269,78.30908999946772,-62.05548305402318,99.3177910237948,51.82448677013545,54.6333414661751,-75.46937658033258,64.1233059522257,38.39096819514353,9.328869661825507,44.63366069521243,60.99244880541059,45.63996806526188,-0.5027003911355337,-99.62993078041316,-74.53710355749983,44.06472694490836,-0.40973081550048107,-68.3144344270243,-8.417040661501503,32.03528977061373,7.189656827670603,-56.06517500914035,44.08799891667357,-51.57259129050529,87.45081102451678,-75.92478738681727,-31.204750306690585,-50.66589541386295,-47.10502168131798,84.33915321785673,67.95139257387044,-31.54088711014225,16.696884005391738,-71.53459292547578,92.20764622871448,-84.1265223596063,63.39111164835515,98.9046387936028,79.21308832945036,-80.86963625285208,-48.18762026049668,3.6212674691033584,84.98702699256953,-1
-54.74551399936276,-59.099132261440836,12.596300903053148,70.5612222181804,-67.20757623638505,92.33555893974079,8.084402606111809,74.40863637509881,-94.76637233241325,-47.00049895656851,-28.719922876998737,-80.43460995125909,-56.13327204967582,41.54376966640382,-14.736030025357067,75.46181613023754,-11.734198395930278,88.91502660083614,63.844394003076246,86.2694236549464,-91.24238133820562,-77.25446820040871,23.365128028739818,-49.02281663102735,28.54454728196754,-71.7867906946942,33.0497610175843,20.365026119443954,-82.52619955764062,-94.3860880638931,31.057848809259582,75.49180573659723,-88.24463562869647,-72.4159552276619,-20.31553156917414,-31.961963434845472,24.039304383800555,62.48395313790073,99.36575161130241,91.61883513377978,60.380964319561286,-62.827361403317106,-9.555116472519003,-6.967974182671327,-31.223678919459857,49.898492975031644,-19.314731794005937,-92.84173938067211,91.07838950672252,67.32149212392096,-1
80.1403728022517,8.110535077784832,-77.89172711665293,-88.40048550545832,47.34432872528035,-75.91781805670888,-40.752653424889985,-9.140617798112899,-24.66547597997068,-71.40371531648144,30.343287516393275,94.67788507406274,-97.65699534240761,-94.21015330627331,-88.5592771826129,-34.49328379879341,65.97750859152706,1.2664946758797413,-93.47844812341866,68.26237477899411,57.474811518617884,33.71337050841683,-44.22853650690479,13.048961006353352,-27.60438681889505,99.68173485772266,83.77907190879901,-24.603739174115987,-86.2909246150118,48.944673849760534,-11.584793011352673,-31.594472123157672,51.838727099036475,-4.52762654886385,-3.7313394123133605,10.803878139273365,1.7075988499755397,-66.78763477184877,26.806949929525373,95.26299661224189,-67.87414764703786,45.6200081981637,81.19533557556298,93.69311596411131,66.1365489801307,79.89972507918935,-1.4325965175996345,46.45112187678217,15.35936340085344,-24.71740279492252,1
-33.73059857938985,-43.29856194581212,-41.510907800520826,-53.56428996327898,44.43772249513489,19.53670050675123,42.973699753736156,33.4106006540089,62.669497039975056,-61.626131427748795,7.470338084388857,-55.410192129093375,14.586735479522744,27.519790752076673,-98.24414371577646,88.15559550816562,-14.296044195354796,73.43848095534574,12.867912994080271,-81.09365462419285,-76.84225485848415,-74.40474214648151,30.91486058953606,69.65167581896895,-68.5237619195712,-33.554702211125374,84.14613979842079,-18.863357582820143,13.013716836523699,90.43206345419367,43.105549863998846,-97.08945177649039,54.56100781440182,42.00708778289052,62.63304137140943,52.76743525750612,64.27986188673367,-96.48163124971984,-13.316500870268413,40.08220678391791,51.0923267991067,-99.84600284563874,-1.0368297729283,-88.24071837452018,-18.559407697875002,-32.9623896135558,99.77409513478415,89.72256190558676,31.45296120734494,68.2161176019259,-1
81.56770277670682,70.48777712837463,73.56570043298652,54.4452746771359,-12.29975034508459,6.5438142566598145,34.795545483222554,2.400807288063291,-4.421493707156628,-67.67349469643128,17.18644562104312,47.94400410013645,-98.12904215914868,6.086287112940752,93.80283240300884,1.164624081490956,61.8672246835321,-59.5125575620538,-33.947970435550445,23.849873021636526,-85.5671862664268,17.461962216693223,-3.128833643015355,-74.9718942210299,12.629410606745921,-89.29644916991504,-81.76757482268751,43.928228615185446,-79.81297281460729,76.79625137811362,-78.19936835772079,-55.11186527591438,-83.08777333043216,37.872851088350416,-30.535107518140435,85.53096044040979,-72.91511087970846,47.31730474753326,48.32838939764338,64.57344514132103,49.79856344225459,64.43831175451976,93.76848077615423,-42.065199784791886,-83.97223409997297,-92.90995451798638,-83.32222084760623,41.36329717181934,34.527784995130276,-88.9624906629594,-1
64.4206321200451,-38.03057664934401,22.429964322678046,5.834890636369906,-1.6722567771900572,-48.46189503320868,63.893512717786194,-90.8777036442961,-20.008635225000077,-23.40381298207113,-35.74677949892286,36.849983794675126,-39.11889707844662,-11.979532205383748,-14.165696318610685,60.043902098888225,-47.700556284393556,-67.44819490885368,71.37112385793566,-86.75179663397839,86.73911561010746,24.326595442190452,-78.2542632538889,33.638640515282276,29.92802387810397,-1.69580721497546,69.27595403603988,15.579684701307798,44.89398456584823,92.5259106917729,-72.53001337307275,2.6777631041130263,-28.09701561008049,56.87263474712492,14.206172548437564,58.1878132119667,41.50338169152664,52.587740210255845,-66.83687264665787,-79.40539222056933,15.3812248124284,-3.5172744497104134,76.57352418098208,45.982233778518605,-48.57797548754219,-83.56417262161777,-29.216309436336758,-68.54364600573246,91.80288860220236,-89.50334756957483,-1
9.339482542814011,13.784281168943252,62.20433785844537,0.992183788433536,-81.87511265595703,-8.724681350410975,60.95500195546418,90.35926887426768,-20.615119353454077,7.228567881801624,1.7712978664714143,2.1337515915056855,52.415969120575966,-40.2630077894861,-51.59754633406421,-41.76792913091645,38.3501083497581,33.57549681569722,5.749932059305536,84.89893553797836,16.114832618203053,49.730261251970404,-34.6941319738647,76.60576384802113,61.739179660480715,68.38409337186889,-67.98453580849915,49.62518164473835,0.031026117224115524,-91.23935696990455,-75.93518967314598,-93.44979695720967,-49.2428350587268,75.50336682260917,14.07435806638928,2.585457959001843,-34.0578992945225,-58.83455577221757,-15.989028340731636,94.2705515333974,-27.432365305200307,52.83065101158854,-21.20975276332628,-4.201707775983635,68.53962344823128,29.489210297403986,27.326804010764434,-42.69191242698642,-20.505817476268007,15.297302047859688,1
-8.039915246135962,64.74889238245993,-18.231267654986354,83.23020536288027,-90.6091921535197,-5.486018054985564,54.983277476027666,-76.26576916151828,3.089361429222734,77.46629315336025,-28.021031892437094,10.270442119771886,93.45414198465079,-94.73994959223582,-58.99808911313838,62.44512537476359,-25.33913783662551,3.2245277140077206,8.333705947592478,34.99436961812589,-79.13407887368977,88.41240108304342,-85.93987270285297,-21.422353523616678,61.64800801984708,2.271509192170697,-27.56634433584908,-35.964491561215866,53.09491444577549,-93.05216222538546,83.20436463245753,72.33422552600021,-85.49006251298135,-54.03210484277938,0.4891269632411053,-94.54294700672874,50.57664168801443,80.38642770729376,-74.9209836830664,-55.53248037882938,96.96064496423458,-99.3335211125882,-98.1816477017048,90.4369542768637,43.57913360456155,45.34538178455256,69.48012107466337,14.3083196093923,-56.25471794585262,-54.216360658717576,1
10.13209184731285,74.08009262116738,52.16033435122037,-32.08598543894952,-33.051306608534944,-69.08182001125532,-20.118200050775513,-97.05167485852535,-60.553122662226635,17.474590358043613,-23.376375620174713,26.680779005654912,97.27543790948192,-55.47912259537269,-85.57045838703021,-45.250624085940494,33.06277806739757,-89.50692142190739,-75.60700582991709,47.247213117718246,33.16498078171335,98.63112388811513,38.280641440392,-13.452716641748282,1.5848980738165181,-80.87754801576432,-4.416724448833804,-45.09075531107432,-12.361840353294468,-18.331356743036892,-3.092573595828682,87.80277311412328,95.53789433711015,36.626378364179175,46.59205450095337,-23.301018886304632,11.830109248679406,98.42773539456266,-35.017168587715176,12.539779701568293,-41.85568655379335,-58.15694349983551,99.04590993385796,-78.6416397759299,-63.182068282785295,-59.14917463764722,-4.455433978057883,-58.07018820870289,-50.20947407683243,10.53514145150119,-1
-31.999122788021566,21.45333402029759,-83.33948337764072,32.656127371563656,93.22326449855098,-56.20430980315236,-82.06627864717674,-63.86577436381564,68.15230756540913,47.32835732201852,-47.659185954380966,-42.16425366531848,-75.49942671167432,-43.21252712882622,40.080108185722,68.64482304930817,12.222721843198187,-53.673855529774194,28.304929441497563,-1.3574684207779484,-16.056463134817434,89.24412520639811,48.26147875963477,1.5410542315918718,-8.502461087496485,-57.79137524831155,-11.169218172604147,29.48860343065499,-66.29036396740209,52.89461895801756,40.158599522245,76.50461671029757,31.565879946696185,48.10458071222976,32.785997658176655,79.26066470385632,-66.42286830688505,-65.88528164853335,-29.911362241398493,-10.632594931364608,-13.200754128630507,93.48939490994545,6.739122142191121,-81.49626430651966,19.183708295087285,19.36998475402281,86.32167031614273,-38.93681478452153,-56.52601154753558,29.894223841968284,-1
-24.0496954161365,41.986614686849265,77.74321892254926,89.40627938468552,-4.627741641745104,-92.73705213285295,2.8704322305833045,-96.26204288728857,60.14142527311756,26.515048390521258,3.96972426264486,-32.2557267656489,92.04321706179917,-10.219898238087396,62.384478622952145,31.360530096445785,55.16161870444088,0.7367275071029695,65.48826166913574,68.07516176429814,23.612488041325093,14.476601843321134,76.96137509393671,28.650511214529075,76.47808479684088,-24.50896395534501,53.45075285561768,4.79233390789058,-44.862587378444175,65.0105090634687,31.555383833046733,70.16507647961052,86.83553653262021,97.24404604330638,38.164545984350696,15.726720036133472,99.45376553686776,45.042260001942,-18.176161893131933,-58.11304490411171,-35.80254149565032,-53.87166021038252,-96.59210542135082,-38.05181655366769,0.8409187947408583,-58.05597675292506,-10.103423944380978,40.0424341807979,0.9890618996747662,-28.877110858270697,-1
-71.83941022146479,-39.75374104121836,-62.687228073068056,69.02112819605236,22.3294665475197,64.76530236265805,-18.439397380674933,44.54463008178729,-21.334590293543926,14.083076241622422,35.11174815463113,9.260230082731795,44.788749207948854,-4.2938048335410315,61.55737341597879,-32.180684004160256,-40.47725187362374,-34.68660517080744,67.3871609581748,98.48464911793644,85.6055074373212,76.89273338290815,5.247715779968118,97.37020962859583,9.056395584017963,-66.94450032090886,-35.90418430964006,61.05698881346078,50.20898196353804,99.42508712135105,73.25728852575816,64.75483453915501,70.53847536972532,-61.830534336190254,-77.9061369406616,-84.00340965399047,99.19070776705624,11.541135977407933,57.612116853032546,0.7852636387185612,-99.28968317052798,90.79619655635426,-86.0229800841455,-23.29937396985298,-23.34368204869304,21.76493168403732,21.73535048056128,-10.657126759769724,-0.6702645575284549,98.7217555588195,-1
27.5376493791871,-0.07631760024760581,-55.39747171762439,1.2147796933420238,-75.53913674125523,69.53783887292911,7.734345071343583,-41.58975411660442,98.05373937801193,76.9785851292668,-44.716590639113285,-21.768545850963775,-19.268701216959755,27.236148132709786,-42.43994891217824,-66.28167234127909,-92.93500276833662,59.07055365998653,-65.06056801743455,27.46100894430154,-83.3943307563753,26.58920260416808,-30.990821332811436,-92.3510237888392,-65.14397666195444,-33.08847170164964,-19.47844095259994,32.07309482126985,-61.090026551002175,-14.762521102222877,-48.35456401722067,24.42338175826997,28.52477240393904,48.02646060396654,-99.16850976461858,-37.37866499650651,91.86873667684284,-91.70798578497386,11.677438503131214,10.94798060563555,-84.33080487895037,99.0430125252702,-90.88842914360109,23.431849633026957,8.583042099620059,76.16926786021571,57.94444662574904,-37.20232032339305,60.04366140141272,-69.93713684356226,1
65.21352605050566,79.25134329431577,-19.40543997532116,-28.293463326031215,-94.75224224353418,64.8613817638414,40.14431346203858,-87.71209786277734,-64.90898881665188,-33.29762420823789,25.56696611250422,-18.863615176883116,50.51031902061683,-85.41383354860848,-37.983356987240555,22.35852439710439,-44.84712033772422,73.19917278547405,55.11299406486603,-66.11652435995603,-92.48400184351873,-33.03054437844959,12.061100919108597,44.00434784185103,-16.468903053258217,-70.69952147367285,-90.76417912422625,-97.55306588710557,95.97157911310887,-67.27628815998621,93.3759537982454,-59.60054274650648,-81.18280383758963,24.561866312413798,55.43695620900641,57.75360412825654,-47.3564687206002,-13.381083608159415,19.52683686340164,57.012464617936644,17.26084747228076,36.552223911767385,11.568927212020569,-92.92827144532929,-29.61598305078772,-77.40776017586002,15.760106847164053,34.33231121455398,-85.34302472204556,38.11861315830592,1
-58.162906918414436,3.6436631271854907,-3.728833578429544,48.56333811546634,41.594301527976484,-81.50800681544854,93.58948043325574,58.76671314967504,-53.41834394012881,68.49011423724937,-91.1784293060363,55.63745571736672,-55.524828325834676,25.961119644880725,-87.7077397845427,-12.927780612609709,71.67506822416436,-79.51566603152557,57.29123892553545,-14.243240046978414,24.012641710560743,-82.07921349388674,55.573056914968845,-73.0586240498931,1.3680064314087588,45.483706757288445,49.64160382179409,-47.46361678487585,-28.09360282252726,-36.54718473348497,74.52668471132031,-47.66284984610514,7.546862454238038,84.9793679794598,-45.29547233108997,18.62632572557355,-79.95880691300177,23.564859149790223,81.89464070511804,-47.246354966753515,-68.2944614263725,-86.41445802095689,-18.67382775789565,-68.16540712766484,-87.62759338372811,-39.53264128125529,-89.18496461394376,31.50908712698819,53.47656720718132,66.3624890124747,1
-42.51808070688406,15.575416288181827,50.63994038284588,13.672236487154919,-2.0069647345740265,-88.32152391514063,65.4385779167605,-93.02952332437395,20.82564412009566,53.28080321931873,55.234041365783895,91.26741241375063,37.683505872528315,-37.29623175596035,-98.98565247005197,19.1364254032178,-16.311741317271,79.35532045602122,87.69427473376089,-37.46757041305337,-55.69679990967777,32.131946686946975,59.9599131029438,-66.62124649885253,53.431035106456704,-94.05355041362074,-89.7832252054903,69.597833464677,47.82423984008139,-99.22127312972174,-62.883967811713084,-24.45429887674102,-88.27477678798283,52.50135339877076,47.83493061116246,47.69151081739034,5.438459432874282,69.35589483421472,76.80252506958828,44.61078412223952,32.38935423282808,-1.1259408948994576,41.044131769777636,0.8240536293288727,33.71003902042588,84.3867139049774,0.5360937618048354,-26.760745667000577,70.53452465083524,49.294512747820676,1
49.67117073314796,-88.29267998398997,68.06724764421662,44.293907574297435,80.64472499418721,-97.84230074750155,78.78142131549657,-4.053137125494246,2.1485723299816755,-6.98602525746162,-21.056283489753042,80.30345775602933,34.67463081175063,63.02762260521908,-38.128717806925685,9.779177372814644,-26.162429827096418,-81.46483875457085,-69.10873557869428,-21.868412818488878,37.782180141280264,67.63539455683329,-62.869320896449096,41.829235324704,-68.74719881087503,-9.885511465005806,67.49223062091318,29.311042305403305,-36.7145145436959,-2.22638493816045,75.36806559833278,-96.22458381701892,94.4663118306762,-95.11550807348081,25.345580615543923,-26.847915511277876,95.90808543634847,21.13999660005635,17.66465713461099,-96.97417339182111,87.88588007832453,10.782767783360896,43.499124291729146,33.02216345521728,-78.4442709952227,-1.3671996021833053,86.2273500591777,50.89598004051672,94.50129817977304,36.915348109653735,-1
87.81369589005831,3.424177622666093,-36.34469077610392,-35.43244445373803,61.72085043476696,-98.81649228046159,35.128927175476804,-45.530330508992044,59.280133126422385,98.009308070283,99.95379297447212,70.03962974409365,-99.11516809037902,-7.615352698648394,88.19451601258257,11.61309392356327,-36.39651567088307,42.93514878243985,-24.192923070675732,21.501026009796888,86.39108009243509,-53.89300063808804,-33.009520899982775,7.350281123772632,-37.3112882167977,92.25611816519248,-66.45385864608188,-89.68968154858547,-62.23070186267763,32.35424673103091,-88.02408825655652,60.74419171233413,49.76399976105739,-53.573729303480214,-54.64756291411212,-36.48543072671045,-58.01386288943016,20.618792200204354,-77.33787113472562,36.44346888890777,-9.027606585674334,32.85569494600006,-83.23647739999673,-14.690650452231864,-22.32657492941182,12.492153279396064,24.79357398255624,98.29926615993901,-94.87282845353104,-6.37530623487163,-1
78.41693778804688,27.22112692872372,-52.102257085974024,29.746696489079625,41.552061165080744,87.5479967347512,25.64998818950619,-24.426451709822913,-5.921848687958999,-54.5263132613361,-99.67394961312223,-71.55606911432055,-7.544287011644329,-42.33294182206517,12.234905840469864,-81.31765340016378,33.60220547144871,37.396059980362566,-86.81300369504552,-48.00431401973011,89.29076874659921,-9.306182929195629,-50.5776230612532,-84.36775888715712,46.294474156006316,53.499693832910054,-15.292808365501799,-71.7564064885808,-56.52905566989834,-56.337562361371816,35.12587990033481,-82.13571629119207,-20.80867929074239,-33.64893273812537,-73.70737628121,75.57029466900278,36.66201101075785,64.59263061619913,15.563870974101974,43.69458553758531,62.82855717419392,44.00850120086483,27.165921615419535,99.98260848807453,-92.0288460199657,35.592176729284404,25.995363444192932,-28.832400131761588,72.16446747450843,52.03243045772675,1
-69.22081873202899,88.75327644240286,31.155460356836016,-68.2916928816779,7.047867382946691,42.336153932277455,66.98412865025395,50.818631652972414,79.8958125118431,-92.80527006012366,-36.18152914151948,-86.48072293056933,72.56078365448809,15.95420025183212,1.1805930504880706,6.67472583396389,-47.83729785590673,-48.920113435401944,-29.376393123368302,11.155470741251477,4.925732219963237,-1.371298106909478,60.53425471070878,68.39585689323744,60.29009886766383,-37.38499589108284,-56.91295698631629,-28.550474058317747,-24.090588284813535,-94.91433917275525,8.740156788886694,-35.13239113941826,50.16444186299873,-91.22004998074287,-21.830680708648956,-87.87352727333453,86.53275636922984,-33.79692305243185,-32.94606033981873,60.75526876592889,18.998338701392186,31.687075529611207,23.577035040065113,14.987244656686258,-51.886804943634445,48.153467666355624,-86.44327407915378,-50.489536689659964,-96.11781329314756,6.849613127323863,-1
-72.1491858430592,-42.894985656932086,-30.910722838897314,-8.751394830741106,-9.53102940007102,50.73917852695084,-80.42007253013519,-46.071727738995996,-70.78871722183757,72.133540074128,42.82875015459351,56.05508609168095,-12.353175235884947,59.36110196176284,-21.388790305874423,-27.6782450162427,84.05753100850484,75.29605802653762,11.6729567102837,9.733851911669092,-43.36811778909924,-56.50418588015829,-55.31796899981387,-29.72807540632442,-40.74001434507779,-90.93083211856113,-70.25136162235006,-84.35822561757868,-3.276581291898964,-61.23366524805356,-55.525433506131485,-39.55275521312998,-38.38746376899649,0.021992281439381145,-7.771585940460284,63.57443189511102,-75.49136182761424,-32.701491031560266,-6.900980281741937,-78.00382730967735,-44.85339644771786,-70.94949602603722,-76.51450346763602,33.97252747532039,52.36924301758509,67.23703398238231,-64.91296405408306,-34.17412008343766,99.8884220100042,73.6652206114079,1
-22.119012204224944,-85.8167617122861,9.85500162564972,-25.62040188501176,14.1844303600746,46.68118898292144,83.89382085666486,-47.739283018836986,-80.20189266225948,-53.41999313531325,-22.661062956773193,-54.575509686613486,-77.02093272421189,40.48887336798995,-57.51283049657256,-25.951075186829243,-9.785124645820616,-51.64237499933599,-13.82912273185886,-89.51011559676311,-85.69984559434553,87.36728928409599,-74.03478100558848,-59.021394190190875,-35.90444683056353,-63.30987350955615,98.2138229891535,23.70466723420226,-89.1985720124973,-70.62082007825758,-20.40359987828056,-48.46759955975814,30.40249453635164,13.138767946836282,-64.95541962279324,-32.43468206645264,-76.16754545710617,-24.075731782780622,-17.27011904147338,46.55542143884546,-59.84775188184357,65.76560861759651,-47.97712016316416,97.45697057910897,-55.146920871961555,94.70529052641936,23.930230634205543,-51.70180734103707,-36.07889972234748,-78.37980079782984,-1
62.79405390120377,92.30874457622193,-74.58874692846513,57.87659213772588,41.510566228043984,20.384990521394357,97.16889002210206,57.75898876212423,58.52418764148106,94.1465811820768,-52.52764081218655,34.91795378425118,-89.09004169334547,39.01058328425708,-32.595003007730554,-7.652518986201272,-45.89364052162435,-60.535215220384856,36.37756525416356,-62.571892134946985,-26.231253481820687,57.54421774654378,-75.77096392168627,34.62363001678045,12.532068531690356,-42.94836952361032,-18.009907601807853,13.707249624006423,36.30688695555605,-20.331409615756414,82.43484675612007,-73.66728816895873,45.41151649684463,-2.6446735577349614,-9.582050039549372,20.712614888193997,2.468789425774247,-54.520596759130946,-96.94301377253444,-9.936371652193714,65.62818021390217,65.96554571746333,-86.69585505483721,29.88984705887401,-92.89009565119282,25.869200555943834,-44.02806638992487,32.77473981049516,28.1636006435414,43.02985236166481,1
-62.96088642650641,-14.736341201859744,-89.65090406617978,90.06709333367812,-37.19992487757467,-4.112782188093476,79.3296326910089,28.08255454342924,-34.0971560283065,7.313011255779173,-78.8330371153547,71.5829061996437,-90.06058340566968,-63.20739788181058,20.72571801313154,84.45375197563814,-85.96317805733236,-88.02730389753111,-60.63310347070823,30.476226593384695,-48.01769208776794,-62.57584244998531,56.08480810334771,-47.090990000324354,-54.86073774203821,37.62283287366023,-63.92238369079346,33.843271363171596,-80.7628550736251,-67.67551220827433,57.08031379315855,97.65334606789273,9.61475999633383,49.89435316594566,-93.53349702035747,77.40073100444334,40.433489286097,88.62331935698919,50.20440111130179,85.21116957538013,-66.49365035563093,85.8883394148641,-87.29552049940668,59.70192448625622,44.187025087679075,-46.378356027285264,65.92495845231574,94.12819548412429,-25.489866657410573,-67.80218277267727,1
-20.81255476081003,39.09769183553007,77.68634102881921,-96.47371821319506,-6.339960208970581,-69.99204714182463,-21.29698747022239,33.33592804675084,-12.545530311340087,-42.739193695484424,36.09257596927088,94.13776324340989,-18.424119027957417,6.2620484778747,-44.611038055751976,-5.54158839452856,-11.541063703200294,-8.519556160050001,67.91979896955874,22.39073560366765,62.812474632260745,25.77049956407376,75.19337296226132,-83.10431420449542,3.0613075235371667,66.56073050088469,3.1527889032669094,7.465499499869651,-77.54105887564845,5.296431090173144,44.71528304732843,36.55968545566802,94.44810729312013,-94.62897375899342,-21.88301138988689,-33.36375430511349,16.83888449658268,-26.54946699418757,1.8485024903008593,57.51897726897636,46.69680008386169,66.86642974202664,-38.92667086559918,26.940659712175673,94.2299086830387,86.78193013818313,68.81714077378689,99.65055187786277,13.165487861354094,81.51835891720336,-1
-83.64819361022562,-51.06898907905739,-30.345076927361703,-29.446306828608854,26.315621895817316,-96.1922064941503,63.195333121930815,-79.81460499430308,-54.98062921752833,23.527563437557575,63.10729978539598,-67.2113300405122,-38.36265356073052,47.86526270133237,31.73552292876741,26.376225705854054,92.29770846586695,-81.39709001706305,-29.246516430187967,-12.087881282535733,-47.41408616194771,40.03306740619092,-15.441177021448496,31.254717448156725,73.00881296178923,-48.94843436823937,18.863224781184385,-37.50821256501566,72.89204680482896,5.516557283755731,-64.4101004109851,24.86891813345005,-12.356036543406447,-48.33685208555214,76.62947292289624,64.92601578751996,10.189443306800541,27.954217704824032,39.62664614627161,-75.79311577323232,91.19398645298227,40.21980116133926,81.8026868989445,19.85642522367729,-92.95228919571967,93.01265838903362,-49.42983191650126,-26.024394429762637,76.63128564910872,68.58061916818133,-1
-21.508362754104,13.663830215585108,70.80016469927381,72.15897797203405,94.368418295358,60.21757000318172,-79.42045319676252,-93.39293255382412,-88.16461882810624,99.934461312177,-9.702954322179224,-33.05864955530208,94.18713406624795,72.77300993380865,-19.423520436248893,-17.3207257573972,70.74394990284071,25.270213427177197,-82.67589710232592,-67.60040135615499,55.45693183176104,-33.693360442322515,-5.774746360266519,-19.23478895265947,-14.463603407729181,3.5909873887443524,-72.78975577158924,97.84569403685404,52.407203783052864,96.90547102494651,60.01439341335521,23.44760193575175,76.0598666174597,74.19318298235063,75.55651685327277,15.590932319105889,2.6053589950147256,-93.5197115146082,38.35275336628433,50.40997747803891,16.84161966341999,-1.3006301272283594,-65.88982114312667,-95.56331109617555,-10.440992166778813,-24.73203714971868,-33.16775737385554,98.91301462138884,-99.38642914260545,-30.92498322159662,1
-18.11766956175191,-16.215275041416263,78.02302726196186,-79.04834809230039,-96.65778125245474,25.337980445071537,55.379931175916624,64.52754940441548,-45.55406490480964,-66.91160167824981,-12.535606883601048,72.7127459842439,-3.120271266759289,33.11605381041514,53.04305674367512,-7.808095495719414,57.90884237915057,-41.4515640900736,-38.159397712888456,-62.40834614163124,-38.75333571071054,47.63148480320339,-49.923235868017834,12.580348658827205,5.33548234475407,-44.31310861470739,-43.30595369126746,-6.960121265118374,93.68869360422184,32.48321541990529,-21.34965880334832,89.30895442855348,12.086521622380957,-11.710443731189528,95.4379392417604,14.559944045127466,95.53764034981074,36.1298323447873,-49.90487452862333,-51.23754858991949,0.5235516959271962,1.4621366485961858,27.364110258017902,-60.26025665144979,-76.65519500401976,-38.02907977043315,-49.58081922151523,75.69361565368425,-21.377937596715995,-21.679166042384693,-1
-17.29017969492969,-84.91756480144235,-21.408238672663543,-18.131407234211068,-77.87884961186711,-0.20210668068540372,79.42708577458188,1.2292504760178673,-35.09641318193151,-62.752477418444116,-97.54264720832356,-19.414930626035115,51.078342621809156,32.69651986428818,-99.82548843748194,-99.53129203068269,56.94497692812044,1.2350350664450644,86.13292440404612,46.046448927794415,89.47029415794361,83.50060099782084,-6.878483739670145,-0.7463450636224565,35.172654368749505,50.021011891965145,92.34088876281547,19.466783669039884,63.60301651428992,72.23144328972108,-53.84186538757665,92.93105224594089,32.76061368892371,-34.1415657824852,-51.05566699545354,-97.47871238276602,36.093107419478855,68.8133309611539,47.95617324127974,77.87685017531709,-9.303588566650262,61.47341011786415,5.395229484502352,5.758349289398197,74.71203463375431,80.62002345003145,-21.750570687817856,80.01789576774999,45.9939810197651,39.003270382726186,-1
87.23095483215619,-86.24921871550251,17.57713838595633,56.59767145314717,-85.94247719401626,34.580472033079644,14.789235944350736,26.775893637664154,-62.54059045773879,-6.178488499035268,98.74936864049403,-68.99530871058292,53.41646019929203,-8.730117030988865,-8.268843424666912,-67.51412406025673,-54.88850021182196,-96.32416053453059,-38.37925854629469,93.11557376323302,-90.7487200327779,-37.21298213287065,-6.164257680265294,23.278859933678262,36.619955966604635,-2.382563078645589,36.788602269716336,96.44822763190083,21.81536805850945,48.26735865179788,-32.07723913550589,49.30334004210158,-63.37471452075489,-27.984157719861585,-16.626375101687472,70.67318313437028,74.10079479037171,-94.25756911292362,99.32291004659601,61.598114896093136,-75.0511101807108,-40.19416193182623,49.497594953166725,-38.313165945831074,94.22913835024184,92.0764525507536,68.77602235851009,-65.00802155880484,78.94343450505778,72.61853265664678,-1
-83.68501487772681,-93.24216981035028,73.4808226449135,-43.62124588013352,-65.69576238936429,40.54575661235239,-32.043628710936375,32.325893876330895,-49.025627738473275,-68.97515285079226,-56.139456921399876,7.551169752502489,1.1391332896869812,61.4887512843018,-85.97759505394657,-62.96185573462789,-67.57755869238942,75.92924256191819,81.35671002399476,35.53877147477482,-41.45954227338009,-83.29935035652316,48.16411601129201,-11.32324408138932,66.88061972318141,68.36952602413783,-69.24970448455738,-63.633701675330336,78.1653002738816,5.376619833859621,-20.853085894756845,-9.863072511127996,-9.672160770885014,78.0171489074977,-2.1969284537803446,-39.41286716132899,93.00570028248879,-14.150060061591091,43.9752220400909,70.9674309956622,-95.34934145613198,86.98788230438427,3.918279518153426,53.57303555528256,-44.78587581140212,-0.6850750103551491,-52.897250720637466,-22.063467241447484,-64.95307979534432,-82.88349855012945,1
73.69359517958256,-78.1035267862012,43.359543339874136,77.99949651622643,88.44013229530933,-15.976695608111214,18.07995319194555,-59.5907750408198,-71.18387357180961,27.19233599812236,76.61764481736515,34.249909005087204,21.94220769687712,35.4932970905264,57.268326799357084,43.7879989559128,61.40504805802439,61.79346200988371,51.997185936117916,33.68815029885562,88.73610206873266,-87.05551698910523,98.53105881847748,-54.88574873678142,-39.18980151304559,23.147089444692767,38.93544236924322,-74.23180198586266,-3.266409655294879,-9.154749010373237,-72.97319371351598,-22.364055495864775,47.70093277255813,18.112293077713943,60.30201034493459,-46.593967130009204,-26.939240607325516,-88.4473459911779,-5.197294395522107,-33.434010571286606,-93.36464497541417,28.530416747360363,45.505232676047655,-17.90629090170988,-15.415022860288062,-16.40617308060213,-49.664819937559066,-42.06980042150117,15.863373121451588,10.849940601537298,-1
-43.343119301484535,-6.1879319557692725,-43.022272219387794,-61.392767557135784,35.95131753647439,-28.0964615754919,-86.75380230689387,-37.34154936806888,20.57319504489182,-58.64787027057265,-40.16296124733525,-58.422650217662394,-68.82831521932644,-53.40732234577323,-16.382355781675415,55.02207559836839,-47.12796640418819,23.3467694728281,-5.062516565119026,-97.57112967245212,-92.45516269498704,-59.9994252729795,-37.436417878707,-46.871336158632815,-91.47827713455194,-20.41501714406273,84.24495211682802,-35.13424476606795,72.89398747082066,43.62008877119993,21.432528547959578,-88.1611221781025,66.42734031535164,59.97583172682761,-54.001595249667055,43.02358234092833,32.27964786712448,8.785997960869878,-71.81821609187537,92.73353136042621,-69.26176497647123,-17.93277434588593,-1.606904252512436,96.07783151445432,-89.56173402342482,85.70720160849518,81.5381865825284,-93.3064354716558,71.96871037071088,49.233171678106515,1
10.381367754897113,88.59655681422714,15.14386106624086,-79.61361864388599,-91.02650738748004,79.75184519599495,7.91893074700576,9.215766462928883,-3.7070163666306826,-91.13350399598401,59.890823737433635,-12.815667801890271,15.420394128309226,-49.25778147066659,69.06959651354828,-47.828752960898704,-58.060106205672234,44.34933780619542,-75.99301112626569,74.43552126019745,-73.89771646646,10.984333462533002,91.56190254421671,40.66126754937858,-63.552855701162294,59.108710699068496,80.24273818553476,84.98598607465328,78.85930613603517,85.25155454939613,-16.121260471706165,2.778885558964234,50.06645017376155,-39.64799352636466,48.166963191444694,83.58063935713713,13.479693804316412,-66.42575351648618,-52.60014282302448,-13.144136448393624,-87.0813700141359,-4.199066987018014,18.204163949343922,99.23748835669514,41.42351916693232,-45.625379612702034,79.84026769497234,22.14128919794392,1.5335470064557768,60.15980870441817,-1
-56.34922242698717,10.342474403993378,-73.73535004713652,55.69366798303702,-87.77858430621339,38.967422926062625,42.88171917075795,-0.3308065617273286,-78.73026687003357,45.82175368256952,-85.0310921317604,16.57082888403258,83.466963442133,-36.813886216159574,-36.33326131551027,58.22821605932461,-62.40246404702452,2.5567886672841666,-14.526117381672663,-89.64513965250123,26.048939207264567,-90.82278990369974,-91.32855133724291,66.33329764552812,52.04366812524839,15.267267760684476,83.99594966054607,-93.84012081424133,55.10750106975644,85.75474121313152,92.4287353426468,38.38268545804041,40.607680189355875,-58.922693190603795,-80.32631557008085,-58.135839517999074,69.46822252418815,78.21704928980014,72.63120346889096,-97.89863333881968,-99.01631073697006,-34.09197687990596,-67.27357658811835,74.79616018365488,-36.251650836093276,21.283197005640204,-29.29702384480781,82.25506303558006,-30.740536945236954,32.202362147241956,1
50.479576460757585,-45.5065631933808,52.879840512514846,-38.779207968476626,63.09994542070385,-12.070849715052546,-61.06811909417333,-22.41880075237978,46.4535874220671,97.5391012479908,68.22552162106865,-77.15895995536792,13.917389164114425,49.93271943183083,49.45627952314112,-48.489137072232815,-84.88268940294752,-53.837581218226745,-33.55874648727388,-30.2333061608215,51.449287652014505,63.4414259806878,-3.6542083924445734,57.488145650013706,46.70990634537645,-89.22507402850432,-28.98274475429679,-2.9120333159025478,72.9129687566411,-51.62466479973708,-61.436375557789006,69.55598398270985,-26.4115866652171,-78.85993419894999,42.75199289260408,57.922915739338464,79.81716512594082,32.25395072448188,-38.63140229153541,-85.43561422872527,-42.072967206881515,-5.026398177713261,15.60741445212821,17.40900727217756,17.498346295907922,73.5217525298529,-79.5288210072683,61.52897696490862,88.39303484609849,-63.203940895778096,-1
-26.86385034772573,20.751028767522598,33.285322829782615,-17.819588202282404,34.30555756281353,81.43706434683514,-7.765525265278612,11.845423338279943,28.706611707475247,1.8882293349561223,5.340334149808996,-76.30758561047685,67.13838524250235,-3.181261004362753,48.586969922351926,46.79178962325207,-71.6909999793944,-39.33228774605806,4.429190587146508,35.888986388630315,-81.69232557229414,62.166291550405816,87.60723735840082,-7.989125028115467,71.57187157862899,93.91347926647677,29.629174903251027,88.26151893284282,-57.89274469045325,96.3809945823674,49.04103730048723,69.83813552886275,-71.2924053383436,24.771156725407934,77.52101397354627,-45.7898606913687,90.09142613795603,1.8703746621207813,-81.90508136728263,-85.55355777487318,4.902327356442299,15.378716827772635,-16.22187532694109,93.32083020279737,8.330770555566971,26.862903769811126,34.157941413390205,92.57252970307283,25.381048911493437,-7.692917492219493,-1
-6.958877543256364,-77.35375534817493,10.355856745139079,16.22958299465209,-80.8920709005379,66.64544165435817,20.74177405608664,-47.6183675699061,99.3285281642622,-88.2043575553187,-86.95746508333049,43.122441696116766,31.227475574359715,34.730856926939055,-0.9664661611136012,93.16038740905407,65.7438460053435,13.991192317959602,45.245913590279855,-15.28449349584369,-83.32601146766949,19.320875400204912,21.568919663281065,89.66245214465621,91.42440504385962,-82.58183974078688,3.580084142951563,52.137948986098394,60.97000048335903,94.19550941110123,0.5021086114319644,-99.1423032139372,-39.21237455457791,-54.55613826757917,-49.495284376380575,89.17610400745735,-33.68112695064123,-50.30197666496778,75.96570193348546,-39.17397220836057,-96.07451065733326,-60.096096850889744,81.16393352228638,-95.99689988399905,-27.104445254310747,-83.68145107891256,73.87146758190502,63.85447948726056,-86.65259043951032,-32.51302079158391,-1
-55.58482586133589,45.5158644269888,22.242866239766016,-13.865285703508974,49.71714534236054,70.63247841003962,-58.43423914137604,24.321319517416413,49.99657930452332,50.908303893834585,72.12969509367409,-45.00560863405274,-78.97659791889113,19.04363165455551,-93.99716539084024,62.22655738951846,-92.23312133581709,48.89812729595917,-36.82970136830879,-4.451341037028939,4.1430592022616395,-5.138637152976642,85.88669506772914,-95.13345936115687,9.155572477912258,-22.584088192919594,7.946854344502,3.1581515245275824,-94.13606596379888,24.18128207184725,41.091966147132666,87.12648793175134,-96.84477405450151,12.802948553452026,-98.72476090475448,79.30378304351814,2.0000641921403144,-0.5022870244478526,-37.844887919642936,33.326050520958574,36.48799020329264,4.812806457416485,-9.382548237570234,-29.901788503913608,90.87971719624082,63.095644123962046,-0.5017445116364883,-45.86471621806027,-66.95195588290836,81.09052274388111,-1
68.72993281036474,-93.83507626012594,79.45653442710437,13.467985913787132,-79.49037481507068,-14.985850902318006,28.264888213431533,40.814006913400846,-85.81941261575264,81.60766233405639,-59.47044713893619,-66.55527923854103,41.64766838928196,-49.586851748615636,-49.47953176926223,98.15171071641109,-56.16316186613815,28.20987876924002,81.8614851371872,-85.8592516243977,-21.35839662718213,2.7373489355050964,98.84817948681106,-97.65835835406949,-99.8521327287975,-97.4198119106003,-65.76180768730784,-83.05781596741488,-29.148097152705787,28.32307384498361,29.480424768079843,-16.976309372318113,70.72450866489456,-1.019982708914327,-9.898655321465299,-25.448123215276425,-31.101025887555437,86.20974572885831,79.74261228826484,15.621606289000482,89.88045490613055,-70.24991080130658,-85.53485717291416,-91.28002184375109,1.6594538362818554,-16.43822934642685,-92.52608090444978,27.341034955362687,-2.2188204358982944,6.430977194071701,-1
-58.97207190359857,-18.645250285598962,-43.88195680512621,-53.87307086771733,83.73463451559289,-21.34526846820218,54.736912598885,89.16227331162582,-58.53921911877671,67.26403417502257,-14.454049136807782,-68.09310117486775,-27.430654688808914,96.66133324548903,-58.9315249048656,3.797311769834394,60.36626665169723,85.28803804875307,92.93741142751622,-24.16533446364309,18.37331179613777,-11.733012987862026,56.07089475765147,62.9214987270114,-65.91794828205136,-82.25518610159043,-11.592952408132746,51.1047498274736,-43.210176638700545,92.10631793802068,-25.21633895864528,-16.59995720817986,51.69181599309135,-25.971671714159953,-57.080817405180625,-71.92853555293877,92.46302597443525,-61.47059368281551,-62.39593119446807,54.64658859574905,-47.936697506481394,-10.734951455499825,-4.041086378535326,-85.27997478773935,81.95244453983452,20.18137861672875,-65.45725608967729,75.95205393330556,-27.881363436140433,85.17098799825399,-1
-93.97922555773621,21.151897871794418,-82.86716119060543,-20.43688097554825,-1.6506299791679595,-85.44969494467365,13.935317314940221,83.70609035715694,-4.513901549407024,3.980705658800815,-0.7260374004279413,69.59062864032632,61.105738986428605,-43.229145676685455,-62.90749806288836,70.35897582506092,84.41026762065135,-57.78154264303774,27.846855189553395,-45.070999105195895,74.03807388145879,89.51056454192044,-15.159082298318566,-90.24016668136088,97.87796921584382,80.01286532991216,23.78796862569243,-84.76675760371964,19.23837329609104,-88.50632351232952,-18.86673246751829,-51.061541193679695,-98.52850239505342,-9.904548648992332,21.81145507833257,-79.88619076085135,-75.36085034190691,-96.93250678625193,-0.8696353336483895,-71.03420665576013,46.508469575349096,65.97844527860451,-96.04982963983461,66.98659090061295,21.013344530768435,91.71319472712972,-79.72543360797077,97.92910599441376,-49.70978322043544,-87.16936636490131,1
-59.90509689431944,11.36367205566151,-24.84813043920741,21.91216438096197,-27.830014744128206,-97.4686459576275,73.19261296859804,-50.321829112936875,-73.33451613067044,8.295370398379603,7.74008340639962,-29.761987161800235,67.63208391270638,-99.20944590034723,87.07037304138444,92.71943431272624,-61.094905505273566,-74.84372150842897,80.65176830168522,53.67320249871284,-27.105937583502566,94.0594320338821,6.281838516377064,83.49453640136156,-11.438854629058497,-61.80439108752407,23.10349014793418,38.75738497313944,73.28814857962598,8.185297112678441,-39.03277274650006,44.31784820710257,88.89651962156114,-31.520822801720172,-92.93660347946813,30.22473613448676,59.79857475881926,94.82876050581302,-36.695454790405705,29.436637367435623,97.03194405520881,6.414927165820615,-21.822565408659884,61.41901135342374,-93.1810853540184,63.25838339007893,93.40011895378174,-0.13934750403575435,-68.38920845795292,59.252450807879,-1
74.60862940304068,17.966878887951125,64.47270276248611,16.80383597356918,24.911500502418235,-1.9372362073397227,75.3894843879333,19.15581568356346,17.691824564433148,-64.24294339717903,-63.41091933671545,16.865782120414764,4.340849644689698,69.00632004481139,78.68537616746968,-67.23870014247578,-23.588998609671165,-97.00147886314825,-47.057365102748825,24.610037563019915,69.13857186418625,-49.35832566795912,-69.7182309165104,-62.56178394250429,-63.3215002476357,0.21688898043117888,-58.84497565457887,-75.3698569800177,-25.765483023789912,-70.71969999971736,58.13846855345693,73.58168377318941,-80.02323300091106,-20.67198296440897,42.652904952675584,-0.6893015209417115,68.10504603196654,-75.9313636550763,6.065044313245551,62.14246566221607,98.53245793799653,52.68531353905854,-3.5430171479688966,14.601922046929587,-81.5704114656366,-5.831259013571383,7.987212897495979,90.22990564831335,-41.93823805989456,21.115482356285483,1
-11.490897037050885,59.01457623623281,-51.70715436015678,-36.214856913622114,40.584199612393604,-2.863955856092275,83.80573027802163,-98.69309197141818,37.32262919373517,-84.24813199997143,-15.563761071908061,70.98644347456806,-14.242078483689951,78.7442126491159,-59.41451919518423,13.420282886145316,50.15015322112552,-50.60564022528269,-14.146077654878837,-75.42311633048588,60.49320261980421,9.245984874760055,33.69629502220056,18.640412580601236,-69.77744780713027,-78.66461747647342,-52.76788687398613,15.742982207214283,4.846284821290041,-30.738412018505286,-97.87916602450714,-47.94873078445809,89.37310121896886,-51.83089621275712,25.065685070002957,-26.929157572080825,19.459292608160283,41.2360436069919,-74.09140463572407,-70.90815444387768,66.09228315508872,46.6971184563821,-89.48114593370006,75.04419990547206,-51.82890515180152,-64.50462295386912,-58.48172911526866,74.16705006923371,46.26259668115557,-82.90380888097047,-1
-48.58746156215825,-81.62993255415981,-46.86430689943255,18.668731437694348,9.97671189755043,-64.88325743015065,60.33774319946522,-78.18466107998341,60.58357859204432,-89.7612731579349,67.40688894677638,-84.82230826012741,-60.78707355874349,-28.849080523797426,60.86505112859112,-70.4131412989897,-22.502896525174904,-22.33984068789003,25.642227734394524,-36.80589172901092,76.61976598473757,53.24415501672297,8.824918585290334,79.93863422443206,-42.47130382183335,-31.35323835050363,-80.74032157536087,-23.50888133132905,2.1915315547700374,-24.870795104246383,27.742568178881612,13.159129192260636,5.58580803494084,-38.51105784784812,76.24466818215564,-33.93476628288734,-56.454770588366124,35.11074204940277,40.54142221660706,79.11664039725846,-80.91639145971277,-74.62165265415585,65.16502868825808,-86.11517117217433,-44.285292326538325,-64.79634718095451,28.37160495230276,25.650170706253476,-56.349926299818584,-55.45058673470806,-1
-41.110221586082865,-22.78981286963284,39.805482808419015,-93.3624739549997,66.73944339880524,55.56599582804077,-2.378881626235227,76.69838303954955,23.120587610141257,50.757139729916446,87.80376584694079,-9.12174504804679,31.750596806967906,16.60317629835002,45.10120404633366,-95.4690274493396,-32.25388136850779,-13.924967407033634,-93.72468503423568,82.97655010417697,33.628750699079575,-33.23145851600668,-58.32859734044267,-45.868632731941574,40.52770208786083,-23.692171286200136,-72.99984867336138,61.23609151012761,30.73626869621725,25.654450273156158,76.89150498909254,-4.728011163829834,-54.225960734092915,3.1700620911158097,-61.92976698589816,23.477204200966156,-52.29833064658085,-56.40520011875698,-84.16214693377864,-94.02464756246182,4.957676420870243,74.14088211265889,62.062803110039084,19.46076422073999,77.39023858024467,-19.174197854277494,54.38518448763031,42.51625961731517,-94.75136996061728,-39.01602171847585,-1
-9.13091538646897,-49.549433228965924,52.3939489194307,32.02388885262607,21.554644775480412,92.59452514854331,-12.396895550071491,34.96491516414798,54.91820622211989,50.97794232925358,-97.25388168514164,26.620800803947148,48.398220024339,-81.63654323897859,-21.916611367091775,-87.24358519556822,-6.315559015042595,34.958317290023956,54.63864896692229,-83.09029457794975,-77.6338059354176,-10.324229626010052,60.86758952292354,97.88224338783687,-13.124061686557468,73.9860836517922,93.62829555572054,-94.7912292623707,15.993497557524279,-24.171713941170793,27.487289064562816,-70.38569123963778,21.509597866425906,-5.65425449490408,20.479398773709164,70.91886367364486,-44.00516741212355,-85.84012507473167,-39.5477982871709,7.125743291813521,-24.956661332140897,-84.84936303476107,59.54604118166495,-97.03154950385951,-62.17078043447546,-92.24857036537047,2.4275844428824627,86.93357595148598,58.15234732448931,35.75071169045984,1
27.280274036681405,-62.172260734651985,82.41289057527783,57.23368428987425,-96.6138499484684,-68.64453071512646,69.25172243818963,-78.12104568519614,41.48445873814211,-75.07065021661498,-79.29830703947836,-70.14604160858428,-26.142531289465666,39.76191866393481,-34.14343978613394,57.92335160436096,-96.20556461491911,80.35929032112784,-9.874181253135461,42.534887912738526,85.59528034701083,-92.02971125991988,17.352882395623624,-15.116596808790533,-31.690474969004285,-46.98915079940169,4.127852966883964,-78.5959337697532,-40.27531601646432,80.04905523932129,-13.078136446318169,10.6446823677435,-28.376676915883962,5.3405474895557745,-69.11715976499472,80.16232015308032,21.820129072022908,26.684594247647084,50.94164533942023,33.63128623941495,0.6072209281192613,-9.919444500241156,76.72524077429824,92.42438317085782,9.694522591063873,-21.358334863932726,28.04443622560433,-93.85332987004472,-87.92620936111291,-71.20888557740662,-1
-71.39977546685472,82.203139995844,77.7184989246584,-58.45398355964437,29.22607367344108,61.18808059787105,-10.881229093116175,-87.68589527056105,-67.83165301638428,22.24074488152317,-76.63687930667828,94.01004928430226,-11.869536385647564,-30.53392481149713,37.31569834524359,-12.015627426255065,-73.44530400010436,76.95835190763765,63.319295043980674,-38.42503313807861,-70.60948090489283,-91.5672330377397,99.13174647461491,16.169501673070002,6.825522627350566,79.50988878814834,-23.48087254730737,-80.25714641719055,-96.9740733717028,-48.57790291007027,-75.87124097745286,-9.387719208692573,80.15423091816643,-60.25090121013128,-0.4964833582916839,-90.40433468841714,-11.699043564387708,57.3061170162577,88.18848822393028,-47.94716827685694,-26.611808284517195,-44.84297220117166,11.411082009757806,-14.316209815451003,85.86544403818078,85.00784834393139,-17.691937803024288,-25.068324171661274,-74.31182978534459,-50.49221545201357,1
62.032217991940485,-85.0508192727369,-0.7940211492911402,47.58960165666409,89.40715756741088,-57.77516115685095,77.77037154488099,90.78724974509876,-78.36736394030008,-8.39234076819099,83.16112282033566,-38.79437111427257,-57.4484682738982,27.214879748204893,35.66983902885332,2.940498695284276,74.37046449851132,-0.5453960162733011,-12.825329810528245,91.09225729723804,19.366660011914476,-94.55741668732904,-74.62170150651673,0.3114982744067447,12.891159714232558,91.61294753366761,99.54523973722183,71.78023893529638,-39.61073820090799,88.64960095733954,95.09870301411036,87.64569067539944,-19.409746830852896,42.20612037779418,88.4559439741241,-38.731951056306535,75.57855558158815,47.16232173658619,-14.120503111093939,43.33715877370287,-44.2507537567181,-61.677011430638906,49.504494726766495,-25.869592184700778,-23.01377088095616,-94.93582997481708,-6.929682393616247,21.53687425025481,-51.1165835540988,-78.71681039641487,-1
-53.78382942510076,-24.167827204011317,-9.756937344320747,-34.35876628571552,72.33345173565067,80.29790596853917,-4.850061253921041,-51.95969482921004,-92.04772488124182,-34.67312255473823,23.6970668865506,27.32528182741936,87.38969780902158,62.37321545750581,-17.058391007104177,8.954021420484509,39.64439992544655,-5.285181068640327,-83.94104889670093,-29.472613883699708,-6.802158787775525,57.150752118843656,23.2390957334091,-38.75051619318337,-15.201206461046183,-70.25875536097475,-83.50801247056063,64.50182468836297,35.893020381131635,-8.129706504857893,28.0355341431042,11.532172861749885,30.192070733118356,-95.33154212637658,-92.72698865972404,77.32815295065822,9.951107684436494,-16.605135055833742,-81.96264956021959,0.6676390260672775,-73.13218411139573,-58.7875048248866,82.61773517733047,-65.36328338380994,21.942261208104156,40.6893350165212,94.43856285463843,-50.740163954453486,75.82565968999688,36.30480499922123,-1
97.32791570023508,-56.4824120136711,51.912366782781646,-68.47279283340389,-46.45255624508706,-32.62108696418842,52.63579923167708,71.1868864720299,25.960282418325036,38.61370045368179,50.597399920861164,74.94220506920274,-68.49948380586821,79.03609260893896,13.96152075559074,14.291216117840392,22.85889132887729,97.32904620323387,28.16382382069787,-71.4012599293483,17.121634779273194,-63.79661029488797,-13.874638337048765,-58.23021733032081,93.20430066402986,-70.91001963799653,62.36051920600917,83.69453618126136,4.639000848464832,-17.371153437436092,24.30687639778182,-62.15340572938586,83.44115372856209,4.63753672047342,-4.113929077076534,-97.25837483023594,93.27297796595505,-82.35086382140977,36.28491856154011,-85.96299382906003,77.44787101839984,63.99123814598303,-45.46191585730086,11.933013953261224,-24.31932530790783,39.57094976150455,55.0221786929757,-25.961414245443308,95.59056340086147,53.626036737549896,-1
-3.290870656015059,-82.77677789872524,-15.220049600600348,3.3352785210684033,69.28824169666976,-6.52150775590448,10.475801652893395,37.05638724243303,74.94011229911945,61.967748224272896,-62.67653597901557,-96.31132880466163,14.615933968392667,38.17004477032634,49.54699899848896,-82.64600141375837,-89.40449816810326,54.838674196415894,29.547748642371317,92.2927514985978,78.16601754308513,-16.222917673321362,72.84812338876375,66.58202418513946,-12.89232900291826,-67.87470838674376,76.21532808366578,57.76239854913564,32.23088272831552,-93.6277645208883,-79.96941426686143,49.08415942298541,11.227853161279299,61.85871396999869,-26.168912186553356,-95.6452931792845,-58.53135955353102,99.44319599685838,75.90679881414707,9.436584445073805,85.12470883982797,-55.66810943225305,41.33244893762463,-5.309875922198202,-93.74291068688056,38.324052226774,19.373213126700236,0.9336046127765201,-82.38990257343858,-98.23192917783783,-1
56.264371149461,19.88610840552434,-50.29279959743273,-90.7933727716563,-16.1483803148772,-58.54586679630951,38.4026781137824,82.3572046978467,-52.28583487780676,-41.220702866542844,56.51841522315891,43.194356848223634,-40.952582692795005,-60.96234890067258,-69.33724747298783,-55.334784068942525,19.807570771606308,3.5633922933847657,38.35533648185813,-46.25213272278952,-86.5737251302609,26.93646605511863,-69.10137680910707,33.425694302219966,-4.3192768252111335,52.309389009540865,-17.383188133551357,-69.87854149461943,-83.94702170079746,76.90103920166234,-85.15807128460406,38.34509934196316,-52.232093994139326,51.09003978879855,-35.679667628052925,11.372795461300782,83.10539269352964,19.194216149098935,-59.99569683044565,95.98950005440173,-15.971245520415025,-66.37164980082042,-33.20613973897484,-90.24525133873713,84.04932522403078,55.693057947493116,-5.634115337628387,3.551334216735455,-21.374403297594924,-30.694260923139808,-1
-9.752131163802375,27.480922452236697,9.574162127443955,-25.20594814453348,-10.733194855872412,-94.22474614685272,79.479334406016,55.311656935206486,-45.71679152881909,96.47375324659328,47.13207802731705,88.91428298822385,82.90257728885814,-57.4936459278569,-41.48643955306242,8.587420508678974,23.11528347043128,-51.45675841607817,-45.230836850391796,-55.97759097825523,83.0337362767724,67.71508162507484,-61.11716545471035,-22.270144772672595,-57.3841461288664,-29.081547394404012,34.76796796080379,-84.14308176131291,95.45577575658817,-44.363638593088474,11.189777025102316,-21.084662209751983,-64.5645628135043,-2.941116969486984,-31.33722430033805,22.1820614474302,76.59927466252523,-36.96236687451129,40.428470810026,-62.240987231908406,-95.09669263724825,73.68083836861047,18.550167930266895,69.48202694714999,70.62925879622242,83.61105869577386,-61.118297145295884,-74.23165220869643,28.95084486534506,8.97333837785763,1
68.54238043211097,94.24398237709889,-68.86477489160492,90.1363873614165,33.29124991496667,-92.82406364223019,-51.88240687149228,12.66258090686729,-34.35545910197986,3.659656737248767,17.816542062919353,83.90157243869726,90.84692104161581,-79.47060311749576,-85.41450490542138,56.847323047102805,-10.071717916957198,-46.2519651303825,-91.72462949108153,-84.58178775894021,-24.693287151870848,4.968982430918018,-49.47051763379204,-14.936893988273297,66.69575458191349,-88.82241916277904,19.29528047944116,-3.57329320379111,25.38535445526942,-37.40188797977601,-20.263705778146374,-49.04617447801871,28.779533330032677,71.17422455382172,-17.308792558873037,-45.67090257285222,77.80177134804276,-82.67619289786204,42.118344671726845,54.5629843672026,-51.555103432747785,34.89299657672416,29.354987501590927,75.02872851328522,94.24115077508239,-30.07579004457031,32.23748152195509,53.471501537026455,-49.80533393866169,15.652028035146671,1
26.680751302084687,-42.95883946391719,-81.15138671909487,-56.66315120219947,13.385990435936918,-89.45958108251662,11.007406111398765,-66.18728635939996,-65.41332600833385,84.25894026528181,-17.84076786326672,38.3037440200068,-86.39338111891222,-76.52405999439331,-30.426832782301034,96.76833673528219,72.96792285253869,82.17372398401034,-94.74385830330003,1.3088279935054459,-69.78848641150947,94.45975357400488,98.43270061655232,-56.39779096507016,41.611718476635104,-91.99738195243296,-88.05440057674683,-52.33276539524778,33.70456167337832,4.13182797719962,21.981986696320703,49.27981723083897,95.21608760948277,-67.5895321501955,10.970624737721437,27.816413090037145,-53.06893116447797,-18.304647840486325,44.26919127605302,29.000417384555647,-67.07719669913402,-30.8401643047645,-75.34358437132303,-60.58454362070551,-78.48761198295989,-81.6051099748664,-28.161417927828666,83.614791765722,95.66888524370282,-11.505893547054669,-1
-38.55671659574582,21.88905946545576,23.2583580508922,-56.22630153409063,-92.1432635546419,43.86456386222838,-28.275916476637946,92.08036377216371,17.874095186398065,21.370170637830526,13.879675488131468,20.977121645764086,61.74080722957103,35.32330627786834,-27.305462201308117,-92.19192462712267,-34.80466720886844,-96.60015803125599,17.88700613474367,-4.572810342921159,62.76861324614677,27.645963362224762,31.898763753706845,90.62238844341994,-29.265853632215453,-38.40303712761515,-40.064617220063624,-81.58317156617369,28.101597076306916,36.09773499943421,24.725796198180177,60.82836708378426,50.582156546904685,-31.032468002937776,-4.533554395303298,-94.33515752372419,46.83384639088166,14.304313178737885,95.05730142767368,-61.214310507273126,-0.7367950400614944,-22.315617802675774,74.26250293016975,84.3527194401203,-32.78192032053373,51.81404800138472,5.23678555672609,63.37478940139812,-97.7878720154782,-79.76689561214462,1
-63.155032152394774,-18.391907679436684,-46.497628529226674,-14.606721161798149,-11.522176578508649,99.0684633217646,30.438157026256135,-47.872630537205275,21.943320532660195,-33.89590014429626,49.99266893440202,-22.685163427536708,46.050575069420034,35.134671026915015,0.7638257094289855,37.14135234251509,18.997057837349374,62.610072415556914,-40.639916872118896,-72.9728329027786,28.017945521633806,-14.442573657172005,-33.718173986195296,-97.8558623298718,-14.78704182602364,54.85192281549416,-53.56664932184856,6.166737505377839,94.8728494256356,2.402287421914309,-88.65292026100992,24.860734883156226,-11.078332330652188,87.95316255164119,92.79130829104358,0.8709551388850372,-60.54287145115247,54.36075522386619,-58.58283361343894,-10.912172397280202,-75.69229220455739,72.21243842068753,-83.16982436740037,-70.00594195935408,60.48508817116698,68.95560951111278,-24.915542534974904,7.975202040111839,-18.552341157702813,0.3219388987856462,1
-54.271438899307455,73.59991837901799,47.59062405058771,-90.29330985406621,92.94751192039357,30.975347766277025,75.48638979128611,-59.25508797177332,-35.046677132196265,23.9305043809412,95.63571224796442,-72.3005348853388,32.57780472243178,-26.733785441689847,47.37577756354159,-54.30332847218131,-47.53659358741038,70.4486557147811,-95.14911808437279,99.91839561720144,-56.121674094511455,67.33431582395457,75.76453809328927,-7.168793605460323,80.81580262315003,-24.179318995799548,-72.0141227292468,95.11909287382804,-3.187134327919793,49.58388839381996,59.78497026714115,-2.434493418505099,32.09769794714566,-71.0328439152515,-9.245570799442191,-31.305111207988446,73.25297417048867,-11.54760064960226,-79.621055766372,73.73965751118345,54.973758277943205,55.018379536552914,-50.163626593332154,-1.8784725132197764,13.9629271618046,-82.69791569861522,-95.71124771413247,25.75443167878386,-87.12960719421599,94.09122198458672,-1
-76.58659671447883,43.19693870834482,67.54581972453127,-42.910442560026894,-98.51593842386997,24.16081705375872,-87.94854182565328,-66.92783256392809,34.380536396746976,-49.73625194833113,91.57918122488275,-90.2005393106188,-46.82373704928617,-40.959611202821655,-44.263291021644235,1.0519353693195512,-39.511048917580524,47.24416365511553,37.55339401159242,-58.83219328137399,-2.258293868521946,-74.03911626273225,-59.277499179841286,-83.54440296693409,52.9420518123988,43.625213190481475,3.9404997025279016,-64.23967593263045,-31.173312572587577,-27.165646734128273,47.26802582002534,82.64835860146263,-55.77643861098529,72.76349465095174,19.889577510011904,31.890236075661647,18.108538799638012,47.494584310993616,-99.61804414263544,78.77094273717807,82.44773023460877,-51.16051740994343,-10.962194012800836,-7.215018590013727,-88.69886360611918,11.725690208633651,64.51200174032076,29.97408361465324,23.444683468324754,0.657187091972105,1
9.335452979462346,-93.91529206918288,-86.13674772573663,56.95464062847685,-52.70808478752886,-54.25727897287083,-79.96291913350598,-95.18863065324521,-53.93808458273932,-37.81863832151833,39.314846998414055,-84.19802713847466,-14.67921057558506,19.903906674522005,-39.7459855084225,-7.193095134118636,-29.380131132496558,41.6176350461993,-17.592555301896653,-6.570891679418935,82.43763047691365,62.70376938054446,-35.74834780801643,33.87931334576905,-97.433818401397,-86.51138522402809,-27.73585962383396,-91.64172542609607,-62.323849894005434,-57.74096845712544,52.905603331112104,-78.72092520474607,-72.32696647765545,29.79809577869159,39.60210808609105,70.32201488499373,-53.340541991422484,35.50872753597369,94.0827702621238,69.28605306702173,-82.44902544073096,-14.858416188796596,43.948228317152655,46.91434019218542,45.08595558279865,-2.6971488040278757,47.31945978599376,-22.72632193821049,-75.37048575338885,70.50141681360225,1
23.877993873300383,-48.63368508658827,-85.27634769326366,2.079124504019788,6.393792155836692,94.8799664318291,-2.8918800266034737,39.04729084899816,-27.87530503858156,41.96072862233734,-52.88626963945531,88.10832203871988,55.97625889371179,-63.132564016644885,-58.23607504445163,57.85153126594531,-82.16753407745867,-48.98533011604363,57.16757749566443,36.83855033984861,3.5687446210226597,88.86092775212484,-87.29707529042348,29.837515807431117,19.207162410078183,84.07310948164402,9.260486102282144,72.66682252492171,-96.06648953827911,35.57740185300719,24.933504643880894,46.7409520661065,54.782337729489484,35.22275059420602,-49.60163170271819,-91.91300452511193,98.32637259646955,-90.47383133286668,-62.08236608795943,62.6557072708365,-52.834447959779475,-34.15323542398474,89.45923746591083,-86.33607150286247,-3.0694509731459902,-82.87453329124928,59.00008656179082,53.17604491838722,-57.12856707288536,54.59963862154797,-1
13.791096656370144,35.42549771478039,67.7762161010242,62.42090777281797,74.23928744368146,77.02205782162295,73.0438347044124,-69.76857381724662,-45.62137502240087,19.243903199676865,91.61905671738282,-69.77233497209156,63.850829649807764,10.944735706693749,6.356927266054697,87.69867192497071,65.09627620803272,44.40284647871886,64.51768264621279,-97.60540668272716,88.48003120921521,71.14723897995373,78.17140886109786,-70.16326948924063,62.77734140362051,78.34690356478808,7.790520023985636,52.576818495217964,98.11106308192745,51.53666198266794,-26.321566563905606,67.11010404792489,-38.79153307506014,86.39352832712319,-83.33707369467507,-51.748246684228505,37.88336439728229,27.924296468000634,28.8841613430767,53.39408985214325,61.18345639017954,-10.886850442961801,29.96953381545174,24.88657171384439,-9.486399949192688,-27.24664416360997,23.200302347174244,93.50882190639379,39.19082086708826,-3.674295257910302,-1
-82.60264801771797,1.9452150576359344,67.10710025363335,77.74554571034292,-32.288437489004124,-52.75370093802243,37.511348213760584,-81.77652512676055,-45.31624417209059,-93.43102345020047,-51.26217246571474,6.923983323194264,8.535036115535632,52.35756332311456,63.80378211507599,81.9982336470523,35.83314796490848,-89.08771497418778,54.067330453710554,-70.01063885106419,-88.45835066803618,19.404665872013055,30.91057409854932,94.35681119030443,94.53469506411173,28.357143659371246,58.02867478785197,70.63685182484448,10.533387964136296,49.9844166365921,87.30385645280089,-93.2555050735562,-18.404860868240462,-33.613273787942816,-5.656896688096765,-24.993130967408092,61.70041341131477,-14.52136633411321,-40.97767970318857,-23.271100565226817,-71.70797369679602,2.539774817300483,59.49069987467925,-70.0296058120928,-32.21232906233928,96.79923780407827,-4.3471659272737355,-68.16118351595986,-98.58019209140087,-18.47549637943932,-1
26.69564396522945,22.899892051038506,15.415488526353087,-34.12253560268073,-90.30052622121237,9.507613409846627,41.238469659630994,67.16847303030846,85.72835267650993,55.716694370269124,72.71290646864855,-36.71649624431066,87.28055991429079,-32.1391685029117,67.49112893426587,-36.56635524775134,75.37040609653221,76.97325986131136,43.59133106326658,0.8721113064036103,80.33428207010613,-62.349465823284845,-43.95516797649197,-48.56875131200966,29.63591952848998,-82.99549963958228,-24.1841000039321,-96.82804689298696,-25.471302514775545,-73.80354460337107,-12.522169492653319,-21.749583266755423,63.57890911568478,25.981397502357922,89.08099227824039,-3.6663038717067593,59.44151853668498,-4.951361362575142,98.32967767754667,-21.18595955642806,-33.21793434664468,-36.70527830509289,-47.58059705342714,-91.76260445948783,-33.671571775507104,76.57323072284518,26.141205940742566,-33.84550466625733,66.22777520043567,9.406635036039248,1
-64.51209124405543,93.39370292366306,95.12099371782242,-49.651107143493924,14.982516835580071,-3.2413533890972843,64.76329543344909,-0.1964332342082855,-58.398580508998556,-71.34895912184429,88.53838191373336,26.78940875030122,-80.48808601528654,41.96991308901735,7.2305756315515595,-96.1146745573769,-63.351176956319335,-49.13232843062827,-52.570583996192475,-27.997699610485213,57.50723350897988,26.841667195997715,-39.67828694792919,-27.33242485628186,-92.64314409541987,68.10027847432679,82.96442675049462,-48.71600090238293,35.06530487177076,-87.49964208381762,-93.45431283489121,-37.58652585505644,64.73993690078206,63.96590490896028,-32.22005976173436,34.518673284068086,-64.21763468750106,69.2165325424975,-38.717029960115724,-19.32026503581939,50.13220289352631,74.69302238974896,89.50736277799936,17.28090385053413,58.796060976810224,35.3230464227683,-45.981849885479484,-39.06109447101258,95.39457989341054,75.96859169666826,-1
-52.244570846339535,-2.7034468535154303,-90.17462122162954,-85.20222315961898,27.287068914696107,90.32544515566212,-79.6683271990007,-27.667921564780215,-30.221905586721974,-48.02609747401754,28.621752437616493,-51.738488007404925,21.231413918583513,59.462933830850204,34.96531156372981,-38.143986568045584,-16.263148456162455,-20.30651677316233,99.90852526284078,-73.74743982772063,32.11971995186042,-3.185122563639382,-90.77677444991896,77.19399907553958,19.34303510260318,-18.24516261352484,92.06137126101555,-59.221033572266776,-74.30730838481179,8.154102668828386,-42.70172200010298,-44.476195394246986,-75.30969319630508,98.66960474317108,-47.20545524046336,-86.21229760539958,-35.49074609484893,50.21345672230257,-53.275538480288745,-11.346683557310229,69.75280036148456,83.98814042538157,59.82194263397446,-63.54672930952492,-9.252369668517375,-84.5924441998237,-84.47082502277115,4.386793373604348,75.23039999439112,2.845746333567149,-1
-32.620841645778626,-61.33215327758956,-37.25294823106922,-53.09382560294515,6.171263479946788,-15.669198635632299,15.619386185605165,-22.20437568948661,93.4712669304416,13.255580923332502,-65.54849141946353,-4.198427469514058,93.70418603081285,-28.88081080443385,-88.20697879289061,-56.701384042434036,25.594907424760976,-31.404582331087695,-94.27753319480578,71.28941937438606,-73.61549329750153,98.74820657765392,-80.3671338227694,-32.02711543447789,-1.2023186861485016,86.07696125491123,-2.6856812336848463,23.274309777670993,21.407055782374556,92.65728145524804,82.13974827709046,-66.06898803962724,50.705983938703014,66.01354780092942,-99.07421031602293,93.42078020591785,-92.09480689900231,-69.2076428742942,-91.99098698849389,-47.67848203582492,-88.09792268463774,85.06814956148821,-82.34614240270932,70.29828123748425,-24.303343358123314,-29.341113743231745,66.99462079946,-1.2712590360813891,-55.37944415685276,-72.57386120679472,1
42.950655288789164,-12.194151203910408,6.228926512932759,96.45188157414054,66.33069752203903,-52.985317887182944,29.633707694874886,16.696505341900306,93.96612792962492,8.978428705236198,-43.222452049256496,66.51720400581158,3.3646384550393833,33.97616861282128,-10.485584881863218,-32.54632245996096,-85.07173801149685,17.754665258162603,56.505581471393185,-99.7848492000958,-13.751859738285944,41.8857625757839,-93.50341591670153,-44.999502605476025,17.34268316387002,-23.296283516902093,96.83601002914074,-39.155518647530705,80.08779061868563,80.71895527095577,13.593034384748975,-18.822067906105502,-31.80716125529446,94.88046778873917,75.027975450392,-90.25741242972005,71.1665757902085,-97.22080010484655,70.53204836669605,-86.45773289289353,-96.80664601987277,87.15364635936157,93.31219383475477,4.851387651972445,26.01412399738517,22.81788782530157,-21.646190487294547,82.76069065973013,-41.29747272363227,-78.26747229079251,1
56.67744399916768,54.49956921926278,-49.29004481361816,-88.29856971011272,-1.5732015205320238,-59.12033126758405,-32.005419393197386,-24.143293910337718,38.887021438176646,-17.983568245466614,12.76922346501091,99.69013028150013,13.888823408135437,50.28104429044177,-80.66860070183105,46.82306716429855,76.16521994664924,-40.984652979586954,48.37562880956153,-49.95015380175476,29.368204424463073,29.150533851277714,12.443319800691796,84.03221969234426,-44.17508612807046,44.09422013169055,21.439340127682513,-77.91985884192229,-44.75376339493826,54.40401982329789,3.4649670445627407,-91.83308157939962,-34.774109816570004,-63.6753498485692,14.045413798295186,6.0393755341081885,33.70570848966909,31.94817323129996,87.8246463368545,32.90312159540753,18.493336762759725,27.33593954873001,31.885485818782,-44.74216577560786,-14.595613693028781,-0.013660489982385116,7.0464510190305845,-13.61887407314957,-13.877280521829277,48.180180221818375,-1
77.62363778680717,91.84708706476442,-53.77193159803046,-55.21837369177713,45.44313760372847,76.14176643989038,44.62854157078752,-97.21246425797632,73.60602666460937,9.669347012600042,72.99824363065963,32.902436412287216,51.86364720616257,-29.641649328749153,-25.176983601744055,23.51504604886763,85.58373699940773,84.90138222773427,-49.23685017562123,75.74673949017236,-27.142673021174076,20.765347033724098,-57.39165523674681,-61.42207098099861,-61.016358681594966,-11.904234567612406,62.074136591114836,-11.609139352047123,32.1745909533407,12.507697814764398,70.63335542798447,-48.28619930135814,71.91094123162335,58.337808328098816,-40.22604228096205,-19.966275824127493,66.78165928449323,-72.2268396744989,16.3187112797942,-66.8664162264832,-7.969316621019999,-52.06908104865708,-84.71100845779264,-70.31954123726558,63.80464841296816,-22.61230765028776,-67.09094459290498,-22.977773493712846,-92.81817299150678,98.8666319889326,-1
-59.18712229067988,14.137932315369596,53.74695867576051,-61.18109214207897,25.562485814001064,-83.6947816255891,-7.015755520961562,2.578691665235695,-79.58576927449272,-95.46977355472637,-2.232947781500229,-65.53388536375893,63.02208550923663,-79.26239028056003,86.00917757110815,89.48195453157592,-54.432821186144366,-98.17998152307574,-37.7853642303295,61.59954863292708,32.995798237202536,1.83182781599794,73.02197748387849,-91.90699670694829,-37.84017696982076,63.06823109119097,23.478386033717896,55.23879813742235,-4.117348219311154,-30.30097507620073,85.96047062420601,-22.88828790751323,-32.28207835304329,48.85061294315801,-52.46610777738261,10.622925049689641,18.98938954962685,-93.1363286944887,-67.22657163544116,-90.44421900575563,1.5169507214461078,96.60245343719211,-78.9579375068215,37.112610853629434,54.779077797902886,-55.847465032534124,70.47541218212749,-33.930420628476014,-33.215424425561466,-42.89412355140072,1
23.17263763646092,51.77362688358994,42.605640457819334,27.867752700281173,51.99667385975022,26.50988892371116,50.09804869420677,4.450345148120903,56.84629536050261,-71.01964965843017,46.167694559782944,57.19451037470614,-49.69943400654597,-82.4293844755507,-73.94223484394684,61.266767403046515,45.362375515543505,62.38910235924004,81.19437051249406,-92.03339666810861,-7.106598308237793,13.820724092007055,34.4222820929528,35.24905903638154,88.40296213307843,-25.367657544996703,-13.718651767340774,-27.47064373685997,-35.566601203337626,-88.73793696353856,38.92277619841056,29.441408170286024,-20.48129457292032,66.11615200254687,-41.742925193868665,-11.93181395440564,-36.72469895566215,-88.94131144755015,-72.78118165620091,-18.765859813709724,59.821365428530925,-82.85752144173011,-19.980922740458,42.49673824270462,27.898419992766478,-82.71383755658077,92.30022142809119,-20.59194585456649,-51.534697009682716,-48.20179761476668,1
13.066050914321977,-43.14234218090813,-32.26407910859382,-11.034148480408206,18.33789474862178,-86.6678473444262,93.98779286251028,-4.033610067172049,-59.47988376112099,-72.89309819313141,34.44301591847113,-71.08195907384953,-6.214477011247624,-48.540594358201325,57.48216659063448,-36.371367915990625,-11.471447204515115,-58.18513757411041,-0.644251956863755,96.29550679957308,57.87137579337454,68.03725227486873,40.10116274382716,28.571802919979604,88.82292145292993,23.89928811529269,95.90730672238678,1.842775497040705,8.668155287912242,79.97048129399516,88.57385223235659,3.4373206596538495,-34.219729752561335,86.92472493547459,76.35996836030498,14.09457858368495,-29.378874235693047,-25.490572415653318,-7.286497677599286,64.86186726548235,-6.970968000012178,-23.012210023292397,45.065280665865885,-25.14336861300781,-42.59331263481838,-12.896816502815085,4.661269866315806,-78.40433981785822,-6.567824768409196,56.91964862454353,-1
10.937404957673436,72.78066325882264,-15.295181539795479,16.66409564875417,-64.13954705167112,32.26852239959848,40.60156354742861,-25.839778806045288,-86.0970115896474,81.76419906966274,-40.30939336519093,-95.12477387329892,80.44107323107716,-72.61659579914158,13.182141420848751,-87.59184697350739,50.76324281256973,-41.03608048747329,-4.491075792390603,35.09001155515881,-62.637349812178144,-11.865069234652779,-10.870494006324975,-41.929424459745675,99.44967949299118,-96.85562847552728,-62.851873083553485,-2.082440897292301,4.452638264679294,-83.74614239585576,64.23620230839614,88.7345884852119,-44.50597713943905,-33.90577100257397,14.056377836176992,-28.840918086071454,-97.72647021948748,32.62054846746946,-65.225948763552,36.873873961092585,-75.25724536873726,-36.38733222704678,-60.89952559168983,7.376314594581771,-68.01345572169024,9.151674213620794,-65.01671669958958,-93.3297388063334,-31.406145290035653,-77.09549602256034,1
38.37903953853865,-56.245658317824066,-33.75723707537573,7.101677792899537,-90.53031905068613,-98.54540370428168,-42.41012607347259,74.4107307661651,25.51715326613035,4.7415687829508215,-82.41336553106615,-26.960422078491675,-18.49733290328433,29.9482525825037,46.756972198870926,8.027962577290353,-46.34187041976443,-56.341505984440474,-9.381000277348178,2.980927857950462,-46.576169516969436,2.139085833093276,-45.96777652078645,92.88218205026709,-96.23668662036577,47.20566590424272,-82.93061549164635,48.73897780127007,61.360782672049396,85.51430525465088,-87.03974844538072,37.37765108059867,-33.14459013303512,16.722135026445997,8.648077529061808,74.51380262925335,24.490397476085192,68.41719581791295,-79.5367720455674,61.35195771487926,-86.82748959104147,24.60332549167228,-66.64132417553814,-26.1689684887495,-92.65967347650263,-53.456095744525946,-25.92981865079676,76.95754160181122,51.079462140396544,89.22420856867771,1
52.70316873364246,18.219076107122817,18.77087294116015,-98.02407867158868,-99.35041434769822,-82.3533395885787,-49.05928352998974,36.41863414470993,73.41929831975142,81.99999997131721,-72.93103677920706,37.77813467742669,4.909404822547131,-59.94272259331057,89.54971452183375,2.462427250534404,49.59904974949711,10.596879380453899,-35.41601089120765,73.36207128088174,68.00904797579267,-33.639467002465125,99.57413208981234,-51.873072239536434,-97.87337065684822,65.31857959555882,-75.58300393149644,-34.65756609736343,-68.17177613250007,30.236301291792813,27.617075705594658,-95.57740387575615,-54.77299712027226,6.079712039109424,97.37202557560644,77.41448618777832,-38.963977441633176,53.50825599879951,-67.17953864910294,-75.7260702079015,48.7812483905021,-35.931755712349016,-45.6748515241805,11.936020306240962,0.7412494508762535,-80.36744992919407,21.51486046574469,-75.75593515455998,44.01648602333864,28.41440586167522,1
90.28066844133141,-33.17906958268735,-63.941973876871884,-68.04288757728591,12.119614141555786,58.36933857363198,79.98977484761213,51.473144125108234,-31.568689237994718,36.83406955784636,56.804756566697336,97.87649645460942,-50.844838188328524,8.368997967354218,-23.768195916010114,-18.751791123771127,-14.385118102364515,-80.64234657262952,95.57547935988973,9.185156373810699,20.515833492656398,95.89333707397395,-5.110180833702984,-12.911903512519515,-7.557382402496998,39.525584045995515,-83.58619699557474,-9.876776409025666,-98.19716300367807,60.620000441406006,31.720500485564855,-65.70659388668125,68.78184762050185,61.197316892489425,-54.96663282645373,28.93880422249825,-68.00235641833112,-51.865987773745694,-16.002156049683208,94.55320478492064,22.603437163747486,-37.73652512880161,-30.97429774016848,-84.05827465915429,6.660433720074494,-35.302036891429765,53.009072970628466,27.055782046620138,-88.70679542472992,-8.749894230363608,-1
-14.308419230240915,-1.230597051687738,86.20571925551252,8.439128977214722,-38.34840209903489,-16.815612394114027,65.91563857940957,-70.44058772494786,99.657832697977,-86.99954014001207,56.83400181122397,-77.54686745077073,49.20555553936319,87.03818823297982,55.91047610068503,75.66692353574575,45.630722748337945,-13.870659057182564,71.72228422095083,-20.140326314883012,-27.883418343318283,-86.66993051639899,80.72606017976881,33.65648547593645,-76.22540898292722,29.938334897235137,44.95097697644201,-26.279117940833245,31.507299122901287,90.63910453880936,-7.592795134477441,25.8946890865126,-28.383537314846933,73.39158165862597,-27.867607809283285,70.50517091502826,26.949819045070768,62.764006282983985,77.58900539845484,12.167063937395085,-31.478498838813834,-11.198940341775938,-85.37718682564473,3.1267697814204354,-61.19492839649121,9.113521799278246,66.63802275283612,-27.338158737235574,-42.7756688928993,32.11132742016858,-1
35.56264006200885,0.07167207687803057,31.004939281017982,98.07683553964381,36.58755953986923,-73.576871124198,-24.00912257753332,39.42420744475041,-87.22888514678965,50.042274622113695,74.30225232631082,-80.07552103541305,76.7683462375463,-34.22139303149446,50.31083771093117,-85.44689499851069,68.8123755044609,-77.45229854629936,-52.771473670484156,-81.39348482538293,-53.27941139530068,-5.035297983459387,-54.83206950511814,-8.396323915228933,67.33089985223378,-2.149188586455537,67.6866560802548,-68.3732529069251,-10.397869977587362,-66.20478353272128,-98.3387092793513,-47.88670612676951,-13.048434953808425,55.74503896652817,-46.32711881326952,37.072090574406246,-12.727854487180252,10.312107099004336,-88.9836411473346,-40.319152456245114,-57.856106833443356,3.964265697266555,49.00550945357432,32.91645232584722,62.852041484939036,-28.204002581896788,92.45126060971057,-96.60883057325414,83.17121468736545,-11.458439569038475,1
-86.59669244975801,30.3359589756854,89.1475918804588,-7.603834866718003,-26.172818407172997,-22.296111924263442,-81.54110637223894,-36.95274879312507,-66.39523166748671,-57.86350243980751,-0.5852148959605472,-70.89007991610103,-24.282967378571115,52.06836078666524,-56.78187237618455,-82.98987357263266,56.00927916126369,-42.73248772452889,36.505300117291966,64.392022487876,30.000016994801967,-88.06644768987412,-10.75501023511869,44.36530067428171,46.95755413374485,87.24233620265747,40.52647308449397,18.051571377507855,-97.15010573594596,-67.40644477621021,12.423572314305105,97.04092880084175,61.39790008756597,3.330371308881766,41.636910923431856,74.57090678483382,-90.70761003210086,74.15383915984285,-2.45622980122306,-28.49073804821157,-36.83491302757489,-78.97263062809783,74.30695553989736,-98.66491895841901,70.33957119695856,23.47882225108178,31.512741732715398,-75.81629916613596,-14.033555717334778,-40.655198098200216,-1
-53.278449790018016,-38.98006263609468,82.31937731205483,14.37979353207399,-49.393691293572004,95.4840949213739,-19.77675886904153,-68.86959782847188,-36.636225858750684,-73.87599809047127,-45.632960055609175,-99.79457328608004,-68.05931825308889,-66.37574188304959,-38.50189140229414,59.86972008065982,48.60812449107547,-65.76157950259201,-33.23560017151732,-13.003574165354493,72.23859459546782,5.976913791897005,-46.3201830755281,34.520776049647196,21.751345048793567,75.9193875155897,-33.83893074458658,-71.27889897565589,55.16451607628909,-80.14857911363762,14.489695043825222,-76.59200924392404,40.41514535054557,-4.541848729107784,5.0176945839069305,12.029598337907714,-12.52691975441185,-81.29904585628756,62.189448257847715,6.741857288658437,-88.17195679668815,71.44820683321345,41.568929354771996,34.6730497639426,-26.905063468198833,89.99243049301145,-5.724410124689584,9.179203652396666,7.2910808227695725,-17.780586478045663,1
-8.211896680635931,30.988220913464318,10.365644844716996,21.68158438789594,-59.08332556991229,-43.36334564379678,11.65251947059376,50.52791189046377,-47.20239561284054,-88.06346979263786,77.33737863367892,23.45001873500398,-2.6203731740563967,-0.3112840612776324,-56.927297972910765,-89.36291936059766,-80.53922792110572,-55.98824171590018,-11.688583887320164,-18.64762882145547,-40.83727839302198,-92.20258168196114,7.107639638925306,88.12236301349043,-54.809609813857875,78.90093099331517,-13.381751186336729,-50.005903371534146,-29.513932120562302,85.32004605696585,14.548840853732642,-33.177773085962286,-50.24862041082896,-14.806860730192867,86.41390922098225,-48.71947762251103,-12.859038854993969,88.88514479474779,32.50667340828113,99.07800830487267,-84.80345713792352,55.493754604074155,-86.74878648629914,-11.698843260542162,85.77921579340082,3.7473518693137464,77.78989434571403,33.45161054964271,84.17847144790022,30.983052951044698,1
-89.74123020375688,-4.686411283996293,-27.75144119179791,5.408799365736215,92.51391747552645,-75.68539596785143,85.87542197487579,-5.564423470498298,-27.50628612918989,60.65239884713799,-92.09376797850413,-85.00114854077403,86.44522273598795,39.90168803428719,-47.58587113356185,-72.38072599170104,57.76849037497715,-22.594966715235202,-83.34857192559073,-22.106912511037578,28.8401569278941,64.83259039485628,-89.45879256709634,-32.752455475251764,45.18582591092908,-89.53120924268549,9.93144813376692,-35.969630823170306,25.144419840256575,40.16944368119576,-24.727067360479253,91.01999084027958,77.90642790944065,-82.24405408903026,-63.6138351638077,74.70696273637853,-84.68631243696248,41.619879613320165,-46.20676719712817,-38.61715287342171,89.91643259887584,60.25696539161862,-37.392564319674236,50.81601627522784,95.34123700957858,74.31253074932079,17.867199496663886,90.52292519526438,63.367305770981346,2.903191462085502,-1
-53.071583628909295,-32.400243794302,-23.77813479834343,2.9552844000907186,-86.63055603646478,90.40798490916816,98.0205588224268,-37.627343012222546,-69.35369641880345,30.87685682946531,-44.38194056366898,13.053174078742714,-59.23204385112124,39.723745447329634,-82.19948237297088,-5.586937232039091,-51.561935953594414,1.5153138234003052,99.09712992605009,-86.59970160816776,-17.215880276034937,-65.5655319237655,66.61550708225903,-16.554134383428703,73.17071132574634,-86.90937817900219,44.535419631680185,5.820992942842949,-31.381600488468123,-97.79066659621792,88.31667365075859,-47.54757565821799,-57.129222628968975,-86.02401985755463,42.62182853796753,54.03233843337628,88.12416754825523,-22.26689428433184,30.34366249242123,4.69679248864081,-74.17768496377086,-32.119891060895284,60.0633425964582,-67.70929573670468,27.087592935734264,-38.432201454753944,78.85717247833162,70.04534800950213,-74.29472518489268,-35.44696242994701,-1
51.879652483592736,-24.637874445157507,85.59381235740895,73.15482447121508,-5.187375169098459,-73.5408950495544,-21.64632682028038,-98.27280361223376,-52.687859609426255,65.7262480766629,27.074101775311703,-50.731027146028595,21.431745870056204,14.43532470335846,-7.769948090679435,-16.856658179019604,71.72964536507337,-98.68482087629464,76.83761569459057,-49.19043748047145,-65.19491714862178,87.30578295008115,94.44509181811492,-4.9314037009803116,-90.19395141767245,-69.38208662266388,39.74233305527591,75.01309446644328,-61.80447083210279,59.63837040709592,-61.97975412170662,-60.70810895702525,-91.83139440733561,55.592334072304084,23.7338865322871,-57.290663383016934,48.53294637552966,83.644489594048,38.89214668490834,-82.63883581398392,-13.312200814056126,52.33866852485559,-76.3117553954662,-26.61862500911181,68.52959952264837,96.28502754974292,-73.11392252194241,11.993108230942397,36.02565419280961,85.76958494210766,-1
-61.22738641262146,87.38985078173909,11.103733340519156,98.03969809247144,86.91311494142775,-97.81432020645029,8.096076493245079,8.652173865176024,-78.60375825253854,80.60194145221544,-73.05411654816818,19.98892695965712,-34.27946186505304,-34.49394245809752,72.54372187011154,-32.46145285816,41.114339649379474,-80.93595272455386,75.20793596134845,3.215401870638871,-38.424226364447335,-67.2083039458301,86.43072042156359,94.42889492093235,-33.909163507806554,-26.283013612572574,11.359086821340966,76.91027377028993,22.080608670506138,55.78097125209979,33.8386899715631,-65.39848348816815,47.90351296519725,-12.62621359564946,37.795461723774224,59.57576440454412,95.34102950979911,68.6200787748065,-16.803979937406297,34.594794678273956,51.85627124170023,-22.381505296704034,-11.065227367048763,53.16229006389278,76.22788793530265,-0.029888528111527535,38.42807536939904,97.01541507149358,16.77844909281974,-36.2136073045942,1
-37.80353565686756,-61.00834570027389,-93.58729658109168,-51.012190861268735,-83.1573091858626,12.680435194605536,0.8669954993327593,-75.13613848086989,78.61198248721146,10.50004739573913,88.57837384900179,-98.8845410624251,-87.95111941155267,-74.46992000641504,20.721331129922376,-71.7170814462023,43.0251899192111,15.038818000330664,23.5348361742612,-75.57288269442392,-35.56107237788113,55.4343996294277,77.23141961304083,-21.332559101479262,-67.46802797253413,17.838770041349235,-37.613912001819536,-30.970080285152846,-49.803538458852614,54.444110647519324,63.512834298857825,-66.27321144489514,36.19138948346969,-78.52047197188779,-3.6460336303255474,-11.27829846407242,-9.170057558749562,36.16937701549364,-2.31706692658247,-56.50459839384476,37.67224942067534,82.80797473263905,24.60012979514194,96.30041637157163,-24.87193267602011,-89.3173112674817,48.31624400184728,-14.856611440396208,-18.098706290795818,-48.96442198055444,-1
73.1124766344407,0.8761408597533631,51.090761865051576,-90.29480968466139,-82.40684379738845,-21.361708427207432,0.3567195140417425,-36.38613497640253,71.99405154171222,14.865495134432564,-38.62562544423555,19.03398226635848,19.774727482226524,4.482928445815631,19.54222756036779,-85.70707625372837,10.768544351422634,80.9973610110016,93.56227064411152,47.270673147935725,14.564217762665137,-93.44940551540948,25.6903666853606,68.99961043878025,53.54453337253119,-31.78754538761453,82.17924583332851,-86.57517797138621,41.86698050204879,68.18701514337712,-99.9986856004796,-9.816989187421953,-13.218289237669552,98.41294117089419,29.482045920538667,42.9061325307282,76.96191808491156,-37.582741605595025,62.800876809724116,29.835782770227155,45.011171169619956,20.334989876764126,38.43868011139301,32.940231202951736,-74.56448908761138,-15.393932372843182,-5.234845229599117,34.15071946023372,-60.2567489674753,-88.54961778824675,1
83.9711232825521,-27.756788204837648,1.246207218176039,-45.337528269256076,-39.47887581825924,8.318155654654873,-22.674226470123187,86.01123891770172,-87.42029017984783,12.64279132742847,79.16904476994543,-91.94994378233406,-61.49313146707753,-77.46058956965209,-48.89376550709452,42.572656978509485,85.65524933563978,22.887061563651528,-54.92645039368309,88.55428738667871,89.70734770016108,33.71363124968212,-22.990035877239492,-36.676227493006344,34.44939370634893,89.33591726565626,59.77184086105311,44.357776183786626,81.12429922721844,-14.080730019777803,93.45218847186365,-85.93537717322269,-76.03739605231814,34.04036908603544,-25.078260526919877,-49.93959742245033,86.42369437333048,-94.8467376173381,23.04296885474703,46.66991622496863,30.117278808260806,23.86439054257896,-88.95920304334678,18.475642405428246,75.86102172099339,-18.748939914394143,-89.35749629649379,-66.53020578094839,-90.26263835274435,-24.623735456816334,1
-90.62961829447937,-62.4192822403167,20.728904901197566,-85.03143570571899,65.56063665965047,10.651837432385975,41.167354753342465,58.39260965090952,-14.75573162715638,-40.344441891644635,-69.72931063793567,-23.043252329845387,-55.66963142613663,62.67911121156382,-79.25084319427845,-11.23181145992153,-53.78722229782671,-4.089996574289586,-12.442963667652208,59.56652874441761,-54.520487218861625,76.98354995022245,78.77940993351282,76.3110293891076,-78.29153712778457,27.66863874557599,65.06248300999522,-71.69616438223872,-51.13992461528709,-55.72887068330672,-37.27139757635398,-57.18972342499744,-57.38497826644111,-65.51214631382317,30.133546418833532,-79.08072419534821,-22.937729888971276,-10.13558895182301,-80.6122349845195,78.69372424989115,89.96355665017285,-13.873179684964484,-32.5808260002413,-9.061159148705201,-6.959377512286835,-95.08548312577709,55.29362244400954,-51.12211595543339,89.57099113379812,21.989363727540564,-1
60.605179566532684,-26.92663168986944,11.10179567909664,-78.30374848671687,-90.42039570651504,-69.70298907758503,-37.42096038499254,65.55667038191339,42.37292996320778,58.66009548206222,81.82525746795437,0.7562596472422172,89.39465453590955,61.34172173784788,-85.79249843493896,62.916645982777254,96.19193942075125,-40.81825049261558,87.14711757669178,48.07153043954523,88.88714437928795,7.272758649750585,-55.680214760238435,-77.85066410872881,-43.300552727604405,-49.88568307083418,-42.201529565667606,89.02794983033124,-27.554955006050236,-86.37088956884887,-50.385166049950094,90.98442028733805,-23.522303223350832,-98.17615589886573,40.052323289145306,-31.167232933543417,64.89689994990317,76.90712368310682,-63.37240871411274,72.16602457677018,-25.28061815325499,3.7308312646902237,-86.50340979222698,-50.683504713944984,-37.66249796905308,-80.96354420251075,40.90604341698747,-90.3067204758787,-84.15381655795832,-64.04737508694816,1
-88.58262878213702,-20.789104512906647,-80.24618972024975,55.734932978831154,47.2833823552898,-93.27815195742066,-25.458097645420935,-16.206310471770564,63.86006482107899,-81.01389406687545,-93.01096646891192,36.76147272698421,-85.04004934035537,-42.866526727739206,-3.4225731616210737,32.48517768809114,9.838038162666152,-43.23321758371426,62.00749177817249,-65.03039340842173,56.65522155778558,81.42469335283232,-36.61565075580082,23.191735431122808,18.18072163305338,35.3028192037558,-18.64797091485282,17.066692775521375,64.64270555337768,29.640054901200017,87.3114304525532,52.085394076082025,7.3692956420047295,-6.636592611449927,42.50565479993517,0.9719805998873454,19.390941097706403,-44.517607850171494,43.83281938235771,90.93598428178021,-25.12152972502797,-48.59988569121456,47.92364810341397,32.46388848495636,29.944727606379217,57.1685823623271,-95.8910113888646,27.12661281535202,77.25111604720959,-83.23159421084418,1
-56.85186416470918,55.57554110737544,33.78002112372357,94.6614159000753,48.37643366463388,-25.014189728134227,-54.1043083500264,26.12417828906632,71.14688083599805,95.2047399926594,-1.1199901385088253,-30.60945277469051,-95.6389987497613,15.757387257689558,73.37372118268343,45.03594202016069,64.8517562749472,97.22259450421626,-99.36200792981091,-70.2072257417456,4.7065728127987825,-19.237396183851033,54.972373143432264,88.39971895968196,-79.94664114787496,21.72766263517221,-29.826714243023787,-33.90523017998295,48.6361874353606,-29.833444878334888,-82.57940431152457,27.920386509730832,-22.657913203218882,-88.39515359377077,77.87555283743237,-13.99874124187808,-3.1421589184647445,-27.459319578932707,-87.67784311614501,31.828197204643004,-97.70099763526967,11.662339690894669,-7.8705096522685665,72.39645231812838,-34.105191135615854,64.08171294544923,66.16329221576166,-56.908192525465864,33.682195299323126,98.08728189832047,1
56.073100601376325,7.104383217192705,91.66971672618845,46.3051230537163,45.793085419576215,72.37280325658105,-62.573430060975355,-25.56778003629762,-56.53683007262269,13.80752322648678,-52.46517033446479,78.49253187127297,39.72776907132493,81.93005051283373,-46.79790658300682,-89.89226940027946,44.61116621178161,52.402055710154826,-37.16253442139881,38.56721976212404,-67.10226884629336,-0.3451462752110075,-84.60978555124838,-4.166879584884953,-4.768550273764305,-13.80664911781335,-51.335898941842295,7.781306891915648,-26.92185423950309,-88.34906976190689,-62.31821701521352,55.01985229052826,64.25568012548581,-50.291655838820716,-91.75127602029134,-54.83358592848213,69.79060284296074,-51.481292424671054,77.33086140932807,-9.85145702498258,95.85803941543415,57.54871309325017,93.82703484204893,-40.494771250026915,64.2442830887612,22.13198809317251,2.819993401992434,-2.4741178299018713,39.72053522819235,-89.80214514244071,-1
92.89533078016231,84.64474939704573,-51.09850053111495,36.609979605912685,57.852599398256984,56.3655425297824,83.24451840595529,11.221534584488609,94.81939374895774,-2.2653018653415558,-97.70131570133147,46.079687355028,-34.59859644201677,-39.52723937303422,75.17690261868552,76.40242393882878,72.50381817097625,-87.09701431603528,41.9240982917824,79.5204231514717,-69.87880841756518,-5.142714163331362,-67.41008276850886,-82.76256615218078,-38.77244330268841,-91.23992373782184,-25.817120154897097,32.969600291152915,-55.02420437492206,30.095872504092,16.037215925818813,-55.037934824927206,15.831867021958686,-25.93357492601875,-5.728047514726882,58.535179289820036,38.95560591749583,-29.561600299682354,-31.53405577512305,95.35210046759715,-68.21175500029659,98.89933658642468,23.567950329094685,34.466427306109324,-10.37446474265758,40.85419378735543,-39.22279474410484,32.68314652307896,68.10739404729128,16.659152006806394,-1
-92.53036225015711,-63.13972060998019,-98.55601059925645,66.59954844788359,62.7832213132169,-52.58741978046388,-20.3260038345783,47.84799129311011,-12.34534677064687,-20.303719436204176,60.25455942789344,92.34660190061874,32.47965349230441,5.043113798827619,5.9458323100055,98.27274503867002,5.456522466180715,23.943663579118947,-26.65115405427494,58.78524918066009,3.0254824083853578,-43.23725018217801,7.992069404293687,-98.2135101516953,-15.522174625988555,-33.348871107396036,30.711108087798948,-30.95497041940351,-36.610871786125145,-9.348464447815076,43.49889506475557,-2.953743606786759,-98.02743189054219,-94.19914747337388,62.61587252799836,-32.58749222013439,-39.15097815278183,77.55160054354121,3.1353246118574134,-41.47708604117675,-39.94451601314819,-88.6917651623132,-0.6168982142539079,-61.95101137123087,95.11629053190768,-93.70805782910622,-89.71899229520972,32.18194359645997,10.82735674082842,-75.80812114119912,-1
-59.596866319502006,83.65700707599154,44.55240656793936,26.137437662463284,86.04789820861072,95.36683413007691,27.06407813711931,-86.27114605499267,43.28294258870184,-6.6106486633353825,-97.44437067322724,79.99357049930256,-28.284089953669294,21.414407481801433,45.99777127608803,11.105699704940236,-4.256621820529176,-56.17024438974785,-26.7461093932352,-78.23514555824873,-71.96039723563766,44.82954839142624,12.843299652595277,58.161214361950755,14.926722531698289,57.03985262142476,68.70056010781087,-23.806487738054145,75.46225110379967,-93.23007300969496,-75.75012534754666,-53.69324742878278,73.41652910034503,58.847588721576216,-99.56285335075398,82.6391215122699,-75.77334891276394,-54.895803099197884,95.34624504272179,-77.1722018154739,-52.07666621940172,-7.036322163298564,48.56265950773371,-44.4306845060084,65.25055059604165,56.346296607255226,-92.27837266653944,-35.873606542873034,-75.30246303974235,-23.57621847582989,1
-94.4926560261069,65.02697513228381,94.40841883532471,-53.989126450620596,15.661329889545826,4.6827654236225555,72.06861223202529,97.9736109016844,47.00916128543278,-77.94145299284192,40.254318303566436,-61.161820960260016,74.44743102724868,20.69075156898579,51.24079846308041,-60.10831550006963,19.206222384222144,-74.50879271080275,47.89192346989344,18.103500563394732,-57.836808615647975,39.57035025397508,98.96781749352397,83.81540142405808,75.1205779221371,96.63570786557383,48.48880677589105,-90.08993915826271,13.639254891844587,98.99257289263042,80.4603167035122,-40.16587676375622,80.40052665340696,3.418384450505613,-88.44127136602245,-42.78161035359016,-38.993379224344025,73.92293301137971,85.63393287272012,-23.36384142327607,-86.20014443951885,-3.339583016346822,3.122861595225473,64.09333535872011,-96.28033422625961,47.01966120029658,82.34315763324943,-32.81607419470201,-93.00599073471622,66.97762066592225,-1
-82.61594238251526,48.33682579836463,87.3375853334299,-94.79409003657302,24.06061800867596,-9.334105736523128,-82.32810930278056,-18.71621104846939,90.9252359831087,-5.780248951413512,33.31309147189444,27.450290158326723,4.20044478058341,-33.36936300255644,-76.36691600562816,34.20759095345136,-45.21169541998176,-99.90348346046969,48.34800203522806,-41.83384663246448,1.9133241532933738,-27.46457123432296,87.08010882421127,-93.55047038106679,-69.92949280549846,70.4336353995509,-90.41570904043574,-96.73599017812917,90.29908177189506,67.60258641011092,66.61429223899202,75.21289507668536,-17.35114411883825,-31.35907123858918,-31.41799903227887,-89.18400045043506,-59.95198194795199,51.24434251753138,81.83968089908757,-41.69530619988395,-0.5912297088509462,80.69432596269974,-71.41801644076469,-41.61250590937882,71.02040739534871,-98.14987603566712,79.87068208664544,68.65860654905225,29.072738504393214,-52.94737093541344,1
96.19747563253702,35.73201876537942,-57.69427482731726,-39.69119734222693,29.96446732999354,9.212499326091546,54.19586699148968,-3.9109522999642365,81.65683338351175,-59.51989214675941,65.85379875699942,-25.205603395235983,29.61060971972617,67.33251156758897,68.26259825160432,0.6716977152678112,-50.53022097591313,-79.17435918065615,-53.447633430213834,-89.62778338765294,-52.451055573113315,68.1874299504891,16.589915463079137,51.98997390516152,-15.119899586426172,-55.373611934674386,49.48517769785718,32.15655053826114,39.039849430117954,97.79020922381883,97.44874891810471,-64.18040377534487,39.536494942267325,77.27553164809757,-71.87152913920605,89.26300744153832,84.26201401346242,-89.40593412831521,68.1734418551269,14.156122046836273,-84.55816099588176,43.08968193731508,-62.45974813108906,98.63330854200436,-71.96636358221716,-73.92956733249648,75.54052795088774,-23.70943879948426,-39.12266837136193,-83.93370835157039,-1
90.44435713951893,-28.13220189684256,-66.02342496783501,92.89185365590248,-76.17036130548121,51.28490726385019,90.40384808113905,-68.10613093583511,21.43898820863373,-27.36375480961439,24.40179137568954,-20.406764458412027,98.4124217565381,-53.06127866419374,6.578560101249067,-25.069214878500006,-58.309089766420975,-27.744279509746292,19.604288194095503,24.200564466657553,-25.553593005684434,72.85692779260481,94.85195709786188,-59.55723345278423,-96.23631254158664,-84.70221080792624,-29.321916188085282,-51.20513545327794,52.766759573534586,29.959820032365627,44.9597953620937,-30.648124459043146,-34.479049979166504,85.97057580585218,27.533192695526438,88.11284973401052,-94.54640224691475,-62.81705005440583,-90.82942960231259,-97.22948500325339,21.18698834166875,-37.48437425058542,54.23894828847551,60.39064614787978,-34.033937521061944,40.64854671679586,-42.189076726141764,-47.33331060220518,97.31323216187502,63.065534163310275,1
-42.273889351948846,-10.405668723562016,93.57198481628319,70.47002333676681,-43.827866664197536,38.90489935711528,87.74658160867503,24.192522926275856,-66.24995915538457,77.13504421977751,38.29480904717761,-39.02791077565111,-80.01275791404649,43.343098474193425,42.477128299819924,96.45256472294918,99.09340711432426,-61.89087193875697,34.397183657918674,-3.020065036010095,-38.119035203380605,95.68761363626606,94.12137274532677,-87.29949485748972,5.576812351489721,-40.57566107949484,49.895688808601506,-44.40975861499459,80.73694587139434,28.300455473106723,-75.91205034385267,-68.96200251701683,-58.29719136011566,-21.180559980511333,-58.75316312212229,42.01458910139087,-21.513524138880967,64.6429413496549,-24.110424349240645,-87.02054761678374,-76.72600283714229,67.50611789476625,-61.09135223926443,20.470987294938794,34.74709768589034,-88.96508656506583,3.249521458618233,-54.82148651274053,9.141334325926636,-65.88162673556992,-1
51.45659565510016,-7.527710550452156,-69.85351854070593,35.831080547926035,59.55806120124987,-78.2576521446035,-15.332227667359462,56.11505464876933,-13.148331155285348,55.43953130768696,-73.34192381162046,63.4969576231415,82.16089886080474,70.01524838461151,-23.458732202395225,54.62349355451079,73.19122518226362,59.116863728357885,-68.94930602459158,32.51890906509465,-15.845593620966156,68.49153089450698,54.159771392906464,-23.01593181906263,-35.93244486996548,-14.615200961094061,-54.73192898834347,-10.06550285619214,-32.88980375287653,-99.4196395163184,63.40113969389384,77.4190985829621,-77.10755080960139,-25.13687997159286,45.13516737322536,56.04468185811555,8.956917114069498,-13.612556223979723,-26.47694388692956,-51.55856109406369,98.18311609439004,-54.633029026940335,37.88189635899184,-82.94551536850196,-21.543502079490978,-87.60422133844246,14.203004101322179,-52.28596944985633,-86.33564617601984,-50.42889967226347,1
65.14219031213341,37.49296080994563,-24.369036287851657,66.80138261467715,90.5649433872272,-51.727829030585745,23.92635026371049,49.38820973266627,-19.192804392504883,-19.97223897000255,34.153313096805334,-19.9352754310748,40.938928184228786,96.89179511648294,-89.68779890888632,61.41356765302504,82.62751073361878,68.13083221678343,96.29062363732893,-9.376223684191999,56.95922482256458,45.13178694007519,74.02511007855668,23.51149106666827,-99.74545275547693,-93.78103680680208,0.7488422637874237,84.48270683295885,-29.234511817557717,97.29231409464393,64.2944628565406,74.4507989947048,41.534622523318376,22.81449209939626,21.5473844391409,56.25146924896654,-90.06924300497332,19.305731452964054,-81.32973395849692,55.520448976373615,-10.642955151238809,62.184791591160206,2.52590240145463,-47.49251945379203,-89.7404577598617,23.024121101126255,-29.13832490571626,51.63843558376726,-65.20595516590086,-0.5493559601037532,-1
21.127577864682294,-97.86597459876745,-32.27206106270633,34.26596347731805,80.53423405500737,-9.454001275813468,-48.706461800135784,22.245050409629343,-33.69729468865911,-88.73158428547565,-95.09190056878822,-62.656992202903574,-99.43821292316248,-33.556852730532086,-49.31746673361977,-87.23432314367633,-3.894493697305549,67.77907520584924,90.87358286117782,-20.42631238658197,1.5584180222807191,-96.11785937915354,-28.982732937609313,-10.743990630077832,4.615451385135444,31.398707922496982,-99.63189685085325,71.12881216011709,65.12733172067234,94.60283115665428,-86.98929932705025,-31.107104321799554,-81.9244120066819,68.48512698613177,-73.32233551215396,92.56646191451958,-9.007400782464174,-8.80868425181707,47.852690130239495,-41.09888994451198,-19.763631684896055,-70.87900388255775,8.999800040589108,-14.27299650032677,-60.27347478049625,-47.988445868273175,39.19238207651833,-60.71060103749109,37.292123145348626,3.3054248245833833,1
21.418807217756154,-25.901712588097155,35.96735195154406,-90.36984216535981,14.614131703386278,52.62934203282717,6.0164268241156265,-18.848443735413497,-96.52480726774861,-60.173815960505664,68.68720301423446,63.833190075362495,-40.80679359909658,-31.36747633361074,95.34950516632622,9.975411867272285,3.779401266534066,-54.61738161603744,-47.816211612181256,-35.15157374870856,-7.357465281108745,-86.65210355349346,67.71632801350435,88.1344648735965,-57.81164814019848,60.5695612249059,-1.2203233685275592,19.84984447520874,-53.01492930119025,-88.20976292324954,81.13666198640627,48.97500703787941,-16.896226928275084,92.32224034725115,95.3009526630606,79.35871535199999,-7.8488430980904695,13.755823806848326,-36.30488849271521,43.237865394236934,57.99356672110571,-69.35762743979932,33.67675897926907,-3.867748384387909,84.42312223981926,90.1870906166713,76.67836244986978,-30.384049200703117,-41.26495284923759,76.46900724502942,-1
46.317904351066375,15.437335244661782,-9.007936521397795,45.80752476403768,-66.57502769624013,-38.11977991439293,49.082746724795186,-53.58357923061907,71.61990055431434,-60.293037329917844,-8.978236202719316,80.88188372620436,-30.493520881877288,42.716894302281986,70.3436107604623,-14.38371485611188,-70.05823078560587,-79.325866181712,-54.603036785524516,-32.77453876728033,-38.84684730848831,15.33950120814751,67.52759725037203,-40.926479343435204,-18.712624051575105,43.787940742143405,-29.50014085643558,-95.91404390137039,92.86935244337596,14.722302397112543,79.0499145503058,-0.902257447155904,32.55127384318439,81.15285566649726,-24.124190204225783,34.15315345156429,61.554170335401096,21.612193107238852,21.78770303720232,94.34954387017618,-7.90004489826039,-21.535897272212566,85.98886028573278,27.006909546350585,-40.87504430642004,-3.902634367019118,-58.328495824734226,-18.71123988109285,-47.97003557744448,45.98793154409165,1
-13.196126765224946,-95.97565562938519,44.37063210662245,-30.196257491511375,32.93188270781974,-78.65647028950822,11.73569533299856,16.660305810973824,24.815857589965276,-60.19346909165832,22.002348474685846,53.22517264824401,-54.924731634395926,-3.4340894062767404,-73.78463974436762,-29.896094166011338,-18.15833477121147,-44.32507638210812,17.97929142221639,12.987354810138797,-35.81663695768424,65.17363168025273,-97.29367320989424,59.210254666157226,-4.777401354009768,-16.603977098953266,78.7107497010895,85.55526519290561,23.136565076382595,-55.55987166242129,76.12559736265473,41.537278000326154,-2.59579370946237,-13.241878450270434,21.888309958134784,-70.8991741759844,-46.404188214671585,-56.83753662336055,-64.74296353445851,-35.87768866617904,99.15709250836127,26.4534736399155,-67.36598593908937,-46.266863372248565,28.73213971983472,19.784615089088547,44.55435226561087,-41.55320853873135,-94.73937492610378,93.27262992048784,-1
64.05066378897794,-29.51345369223168,-46.219139087703724,-84.75632131099036,26.29965653745765,99.5488842013701,-2.1794836490665546,-63.7103971572234,59.95743828549226,-92.3981332589076,94.0627317321296,-9.735943542024444,31.682822655365328,-10.429489608659821,-33.67198575336312,-12.118892366719678,92.97643390211508,89.37824127220026,57.47197024346161,7.314381319407744,-66.08658130064862,79.25655883747126,32.75266642393743,-34.3056765890106,63.671900084241486,-16.99336517521249,-58.24341168604648,-27.785421698757816,51.97156942911397,-67.74777152000487,55.12254929125885,-52.745543837634614,-92.11576200638123,-91.75293195737373,29.03285748418068,57.505699381114084,72.4047586145719,-63.58033173345461,89.44516447897027,7.986160018563453,24.469638317504533,71.73563284798516,-84.13513827582229,-15.198242554943093,-14.613271972361858,32.985104834448634,-86.77756946176703,-26.061082770270787,27.37967155810344,62.493167288181326,-1
93.70746633997845,-20.4730028534494,17.35095933827762,33.479724912161515,-28.314851523970248,-33.785052260364694,49.75982102060638,-43.80321174343524,57.661420605290715,-69.27050942246797,-49.398958738024,81.22528207390266,-85.64938224952554,-62.0214667294555,62.67540637024672,-22.757491923060712,22.66524019871106,8.421672344488357,-58.13072442157139,76.79412261942124,-39.18046239538246,78.2954764714573,-98.86490904653648,55.180288001906575,-83.10173317936119,39.73764534510184,-70.05089474013732,81.29741959460378,-99.78787402455002,87.71789759027538,-47.05845347387512,-65.12365953191272,77.14573225776411,3.404689186183802,-57.66485414473965,73.10529724816178,-14.644159107650097,59.6813867675813,19.56682221853201,62.165865604562356,97.27906146467114,75.0090584564974,45.75555116521906,57.5787629565682,6.38394838245091,56.63442838064006,-22.235241646276123,-18.451190501414885,-42.362621799892985,-43.49746292564263,-1
70.7569843409334,88.95001604204236,8.540249451329004,-52.80488457610972,-41.05354484466173,20.0931626352492,44.019799125137524,-47.057887210623136,-36.3603172429356,-60.874070259321456,-32.08483261513955,-69.20468497329813,72.23815938498464,61.0377327880756,9.027524180201013,-74.00010121984559,-98.80137194119175,20.470343562582258,-10.401855524611705,-43.30983477726307,96.82127615073918,-72.92949061379895,91.55161786506628,-49.21661464554899,-51.12002202226411,93.00892463912206,-50.45050127830939,99.67858138812912,-44.395623668761885,92.0519715657305,36.52908540975642,-81.29444733263547,44.24798455235063,-13.499255412643492,2.6164141809554877,-97.67701260597899,-63.01128021209574,9.932474137435236,-43.07332703893765,5.716248451031319,51.699932327642415,37.08195054844106,-22.957448687218516,-28.68035760341047,63.150832345546746,-91.8350226012888,-11.192474128860127,91.56737222408023,-30.16308966659568,92.30309457273898,-1
-64.57786411859021,-26.34997852097338,-45.085536889795684,-96.53081462925641,-40.958199824327515,-21.94062352455795,-86.71256749879399,67.2058281455397,70.90177823414118,99.2655016038052,-90.3190335353487,-8.13177787821337,-73.3152692458157,-66.94844393530381,-6.430122478679451,27.19086806990019,72.36559457158148,51.63061786294074,-9.037088853429509,-25.664665184613057,90.42915259980768,-24.411948591236566,-52.224876896886016,-53.14300616000873,-3.9118427132982276,7.712679502674916,-58.45419966415773,-48.07771165324317,-46.280413831995126,91.77610939408945,31.026232806431096,61.648069142585996,40.16298818456977,-7.502067969191046,-2.0655854146497603,-28.56134355063446,-95.93842807743201,24.157177931853326,25.83029395423611,-57.14573576854103,32.63134730770702,-75.50132651214383,-60.815258066324596,91.68653473795868,-19.43099601929248,33.41415184485902,18.52910696893953,-42.266868846019825,45.71518708527222,-85.87496495038656,1
51.008385749255666,25.591747068581554,6.394346899299649,37.50898110566615,-72.12176525392985,56.51249805853473,-17.19527830215894,21.216155500431498,-98.27963631345693,-41.47422839743173,-73.61645051567957,98.67846056331177,-79.65415162941116,-78.31849822937204,35.5941728867835,-61.22094981433395,83.16350016562117,-85.94224945832008,48.804210014174686,83.41595731662701,-39.22352345943716,24.21796905613145,-25.93804302082677,69.49088187899912,15.504121758084153,-64.72334376945915,-6.16303352271413,-45.30997359174644,-89.55739108298944,78.52536405340393,48.71404541990475,-45.15757557248921,-24.731370359679957,46.714886171232564,-92.05601232339976,-75.68712296373128,50.185188509162884,41.20895515239121,-80.56364016559363,20.782914343880023,-27.565926053544644,27.633993463597932,-61.196088479905676,74.45574875719424,-94.60619086532127,-34.94274563401969,-35.77047076452014,-50.134768810976205,39.43049019809018,-74.30285975523168,1
-5.157156668507241,-47.46090459961294,13.29332119592685,1.067064195428685,63.64760563838598,-72.74218448762602,79.03839990343272,-16.27757174208999,-38.58261379509036,-84.13837353565674,-29.22923980363572,60.91215144700956,37.73745634740928,-23.092816544350143,-99.56861642547048,13.49656298385456,59.3010056176214,-67.95905105534374,-86.02212398579317,82.58921799480953,12.757883655476121,55.77947524352794,-6.207526673359936,-57.861662409490776,2.6969229463677635,-51.28293530289054,-20.086420135359788,-6.1492721351937405,-37.452844822800444,-25.509274654087946,-58.200113584966864,10.670264257067203,37.026839218672706,-64.08654125505316,59.96520957630071,-88.52143559940907,46.71065269313132,41.69897809693131,-67.88239992445583,56.32815570253055,58.979478063515614,43.705391409349915,-30.54211564273841,78.70801158916964,-8.174152217891688,-92.44522474515678,-51.84473847673645,91.82160067368343,56.77451021272361,-26.645889284733883,-1
24.468652923449213,-67.09492552143752,-3.789774504736343,22.156271215589456,-98.18738036267112,28.32889941824405,-7.653420568149258,-49.786173281270926,54.34032116742725,72.14063458192058,43.65840141426972,63.190099613045476,16.30010617630022,22.290770926884875,90.38807578856589,23.907236185297734,1.5484566491589504,-23.24193945123143,-70.63837813067707,25.56005717302409,-59.66895957976632,-26.745093662859148,94.13203678859873,54.16871335744588,-29.07657773954078,56.91757279876677,53.37560519880114,-31.13303088627859,31.28553664937249,-18.30714807138048,59.856683980724824,20.96938311902676,-36.42047646627318,4.323472885728492,89.08754916282385,-20.826304779133025,-24.998235514685135,-90.0332086585049,-23.311355433926394,95.85418303851941,51.824221250024095,86.7420682783499,-45.51501060269314,83.42311807913683,66.41255891932181,75.26289986217245,-73.72038973902491,-71.08909552436005,-10.09344428251913,59.05500339555641,1
26.916483510060758,-91.2678142573983,74.60712030522734,-53.734337538608344,22.16444143278531,-37.769684345923984,-75.2740694789163,-47.82868263583351,-57.42175881677809,55.13140234545085,72.95939549975355,-6.391737283529778,-88.42337369676385,38.85778978763753,42.46667200041489,80.41664350973204,-9.473253766358141,70.20127724331479,-52.05612477689687,4.825454087396636,-44.709410238496396,-51.8367147149676,91.72165909900966,4.893158089678735,-47.515192056514735,59.147868907148876,27.79081637626659,-15.69839870944459,-81.97167504234088,-58.686639821357666,46.6088814006053,10.32434710852283,-71.29025362547456,84.88755428902974,32.86671230890178,77.87527514901868,-27.369608026814802,-41.70323613000193,8.112087245294617,95.77949642473698,27.74315497590962,-72.62595333525417,-88.27185728996804,-43.74916115883172,-82.0503281043303,6.043133329981416,-50.35265186222118,11.359329051976715,64.9787398427045,26.084169307574086,1
41.395297491143225,-32.709929636497975,73.24672457178448,-15.663670629421134,17.664998892489265,-44.72383577874628,6.497116583768303,-32.93887298331866,3.365044004803906,13.719727221292715,-82.84754736648921,27.969749279359533,-44.03706800108833,95.17043380938355,-35.65612784643362,-77.0400004506808,-32.928820670096215,45.4115088797698,-97.5705126377256,51.009149594369916,-20.9400206715965,-19.1855977768423,-36.6858943070405,40.0498948070649,72.92833121279415,2.351288537482901,44.46982941758799,-83.798472761984,56.578370892332686,43.755300221172945,19.32585159791374,-59.6657426309195,-77.77155327481549,80.5379008720069,-61.20032390065473,-20.564741686637376,13.601164775030455,9.9886418504326,-63.79534253142856,40.442326708880785,-68.8095280381447,-68.54265250598432,-88.94814816150829,8.581975104217321,-96.86847238694001,77.93365469450075,-68.10591774546279,-39.401850778949886,44.419746187730226,-33.5663261641962,1
-83.79075681847041,7.932357780630483,-35.20477868769221,81.51514079265328,-11.927213764240392,63.238212551861324,-57.29936547100485,-38.72655517976271,1.106020382979338,97.3808011503391,-12.664939152081516,-23.248275815531528,84.34126610604753,73.31631654322925,24.84759855850909,-98.02233628947133,94.52089141338357,-99.1327406939424,-58.887570374800305,28.72705508999246,30.597578641527377,1.3284206041994935,64.26672021719617,-15.332206053779032,-67.00590835085947,14.227835937221215,85.66710668685062,-38.028553010755914,-69.98347681009614,-56.93153039113496,-17.46170441385837,-88.54534714703321,56.39533565503899,-53.05136976104423,6.337355999516788,-92.59796800774183,-19.63762157106052,-64.5030715952117,-75.08108677899801,37.99968311065521,-2.4925448794003415,39.647023196298875,-66.46041907030764,57.05183497567131,28.823944596399997,-18.36887758455981,39.05960676712385,65.99873563160051,-98.46975693572386,-40.12781629312978,1
67.66574094222756,5.741463976810522,-17.44738545024127,6.993341133080875,63.78967486226773,71.97917205197592,-1.0210785252506014,12.983550996641611,-20.808889755151938,-91.56895592980932,45.65773736008623,21.48279519547836,81.55982775457676,-32.05013676504545,-70.87074161480342,-21.21810606243362,64.06273265212118,69.75460915914141,46.46952128600057,61.63253073993678,1.9436117777180897,67.1168305388891,-5.882950963056047,9.428968181429227,70.91212500417745,84.95288680848557,-85.42442109986597,89.90886145521674,-26.131111001729863,-86.34956904128049,18.846409821922492,-46.004231254822,64.60355842480715,36.996936410884445,99.1293323902037,77.90737816146412,-94.68046713910732,27.679158565538913,-10.507373652362048,12.22313021740274,-87.21165461059243,48.9937791544221,71.9283358469809,45.77731216704538,-66.8932764917086,-31.81594660489644,-59.09743984580893,-17.24049513097053,66.15583521140803,96.72396833052929,1
84.19890421931518,78.75483755238898,-15.847958444707857,76.9826914423987,-41.20427384838634,55.34947323677815,15.838988070559012,-6.2792200773561575,51.713718921312534,-47.213928823571315,-95.97636426253658,37.428765769987166,-68.95728154360074,-90.73406903585808,95.36031431325071,15.314345503549575,-67.56467866826773,42.016775098460414,76.79647937611887,3.072787963696328,-95.77294565351495,70.75636129502465,-62.90789373393901,-66.00677746701089,59.53610617439665,-81.31383793793424,-12.073153462168776,33.29061455597321,-87.18961603018994,90.35433923095357,-91.31909785525562,71.88511478768399,-35.52230719107948,50.49180559667917,-47.65311152175011,28.820839535803202,-19.90204605348427,45.13027269560445,-56.40085059346936,-3.664226683721992,-8.293570673296344,64.89396153701657,-80.36651886263559,-45.84778174321442,-25.026371248307953,33.73190378455769,69.98291043752374,26.77107989898373,-54.34783792746367,-24.706612875936045,-1
-51.83923678536535,43.78138892095805,58.14962371549524,-80.3377079525525,18.987987798798827,57.407168439055255,22.32846676719447,53.724845977659555,86.65682831020177,82.79709804346803,49.79012967768986,59.54846138619183,77.68390831824283,14.352866874689369,-27.94026735605786,11.646197211441603,26.46576357319732,57.229226815673826,70.81468772998568,-70.0008891663674,95.95982605766338,67.95074490668603,-67.88523366359416,77.00674607544042,-97.95591608809926,72.41735134399255,42.08606031601926,64.09356484805554,9.648060745165196,95.40404614408857,-1.8302458853994636,-62.118897870764386,46.25052954752084,59.4226012696424,-65.87283097686432,71.65562409759085,-70.87561198204644,-20.541294236926916,-48.69674094827443,-15.642725027468487,-90.11814751767028,41.867373141500906,46.75090525945623,53.6950792625168,-93.67961594085945,-98.99417041336407,59.51859216637598,-85.45360270439386,15.741968885352136,91.52761821014636,1
-81.0069449543247,-65.56114651484914,74.08103398841996,-23.29698109793901,57.927250529480574,57.22165955164752,-2.360854295238866,-17.953753272554934,-77.55558365831573,-67.00462420440856,-68.32501694311215,8.017395548811962,-44.22031761932348,-45.917417952248705,-70.50665864004202,30.391766102765303,-58.73158158729916,-0.11104158120289753,-27.45038950048064,26.09534795741419,71.26638144423114,-42.06104881353823,33.46615219626088,68.63626255816166,96.85696005829479,5.756094737262572,-41.90571669431389,46.72379893253134,75.05540632058762,76.92031210892705,-5.079223517982513,-34.94714697039353,-61.83506268241234,32.247850015236054,-20.823311068152478,11.028223467768655,97.12883669575967,-90.19540490624934,-36.44301150984683,-64.67276343808788,-52.444391760660494,23.646976701874905,-25.727890063600654,28.819560418631056,57.12419202575708,-27.03250421637091,-54.15442767474459,8.869842664731138,-29.0803744172768,70.53070996981577,1
-22.1539056616423,-50.650515866523826,91.98562411670031,-98.0538079688954,34.848056132867555,93.07922379628232,71.96669616924817,49.336377130347074,67.04331865388528,79.17129252039962,18.86292086227415,97.96965486156196,-6.302217938057581,1.5967455718256502,-87.11246503731496,-15.648312184662544,-34.32530892243153,21.0940151118796,-29.221096124605126,87.24648949957569,-43.66438740097651,-92.80423242340912,36.22107566969021,-87.4912427339728,-38.31615678767901,36.17474872255099,25.891423170692235,44.46805439179394,96.17978265759933,91.2006801797138,-75.65302211274492,-89.02846485185466,5.721834088499534,17.191279866970817,4.290805025709645,47.7726252888956,78.74337219009402,10.160714391938157,-12.405403972079412,12.992470535412764,-63.16909414440188,14.048440166492398,-61.540856125632004,39.48963603033283,-21.68310532571212,63.46770387895876,-85.53516066449531,-42.916482948119025,-29.562344184461466,46.24517019555989,1
79.39905787288222,54.787225764734444,70.58487163568995,-28.27778954376585,-9.292578646856327,72.02926236019871,-41.24483859977759,21.71449017466847,33.052547228468455,83.83143857101084,83.93734524013516,-67.78862533940351,11.332607034741898,14.482654950677727,21.74262466765083,-37.855202007068065,-15.71842453011682,83.22618201729503,34.67666011053933,13.617086545020143,-33.04043289867391,71.05959429044415,83.35521879158412,-76.91816669486573,66.49501825791845,-71.35511541693897,-63.25114041779825,12.134806585877868,2.427860389252203,-79.17830110718589,36.35200800772017,-91.54960584745453,13.955547843156069,-29.765710927915578,-21.47235921332613,-13.914432169272246,-33.83107720268639,-11.503419256663932,23.31771654657979,-7.19583672409712,-57.259968861745534,-0.7131830625415603,18.155647338252294,3.330431297825271,55.70417980138737,-30.372487523394028,-20.81605622546033,-18.487102836749017,-79.28177988922513,52.340101795157125,-1
30.333365075177,-24.259328883768134,-62.650743080534625,42.899230556869895,45.08312615729025,91.42006417604841,-30.826141628847353,7.815700095404026,-8.148307584844886,90.46085471465207,-67.01172388103262,-28.998930901549258,-75.45266361255366,-79.60655924543225,80.74245089060702,-74.14242434802352,79.65381080104027,-31.713254382376604,-38.659341399821415,73.79648274633578,24.138760042916658,64.61245280266405,82.01731274307389,80.11148522070528,-37.917131098371115,-27.207968298770567,-16.875018821434537,-60.18601017804022,-93.84362283439496,-70.49409136790506,35.42020078067873,-53.50162763078288,-44.06133563826806,76.41661914950171,55.4001350318606,48.01109815145307,58.38920733456297,-69.83847213838892,69.70773297320159,60.48637518374994,-15.412805852475415,-8.906960163118299,-26.458888284514188,41.18697183125076,-51.526622457261276,-81.14057558709806,4.752410303782014,87.23774720393754,-83.0844658199689,54.12576292792005,1
-70.24080611897688,-0.7354457431242309,-87.04556009495965,-70.26312152866066,-92.63283657933934,25.198093152207107,87.72426976287716,49.14435905266569,-9.364813341748942,6.570163029584691,-20.278573713022325,34.474046245322796,-68.85628071123253,3.0165254537064072,67.78986139660245,47.2507582577843,-43.317082154014045,-23.04206483068532,95.18493328798655,-21.76659605207729,-6.9880981181266435,98.53477300772875,2.9255137086050524,-47.88431874046437,98.77631561401441,99.9547608290263,-2.0512000403939794,27.306771144054636,56.68086270586423,-35.50553954738882,-14.226883658915952,69.74064442221356,56.885251546025444,-55.46192285974001,34.274730365032156,-96.55522352273307,91.21411792481416,-79.92815035916372,-10.658863599913133,-88.37833613723754,-31.28016212088282,-51.91739782232305,70.14367025095362,43.15972566538042,60.14529642242084,-55.73184570829712,-56.46499901512125,38.516091280705666,3.111465750655057,-97.01801359738285,-1
8.340962482000805,-84.97140936448268,22.88200186343316,38.745212292488446,-9.374918619279015,3.875021042160597,-92.78762154416657,-60.58287070299353,-3.7005959396763046,24.596701027393934,-53.31103229864915,61.55260507092922,18.80172792428894,-9.415414179335528,-9.747099382317927,65.70443404135139,-61.03094029276139,73.34758100679483,-62.80724052953226,-11.94593177173276,90.07706676328775,-35.810855319140416,-52.84591121191744,-59.9542649102627,-60.02250041238146,-69.71440399138623,37.451924989922446,59.91510339434407,-85.19582696231329,93.11159486084026,-49.10030942983414,43.91650785634195,16.749206829142736,-9.484133971483715,69.54708734977413,-26.102134271463314,-9.979534083119518,-9.037938188927328,88.12578054114232,-37.198233517406386,-73.18267107181387,67.79069630418473,76.87626056610381,6.468998903919257,41.44824911343656,-77.54092778574756,20.711905942309656,-30.361471669795463,31.228634384442245,-34.008634925889,1
-32.96055167081981,-0.6513143988031089,-14.050923784866654,-61.541655353784044,-58.074022409730766,9.796529804973872,-54.51188213708447,70.48953357139871,-10.604716636215954,70.22826384818066,-29.741544776556267,-20.12992652722218,56.75190411810914,48.01822075406898,-10.727601959871762,61.49492494135583,-44.21589417227247,97.59126713017878,-64.897398427054,-34.290885766309785,56.93466561912649,-0.43722610379876414,-98.85849338219961,-14.703634788119047,9.47777236372292,-17.947647920003405,-39.251794349575064,75.27586986877515,39.79244476938641,-32.100631788935004,-16.099928834753726,93.44808437989951,-45.5496179136303,-93.61955119515137,0.32403739386195696,-91.09313997129223,-42.959545272547636,6.177425322769253,92.74065092207098,47.13337016555738,62.941386590517595,21.91526339754435,47.04133942574694,67.47272797787215,-83.20895652251205,88.98526294433898,64.1396709542635,-6.891983876537239,27.263446923548784,37.355503009832745,1
77.32084304809334,12.632877690790977,41.71582501299983,83.39667943628052,-8.076800825610036,29.409618277343554,65.9639121676484,-46.728296882230595,-56.77276830413523,-31.94840008049131,-74.59621194418658,52.90706420800947,-36.721168926916725,-52.605162385190994,-31.88140305631275,12.288580908128182,-32.650562607781325,-75.47563316058404,-49.76828432070191,-59.571579450194754,-77.15885631556333,-65.57549431746008,-22.75929861476638,9.34636546991112,-22.225365712406514,-68.96227921804127,-47.49365589054597,18.3665545308114,68.68452654346473,-32.747455321201556,-87.81759364535426,-2.968519714955306,-57.5715404582563,47.210942054326296,62.72479641601029,-2.044180803454566,17.678715060316733,-97.32724876528609,-20.531655008874466,31.9394448127199,-78.89704609907065,18.63094298938539,-60.042884903561045,-16.775261700966553,-93.84746522458182,59.143526949348285,-8.210511922295495,-48.18442177371889,11.64351010514035,56.091050364275816,1
-31.786729789948296,-22.40544912042273,35.863333062710694,-76.4646974709402,86.30786603150648,68.72475771792813,-80.83092266303365,26.40915782950266,-39.232138502664824,-15.586496103398531,24.52081062025522,63.55643307926073,67.5468851249874,43.58248571347252,75.38523658781685,30.356064659718243,-7.747714705508457,-83.5336546999357,79.97795664389892,33.24993154178799,-80.84643899715607,71.27067443583314,92.35860108408599,36.79468313217123,53.574672402995446,27.515055925459862,0.7774654842558277,29.156919507125167,-57.642300150137075,60.79603923146598,14.508146683982034,47.87767276614562,-89.46328138825015,13.013684612226399,66.27026121282339,-51.64646764672645,-0.6979472133128155,17.458868544570933,29.15414574312274,-17.07075850814013,17.125384988042953,-72.75669564789516,-95.01602584744522,3.473093155531302,58.540822334583964,20.95007035692184,20.177956940275735,45.50514374955219,97.56736446912757,-62.32653109034312,-1
-0.748249423527696,79.02000581324887,-52.475756487915916,-70.36445393410526,-19.040918827652348,90.4790348127903,62.913413066852996,91.99316274241284,30.873073115317652,-85.41852205549223,33.6405961151419,-27.695184643412148,-73.86609603808466,96.45946024984318,20.205434430253263,-57.92527965518295,56.54195584168198,32.86461387691455,97.06565534533814,38.57066890093719,95.55969606041995,-5.438381562290843,-83.67467969380364,99.4398263177491,72.63851216206402,24.30182518306512,39.19546101532322,-69.73713248621591,12.165087753418021,43.74390234107537,-46.71171858786969,-94.37809723279477,41.1751250009965,-88.82371816900596,39.08297287402846,97.27870774105264,-7.400902124931989,39.34681117495526,60.98855200103253,-12.257080553053726,44.24659922506254,20.608471783894444,73.29847636186045,-26.96468932654777,53.68317629090342,66.23710985254257,-84.65070339659934,-5.376599445179139,-68.68721521738206,42.96802164294857,-1
-67.72743978892326,-61.48367350829442,96.38355690028283,34.266806220601126,-31.66033190195543,-87.6000123323784,61.99459031174209,18.849429794724543,-44.54707951197279,-68.76126133098654,-31.187433131160304,-86.45027078010375,-67.05643742018844,22.15528197363608,0.4358219466371338,36.67226903061234,30.3294404038744,54.46813398007265,95.01286950208191,44.1993520599992,-76.20541769944542,-93.47080531460952,-18.823992475816297,-19.40176996762277,-90.81418453666423,-78.86464505595372,73.23325620077398,35.61773593679743,97.48317657857487,-47.50722674464987,-69.3144114226532,-26.2677826155695,-62.706963986425194,45.4920968839057,-15.600874629522394,79.47672643409726,-27.744345646201964,65.98976752836313,-41.514544596070465,62.03792874527309,-61.44863608053881,-61.26878736788992,-26.987310069319136,-13.858740170407202,69.74133750363737,78.80169465704222,-3.565669193959195,63.59531915582724,70.79955699784165,-21.394929970808832,1
31.809082026446475,-62.833588886931494,42.44977836880278,3.3696912615851886,96.9394778943099,-21.542908467194692,-74.13933958071163,64.91116495728693,39.481654809972326,52.4306182230097,86.61206722263191,-89.76441884994941,11.922646933050359,28.23027071123053,-49.49660144244541,58.12920051416066,62.61539462649287,53.879534668021336,-77.78538443340904,11.305357411635299,75.07206160737167,57.635287129876474,54.771128797412274,-93.36055258996025,6.066641510268795,-52.51776818149698,-98.60697120519926,68.59976126794461,54.866216817658085,-28.42254930462262,-34.640469811929606,-52.63522839714692,5.09077348514289,89.4306382608732,93.98282412944525,2.478595806853235,-40.795922477300685,-55.19035056525621,-44.59929916578926,34.41844670957522,18.0116133806371,95.04396248343673,-81.60331692308003,-89.61163989506117,-15.208681100910425,98.59850281352814,-17.99083829641046,-56.835871184729434,-22.1041227950747,15.249680082627165,1
-16.322093324333295,95.77120303564692,82.96319515299615,-69.54797397762466,44.74993052685866,67.71172854922813,30.981281641547184,-92.61106280966737,-82.83670586591332,31.159941863982596,-1.5146561822980402,-28.419104567946874,63.244410766892,-1.5060850099608274,-75.99891369018559,-99.6913776093604,6.429097902731812,-44.87809945622947,-96.35440468163958,-45.70068615818719,97.53853114698731,19.461387269469228,41.6279761244696,-71.32427054878684,-52.75357679878552,-45.1085982895042,-80.02567034565196,35.675801880967015,-10.724655208020721,-55.90709384504149,23.64409507566019,-22.552377035325307,-80.42152385134153,1.0765528833111233,-13.062355843934583,-64.5712782643732,6.005336673176927,-29.66080692808302,43.901230505044936,44.625805305433175,31.476969973798333,-63.4033458730398,25.829208863741755,-68.14346338361317,8.554354160984687,-92.52614362649811,-40.77356584665288,-87.58028188241323,55.03385370830759,99.10608631300224,1
-24.707326624390078,61.59146562180379,24.055763420168574,-88.61041026031036,-37.48394822804786,91.6301495519763,8.576486459585993,9.333660499715094,85.58950444883112,65.8736369236594,77.97203748305128,76.03361118429984,79.17683244727564,69.50539865840997,-22.318060167038524,-7.760298483775259,-4.502398851327968,-73.70281004506607,-99.57610545673765,-95.604158541554,75.90713226888124,-57.924578218581566,-64.685894542757,49.001321890724,10.605367168273517,98.9471677372972,-83.28118042609354,-91.14540657793995,42.81121454912079,76.01112681584263,90.88890856789587,35.581170319146366,92.84473635424962,-94.64560116236704,-11.355021100319405,2.695050346339073,97.73907842090435,-22.065397604627208,-63.83546909868196,-25.345537417485417,-86.0470530098614,2.6661834539142717,-31.628732938847733,56.75719691766494,-16.785348255502356,39.28611835255077,-53.97615367584807,56.940839609571526,10.823662782273686,-66.91003539378362,1
16.889781951485205,28.971208685945356,-23.593033917745814,45.35121147964719,0.9895525580169107,-14.654844025321268,37.213539345844424,54.98076545088102,-2.758277602327496,-7.202390234682099,-61.674665609103755,-17.32056204659696,39.59827325340635,69.74621941690742,54.00670313475155,-45.991069542225894,-56.455768101128,-69.8779559959486,-27.99531687969474,55.08902980557809,-93.63126221187974,-41.54997557382445,-9.475118537754184,-73.74034796541838,6.959204905769468,97.63071851167965,38.7286643851597,-4.417764249120722,-80.57272699839754,-42.342620972056096,87.92643088555462,51.480291705879125,45.03063850171506,-40.95907515063932,92.9576209308135,-46.62609326489893,-5.382625378899334,6.223027491635264,76.49974729530732,-4.172174421473358,9.72130736590735,71.4838046254259,1.4243186527261145,8.317842725181805,69.6855620802769,59.527056458903644,-81.78402845270092,7.566302021653797,-41.40452541702637,92.8582976900357,1
61.14290513364358,-74.56350927349781,94.7496428235921,-11.22048280148691,76.74719122721095,-53.168533851224886,34.70480870360029,62.448823641380244,9.172141179618578,51.94978912646357,31.31482469778274,-48.15193251301964,40.52611664193219,98.19447413298565,85.79532617289908,-65.86426398912523,-28.022438553872163,12.893040230994671,75.09717073107595,0.8907410363364363,-18.713151060149343,91.04239672764893,74.54801046295083,-46.527019165611016,-42.030730722633216,28.505184714843665,-86.46523316708814,-70.89714798238798,74.60487583653895,21.063656381691317,-60.59470915424647,-76.58799990236054,62.467899760887036,1.885072825489047,-23.536878687779094,4.019745975297056,-50.79243878549271,16.815149814294898,-54.372972642577764,-40.276713503196945,-10.56324909940669,-43.92416515162285,-37.70834881641984,85.46309975376579,82.87210302303583,-83.34679234679226,37.359390040682285,40.032125894700556,-67.69309668345647,16.517603120430508,-1
18.058988502961554,-18.733553807246437,-98.85581369160707,86.60297462608412,41.94743850510426,26.899078193111265,-70.1702392842571,-49.59621748210967,34.9992609291356,-4.447275068012075,-24.063305980158688,88.1493557371688,-94.8534481170684,-39.194892696707285,-17.106497049457147,-86.57853748194574,37.69807241210219,53.70415904568398,-15.92518967019781,-89.53690228374427,58.92117026178909,26.41770677365794,-96.3960288431698,85.77752853470912,25.45124000656132,77.83635583627134,52.634909799181884,76.67277593967242,94.027883993778,4.48154793619679,70.41739427505763,35.63346274193145,72.92666924264418,-45.87073038830323,61.01307249875666,83.37251882095262,-34.5252042172403,91.17228499975283,70.50682436189072,43.02210247628696,74.74344650561616,10.902101187262161,45.751859814157086,-44.71642647900864,50.26789792442946,50.636274983258744,79.48827620342061,-89.30068757556784,-12.498252538996297,50.177954656401454,-1
